0,0,0.00523438862126125,0,0,0,0,0,0.0486136431703628,0,0,0,0,0,0.00112089638040175,0,5.64215067355039e-05,0,0.000133459080810183,0,0.000124667659158293,0,0,0,0,0,0,0,0,0,0,0,0,0,0,0,0,1.63211898871485e-05,0,1.57240932192925e-05,0.000303712601571796,9.10787294080038e-06,0.00829242256376197,0,0,0,0.000199900132267182,2.93952283233001e-05,0.0104593544657805,0,0,0,0,0,0.0298112898063027,0,0.000544734530215876,0,0.00149290916845092,0,0.0476566767420139,0,0,0,0,0,0,0,0,0,0,0,0,0.00273773462419488,0,0,0,0,0,8.97838926527109e-05,2.00558207368886e-05,0.000317708040143021,0.000419139246393888,0,0.00469084126074871,0,0
0,0,0,0.184381444870428,0,0.000586786050078079,0,0,0,0.0336360213979223,0,0,0,0,0,0.00086923446607718,0,1.82325391134763e-05,0.000121529551105571,0,0,0,0,0,0,0,0,0,0,0,0,0,0,0,0,0,0,6.20979641412987e-05,0,0,0,0.0125559339682933,0,0,0,0,0,0,0,0.050093723975432,0,0,0,0,0,0.0541172001161925,0,9.16320232834545e-05,0,0.000165454302270283,0,0.00350408376757806,0,0,0,0,0.000615460914772964,0,0,0,0,0,0,0,0,0,0,0,0,0,0,0,0.000184514463639466,0,0.00971008029881588,0,0
0.00523438862126125,0,0,0,0.0101005185152857,0,0,0,0.0230832187931836,0,0,0,0,0,0,0,3.35729707680299e-06,0,2.29230508942532e-05,0,8.27883074399176e-05,0,0,0,0,0,0,0,0,0,0,0,0,0,0,0,2.74824031979961e-05,0,6.95193478100436e-06,0,0.00223222506113096,0,0.00596383215515783,0,0,0,0.00402232154309862,0,0.00332220025558273,0,0.0010456169215978,0,0,0,0.000563137886654477,0,0.00727472718266814,0,0.00130568312649181,0,8.23142862348986e-05,0,0,5.91172496850839e-05,0,0,0,0,0,0,0,0,0,0.00529212633916405,0,0,0,2.65629820886441e-05,0,0.000259342308703183,0,0.000295745194090681,0.000234053170342631,0,0.0164513573156451,0,0.00129978271447319
0,0.184381444870428,0,0,0,0.0748762352206943,0,0,0,0.0123349806658632,0,0,0,0,0,0,0,6.27253701004948e-06,7.71556792458482e-05,0,0,0,0,0,0,0,0,0,0,0,0,0,0,0,0,9.26000746509047e-05,0,3.44079629339727e-05,0,0.00374062188035369,0,0.0149412679163345,5.76435361446423e-05,0,0,0.0097917948904696,0,1.30934790201338e-05,0.000105324722846133,0.0244979296798792,0,0.0395624820334925,0,0,0,0.0429663969796684,0,0.00364814878773839,0,0.00487726654377755,0,0,0.000600538993538365,0,0,7.80163798758083e-06,0,0,0,0,0,0,0.0101739372900964,0,0,0,0,0,0.000691526832375083,0,0.00080225705753596,0,0.000212065662678779,0,0.0270935278676398,0.00103535880962188,0
0,0,0.0101005185152857,0,0,0,0,0,0.000818261104856376,0,0,0,0,0,0,0,0,0,8.724931455221e-06,0,0.0388654282309162,0,0,0,0,0,0,0,0,0,0,0,0,0,0,0,0.000804672075761295,0,2.45223861991485e-05,0,0.00424616123388876,0,0.0061200806978981,0,0,0,0.00373447651602391,0.000166592069734771,0.00829172376469762,0,0.0272871070294417,0,0,0,0,0,0.00183831479438298,0,0.000105591780933261,0,0,0,0,0.0196480483843871,0,0,0,0,0,0,0,0,0,0.00242516968391672,0,0.000206801205306867,0,0.000299809743425368,0,0.00153850726089855,0,0.000102083972622514,0.0016107608039718,4.47579225681318e-05,0.0135965274984811,0,0.000477141276745358
0,0.000586786050078079,0,0.0748762352206943,0,0,0,0.000250925280852243,0,0.0253190100562249,0,0,0,0,0,0,0,1.78314623270625e-06,1.76982509462894e-05,0.0392683698987922,0,0,0,0,0,0,0,0,0,0,0,0,0,0,0,0.00170803132199053,0,0,0,0.00133618363994944,0,0.00159958253956877,9.04724366969864e-05,0,0,0.00477444449119971,0,0,0,0.000883958496940999,0,0.0183204893535257,0,0,0,0.0218515921710126,0,0.000337695324110283,0,0,0,0,0.021769865920723,0,0,0,0,0,0,0,0,0,0.00148786651896,0,0,0,0,0,0.00161022501621051,0,0.000438821129283471,0,0.000668586143834321,2.37488005790143e-05,0.0194871064386914,0.000142479393977117,0
0,0,0,0,0,0,0,0,0,0,0.00444489080549991,0,0,0,0,0,0,0,0,0,0.000249508151901985,0,0,0,0,0,0,0,0,0,0,0,0,0,0,0,0,0,0,0,0,0,0,0,0,0,0,0,0,0,0,0,0.0131024113705266,0,0,0,0.00573113783133377,0,0,0,0,0,0,0,0,0,0,0,0,0,0,0,0,0,0,0,0,0,0,0,0,0,0.000543443202248942,0,6.46144316700974e-05,0,0
0,0,0,0,0,0.000250925280852243,0,0,0,0,0,0.0237005952727086,0,7.20046082278714e-05,0,0,0,0,0,0.0054259567409272,0,0,0,0,0,0,0,0,0,0,0,0,0,0,0,0.00152911350796262,0,0,0,0,0,0,0,0,0,0,0,0,0,0,0,0,0,0.0890628427450839,0,0,0,0.0138386933715996,0,0.000836804100876977,0,0,0,0,0,0,0,0,0,0,0,0,0,0,0,0,0,0,0,0,0,0,0.000693846683168138,0.000328112847099748,0,0,0
0.0486136431703628,0,0.0230832187931836,0,0.000818261104856376,0,0,0,0,0,0,0,0,0,0.0293768020871859,0,0.0148072311021117,0.00126530628909725,0.00195173584149535,0,0,0,4.59493364921865e-05,0.00016900013627765,0.00167588513846921,0.000211717777269557,0.000841938660388094,0,0,0,0,0,0,0,0,0,0,0,0.00173332283700927,0.000157226467748547,0.000121289829300293,0,0.00594987806038866,0,0,0.000102000626370325,0.000385471651477553,0,0,0,6.12832735348966e-05,0,0,0,0.203399785106065,0,0.000346147775884035,0,0,0,0.0157668726256756,0,0,0,0,0,0,0.000122807006659592,0,0.00180424938828008,0,0,0,0.000369831124950331,0,0,0,0,1.87639861450372e-06,2.5867228821386e-05,0,0.000233741953986254,0.00357152840198969,0.000243203079322861,0.00632412790265911,0,3.42053584762654e-05
0,0.0336360213979223,0,0.0123349806658632,0,0.0253190100562249,0,0,0,0,0,0,0,0,0,0.0147687593128075,0.000438464512858773,0.00434999385197899,0.000250086337911947,0,0,0,0,0.0152647367354479,0,0.00695779506790341,0,0,0,0,0,0,0,0,0,0,0,0.00184832680117747,6.42140594654217e-06,0.000394018713159285,0,0.002957866738337,0,0,0,0.00150877722198617,0,0,7.39208086039072e-05,0.000280757308303639,0,0.00166484055010327,0,0,0,0.197426394329532,0,0.000129160205309557,0,0,0,0.00158632408763737,5.83901054170427e-05,0,0,0,0.00867315917037294,0,0,0,0,0,0.000698234903503877,2.97156277059352e-05,0,0,0,0,0.000118170648887716,0,0.000116725746763483,0,0.0016289579663135,0,0.0112801140818953,0.00020434376604193,0
0,0,0,0,0,0,0.00444489080549991,0,0,0,0,0,0.00386649398648888,0,0,0,0,0,0,0,0.00475405468546726,0,0,0,0,0,0,0,0,0,0,0,0,0,0,0,0.00168111504844544,0,0.00667898816891989,0,6.69458700474853e-05,0,6.24497489950019e-06,0,0,0,9.83981914691226e-05,0,0,0,0,0,0.000467416436856712,0,0,0,0.0936856521464608,0,0,0,0,0,0,0.00820377685799869,0,0,0,0,0,0,0,0,0,0,0,0,0,0,0,4.41955617184851e-05,0,0.00261345299784328,0.00246994506202084,0,5.3472858245078e-05,0,0
0,0,0,0,0,0,0,0.0237005952727086,0,0,0,0,0,0.0266079863643881,0,0,0,0,0,0.0468339085759893,0,0,0,0,0,0,0,0.0103188895720666,0,0.00235766265854744,0,0,0,0,0,0.00221469285006185,0,0.0155626428470714,0,0,0,0,0,0,0,0,0,0,0,0,0,0,0,0.00133213399220114,0,0,0,0.055097219196813,0,0,0,0,0.023585086729073,0,0,0,0,0,0,0,0,0,0,0,0,0,0,0,0.000374437358813937,0,0.0023984304228637,0,0.000623414436146714,0,7.75249915939248e-05,0,0
0,0,0,0,0,0,0,0,0,0,0.00386649398648888,0,0,0,0.00769143397567776,0,0,0,0,0,0,0,0,0,0,0,0,0,0.000240311625565212,0,0,0,0,0,0,0,0,0,0,0,0,0,0,0,0,0,0,0,0,0,0,0,0,0,0,0,0.0115997316006232,0,0.0483487187368777,0,0,0,0,0,0,0,0,0,0,0,0,0,0,0,0,0,0,0,0,0,0,0,1.56948934482031e-05,0,0,0,0
0,0,0,0,0,0,0,7.20046082278714e-05,0,0,0,0.0266079863643881,0,0,0,0.00156906565528917,0,7.38024698227436e-05,0,0,0,0,0,0,0,0,0,0,0,6.38345372863114e-05,0,0,0,0,0,0,0,0,0,0,0,0,0,0,0,0,0,0,0,0,0,0,0,0,0,0,0,0.00104350301370414,0,0.0670887847821823,0,0.00993045187323952,0,0,0,0,0,0,0,0,0.000424358008749075,0,0,0,0,0,0,0,0,0,0,0,1.83310999091191e-05,0,0,0,0
0.00112089638040175,0,0,0,0,0,0,0,0.0293768020871859,0,0,0,0.00769143397567776,0,0,0,0.0160485085299797,0.00126289453890443,0.000619714598062708,0,0,0,4.48341808284326e-05,0,0,0,0.00382150660848491,0,0,0,0,0,0,0,0,0,0,0,0,0,0.000144541752467354,0,9.34162015877214e-05,0,0,7.97563284068168e-05,9.64153879525892e-05,0,0.000269584279132936,0,0,0,0,0,0.0142768671129291,0,0.000454300127043436,0,0.00658617765251495,0,0.101832181877225,0,0,0,0,0,0,0,0,0.000291358898363899,0,0,0,0.000144041934328062,0,0,0,0,3.3898167642693e-06,2.01923163363651e-05,0,6.28917639830182e-06,0.00119950497830189,2.91126074797977e-05,0.000143226616313987,0,0.0003298022448302
0,0.00086923446607718,0,0,0,0,0,0,0,0.0147687593128075,0,0,0,0.00156906565528917,0,0,0.000237594632572109,0.00721595221745583,0.000318989688360771,0,0,0,0,0,0,0.000871047651645161,0,0,0,0,0,0,0,0,0,0,0,0,0,2.1277095511574e-05,0,0,0,0,0,0,0,0,0,0,0,0,0,0,0,0.0658515691225355,0,0,0,0,0,0.0478923223647317,0,0,0,0,0.00429704768563229,0,0,0,0,0,0,0,0,0,0,0,0,0,0,0,0.000361228891791723,0,0,0,0
5.64215067355039e-05,0,3.35729707680299e-06,0,0,0,0,0,0.0148072311021117,0.000438464512858773,0,0,0,0,0.0160485085299797,0.000237594632572109,0,0.245045972883443,0.10250493045758,0,3.12607186759965e-05,0,0.00844708089281461,0.00103133284200308,0.00111852823492299,0.000811319999920272,0.00343560717659683,0,0.000105209583165369,0,0,0,0,0,0,0,1.15159945943834e-06,0,1.48220952205941e-05,0.00181181782073777,0.00230366261319413,0.000716770807415771,0.00244121324516,0,2.28291198652378e-05,0.000664723396843077,0.0011403378328909,0,0,9.84112627746702e-05,2.28057218029923e-06,0,0,0,0.00177484067546439,0,0.00028110592688564,3.21607685256335e-06,0,0,0.00321389775911333,0,8.38843288015382e-05,3.94483494392391e-05,0,0.000217182738056593,0,0,3.00726757486284e-05,0.00102908420100869,0,0,6.88982572329819e-05,0.00155224048791322,0,0,0,0,0.00054886345820525,0.00197189253464237,0.000230100121617512,0.00168843931420636,0.0545394217869753,0.004200842635702,0.00461661270409736,0.000210086854188856,0.000742211659432736
0,1.82325391134763e-05,0,6.27253701004948e-06,0,1.78314623270625e-06,0,0,0.00126530628909725,0.00434999385197899,0,0,0,7.38024698227436e-05,0.00126289453890443,0.00721595221745583,0.245045972883443,0,0.153616680628374,0,0,0.0027548376590692,0.000320514200029924,0.0135649028016943,0,0.0373506833814068,0.000115360030883115,2.65932556580455e-05,0,0,0,0,0,0,0,0,0,0,0,0.00251759864626484,0.000611879460555398,0.00192132074343702,0.000525762306936166,1.37101082856568e-05,1.70374150212041e-05,0.000745460545728742,0.000354239244706877,0,0,0.000180140687562527,0,0,0,0,0,0.000981812234116939,6.51386844155802e-05,2.1511293944645e-05,0,0,0.000260257083825811,3.30504642071735e-05,7.35153821274593e-05,5.59413728586411e-05,0,0,0,0,0.00237771636540204,0,0,0,0.000159109431869604,0.000174986660830372,0,0,0,0,0.00088647158938182,0.000428979242739586,0.00056583477275446,0.000312542307036081,0.0713548706535147,0.00936051871047271,0.00204797906810725,0.000385333267477422,0.000304890608040554
0.000133459080810183,0.000121529551105571,2.29230508942532e-05,7.71556792458482e-05,8.724931455221e-06,1.76982509462894e-05,0,0,0.00195173584149535,0.000250086337911947,0,0,0,0,0.000619714598062708,0.000318989688360771,0.10250493045758,0.153616680628374,0,0,0,0,0.000127194072900885,0.00119125287754246,0,0.00248519230480247,0.000296064854364905,0,0,0,0,0,0,0,0,0,1.59177577857577e-06,5.92366224709854e-06,3.6481196116003e-05,0.0507876285520304,0.0295575914297401,0.0347294414795995,0.027652609374305,0.00131677533478084,0.000855836007774824,0.0207303327464313,0.0143160067714517,4.11897698506062e-06,5.96265859341967e-05,0.00306779266542359,5.79888928695441e-06,0,0,0,0,0,0.00141260688850787,0.00154872092303174,8.34521767844199e-06,0,0.000320795831198066,0,0.00118015131672073,0.00128803153121819,0,0,0,0,6.36581118975475e-05,0,0,0,0.0130638967689707,0.0103283453899988,0,0,0,0,0.0149518562300469,0.0130716070936562,0.0145825965137554,0.00772613266104099,0.0288716342374082,0.00035907424849927,0.0669025027385708,0.0132257592769705,0.00854103345313459
0,0,0,0,0,0.0392683698987922,0,0.0054259567409272,0,0,0,0.0468339085759893,0,0,0,0,0,0,0,0,0,0,0,0,0,0,0,0,0,0,0,0,0,0,0,0.0123204265430323,0,0.0153946819988048,0,0,0,0,0,0,0,0,0,0,0,0,0,0,0,0,0,0,0,0.0037458770594883,0,0,0,0,0.093274830423958,0,0,0,0,0,0,0,0,0,0.000378536507424823,0,0,0,0,0,0.00538075660512319,0,0.00180735303096178,0,0.00174926413638664,0,0.00453909553444017,0,0
0.000124667659158293,0,8.27883074399176e-05,0,0.0388654282309162,0,0.000249508151901985,0,0,0,0.00475405468546726,0,0,0,0,0,3.12607186759965e-05,0,0,0,0,0,0,0,0,0,0,0,0,0,0,0,0,0,0,0,0.00556559057623373,0,0.00331650598246028,0,2.54333131531576e-05,0,2.99831233150358e-05,0,0,0,0.000536133658316633,0,0.000105169913694768,0,0.00435803997892208,0,0,0,0,0,0.0294533493874496,0,0,0,0,0,0,0.064725207932016,0,0,0,0,0,0,0,0,0,0.00410219512529908,0,0,0,0,0,0.00579397479769891,0,0.00453851048107956,0.00279513863140904,0.000121324660796563,0.00456851351850816,0,0
0,0,0,0,0,0,0,0,0,0,0,0,0,0,0,0,0,0.0027548376590692,0,0,0,0,0.0010815967434956,0.000283424448940282,0,0.000125840240798425,0,8.67972721607657e-05,0,0,0,0,0,0,0,0,0,0.00233370314167142,2.40891033286235e-05,0,0,0,0,0,0,0,0,2.42001752497822e-05,8.50813914000225e-05,0.000421224571316954,0,0,0,0,0,0,0,0,0,0,0,0,0,0,0.00975224356576896,1.3178462835194e-05,0.000623858434354023,9.89724111283833e-06,0,0,0,0,0,0,0,0,0,0,0,0,0.00399705488811563,1.48646948777122e-05,0.000652124461627924,0,6.37943293300147e-05,0,0
0,0,0,0,0,0,0,0,4.59493364921865e-05,0,0,0,0,0,4.48341808284326e-05,0,0.00844708089281461,0.000320514200029924,0.000127194072900885,0,0,0.0010815967434956,0,0,0.00132638570694946,0,0.0023631076198169,0,0,0,0,0,0,4.87486522616687e-05,0,0,0,4.4150431819495e-05,0.00263644547353221,0,0,0,0,0,0,0,0,4.72546673726203e-05,0.00219949235468856,2.82484669198857e-05,0,0,0,0,0,0,0,0,0,0,0,0,0,0,0,0.0133284640356909,0,0.00125456100223089,0,0.0028342143434749,0,0,0,0,0,0,0,0,3.77859922878288e-06,0,1.2436873297751e-05,0.000878950264041791,0.000349958405148041,0.000189782973062933,1.80604857499605e-05,0,0
0,0,0,0,0,0,0,0,0.00016900013627765,0.0152647367354479,0,0,0,0,0,0,0.00103133284200308,0.0135649028016943,0.00119125287754246,0,0,0.000283424448940282,0,0,0,0.046109239029784,0,0,0,0,0,0,0,0,0,0,0,0.00266333207544728,5.71040701030168e-06,0,0,0.00055058899917725,0,0,0,8.10689147245653e-05,0,0,0,0,0,0,0,0,0,0.00302239164361618,0,0,0,0,0,0,0,0,0.00164272062071766,0,0.162490499713198,0,0.0294256892781676,0,0,0,0,0,0,0,0,0,0,0,0.00166235757267932,0,0.00111916887799944,0,0.00294784821775788,0.00220414874473635,0
0,0,0,0,0,0,0,0,0.00167588513846921,0,0,0,0,0,0,0,0.00111852823492299,0,0,0,0,0,0.00132638570694946,0,0,0,0.00220135071727424,0,0,0,0,0,0,0,0,0,0,0,0.000489064872281046,0,0,0,0,0,0,0,0,1.18720566024224e-05,4.18386948344745e-05,0,0,0,0,0,0.0125333234857897,0,0,0,0,0,0,0,0,0,0,0.000888383213812555,0,0.05757678959986,0,0.00205295497572491,0,0,0,0,0,0,0,0,0,0,0,0.000230175385664757,7.66803381404176e-05,2.71379649916808e-06,0.000173774274603358,0,0
0,0,0,0,0,0,0,0,0.000211717777269557,0.00695779506790341,0,0,0,0,0,0.000871047651645161,0.000811319999920272,0.0373506833814068,0.00248519230480247,0,0,0.000125840240798425,0,0.046109239029784,0,0,0,0.0119346427482733,0,0,0,0,0,0,0,0,0,0,0,5.47836149168276e-05,0,0,0,0,0,0,0,0,0,0,0,0,0,0,0,0.0158590114745268,0,0,0,0,0,0.00874911656791531,0,0,0,0,0.0556183107327509,0,0.0140281392619921,0,0.00294246051476865,0,0,0,0,0,0,0,7.209778191415e-06,0,0,0,0.00167775801785778,1.55578857067046e-05,0,0,0
0,0,0,0,0,0,0,0,0.000841938660388094,0,0,0,0,0,0.00382150660848491,0,0.00343560717659683,0.000115360030883115,0.000296064854364905,0,0,0,0.0023631076198169,0,0.00220135071727424,0,0,0,0,0,0,0,0,0,0,0,0,0,0,0,0.000108259824145593,0,1.91278604966295e-05,0,0,0,1.95378017488125e-05,0,0,0,0,0,0,0,0,0,0,0,0,0,0,0,0,0,0,0.00134034296597386,0,0,0,0.00829468489376502,0,0,0,0.000239598824725448,0,0,0,0,1.02451255962834e-05,0,0,0,0.000487304847213986,9.01379512678964e-05,0,0,0
0,0,0,0,0,0,0,0,0,0,0,0.0103188895720666,0,0,0,0,0,2.65932556580455e-05,0,0,0,8.67972721607657e-05,0,0,0,0.0119346427482733,0,0,0,0.000211841965210624,0,0,0,0,0,0,0,0.000438736781991089,0,0,0,0,0,0,0,0,0,0,0,0,0,0,0,0,0,0,0,0.000756645969807075,0,7.42390475352295e-05,0,5.90667441429105e-05,0,0,0,0,0,0,0.00143750470041902,0,0.000636690093393042,0,0.000358058655733177,0,0,0,0,0,0,0,0,0,5.77674587025405e-06,0,0,0,0
0,0,0,0,0,0,0,0,0,0,0,0,0.000240311625565212,0,0,0,0.000105209583165369,0,0,0,0,0,0,0,0,0,0,0,0,0,0,0,0,0,0,0,0,0,0,0,0,0,0,0,0,0,0,0,0,0,0,0,0,0,0,0,0,0,0,0,0,0,0,0,0,0,0,0,0,0,0,0.000161576990649337,0,0,0,0,0,0,0,0,0,0,0.000396872849526533,2.51463456318586e-06,0,0,0
0,0,0,0,0,0,0,0,0,0,0,0.00235766265854744,0,6.38345372863114e-05,0,0,0,0,0,0,0,0,0,0,0,0,0,0.000211841965210624,0,0,0,0,0,0,0,0,0,0.0115535831177291,0,0,0,0,0,0,0,0,0,0,0,0,0,0,0,0,0,0,0,0.00171968122765136,0,0,0,0,0,0,0,0,0,0,0,0,0.00605780043155159,0,0.0203788329636878,0,0,0,0,0,0,0,0.00119028536773312,0,2.78023530060349e-05,0,0,0,0
0,0,0,0,0,0,0,0,0,0,0,0,0,0,0,0,0,0,0,0,0,0,0,0,0,0,0,0,0,0,0,0,0,0,0,0,0,0,0,0,0,0,0,0,0,0,0,0,0,0,0,0,0,0,0,0,0,0,0,0,0,0,0,0,0,0,0,0,0,0,0,0,0,0.00462841766723245,0,0,0,0,0,0,0,1.37394717967254e-05,0,0,0,0,0
0,0,0,0,0,0,0,0,0,0,0,0,0,0,0,0,0,0,0,0,0,0,0,0,0,0,0,0,0,0,0,0,0.100790648406978,0,8.00584587845512e-05,0.00109941442029367,0.00254823191870464,0,0,0,0,0,0,0,0,0,0,0.0749144482268674,0,0.000823235266207806,0,0,0,0,0,0,0,0,0,0,0,0,0,0,0,0,0,0,0,0,0,0,0,0,0.052170958064906,0.0800161390732522,0.0015722346403384,0.000429697233779849,0.00545253719005304,0.000506222864938368,0,0,0.000316447119442506,0,0,0,0
0,0,0,0,0,0,0,0,0,0,0,0,0,0,0,0,0,0,0,0,0,0,0,0,0,0,0,0,0,0,0,0.100790648406978,0,0.000192492778296582,0,0,0.000809044742432253,0,0,0,0,0,0,0,0,0,0,0.0174562186617217,0,0,0,0,0,0,0,0,0,0,0,0,0,0,0,0,0,0,0,0,0,0,0,0,0,0,0.156998945028251,0.209011265154419,0,0.00748625133949217,5.86471072613579e-05,0.000806326295330101,0,0,0.000752869888456538,0,0,0,0
0,0,0,0,0,0,0,0,0,0,0,0,0,0,0,0,0,0,0,0,0,0,4.87486522616687e-05,0,0,0,0,0,0,0,0,0,0.000192492778296582,0,0.380741823688639,0.00214120613854395,0,0.000541588972875842,0.00288968787395698,0,0,0,0,0,0,5.10405366881824e-05,0,0.351099303962506,0.0166704078211403,0.0020544025756573,0,0,0,0,0,0,0,0,0,0,0,0,0,0,0,0.000287446029547983,0,4.01686460600455e-05,0,0,0,6.90597041662992e-05,0,0,0.00779739246927475,0.000900254916788065,0.121062108321982,0.133541164190572,0.000147480149749304,0.000665341030485995,0.0011898011460323,0.00410779493118227,0.003448338105985,0,0.000447225944505352,0,0
0,0,0,0,0,0,0,0,0,0,0,0,0,0,0,0,0,0,0,0,0,0,0,0,0,0,0,0,0,0,0,8.00584587845512e-05,0,0.380741823688639,0,0,0.00666145572987547,0.00021857229541536,0.000317650317743917,0,0,0,0,0,0,0,0,0.168371192005321,0,0.000643954090223208,0,0,0,0,0,0,0,0,0,0,0,0,0,0,9.05939843575277e-06,0,0,0,0,0,0,0,0,0,0,0.00481136603735443,0.0487791503748459,0.218532897040709,0,0.00439135002385806,0.000144419385734275,0.000304455256391244,0.000353751050772982,0,0,0,0
0,0,0,9.26000746509047e-05,0,0.00170803132199053,0,0.00152911350796262,0,0,0,0.00221469285006185,0,0,0,0,0,0,0,0.0123204265430323,0,0,0,0,0,0,0,0,0,0,0,0.00109941442029367,0,0.00214120613854395,0,0,0.00838106413058356,0.00969008520328177,0,8.46394747165062e-06,0,4.57829034757623e-05,0,0,0,0.000610036316160616,0,0.00469460585814041,0,0.00063872247869985,0,0,0,0,0,0,0,0,0,0,0,0,0.00732226918925817,0,0,0,0,0,0,0,0,0,0,0,0.00111820883085556,0,0.00385198399464432,0,0.0356933977806291,0.00391845955057428,0.00170677368211293,0,0.00408470321789186,0.00194723695064342,0.00142898589174667,0,0
0,0,2.74824031979961e-05,0,0.000804672075761295,0,0,0,0,0,0.00168111504844544,0,0,0,0,0,1.15159945943834e-06,0,1.59177577857577e-06,0,0.00556559057623373,0,0,0,0,0,0,0,0,0,0,0.00254823191870464,0.000809044742432253,0,0.00666145572987547,0.00838106413058356,0,0,0.00672081127678905,0,0.000112473082241572,0,0.000306137837001157,0,0,0,7.56970026619187e-05,0.00136345396679974,0.000304780532928715,0.000492706725989794,0.00036754183556169,0,0,0,0,0,0.000435232651403025,0,5.07729669627321e-06,0,0,0,0,0.00182705278576431,0,0,0,0,0,0,0,0,0,1.92368144066774e-05,2.38810373677679e-05,0.000663346223739366,0,0.000788998680104727,0.000772809177482314,0.0260505196189731,0,0.00134904102664731,0.00402616928500722,0.00178318714184078,0.00243737087731907,0,0
1.63211898871485e-05,6.20979641412987e-05,0,3.44079629339727e-05,0,0,0,0,0,0.00184832680117747,0,0.0155626428470714,0,0,0,0,0,0,5.92366224709854e-06,0.0153946819988048,0,0.00233370314167142,4.4150431819495e-05,0.00266333207544728,0,0,0,0.000438736781991089,0,0.0115535831177291,0,0,0,0.000541588972875842,0.00021857229541536,0.00969008520328177,0,0,0.00608714281957576,0,0,4.77476331110686e-05,2.30488989061017e-05,0,0,0.00021941444648264,0,0.012246238481774,0.00451191820186425,0.00220855290633652,0,0,0,0,0,0.000553597570397858,0,0.0070557620019264,0,0,0,0,0.00556532450392205,0,0.00447611933493504,0.000397813120026414,0.00878803124521425,5.22597617089069e-05,0,0,0,2.93099497173163e-05,0.00128151100555634,0,1.34559190778052e-05,0,6.92209419346973e-05,4.14633210610476e-05,0.00662072984265593,2.06665241920882e-06,0.0493456076209959,0.00242110369257866,0.00222083895877013,0,0.0047086597157763,0.000414812426619091,0
0,0,6.95193478100436e-06,0,2.45223861991485e-05,0,0,0,0.00173332283700927,6.42140594654217e-06,0.00667898816891989,0,0,0,0,0,1.48220952205941e-05,0,3.6481196116003e-05,0,0.00331650598246028,2.40891033286235e-05,0.00263644547353221,5.71040701030168e-06,0.000489064872281046,0,0,0,0,0,0,0,0,0.00288968787395698,0.000317650317743917,0,0.00672081127678905,0.00608714281957576,0,0,3.64913542660996e-05,1.34455579118218e-05,0.000762213313409172,0,0,0,0.00023243880393769,0.0275829348682225,0.00652590987601598,0.000612470433271708,0,0,0,0,0.000534011412189797,0,0.000902170598977767,3.84963140266301e-06,4.40973066374983e-06,0,0,0,0,0.00699902434532914,0.00016167886646136,0.00494579669219591,0,0.00447041004876034,0,0,0,0.0006433497788964,0,0,0,4.22157157058326e-05,0,0.000366297947741761,0,0.00404230831451287,0.00247881654149512,0.0410947522060924,0.00165877058000788,0,0.00254508506798004,0,1.65737449142151e-05
1.57240932192925e-05,0,0,0.00374062188035369,0,0.00133618363994944,0,0,0.000157226467748547,0.000394018713159285,0,0,0,0,0,2.1277095511574e-05,0.00181181782073777,0.00251759864626484,0.0507876285520304,0,0,0,0,0,0,5.47836149168276e-05,0,0,0,0,0,0,0,0,0,8.46394747165062e-06,0,0,0,0,0.0020044428442604,0.177476944280177,0.00113418340711162,9.94421292120212e-05,0,0.0451390764601801,0.00164356382470584,0.000443323887707747,0,0.0498035086642779,0,0,0,0,0,3.95505709126958e-05,0.000121495029725976,0.0010296024957758,0,0,0,0,0.00248829507076781,0.000115602780366418,0,0,0,0,0,0,0,0,0.00757006444330143,0.000347948284424274,0,0,0,0,0.00684358344949965,0.00053212984156008,0.00354427756222784,0.000159010978373413,0.00424870613836691,2.20398982508139e-06,0.0649713019111727,0.020644900588851,0.000892270489990086
0.000303712601571796,0,0.00223222506113096,0,0.00424616123388876,0,0,0,0.000121289829300293,0,6.69458700474853e-05,0,0,0,0.000144541752467354,0,0.00230366261319413,0.000611879460555398,0.0295575914297401,0,2.54333131531576e-05,0,0,0,0,0,0.000108259824145593,0,0,0,0,0,0,0,0,0,0.000112473082241572,0,3.64913542660996e-05,0.0020044428442604,0,0.00114717466745947,0.0938241445486376,0,0.00364993908845755,0.0013550914377623,0.0329967274669339,0.000345956554348516,0.0142724450900749,5.41220332445959e-05,0.0017255176829761,0,0,0,0.000267014690646087,0,0.00314900659988322,8.74096618728689e-06,0.000440053927256532,0,0,0,1.97451018234593e-05,0.0202413168926378,0,0,0,0,0,0,0,0,5.71090133424171e-05,0.00629131697771403,0,0,0,0.000167790044285256,0.000242991212264523,0.0192407256124083,0.000123091260870501,0.00208992591793617,0.00242327611964165,6.62922400332732e-05,0.0519652212953617,0,0.0114242035211712
9.10787294080038e-06,0.0125559339682933,0,0.0149412679163345,0,0.00159958253956877,0,0,0,0.002957866738337,0,0,0,0,0,0,0.000716770807415771,0.00192132074343702,0.0347294414795995,0,0,0,0,0.00055058899917725,0,0,0,0,0,0,0,0,0,0,0,4.57829034757623e-05,0,4.77476331110686e-05,1.34455579118218e-05,0.177476944280177,0.00114717466745947,0,0.0150585019061973,1.72006137689356e-05,1.03176387364129e-05,0.0154709245408948,0.000270553274472373,0.00251298265783298,6.08610255568837e-05,0.0367653089519983,0,1.62177302536348e-05,0,0,0,0.000905524149576852,0,0.0178186562497709,0,0,0,0,0.0143538489325425,0,0,0,0.000222870629156269,0,0,0,0,0,0.056341858630201,0.000178281188506195,0,0,0,0,0.013453911878277,0.000240200449526518,0.00511340424558963,0.000156092124914248,0.00518325019787097,8.82932889108813e-07,0.130119754705426,0.0364169647267269,0.000309518618401506
0.00829242256376197,0,0.00596383215515783,5.76435361446423e-05,0.0061200806978981,9.04724366969864e-05,0,0,0.00594987806038866,0,6.24497489950019e-06,0,0,0,9.34162015877214e-05,0,0.00244121324516,0.000525762306936166,0.027652609374305,0,2.99831233150358e-05,0,0,0,0,0,1.91278604966295e-05,0,0,0,0,0,0,0,0,0,0.000306137837001157,2.30488989061017e-05,0.000762213313409172,0.00113418340711162,0.0938241445486376,0.0150585019061973,0,0,0.00224501608032118,0.000317028697795038,0.031698724204062,9.50312317751735e-06,0.0196420012534,2.99133238382256e-05,0.00154478427024923,0,0,0,0.000125396967630333,0,0.0401495437484255,4.92707914049092e-05,0.00074326003471394,0,2.62172460259867e-05,0,6.22796844790064e-05,0.0147489426122734,0,0,0,0,0,0,0,0,0.000174570350747156,0.0459001526203076,0,1.7900745802241e-05,0,7.33843852551447e-06,0.000215358480425508,0.0167687251514989,0.00026732642219549,0.00565479105944909,0.00522751674362822,1.19353897609085e-05,0.160587345424288,0.000349553651152823,0.0551799029578959
0,0,0,0,0,0,0,0,0,0,0,0,0,0,0,0,0,1.37101082856568e-05,0.00131677533478084,0,0,0,0,0,0,0,0,0,0,0,0,0,0,0,0,0,0,0,0,9.94421292120212e-05,0,1.72006137689356e-05,0,0,0,0.000182589460713425,0,0,0,0,0,0,0,0,0,0,0,0.000132326070024176,0,0,0,0,0,0,0,0,0,0,0,0,0,0,0.00130009054479262,0,0,0,0,0,7.26075413911255e-05,0,0.000177553477271495,0,9.8398001151904e-07,0,0.000390186084532517,0,0
0,0,0,0,0,0,0,0,0,0,0,0,0,0,0,0,2.28291198652378e-05,1.70374150212041e-05,0.000855836007774824,0,0,0,0,0,0,0,0,0,0,0,0,0,0,0,0,0,0,0,0,0,0.00364993908845755,1.03176387364129e-05,0.00224501608032118,0,0,0.000240179767073516,0.001191424816842,0,0,1.49854570962353e-05,0,0,0,0,0,0,0,0,0,0,0,0,0,8.79696021888312e-05,0,0,0,0,0,0,0,0,0,0.000123984793743925,0,0,0,0,1.62472887774214e-05,0.000167002446721017,5.86413360924344e-06,4.26890182198814e-05,5.47125034911584e-05,0,0.00289076608482502,0,0.00169794194153396
0,0,0,0.0097917948904696,0,0.00477444449119971,0,0,0.000102000626370325,0.00150877722198617,0,0,0,0,7.97563284068168e-05,0,0.000664723396843077,0.000745460545728742,0.0207303327464313,0,0,0,0,8.10689147245653e-05,0,0,0,0,0,0,0,0,0,5.10405366881824e-05,0,0.000610036316160616,0,0.00021941444648264,0,0.0451390764601801,0.0013550914377623,0.0154709245408948,0.000317028697795038,0.000182589460713425,0.000240179767073516,0,0.000532661811118765,0.000616346521627604,1.42703071529795e-05,0.0144770049937742,0,0.000391438859364892,0,0,0,0.000939111552002112,7.82884603119696e-05,0.00171136334980198,0,0,0,0,0.11298432224387,3.63792419961622e-05,0,0,0,0,0,0,0,0,0.00428767898897992,0.000185348500020794,0,0,0,0,0.0226047481638326,0.000308570360780172,0.00918502106867429,3.80576511307581e-05,0.00182168315377276,0,0.0705537215879817,0.00128526019972812,0
0.000199900132267182,0,0.00402232154309862,0,0.00373447651602391,0,0,0,0.000385471651477553,0,9.83981914691226e-05,0,0,0,9.64153879525892e-05,0,0.0011403378328909,0.000354239244706877,0.0143160067714517,0,0.000536133658316633,0,0,0,0,0,1.95378017488125e-05,0,0,0,0,0,0,0,0,0,7.56970026619187e-05,0,0.00023243880393769,0.00164356382470584,0.0329967274669339,0.000270553274472373,0.031698724204062,0,0.001191424816842,0.000532661811118765,0,8.79862848913292e-05,0.00758278097071698,0,0.000548162107979639,0,0,0,0.000153492215797224,0,0.00412380633236293,0,0.000121459375338867,0,0,0,2.77097285717505e-05,0.00829680480080563,0,0,0,0,0,0,0,0,9.84883282435542e-05,0.00989585947162739,0,5.1900611590691e-05,0,0.000211589878526785,0.000100052158284013,0.0263013214331538,5.94873322850414e-05,0.00896987389718027,0.00253547358871821,0.00010173794296078,0.0230227562228725,0.000129906959573114,0.00139267858731373
2.93952283233001e-05,0,0,1.30934790201338e-05,0.000166592069734771,0,0,0,0,0,0,0,0,0,0,0,0,0,4.11897698506062e-06,0,0,2.42001752497822e-05,4.72546673726203e-05,0,1.18720566024224e-05,0,0,0,0,0,0,0.0749144482268674,0.0174562186617217,0.351099303962506,0.168371192005321,0.00469460585814041,0.00136345396679974,0.012246238481774,0.0275829348682225,0.000443323887707747,0.000345956554348516,0.00251298265783298,9.50312317751735e-06,0,0,0.000616346521627604,8.79862848913292e-05,0,0.0754127359813427,0.0317353479413052,1.18112551389899e-05,0,0,0,0,0,6.29314153399512e-05,0,0,0,0,0,8.37160916910385e-06,2.30174396229909e-05,0.000122765566232847,0.000801081676337192,0,0.000128793559095616,0,0,0,0.000144223315451678,4.2824763662944e-05,8.84617130896714e-06,0.29085049587872,0.227582400185537,0.156080432174117,0.341107636069942,0.0177254114913166,0.0290543837817343,0.007679749032431,0.0263764232575246,0.00302859706705353,0,0.0106455123662676,0,0
0.0104593544657805,0,0.00332220025558273,0.000105324722846133,0.00829172376469762,0,0,0,0,7.39208086039072e-05,0,0,0,0,0.000269584279132936,0,0,0,5.96265859341967e-05,0,0.000105169913694768,8.50813914000225e-05,0.00219949235468856,0,4.18386948344745e-05,0,0,0,0,0,0,0,0,0.0166704078211403,0,0,0.000304780532928715,0.00451191820186425,0.00652590987601598,0,0.0142724450900749,6.08610255568837e-05,0.0196420012534,0,0,1.42703071529795e-05,0.00758278097071698,0.0754127359813427,0,0.0053798564538257,0.00299272943756638,0,0,0,0.000130547382573184,0,0.00495848893294321,0,0.000989616544532038,0,0.0087138315187756,0,0,0.00137676765371076,0.00031307529280389,0.00949366939660545,0,0.0110193247358194,0,0,0,0.0007809256811585,0,0.00104305446949397,0,0.000469382601139084,0.00331910359829073,0.00235908060889895,1.3459641855569e-05,0.00602955956210681,0.00194794634856613,0.00617957471334652,0.00238912746803686,0,0.0243167062494904,0,0.000126717466614273
0,0.050093723975432,0,0.0244979296798792,0,0.000883958496940999,0,0,0,0.000280757308303639,0,0,0,0,0,0,9.84112627746702e-05,0.000180140687562527,0.00306779266542359,0,0,0.000421224571316954,2.82484669198857e-05,0,0,0,0,0,0,0,0,0.000823235266207806,0,0.0020544025756573,0.000643954090223208,0.00063872247869985,0.000492706725989794,0.00220855290633652,0.000612470433271708,0.0498035086642779,5.41220332445959e-05,0.0367653089519983,2.99133238382256e-05,0,1.49854570962353e-05,0.0144770049937742,0,0.0317353479413052,0.0053798564538257,0,0,0,0,0,0,0.00167215027642921,0,0.00384092398045614,0,0.0014566107741029,0,0.00191680851236617,0.00253583251144539,0,0.00442663467519162,0.000411621287188439,0,3.80440187810959e-05,0,0,0,5.79051488672089e-05,0.00103687322914376,0,0,0,0.00087614901422944,0.000438668183791573,0.00507496599636038,3.86062961415493e-05,0.00262634459481267,0.00105687005587977,0.00241452446186217,0,0.0504363974390628,0.00579564549502468,0
0,0,0.0010456169215978,0,0.0272871070294417,0,0,0,6.12832735348966e-05,0,0,0,0,0,0,0,2.28057218029923e-06,0,5.79888928695441e-06,0,0.00435803997892208,0,0,0,0,0,0,0,0,0,0,0,0,0,0,0,0.00036754183556169,0,0,0,0.0017255176829761,0,0.00154478427024923,0,0,0,0.000548162107979639,1.18112551389899e-05,0.00299272943756638,0,0,0,0,0,0,0,0.000161310685379435,0,0.000263567858257018,0,0,0,0,0.0154120227123337,0,0,0,0,0,0,0,0,0,0.00032069438946291,0,0.000224800135331065,0,4.83261913142015e-05,0,0.000709934655856158,0,4.02200683527194e-05,0.000241306641297951,0,0.0131590966547703,0,0
0,0,0,0.0395624820334925,0,0.0183204893535257,0,0,0,0.00166484055010327,0,0,0,0,0,0,0,0,0,0,0,0,0,0,0,0,0,0,0,0,0,0,0,0,0,0,0,0,0,0,0,1.62177302536348e-05,0,0,0,0.000391438859364892,0,0,0,0,0,0,0,0,0,0.000222012779585218,0,0,0,0.00015536512289855,0,0.00173910038601761,6.39230185945847e-05,0,0,0,0,0,0,0,0,0,2.07054572668806e-05,0,0,0,0,0,0,0,3.47630006781595e-06,0,0.000181659800442405,0,0.000514078480836899,0,0
0,0,0,0,0,0,0.0131024113705266,0,0,0,0.000467416436856712,0,0,0,0,0,0,0,0,0,0,0,0,0,0,0,0,0,0,0,0,0,0,0,0,0,0,0,0,0,0,0,0,0,0,0,0,0,0,0,0,0,0,0,0,0,0,0,0,0,0,0,0,0,0,0,0,0,0,0,0,0,0,0,0,0,0,0,0,0,0,0,5.70929582188296e-05,0,0,0,0
0,0,0,0,0,0,0,0.0890628427450839,0,0,0,0.00133213399220114,0,0,0,0,0,0,0,0,0,0,0,0,0,0,0,0,0,0,0,0,0,0,0,0,0,0,0,0,0,0,0,0,0,0,0,0,0,0,0,0,0,0,0,0,0,0.0194634167174813,0,0,0,0,0,0,0,0,0,0,0,0,0,0,0,0,0,0,0,0,0,0,0,0,0.000446738204655972,0,0,0,0
0.0298112898063027,0,0.000563137886654477,0,0,0,0,0,0.203399785106065,0,0,0,0,0,0.0142768671129291,0,0.00177484067546439,0,0,0,0,0,0,0,0.0125333234857897,0,0,0,0,0,0,0,0,0,0,0,0,0,0.000534011412189797,0,0.000267014690646087,0,0.000125396967630333,0,0,0,0.000153492215797224,0,0.000130547382573184,0,0,0,0,0,0,0,2.89064997282453e-05,0,0,0,0.0198665967358482,0,0,0,0,0,0,0.0680225222179187,0,0,0,0,0,0.000312805988866642,0,0,0,0,0,0,0,0.000277032060224178,5.46734037778815e-05,0,7.70523987845672e-05,0,0
0,0.0541172001161925,0,0.0429663969796684,0,0.0218515921710126,0,0,0,0.197426394329532,0,0,0,0,0,0.0658515691225355,0,0.000981812234116939,0,0,0,0,0,0.00302239164361618,0,0.0158590114745268,0,0,0,0,0,0,0,0,0,0,0,0.000553597570397858,0,3.95505709126958e-05,0,0.000905524149576852,0,0,0,0.000939111552002112,0,0,0,0.00167215027642921,0,0.000222012779585218,0,0,0,0,0,3.51911536837215e-05,0,0,0,0.00379813776745196,0,0,0,0,0.0566743931147394,0,0,0,0,0,0.000242227617223105,0,0,0,0,0,2.34126456645542e-05,0,0.000587208102886172,0,0.00234118089043607,0,0.00415209642143477,0,0
0.000544734530215876,0,0.00727472718266814,0,0.00183831479438298,0,0.00573113783133377,0,0.000346147775884035,0,0.0936856521464608,0,0.0115997316006232,0,0.000454300127043436,0,0.00028110592688564,6.51386844155802e-05,0.00141260688850787,0,0.0294533493874496,0,0,0,0,0,0,0,0,0,0,0,0,0,0,0,0.000435232651403025,0,0.000902170598977767,0.000121495029725976,0.00314900659988322,0,0.0401495437484255,0,0,7.82884603119696e-05,0.00412380633236293,6.29314153399512e-05,0.00495848893294321,0,0.000161310685379435,0,0,0,2.89064997282453e-05,0,0,0,0.00376583162525983,0,0.00266731597210573,0,0,0.0289488242959691,0,3.81909178530794e-06,0,0,0,0,0,7.43868515572935e-05,0,0.0216199654021224,0,1.13105469850762e-05,0,5.40471914850901e-05,0,0.00093277716816451,0,0.000129703835603895,0.00129016224578419,7.25527306202232e-06,0.0381434068650921,0,0.0156096872558223
0,9.16320232834545e-05,0,0.00364814878773839,0,0.000337695324110283,0,0.0138386933715996,0,0.000129160205309557,0,0.055097219196813,0,0.00104350301370414,0,0,3.21607685256335e-06,2.1511293944645e-05,0.00154872092303174,0.0037458770594883,0,0,0,0,0,0,0,0.000756645969807075,0,0.00171968122765136,0,0,0,0,0,0,0,0.0070557620019264,3.84963140266301e-06,0.0010296024957758,8.74096618728689e-06,0.0178186562497709,4.92707914049092e-05,0.000132326070024176,0,0.00171136334980198,0,0,0,0.00384092398045614,0,0,0,0.0194634167174813,0,3.51911536837215e-05,0,0,0,0.00189899608980684,0,0.000447465829451349,0.0110974771976038,0,0,0,0,0,0,0,0,0,0.020558176842435,0,0,0,0,0,9.43750440503018e-05,1.11833141376514e-05,0.000290477772058016,0,0.000226895619202599,0,0.0233315275987987,0.00118487870641371,0
0.00149290916845092,0,0.00130568312649181,0,0.000105591780933261,0,0,0,0,0,0,0,0.0483487187368777,0,0.00658617765251495,0,0,0,8.34521767844199e-06,0,0,0,0,0,0,0,0,0,0,0,0,0,0,0,0,0,5.07729669627321e-06,0,4.40973066374983e-06,0,0.000440053927256532,0,0.00074326003471394,0,0,0,0.000121459375338867,0,0.000989616544532038,0,0.000263567858257018,0,0,0,0,0,0.00376583162525983,0,0,0,0.000782410858520676,0,0,9.15524545019222e-05,0,0,0,0,0,0,0,0,0,0.000249488159872683,0,0,0,6.5444599290458e-05,0,5.92678702955503e-05,0,5.55506574390038e-05,3.08879113870257e-05,0,0.00408478084729678,0,1.0486232408815e-05
0,0.000165454302270283,0,0.00487726654377755,0,0,0,0.000836804100876977,0,0,0,0,0,0.0670887847821823,0,0,0,0,0,0,0,0,0,0,0,0,0,7.42390475352295e-05,0,0,0,0,0,0,0,0,0,0,0,0,0,0,0,0,0,0,0,0,0,0.0014566107741029,0,0.00015536512289855,0,0,0,0,0,0.00189899608980684,0,0,0,0.00805065254673274,0,0,0,0,0,0,0,0,0,0,0,0,0,0,0,0,0,0,0,0,3.6288947740104e-06,0,0,0,0
0.0476566767420139,0,8.23142862348986e-05,0,0,0,0,0,0.0157668726256756,0,0,0,0,0,0.101832181877225,0,0.00321389775911333,0.000260257083825811,0.000320795831198066,0,0,0,0,0,0,0,0,0,0,0,0,0,0,0,0,0,0,0,0,0,0,0,2.62172460259867e-05,0,0,0,0,0,0.0087138315187756,0,0,0,0,0,0.0198665967358482,0,0.00266731597210573,0,0.000782410858520676,0,0,0,0,0,0,0,0,0.0168441961760454,0,0.00204236133044561,0,0,0,0,0,0,0,0,0,1.08383852758351e-05,0,0,0.000106023382702825,0,0.000340173122427942,0,0
0,0.00350408376757806,0,0,0,0,0,0,0,0.00158632408763737,0,0,0,0.00993045187323952,0,0.0478923223647317,0,3.30504642071735e-05,0,0,0,0,0,0,0,0.00874911656791531,0,5.90667441429105e-05,0,0,0,0,0,0,0,0,0,0,0,0,0,0,0,0,0,0,0,0,0,0.00191680851236617,0,0.00173910038601761,0,0,0,0.00379813776745196,0,0.000447465829451349,0,0.00805065254673274,0,0,0,0,0,0,0,0,0,0,0,0,0,0,0,0,0,0,0,0,0,0,0.000123793335065453,0,0,0,0
0,0,0,0.000600538993538365,0,0.021769865920723,0,0,0,5.83901054170427e-05,0,0.023585086729073,0,0,0,0,8.38843288015382e-05,7.35153821274593e-05,0.00118015131672073,0.093274830423958,0,0,0,0,0,0,0,0,0,0,0,0,0,0,0,0.00732226918925817,0,0.00556532450392205,0,0.00248829507076781,1.97451018234593e-05,0.0143538489325425,6.22796844790064e-05,0,0,0.11298432224387,2.77097285717505e-05,8.37160916910385e-06,0,0.00253583251144539,0,6.39230185945847e-05,0,0,0,0,0,0.0110974771976038,0,0,0,0,0,6.64528820532717e-06,0,0,0,0,0,0,0,0,0.00489734233539664,1.99064732339009e-05,0,0,0,0,0.016889342472832,9.79099815399563e-06,0.0106366830343499,0,0.00133730793666323,0,0.0193080477769408,0.000431351068139488,0
0,0,5.91172496850839e-05,0,0.0196480483843871,0,0,0,0,0,0.00820377685799869,0,0,0,0,0,3.94483494392391e-05,5.59413728586411e-05,0.00128803153121819,0,0.064725207932016,0,0,0,0,0,0,0,0,0,0,0,0,0,0,0,0.00182705278576431,0,0.00699902434532914,0.000115602780366418,0.0202413168926378,0,0.0147489426122734,0,8.79696021888312e-05,3.63792419961622e-05,0.00829680480080563,2.30174396229909e-05,0.00137676765371076,0,0.0154120227123337,0,0,0,0,0,0.0289488242959691,0,9.15524545019222e-05,0,0,0,6.64528820532717e-06,0,0,0,0,0,0,0,0,0,7.39746347755134e-06,0.0330211342957566,0,1.16607024636377e-05,0,3.02964084955015e-05,8.03861706281245e-06,0.0158136327154281,0,0.0160229072529333,0.000825791082038253,0.000321697474180379,0.0216804104439882,0,0.000575683687730911
0,0,0,0,0,0,0,0,0,0,0,0,0,0,0,0,0,0,0,0,0,0.00975224356576896,0,0.00164272062071766,0,0,0,0,0,0,0,0,0,0,9.05939843575277e-06,0,0,0.00447611933493504,0.00016167886646136,0,0,0,0,0,0,0,0,0.000122765566232847,0.00031307529280389,0.00442663467519162,0,0,0,0,0,0,0,0,0,0,0,0,0,0,0,3.07850012681503e-05,0.0161724301263411,0,0,0,0,5.83465030608798e-06,0,0,0,0,0,0,0,0,0.00606842105908371,8.25845761792245e-05,0.000174780151147504,0,0.000198223756110712,0,0
0,0,0,7.80163798758083e-06,0,0,0,0,0,0,0,0,0,0,0,0,0.000217182738056593,0,0,0,0,1.3178462835194e-05,0.0133284640356909,0,0.000888383213812555,0,0.00134034296597386,0,0,0,0,0,0,0.000287446029547983,0,0,0,0.000397813120026414,0.00494579669219591,0,0,0,0,0,0,0,0,0.000801081676337192,0.00949366939660545,0.000411621287188439,0,0,0,0,0,0,3.81909178530794e-06,0,0,0,0,0,0,0,3.07850012681503e-05,0,0,0.00761558829728406,0,0.0076161458276038,0,0,0,0,0,0,0,0,0,0,0.000141582551426762,0.000938577980021531,0.00011741191804861,0,0.000504114986675036,0,0
0,0.000615460914772964,0,0,0,0,0,0,0,0.00867315917037294,0,0,0,0,0,0.00429704768563229,0,0,0,0,0,0.000623858434354023,0,0.162490499713198,0,0.0556183107327509,0,0,0,0,0,0,0,0,0,0,0,0.00878803124521425,0,0,0,0.000222870629156269,0,0,0,0,0,0,0,0,0,0,0,0,0,0.0566743931147394,0,0,0,0,0,0,0,0,0.0161724301263411,0,0,0,0.00524776168607308,0,0,0,0,0,0,0,0,0,0,0,0.0110904525995052,0,5.01633918072409e-05,0,0.00582824632900374,0,0
0,0,0,0,0,0,0,0,0.000122807006659592,0,0,0,0,0,0,0,0,0,0,0,0,9.89724111283833e-06,0.00125456100223089,0,0.05757678959986,0,0,0,0,0,0,0,0,4.01686460600455e-05,0,0,0,5.22597617089069e-05,0.00447041004876034,0,0,0,0,0,0,0,0,0.000128793559095616,0.0110193247358194,3.80440187810959e-05,0,0,0,0,0.0680225222179187,0,0,0,0,0,0.0168441961760454,0,0,0,0,0.00761558829728406,0,0,0,0.00671720454856691,0,0,0,0,0,0,0,0,0,0,1.16214515307163e-05,0.00392692999391016,1.0264892518998e-05,0,0.00915287541294226,0,0
