0,0,0.000422065186066644,0,0,0,0,0,0.00351607226548926,0,0,0,0,0,0.0114229652931321,0,2.9908335249487e-05,0,0.000211768715657672,0,0.000318282346074744,0,0,0,3.78802169064005e-05,0,0,0,0,0,0,0,0,0,0.000517096048112281,0,4.00556283022545e-05,0,0,0,0,0,0.00853338418953538,0,0,0,0.000631237560313681,1.84124554829078e-05,0.00828021287104818,0,0,0,0,0,0.00639088253201482,3.29541093864075e-05,0.00145552361413244,0,5.30546203663107e-05,0,0.00272283688640771,0,0,0.00176293644502693,0,0,0,0.000262697871163691,0,0,0,0,0,8.99735794698472e-05,0,0,0,2.20790402141379e-05,0,6.60388926099615e-05,0,3.56781862518621e-05,0.000436604974176067,8.48990844242745e-05,0.0144948363224017,0,0.00218214249800384
0,0,0,0.00380376458743733,0,0,0,0,0,0.0313412390337946,0,0.000574434775004394,0,0.00180270997630626,1.62773545354624e-05,0.0254690313533145,9.3552497474726e-06,0.020987109686047,0.00973923799461922,0.00357925926740028,0,0,0,0.00162240870771448,1.94499649520071e-05,0.000823725278660259,3.99258991290678e-05,7.78513900828671e-06,0,0,0,0,0,0,2.02461808479527e-05,3.97145189151528e-05,8.32395239689387e-06,2.1236474111908e-06,1.24656025523178e-06,6.44323894767698e-05,0,0.00400924320545769,0.000189221871731804,0.00213316488518278,0,0.0160122251638876,0.000328097124080744,0,0,0.00356347930254087,0,0,0,0,0,0.0234621460254313,0,0.00056722481282931,0,0.000129085574031338,0,0.0197520841151744,0.01097285781963,0,0,0,0.0023287187759257,0,0.00117390983937859,0,0,0,0,0,0,0,0,0,0.000197628422026117,2.24464026861455e-05,8.35721499995931e-05,0,0.00248160881351583,0.00122904018113529,0.00552936174896631,0.00631251581541917,0
0.000422065186066644,0,0,0,0.000314429623620641,0,0,0,9.07659858097806e-05,0,0,0,0,0,0.000273210384604975,0,0,0,0,0,0,0,0,0,0,0,0,0,0,0,0,0,0,0,1.03039234538117e-05,0,0,0,0,0,0,0,6.99453638755364e-05,0,0,0,0.00114956338100715,0,0.000184915391190156,0,0.00066314963997224,0,0,0,0.000591742637375322,0,0,0,0,0,5.29539916409609e-05,0,0,0.000210042047777654,0,0,0,0,0,0,0,0,0,0,0,0,0,0,0,0,0,0,0,0,0.0150349148488749,0,0
0,0.00380376458743733,0,0,0,0,0,0,5.65919123395129e-05,0.00349258603474919,0,1.36917416425407e-05,0,7.00645309958612e-05,0,0.000747414273476434,2.48752749981731e-05,0.00147426222458808,0.00747965951216562,0.00288412194342683,0,0,0,7.17670152176333e-05,0.000402052835013933,0.000123372635697417,0,1.7199022640253e-05,0,0,0,0,0,0,1.71887252767248e-05,4.85815037633741e-05,1.38936790025678e-06,0,1.68011197380106e-06,1.73587438897062e-05,0,0.00283147268293714,0.000131669490395031,0.0182922854521636,0,0.0012218533278617,0.000297918101546998,2.61782654728772e-05,1.71069921869738e-05,0.000388415895192682,0,0,0,0,0,0.00336944803691343,0,1.71280611998247e-05,0,0,0,0.000510716951547316,0.0154221871992896,0,0,0,0.000186999625371848,0.000601276070411071,0.00017945606279823,0,0,0,0,0,0,0,0,0,0.000320222419757427,2.3579413271019e-05,7.90706446753039e-06,3.93052860131087e-05,0.000789540804191078,0.000376071114773021,0.00231259610173999,0.00374808187039208,0.000179232889814598
0,0,0.000314429623620641,0,0,0,0.00162227141098451,0,0.00848848982200504,0,0,0,0,0,7.82876594987141e-05,0,0,0,0,0,0.000196443725693912,0,0,0,0,0,0,0,0,0,0,0,0,0,0,0,7.89614045617135e-05,0,0,0,0,0,0,0,0,0,0.00010615051498869,0,0,0,0.0548281873815521,0,0.00107611994381294,0,0.00236874335750087,0,0.00689528576287816,0,0.000446903960311376,0,0.000382574751805788,0,0,0.00342918722164843,0,0,0,0,0,0,0,0,0,0,0,0,0,0,0,4.15246139269458e-05,0,0,0.00106762982479214,0.00153306356145606,0.000740596355640651,0,0
0,0,0,0,0,0,0,0.00105973685749006,0,0,0,0,0,0.00278059355425427,0,0.00206041237280719,0,0,0,0.00216233733914293,0,0,0,0,0,0,0,0,0,0,0,0,0,0,0,6.58615308794414e-06,0,0,0,0,0,0,0,0,0,0,0,0,0,0,0,0.0622792700806894,0,0,0,0,0,0.0114789679457999,0,0.00478686270854803,0,0.00210308231618336,0,0,0,0,0,0,0,0,0,0,0,0,0,0,0,0,0,0,0,0,0.0010179120539933,0.000590907099227147,0.000285208343667029,0,0
0,0,0,0,0.00162227141098451,0,0,0,0,0,0.000105481158914609,0,0,0,0,0,0,0,0,0,0.00114637848343323,0,0,0,0,0,0,0,0,0,0,0,0,0,0,0,4.41422434320148e-05,0,0,0,0,0,0,0,0,0,0,0,0,0,0.000873507709064913,0,0.020307233460822,0,0,0,0.000469482258102812,0,0,0,0,0,0,0.00123072166009768,0,0,0,0,0,0,0,0,0,0,0,0,0,0,0,1.05259010718362e-05,0,0,0.000863922036752578,0,0,0,0
0,0,0,0,0,0.00105973685749006,0,0,0,0,0,0.000176812615648864,0,0,0,0,0,0,0,0.00733096946562,0,0,0,0,0,0,0,0,0,0,0,0,0,0,0,0.00024226560060259,0,0,0,0,0,0,0,0,0,0,0,0,0,0,0,0.000133752429974265,0,0.0228318384025859,0,0,0,0.00346737910525346,0,0,0,0,0.000692993722643977,0,0,0,0,0,0,0,0,0,0,0,0,0,0,0,0,0,0,0,0.00175166561223565,7.44835587806877e-05,0,0,0
0.00351607226548926,0,9.07659858097806e-05,5.65919123395129e-05,0.00848848982200504,0,0,0,0,0,0,0,0,0,0.0206771651389736,0,0.00152661892320054,2.25440837594226e-05,0.00301411933322404,0,0,0,0,0,0.0193064781711443,0,0.00779233839134468,8.38542284572374e-06,0,0,0,0,0,8.69176398009632e-06,0.000431738664286819,0,0.000487875092925197,0,0.000262946390716303,0,0,0,0.00911998725101463,0.000123204971608525,0,9.78045765444541e-06,0.00573203798935584,6.72865585304588e-05,0.000155080784615794,0,0.000739245314865244,0,0,0,0.0168495868479713,0,0,0,0,0,0.0196186749588748,0,0.000144033334986007,0.00077729075986173,0,0,0,0.011493183945765,0,0.00697180606299599,0,0,0,0,0,0,0,0.00018338804830513,0,0.000601657886331928,0,8.72164672868496e-05,0.00106898488020788,0.00376360758062738,0.00532435192559233,0,0.00297728556220687
0,0.0313412390337946,0,0.00349258603474919,0,0,0,0,0,0,0,0.000168898067682671,0,0.000273436261623241,0,0.00638027612416318,1.87277059068382e-05,0.00758031485393436,0.0100252461400831,0.00143812544179936,0,0,0,0.00294997066156049,8.36719745150199e-05,0.000541535843087159,0,1.3819188370714e-05,0,0,0,0,0,0,0,1.93396558602826e-05,1.26097688464639e-06,3.04362440147133e-06,1.90522125934154e-06,0.000146119961825229,0,0.00491514705488188,8.4611190414266e-05,0.00262302533460717,0,0.0131340882665079,1.70844088141088e-05,0,0,0.00346192372278077,0,0,0,0,0,0.0453555024235294,0,0.000145879171154632,0,0,0,0.00249602287976646,0.00735706417923343,0,0,0,0.00685464177486894,0,0.00170154479573892,0,0,0,0,0,0,0,0,0,6.07813122086335e-05,1.06717958792923e-05,8.97004372643785e-05,0,0.00185573264174736,0.00036982463713926,0.00760598215671814,0.00884731281840521,0
0,0,0,0,0,0,0.000105481158914609,0,0,0,0,0,0.00335996125377148,0,0,0,0,0,0,0,0.0155642414841303,0,0,0,0,0,0,0,0,0,0.00415547533195233,0,0,0,0,0,0.000331062363476448,0,0.00250343456845867,0,0,0,0.00062049179854402,0,0,0,0.000600807152532314,0,0,0,0,0,2.72889936161051e-05,0,0,0,0.0742205721606085,0,0.00344664593326477,0,0,0,0,0.0143607488125168,0,0,0,0,0,0,0,0,0,0.00199630244003094,0,0,0,0,0,0,0,7.01965464777961e-05,0.000586912855887941,7.1496097533696e-06,0.00323232026326824,0,0.000887510234930259
0,0.000574434775004394,0,1.36917416425407e-05,0,0,0,0.000176812615648864,0,0.000168898067682671,0,0,0,0.00494308125492723,0,7.74815843228104e-05,0,0.000148000576505624,0.000190485367038154,0.0177661696538317,0,0,0,0,0,0,0,0,0,0.00251288979699843,0,0,0,0,0,0.000532361786394164,0,0.00961141924778395,0,0,0,0,0,0,0,3.50012902466913e-05,0,0,0,0.00271132105022472,0,0,0,0.000111520778903283,0,0.000101741638592842,0,0.129344340035741,0,0.00494831918960166,0,0.00130693728466269,0.00640589446282006,0,0,0,0,0,8.37226993025929e-05,0,0,0,0.000304433667260281,0,0,0,0,0,3.13773524000256e-05,0,0.00443582709168497,0,0.00309064111008934,0.000170242630557967,0.000600365856736658,0,0
0,0,0,0,0,0,0,0,0,0,0.00335996125377148,0,0,0,0.000735218693542729,0,0,0,0,0,5.30354871757096e-05,0,0,0,0,0,0,0,0.00164414770834414,0,0,0,0,0,0,0,0,0,0,0,0,0,1.15559135243291e-05,0,0,0,0,0,0,0,0,0,0,0,0,0,0.00552473273405214,0,0.016817369784543,0,0.00303923087291347,0,0,1.38721977195183e-05,0,0,0,0,0,0,0,0.00111970538501882,0,0,0,0,0,0,0,0,0,0,0.000961637688413777,0.000239066066867592,1.8227876403021e-05,0,0.000127212887148447
0,0.00180270997630626,0,7.00645309958612e-05,0,0.00278059355425427,0,0,0,0.000273436261623241,0,0.00494308125492723,0,0,0,0.0175326784249613,0,0.000958836647000667,0.000209655042127141,7.51115368231145e-05,0,0,0,0.000375599082517213,0,0.00508672064838072,0,0.00107591277466365,0,0,0,0,0,0,0,2.95837766822377e-05,0,0,0,0,0,1.28722458809013e-05,0,8.16015942869171e-05,0,9.26665380615935e-06,0,0,0,0.000988519032067173,0,0.0127735165666242,0,0,9.71349735704531e-06,0.000140862196136627,0,0.00813213173675441,0,0.0730666551856103,0,0.0171545816595023,9.08261534470791e-06,0,0,0,0.000122417844226571,0,0.00975007913732133,0,0.000319920852683483,0,0,0,0,0,0,0,0,0,0,0,0.00398986139643452,0.00722246370616232,0.00142901674823586,9.4641240931812e-06,0
0.0114229652931321,1.62773545354624e-05,0.000273210384604975,0,7.82876594987141e-05,0,0,0,0.0206771651389736,0,0,0,0.000735218693542729,0,0,0,0.000906442143351133,0,0.000386378757234265,0,0,0,0,0,0.00536762235566311,0,0.00721902989755797,0,0,0,0,0,0,0,3.88454371012483e-05,0,0.000304753446582104,0,2.62749644759369e-06,0,0,0,0.000486209138856309,0,0,0,0.00113186682165336,3.85700116713238e-05,2.96071405430655e-05,0,0.000576948240123995,0,0,0,0.00980468463641989,0,0,0,0.00448356355870984,0,0.116466495639549,0,0,0.000802754706629242,0,0,0,0.000692032565568707,0,0.00211906242562528,0,0,0,0,0,0,0,0,0,0.000308743731963937,0,0,0.001693720317132,0.00259259078435952,0.00249075242830716,0,0.000329393657499816
0,0.0254690313533145,0,0.000747414273476434,0,0.00206041237280719,0,0,0,0.00638027612416318,0,7.74815843228104e-05,0,0.0175326784249613,0,0,0,0.00747024436190757,0.00105997700564366,0.00531379816790817,0,0,0,0.00351139884317855,0,0.0174006124772063,0,0.00108978305006774,0,0,0,0,0,0,1.43884051329559e-05,0.000107148382315572,0,1.84408454554478e-06,0,0,0,0.000660203295312038,1.01984608215638e-05,0.00193124576808771,0,9.80968615207902e-05,7.80027474843077e-05,0,0,0.00368487876431866,0,0.00107237562527857,0,0,0,0.00954049735868007,0,0.00608988966461923,0,0.0106282992134888,0,0.0768055084912404,0.00252695473577156,0,0,0,0.00209850206974968,0,0.0282871360234364,0,0,0,0,0,0,0,0,0,3.55193067639011e-06,0,0,0,0.00253861185896464,0.00242772158633325,0.00448620662943304,0.000516281179480303,0
2.9908335249487e-05,9.3552497474726e-06,0,2.48752749981731e-05,0,0,0,0,0.00152661892320054,1.87277059068382e-05,0,0,0,0,0.000906442143351133,0,0,0.034394385053902,0.0228965111958442,2.88516436546761e-05,0,1.4419272361685e-06,0.0129671632382818,0.00356496572867526,0.00818367501434364,0.000730919733552209,0.00472893483916021,1.21014338332311e-05,6.56035048976207e-06,0,0,0,0,1.32312168466519e-06,0.000411748384655379,5.48076267530827e-07,9.93683851060436e-05,0,0.000309311278501265,0,0,3.24016758358712e-06,0.00809341071542216,2.99968327272481e-06,3.1428645955936e-06,2.3196322635332e-05,0.000973749566531203,0.000125237023952436,5.22087684635963e-06,0,0,0,0,0,0.000353205061295475,2.01334442437523e-05,0,0,0,0,8.30488475627166e-05,2.57292445427041e-06,8.49753751963631e-05,4.94061517695938e-06,0,0.0123199780765071,0.00162588466453373,0.00183116809106575,3.44689932879373e-05,0.00309317340478951,0,0,0,0,0,0,0,9.93333809042017e-05,2.52723352325016e-06,0.000170120497724933,0,0.000565186782748163,0.0143753654818921,0.0273434597528563,0.000622084059141729,0,0.000176445782261899
0,0.020987109686047,0,0.00147426222458808,0,0,0,0,2.25440837594226e-05,0.00758031485393436,0,0.000148000576505624,0,0.000958836647000667,0,0.00747024436190757,0.034394385053902,0,0.0131126501946003,0.00112703925953801,0,0.00644846500144984,0,0.0260697684845002,6.36866423231599e-06,0.020391773009668,4.10774394579662e-05,0.00140717253411923,0,0,0,0,0,0,1.5691739213173e-05,3.37612119833575e-05,1.16877281435561e-05,2.6838633558719e-05,7.81278547825183e-06,7.73330614802692e-05,0,0.00375449605297417,0.000246233823224872,0.000104541321685726,0,0.00333851041374574,0.000185314747112736,1.10770620392816e-05,0,0.00156656411499243,0,3.39636752997455e-06,0,0,1.28122590557184e-05,0.0121718141021046,0,0.00019300408070212,0,0,0,0.00742551847035148,0.00480880858525313,0,0.00464900170507238,0,0.0178390331462631,2.30660176164881e-05,0.0186277776798336,0,0.000491728819467287,0,0,0,0,0,0,0,0.000126643291030277,1.85136080913285e-05,8.12902018563239e-05,2.12236347699326e-05,0.0129144565193214,0.0350516762717125,0.0088581960002282,0.000507059617331156,0
0.000211768715657672,0.00973923799461922,0,0.00747965951216562,0,0,0,0,0.00301411933322404,0.0100252461400831,0,0.000190485367038154,0,0.000209655042127141,0.000386378757234265,0.00105997700564366,0.0228965111958442,0.0131126501946003,0,0.00166600896730822,1.54595095220311e-05,0,0,0.00922119413806078,0.00644560306073057,0.000144971438012677,0.00179324859219206,5.29296757248554e-05,0,0,0,0,0,8.17959638638804e-05,0.00325290127331808,0.000208065455621801,0.0011379684812441,0.000415680216649302,0.00128556055053735,3.6038421994575e-05,0,0.0324518610577979,0.0756880224287942,0.00444507370332668,0.000436219080267137,0.00400261309956686,0.0374490010643524,0.000899375926247903,0.000137346882870036,0.00298254345417951,0,0,0,0,0.000665275890187092,0.00739734669741079,0,0.000117614748635148,0,0,0.000338410015334572,0.00047070745601018,0.0124869417445195,6.04267718480267e-05,0,0,0.0123398857494805,0.00477293959319805,0.000720154747870771,0.00153990521455668,0,0,0,0,0,0,1.20873125211192e-05,0.000641598849217454,0.000806965370407223,0.00182002525671387,4.47531762142965e-05,0.00149775385433762,0.0283660804420267,0.009136570440566,0.0152813534729318,0.0164548220226571,0.000684212911100553
0,0.00357925926740028,0,0.00288412194342683,0,0.00216233733914293,0,0.00733096946562,0,0.00143812544179936,0,0.0177661696538317,0,7.51115368231145e-05,0,0.00531379816790817,2.88516436546761e-05,0.00112703925953801,0.00166600896730822,0,0,0,0,0,6.99150912206363e-05,0,0,1.83383028940992e-05,0,0.000108844163385074,0,0,0,0,0,0.00210431469938352,3.35867695793181e-06,0.00545299583946827,0,5.46054109244982e-05,0,0.000143232688122245,0.000135010105239551,0.000768267680573182,0,0.0106112446739233,4.79064134238023e-05,0,0,0.00535222293874235,0,0.000722071130776265,0,0.00043117243091515,0,0.00314819540269744,0,0.0316483898398609,0,0.00264771386823391,1.83903180715896e-05,0.0075017644542047,0.0433402249074622,0,0,0,0,6.52743908523263e-05,0.000364272063828683,0,0,0,0.000112980920596266,0,0,0,0,0,0.00154284297219108,0,0.00667098413974361,0,0.00138631129131597,0.000462212658100777,0.00171267603840532,0.00022953023874824,0
0.000318282346074744,0,0,0,0.000196443725693912,0,0.00114637848343323,0,0,0,0.0155642414841303,0,5.30354871757096e-05,0,0,0,0,0,1.54595095220311e-05,0,0,0,0,0,0,0,0,0,0,0,0,0,0,0,0,0,0.00327326380032201,0,0.000515738057137153,0,0,0,0.0037785248461737,0,0,0,0.0196993382921895,0,0,0,0,0,0.00358717359090933,0,0,0,0.00740735567582382,0,0,0,0,0,0,0.0746108761960073,0,0,0,0,0,0,0,0,0,0,0,0,0,0,0,0.00115948353710039,0,1.02796002368607e-05,0.00121183029909335,2.35924448862968e-05,0.00939302763242418,0,0.00144695290997605
0,0,0,0,0,0,0,0,0,0,0,0,0,0,0,0,1.4419272361685e-06,0.00644846500144984,0,0,0,0,0.000956005113131099,0.00792126569175028,0,0.00212900655945933,0,0.00965412618906151,0,0,0,0,0,0,0,0,0,0.00197669781614561,0,0,0,0,0,0,0,0,0,0,0,0.000493180757728391,0,0,0,0,0,0,0,0,0,0,0,0,0,0,0.0386757843272359,0.000461448358508323,0.00892494524388091,0,0.000354735158897341,0,0.00139926419812615,0,0,0,0,0,0,0,0,0,0.00022048568547479,0,0.00127418437310645,0.00249813336231508,0,0,0
0,0,0,0,0,0,0,0,0,0,0,0,0,0,0,0,0.0129671632382818,0,0,0,0,0.000956005113131099,0,0,0.000382956504341698,0,0.00269817697044548,0,0.000926895362039162,0,0,0,0,0,0,0,0,0,0.000892273835962805,0,0,0,0,0,0,0,0,0,0,0,0,0,0,0,0,0,0,0,0,0,0,0,0,0,0.000155575880105344,0.0425492353407888,0,8.84110217303297e-05,0,0.000601027146215979,0,0.000297473926539867,0,0,0,0,0,0,0,0,0,1.02415710995891e-05,0.00198875962399452,0.00442365404603235,0,0,0
0,0.00162240870771448,0,7.17670152176333e-05,0,0,0,0,0,0.00294997066156049,0,0,0,0.000375599082517213,0,0.00351139884317855,0.00356496572867526,0.0260697684845002,0.00922119413806078,0,0,0.00792126569175028,0,0,0,0.0401258619792553,0,0.00409579979322792,0,0,0,0,0,0,0,0,0,0.000392677453543972,0,0,0,0.00242685018018768,1.55363614472577e-05,0.000536355439443405,0,1.58036352573897e-05,0,0,0,0.000358558729869312,0,0,0,0,0,0.00537187016767797,0,0,0,0,0,0.00367458499397819,0.000104378372710709,0,0.00567835856307995,0,0.0845135113068744,0,0.143429247323819,0,0.00872663802236605,0,0,0,0,0,0,0,2.88829610844252e-06,0,0.000669712490659181,0,0.00590894419110113,0.000303344566726856,0.00304239662132017,0.00405680143120988,0
3.78802169064005e-05,1.94499649520071e-05,0,0.000402052835013933,0,0,0,0,0.0193064781711443,8.36719745150199e-05,0,0,0,0,0.00536762235566311,0,0.00818367501434364,6.36866423231599e-06,0.00644560306073057,6.99150912206363e-05,0,0,0.000382956504341698,0,0,0,0.0186767968223743,0,0,0,0,0,0,1.10740833929681e-05,0.000545987649088875,0,3.59291698132511e-05,0,0.000735063871609675,0,0,0,0.00438632517825813,0,0.000195014317428129,9.19496016770242e-06,0.00036916418680835,0.000137066982410588,0.000980938821366271,0,0,0,0,0,0.0208009501136953,0,0,0,0,0,0.000239853250124907,0,4.53038100612178e-05,0,0,0.000228621624573822,0,0.0589706962285513,0,0.0126390624393545,0,0,0,0,0,0,0,0.000215449404283152,0,8.02825751672705e-05,0,3.76217682486252e-05,0.00120341648277056,0.00025271861210291,0.000197175370595967,4.92684759858366e-05,0.00231723183409276
0,0.000823725278660259,0,0.000123372635697417,0,0,0,0,0,0.000541535843087159,0,0,0,0.00508672064838072,0,0.0174006124772063,0.000730919733552209,0.020391773009668,0.000144971438012677,0,0,0.00212900655945933,0,0.0401258619792553,0,0,0,0.0244518476568143,0,0,0,0,0,0,0,0,0,0,0,0,0,0.000234338431186866,0,3.86445189424157e-05,0,6.49636791512291e-05,8.61744283037896e-06,0,0,0,0,0,0,0,0,0.0011241891836611,0,0,0,0.000545132321042012,0,0.00593782597758748,2.09732889044101e-05,0,0.00516550384397201,0,0.0160072036085184,0,0.139215857459863,4.68258638488235e-05,0.0116645484817122,0,0,0,0,0,0,0,1.79442864663888e-06,0,8.25870572260105e-06,0,0.00100959650499294,0.00299506511162132,0.000568279285237491,0.000200495155089073,0
0,3.99258991290678e-05,0,0,0,0,0,0,0.00779233839134468,0,0,0,0,0,0.00721902989755797,0,0.00472893483916021,4.10774394579662e-05,0.00179324859219206,0,0,0,0.00269817697044548,0,0.0186767968223743,0,0,0,0,0,0,0,0,0,0.000184904467090616,0,1.10525872534573e-05,0,5.56083451741618e-05,0,0,0,0.0006210737759921,0,0,0,0.000115719308358866,0,0,0,0,0,0,0,0.00339357472972431,0,0,0,0,0,0.000550599535015236,0,0,3.83860616331362e-05,0,0.000182387081218366,0,0.00725968570374787,0,0.0764070889445249,0,0,0,0,0,0,0,6.19743070402919e-05,0,4.37988797068515e-05,0,1.52145426661574e-05,0.000388032067123616,7.46946542602939e-05,0.000248068932778915,0,0.000549663004238926
0,7.78513900828671e-06,0,1.7199022640253e-05,0,0,0,0,8.38542284572374e-06,1.3819188370714e-05,0,0,0,0.00107591277466365,0,0.00108978305006774,1.21014338332311e-05,0.00140717253411923,5.29296757248554e-05,1.83383028940992e-05,0,0.00965412618906151,0,0.00409579979322792,0,0.0244518476568143,0,0,0,0.000775423340746484,0,0,0,0,2.60774232019199e-05,0,0,0,0,0,0,0,0,6.51935166855709e-06,0,8.45963073129217e-06,0,0,0,0,0,0,0,0,0,0,0,0,0,0.00030665427322337,0,6.53252090877612e-05,7.08975711005797e-05,0,0.00274751355666779,0,8.06195859008604e-05,0,0.00239174033598158,0,0.0370820597616423,0,0,0,0,0,0,0,0,0,0,0,0.000984893959468117,0.00432443780894892,2.25961359065355e-05,0,0
0,0,0,0,0,0,0,0,0,0,0,0,0.00164414770834414,0,0,0,6.56035048976207e-06,0,0,0,0,0,0.000926895362039162,0,0,0,0,0,0,0,0.00162390412254942,0,0,0,0,0,0,0,7.45277103030739e-06,0,0,0,0,0,0,0,0,0,0,0,0,0,0,0,0,0,0,0,0.000170393422369186,0,0,0,0,0,0,6.47464440588656e-05,0,0,0,0,0,0.0308243582218866,0,0.00152808625516236,0,0,0,0,0,0,0,0,0.000378942497417669,0.000741038898457045,0,0,0
0,0,0,0,0,0,0,0,0,0,0,0.00251288979699843,0,0,0,0,0,0,0,0.000108844163385074,0,0,0,0,0,0,0,0.000775423340746484,0,0,0,0,0,0,0,0,0,0.00198509289399394,0,0,0,0,0,0,0,0,0,0,0,0,0,0,0,0,0,0,0,0.00753901776513916,0,0,0,0,0,0,0,0,0,0,0,0,0.000364366473121155,0,0.0189330768583744,0,0,0,0,0,0,0,0.00102473758706187,0,0.000111056707417254,0,7.69157088242271e-06,0,0
0,0,0,0,0,0,0,0,0,0,0.00415547533195233,0,0,0,0,0,0,0,0,0,0,0,0,0,0,0,0,0,0.00162390412254942,0,0,0,0,0,0,0,0,0,0.000178369946234073,0,0,0,0,0,0,0,0,0,0,0,0,0,0,0,0,0,0.000517807157344799,0,0,0,0,0,0,0,0,0,0,0,0,0,0,0,0,0.0120302584929364,0,0,0,0,0,0,0,0.000953434245349994,1.80108214806537e-06,0,0.00205082339652886,0,0
0,0,0,0,0,0,0,0,0,0,0,0,0,0,0,0,0,0,0,0,0,0,0,0,0,0,0,0,0,0,0,0,0,0,0,0,0,0,0,0,0,0,0,0,0,0,0,0,0,0,0,0,0,0,0,0,0,0,0,0,0,0,0,0,0,0,0,0,0,0,0,0,0,0,6.24941385467537e-05,0,0,0,0,0,0,0,0,0,0,0,0
0,0,0,0,0,0,0,0,0,0,0,0,0,0,0,0,0,0,0,0,0,0,0,0,0,0,0,0,0,0,0,0,0,0,0,4.96274308197063e-05,0.000413912289561634,0,0,0,0,0,0,0,0,0,0,0.000527312220659641,0,0,0,0,0,0,0,0,0,0,0,0,0,0,0,0,0,0,0,0,0,0,0,0,0,0,0,0.00170809593082593,0,0,0,4.58021473553319e-05,0,0,8.12167798887484e-05,0,0,0,0
0,0,0,0,0,0,0,0,8.69176398009632e-06,0,0,0,0,0,0,0,1.32312168466519e-06,0,8.17959638638804e-05,0,0,0,0,0,1.10740833929681e-05,0,0,0,0,0,0,0,0,0,0.0229150963827346,0,0,0.00146602353395824,0,0,0,0,0.000430459845936553,0,0,0,0,0.00128576347070119,0,0,0,0,0,0,0,0,0,0,0,0,0,0,0,0,0,0,0,0,0,0,0,0,0,0,0,0,0.0411272907479132,0.000850882581621194,0,0,0.00244619278696261,0,0.000338225065351378,3.45585768374301e-06,0,0,2.09037811228873e-05
0.000517096048112281,2.02461808479527e-05,1.03039234538117e-05,1.71887252767248e-05,0,0,0,0,0.000431738664286819,0,0,0,0,0,3.88454371012483e-05,1.43884051329559e-05,0.000411748384655379,1.5691739213173e-05,0.00325290127331808,0,0,0,0,0,0.000545987649088875,0,0.000184904467090616,2.60774232019199e-05,0,0,0,0,0,0.0229150963827346,0,0,0.000740356376787854,0.000779849666182797,0.00597957853359825,0,0,0,0.0231250214153377,5.32152329037589e-05,0,6.04701318598737e-06,0.000135761549114671,0.018353876599125,0.0103875136345765,0,0,0,0,0,0.000145038243886945,7.61033233218214e-06,0,0,0,0,0,6.59538227218079e-06,6.41701889433702e-05,0,0,0,0,0.000346032403280245,0,4.39755194743369e-05,0,0,0,0,0,0,0.00720279409751598,0.141239902993865,1.12317651343186e-06,0.000306470436028831,0,0.00191338698667102,0.00209037505536296,9.93455618821945e-05,7.46051677237508e-05,0,0.000872938666788995
0,3.97145189151528e-05,0,4.85815037633741e-05,0,6.58615308794414e-06,0,0.00024226560060259,0,1.93396558602826e-05,0,0.000532361786394164,0,2.95837766822377e-05,0,0.000107148382315572,5.48076267530827e-07,3.37612119833575e-05,0.000208065455621801,0.00210431469938352,0,0,0,0,0,0,0,0,0,0,0,0,4.96274308197063e-05,0,0,0,0.00423136609284005,8.00554264859591e-05,0,0.00286603562013447,0.000459958526437838,2.53085241047212e-05,4.13109409386787e-05,4.19132688922653e-05,0,0.00448347960185625,0,0.000642908291035058,0,1.20368897591059e-05,0,7.5589121263248e-06,0,7.61147653137049e-06,0,1.27388955942176e-06,0,2.40621014022401e-05,0,2.07278928495788e-05,0,7.10839635729555e-05,0.00247391477436764,0,0,0,0,0,2.53995925063611e-06,0,0,0,0,0,0,0,0,0,0.02184602551343,0.00269119437479403,9.10476641752043e-06,0,0.00282945455045572,0.003062499214627,0.00119286929486213,0,0
4.00556283022545e-05,8.32395239689387e-06,0,1.38936790025678e-06,7.89614045617135e-05,0,4.41422434320148e-05,0,0.000487875092925197,1.26097688464639e-06,0.000331062363476448,0,0,0,0.000304753446582104,0,9.93683851060436e-05,1.16877281435561e-05,0.0011379684812441,3.35867695793181e-06,0.00327326380032201,0,0,0,3.59291698132511e-05,0,1.10525872534573e-05,0,0,0,0,0,0.000413912289561634,0,0.000740356376787854,0.00423136609284005,0,0,0.000207238270248461,0,0.000330409433870372,8.91271402306921e-07,0.000588315608143604,0,1.85998693888338e-05,0.000264246921366408,0.000420346768243597,0.000398024112968452,5.71977536626592e-05,8.80573128378556e-05,6.16937621657517e-05,0,0.000176253413146767,0,0.000240168915325484,1.47152807878097e-06,0,0,0,0,0.000883177901254974,0,2.11440116730733e-05,0.00306408882020215,0,0,0,3.80988042067295e-05,1.65246589601e-06,2.39856079434757e-05,0,0,0,0,0,0.000615049060694291,0,0.00072491806799724,0.00146237060914314,0.0116560411167263,0,0.000297925273741703,0.00337673990178077,0.000323068366762091,0.000856987966303364,0,4.69713964104935e-05
0,2.1236474111908e-06,0,0,0,0,0,0,0,3.04362440147133e-06,0,0.00961141924778395,0,0,0,1.84408454554478e-06,0,2.6838633558719e-05,0.000415680216649302,0.00545299583946827,0,0.00197669781614561,0,0.000392677453543972,0,0,0,0,0,0.00198509289399394,0,0,0,0.00146602353395824,0.000779849666182797,8.00554264859591e-05,0,0,0.000295824266302351,0,0,0.000310662644995235,0,0,0,0,0,0.000605978495739225,0,9.57824734785359e-05,0,0,0,0,0,3.28871686812378e-06,0,0.00209226618956143,0,0,0,0,0.00126032189543997,0,3.23285891711488e-05,0,0.00131280202778787,0,0,0,0,0,0.000948491476041729,0,0,0,0.000378270670598408,2.41038873614947e-05,0.00017271003946742,0,0.0241970500446422,1.27024933783053e-05,0.00156487268968812,0.00055759412428558,0.00058744175353646,0,0
0,1.24656025523178e-06,0,1.68011197380106e-06,0,0,0,0,0.000262946390716303,1.90522125934154e-06,0.00250343456845867,0,0,0,2.62749644759369e-06,0,0.000309311278501265,7.81278547825183e-06,0.00128556055053735,0,0.000515738057137153,0,0.000892273835962805,0,0.000735063871609675,0,5.56083451741618e-05,0,7.45277103030739e-06,0,0.000178369946234073,0,0,0,0.00597957853359825,0,0.000207238270248461,0.000295824266302351,0,0,0,0,0.00232869515454853,0,1.76381750725346e-05,0,0.000119644908325354,0.000115511200485499,0.000305356935129781,0,0,0,0,0,0.000247046733569382,0,0.00256987151218173,0,0,0,0,0,7.20515565869458e-06,0.00192170807271258,0,0.000126196609246385,0,0.00058961903691881,0,2.06100659884547e-05,0,0.000143945667776881,0,0.00129635221998167,0,0,0,0.00364080325399571,0,2.16126819407541e-05,0,0.0105675666169927,0.000847619700946935,8.13171264649968e-05,0.00222032830336406,0,0.000138025676530365
0,6.44323894767698e-05,0,1.73587438897062e-05,0,0,0,0,0,0.000146119961825229,0,0,0,0,0,0,0,7.73330614802692e-05,3.6038421994575e-05,5.46054109244982e-05,0,0,0,0,0,0,0,0,0,0,0,0,0,0,0,0.00286603562013447,0,0,0,0,0,0,0,0,0,0.0336413188614744,0,0,0,0.00504719102507032,0,0,0,0,0,0.000341213191057683,0,5.16348066447326e-05,0,0,0,0.000125163320176367,0.000291679848319157,0,0,0,0,0,0,0,0,0,0,0,0,0,0,0,0.00453781393011705,3.0951587358447e-06,0.000604548476085118,0,3.72142173450701e-05,1.51762717089395e-05,0.0157619948260629,6.47170741760394e-05,0
0,0,0,0,0,0,0,0,0,0,0,0,0,0,0,0,0,0,0,0,0,0,0,0,0,0,0,0,0,0,0,0,0,0,0,0.000459958526437838,0.000330409433870372,0,0,0,0,0,0,0,0,0.00101954172892068,0.00056870216375776,0.0082259706968292,0.0109161808831797,0,0,0,0,0,0,0,0,0,0,0,0,0,0,0,0,0,0,0,0,0,0,0,0,0,0,0.00169729741046618,0,0,5.9772120659862e-05,0.000276030331771694,0,0,0.00114101597567755,0,0.00837266849654134,0,0
0,0.00400924320545769,0,0.00283147268293714,0,0,0,0,0,0.00491514705488188,0,0,0,1.28722458809013e-05,0,0.000660203295312038,3.24016758358712e-06,0.00375449605297417,0.0324518610577979,0.000143232688122245,0,0,0,0.00242685018018768,0,0.000234338431186866,0,0,0,0,0,0,0,0,0,2.53085241047212e-05,8.91271402306921e-07,0.000310662644995235,0,0,0,0,0.035858489918581,0.0254493405001692,0,0.00402767079518284,0,0.000134065993693427,0,0.00160155558246363,0,0,0,0,0,0.00557478059585633,0,0,0,0,0,0.000206053220577326,0.0035888164871871,0,0,0,0.00279541052372474,0,0.000819863259531719,0,0,0,1.0185087964341e-05,0,0,0,0,0,9.99871811626653e-05,0,0.0012626868967865,0,0.00476358638180008,0.00025209511698301,0.0242846755982213,0.0831100606035934,0
0.00853338418953538,0.000189221871731804,6.99453638755364e-05,0.000131669490395031,0,0,0,0,0.00911998725101463,8.4611190414266e-05,0.00062049179854402,0,1.15559135243291e-05,0,0.000486209138856309,1.01984608215638e-05,0.00809341071542216,0.000246233823224872,0.0756880224287942,0.000135010105239551,0.0037785248461737,0,0,1.55363614472577e-05,0.00438632517825813,0,0.0006210737759921,0,0,0,0,0,0,0.000430459845936553,0.0231250214153377,4.13109409386787e-05,0.000588315608143604,0,0.00232869515454853,0,0,0.035858489918581,0,0.000560343830640217,0.0166735106209254,7.2456590981117e-05,0.00861479027422471,0.0152860695789293,0.0157739187625664,3.57789364284945e-05,0,0,0,0,0.00829863673235674,0.000165234587478003,0.000599368814813787,2.54121370209511e-05,0,0,0.000330227512086659,2.94717624996205e-05,0.000166000446570596,0.000886446720360615,0,0,7.72451132904635e-06,0.00298057652056675,6.69689250183225e-06,0.00111226887667511,0,0,0,0,0,0,0.000131983347868468,0.00456086292093445,1.11746239357911e-05,0.000403787122071887,5.81274923652764e-06,0.00383686225238321,0.0124399359462282,0.00180746010370314,0.0337854063851108,0.0112917314961326,0.0286538920074807
0,0.00213316488518278,0,0.0182922854521636,0,0,0,0,0.000123204971608525,0.00262302533460717,0,0,0,8.16015942869171e-05,0,0.00193124576808771,2.99968327272481e-06,0.000104541321685726,0.00444507370332668,0.000768267680573182,0,0,0,0.000536355439443405,0,3.86445189424157e-05,0,6.51935166855709e-06,0,0,0,0,0,0,5.32152329037589e-05,4.19132688922653e-05,0,0,0,0,0,0.0254493405001692,0.000560343830640217,0,0.0293333689433915,0.0633167252185896,6.30908417598874e-06,0,0,0.000190008980085558,0,0,0,0,0,0.00125870569439443,0,1.9056922957234e-05,0,0,0,0.000343458370630017,0.0096836656672703,0,0,0,0.00307404976284115,6.17206513512363e-05,0.000243977673116406,0,0,0,0,0,0,0,0,0,0.000159294103391163,0,0,0,0.000690364459264376,0.000107405898635582,0.0190881158716786,0.0634692878004774,0
0,0,0,0,0,0,0,0,0,0,0,0,0,0,0,0,3.1428645955936e-06,0,0.000436219080267137,0,0,0,0,0,0.000195014317428129,0,0,0,0,0,0,0,0,0,0,0,1.85998693888338e-05,0,1.76381750725346e-05,0,0,0,0.0166735106209254,0.0293333689433915,0,0,0.000669265657942353,0,0,0,0,0,0,0,0,0,0,0,0,0,0.000362708574404541,0,0,0,0,0,0,0.000227910860321197,0,0,0,0,0,0,0,0,0,0,0,1.26002704822388e-05,0,1.42587780171679e-05,0.000907680831731751,0,0.00369207516534417,0,0.000169585731505308
0,0.0160122251638876,0,0.0012218533278617,0,0,0,0,9.78045765444541e-06,0.0131340882665079,0,3.50012902466913e-05,0,9.26665380615935e-06,0,9.80968615207902e-05,2.3196322635332e-05,0.00333851041374574,0.00400261309956686,0.0106112446739233,0,0,0,1.58036352573897e-05,9.19496016770242e-06,6.49636791512291e-05,0,8.45963073129217e-06,0,0,0,0,0,0,6.04701318598737e-06,0.00448347960185625,0.000264246921366408,0,0,0.0336413188614744,0.00101954172892068,0.00402767079518284,7.2456590981117e-05,0.0633167252185896,0,0,8.34001548436869e-06,0,0,0.00167641248566961,0,0,0,0,0,0.0124934942827311,0,0.000798049577041793,0,0,0,0.000474296022920096,0.0100384870161054,0,0,0,0,0,0.000490755900696814,0,0,0,0,0,0,0,0,0,0.00239767585680137,0.000224782398500777,3.80868549814564e-05,3.85962089906105e-06,0.00192489908519633,0.00114997667037828,0.0324157890993325,0.00376485292712373,5.46485244064341e-05
0.000631237560313681,0.000328097124080744,0.00114956338100715,0.000297918101546998,0.00010615051498869,0,0,0,0.00573203798935584,1.70844088141088e-05,0.000600807152532314,0,0,0,0.00113186682165336,7.80027474843077e-05,0.000973749566531203,0.000185314747112736,0.0374490010643524,4.79064134238023e-05,0.0196993382921895,0,0,0,0.00036916418680835,8.61744283037896e-06,0.000115719308358866,0,0,0,0,0,0,0,0.000135761549114671,0,0.000420346768243597,0,0.000119644908325354,0,0.00056870216375776,0,0.00861479027422471,6.30908417598874e-06,0.000669265657942353,8.34001548436869e-06,0,7.91025120156178e-05,0.000484009200878039,4.97533221909327e-06,0,0,0,0,0.001940077070407,2.09270672989187e-05,6.64965088915963e-05,0,0,0,0.00108980204954704,1.97134302062588e-05,0.000236819722175407,0.0200450377831244,0,0,0,0.000301174698984065,8.09849917999031e-06,0.000321547816617936,0,0,0,0,0,0,0,7.57137208351103e-05,1.36251521935856e-05,0.000615515480997287,0,6.48888737788268e-05,0.001967627892962,0.000771497458863796,0.00869399607872714,0,0.000439525677959741
1.84124554829078e-05,0,0,2.61782654728772e-05,0,0,0,0,6.72865585304588e-05,0,0,0,0,0,3.85700116713238e-05,0,0.000125237023952436,1.10770620392816e-05,0.000899375926247903,0,0,0,0,0,0.000137066982410588,0,0,0,0,0,0,0,0.000527312220659641,0.00128576347070119,0.018353876599125,0.000642908291035058,0.000398024112968452,0.000605978495739225,0.000115511200485499,0,0.0082259706968292,0.000134065993693427,0.0152860695789293,0,0,0,7.91025120156178e-05,0,0.00671231816747446,0.000142139496635106,0,0,0,0,2.90718907849875e-05,0,0,0,0,0,0,0,0,0,0,0,0,5.25522259036703e-05,0,1.71483496613029e-05,0,0,0,0,4.488028207561e-05,0,0.00159599789686548,0.0207204532212446,0,0.000626273820525733,2.63147624563247e-05,0.000519220077803357,0.00148728245509202,0.000165897828228322,0.000788572428236615,0,0.000279568746655073
0.00828021287104818,0,0.000184915391190156,1.71069921869738e-05,0,0,0,0,0.000155080784615794,0,0,0,0,0,2.96071405430655e-05,0,5.22087684635963e-06,0,0.000137346882870036,0,0,0,0,0,0.000980938821366271,0,0,0,0,0,0,0,0,0,0.0103875136345765,0,5.71977536626592e-05,0,0.000305356935129781,0,0.0109161808831797,0,0.0157739187625664,0,0,0,0.000484009200878039,0.00671231816747446,0,0.000781262168672956,0,0,0,0,1.81698890536686e-05,0,5.21228642951744e-05,0,0,0,0.002950621455216,0,0,0,0,3.25968159458881e-05,0,0.00515172377922003,0,7.11801793324973e-05,0,3.24875625612984e-05,0,0.00141890246195884,0,0,0,0.0087664278437296,0,4.07643490924199e-05,0,0.0146573415547225,7.58567118222059e-05,4.96888845379909e-06,0.00493557977266299,0,0.0115603018159889
0,0.00356347930254087,0,0.000388415895192682,0,0,0,0,0,0.00346192372278077,0,0.00271132105022472,0,0.000988519032067173,0,0.00368487876431866,0,0.00156656411499243,0.00298254345417951,0.00535222293874235,0,0.000493180757728391,0,0.000358558729869312,0,0,0,0,0,0,0,0,0,0,0,1.20368897591059e-05,8.80573128378556e-05,9.57824734785359e-05,0,0.00504719102507032,0,0.00160155558246363,3.57789364284945e-05,0.000190008980085558,0,0.00167641248566961,4.97533221909327e-06,0.000142139496635106,0.000781262168672956,0,0,0,0,0,0,0.00199936378301689,0,0.00164948695184872,0,0.000639659164654209,0,0.00618199342254594,0.00655884341391751,0,0.000400784937256774,0,0.00404194172271209,0,1.55498457236924e-05,1.940295752234e-05,0,0,0.000871133940108258,0,0,0,0,0,2.84123286137394e-05,4.92978961541763e-06,0.00170993626989578,0,0.00058686212814244,0.000104023034147796,0.00888800062812368,0.000762139302672191,0
0,0,0.00066314963997224,0,0.0548281873815521,0,0.000873507709064913,0,0.000739245314865244,0,0,0,0,0,0.000576948240123995,0,0,0,0,0,0,0,0,0,0,0,0,0,0,0,0,0,0,0,0,0,6.16937621657517e-05,0,0,0,0,0,0,0,0,0,0,0,0,0,0,0,0,0,0,0,0.00693666616151231,0,0,0,0.00550967629606514,0,0,0.000142469114335071,0,0,0,0,0,0,0,0,0,0,0,0,0,0,0,1.65427155729605e-06,0,0,0.000600873941884032,0.000486089400505839,0,0,0
0,0,0,0,0,0.0622792700806894,0,0.000133752429974265,0,0,0,0,0,0.0127735165666242,0,0.00107237562527857,0,3.39636752997455e-06,0,0.000722071130776265,0,0,0,0,0,0,0,0,0,0,0,0,0,0,0,7.5589121263248e-06,0,0,0,0,0,0,0,0,0,0,0,0,0,0,0,0,0,0,0,0,0,0.000210114883823105,0,0.00712661259346997,0,0.000268433955149318,0,0,0,0,0,0,0,0,0,0,0,0,0,0,0,0,0,0,0,0,0.00114964331917647,0.000767195578289232,0.000456917514850283,0,0
0,0,0,0,0.00107611994381294,0,0.020307233460822,0,0,0,2.72889936161051e-05,0,0,0,0,0,0,0,0,0,0.00358717359090933,0,0,0,0,0,0,0,0,0,0,0,0,0,0,0,0.000176253413146767,0,0,0,0,0,0,0,0,0,0,0,0,0,0,0,0,0,0,0,0.00378836275200956,0,0,0,0,0,0,0.000566034802286858,0,0,0,0,0,0,0,0,0,0,0,0,0,0,0,1.33832192503027e-05,0,0,0.000858280270374094,1.85543202557436e-05,0,0,0
0,0,0,0,0,0,0,0.0228318384025859,0,0,0,0.000111520778903283,0,0,0,0,0,0,0,0.00043117243091515,0,0,0,0,0,0,0,0,0,0,0,0,0,0,0,7.61147653137049e-06,0,0,0,0,0,0,0,0,0,0,0,0,0,0,0,0,0,0,0,0,0,0,0,0.00224098774203428,0,0,0,0,0,0,0,0,0,0,0,0,0,0,0,0,0,0,0,0,0,0,0.000223876903554404,0,0,0,0
0.00639088253201482,0,0.000591742637375322,0,0.00236874335750087,0,0,0,0.0168495868479713,0,0,0,0,9.71349735704531e-06,0.00980468463641989,0,0.000353205061295475,1.28122590557184e-05,0.000665275890187092,0,0,0,0,0,0.0208009501136953,0,0.00339357472972431,0,0,0,0,0,0,0,0.000145038243886945,0,0.000240168915325484,0,0.000247046733569382,0,0,0,0.00829863673235674,0,0,0,0.001940077070407,2.90718907849875e-05,1.81698890536686e-05,0,0,0,0,0,0,4.3195066915067e-05,0.000422181430487796,0,0,0,0.0301286834920953,0,0,0.000317616595979406,0,0,0,0.0185179375565262,0,0.00188998480418463,0,0,0,0.00136457528612635,0,0,0,8.90706661820507e-05,0,0.000315877926610071,0,0.000102907546228877,0.00018483973778213,0.000472283849079753,0.00557436558613256,0,0.00156135215039172
3.29541093864075e-05,0.0234621460254313,0,0.00336944803691343,0,0,0,0,0,0.0453555024235294,0,0.000101741638592842,0,0.000140862196136627,0,0.00954049735868007,2.01334442437523e-05,0.0121718141021046,0.00739734669741079,0.00314819540269744,0,0,0,0.00537187016767797,0,0.0011241891836611,0,0,0,0,0,0,0,0,7.61033233218214e-06,1.27388955942176e-06,1.47152807878097e-06,3.28871686812378e-06,0,0.000341213191057683,0,0.00557478059585633,0.000165234587478003,0.00125870569439443,0,0.0124934942827311,2.09270672989187e-05,0,0,0.00199936378301689,0,0,0,0,4.3195066915067e-05,0,0,0.000103421171031064,0,0,0,0.00473007706567125,0.0103156643037913,0,0,0,0.0115988195896852,0,0.00174944262984126,0,0,0,0,0,0,0,0,0,0.000119955877643188,6.44904027919252e-06,8.78826823057734e-05,0,0.00108749719762987,0.000294589170285007,0.0083588768564011,0.00677759330562123,0
0.00145552361413244,0,0,0,0.00689528576287816,0,0.000469482258102812,0,0,0,0.0742205721606085,0,0.00552473273405214,0,0,0,0,0,0,0,0.00740735567582382,0,0,0,0,0,0,0,0,0,0.000517807157344799,0,0,0,0,0,0,0,0.00256987151218173,0,0,0,0.000599368814813787,0,0,0,6.64965088915963e-05,0,5.21228642951744e-05,0,0.00693666616151231,0,0.00378836275200956,0,0.000422181430487796,0,0,0,0.0252860347557473,0,0.00173882979143052,0,0,0.00846029705118582,0,0,0,0,0,0.00438795186951449,0,0.0069143252858903,0,0.00267048751803601,0,0,0,0,0,0,0,1.74596934987279e-05,0.000506314337270053,0,0.00209435849524829,0,0.00184930714213939
0,0.00056722481282931,0,1.71280611998247e-05,0,0.0114789679457999,0,0.00346737910525346,0,0.000145879171154632,0,0.129344340035741,0,0.00813213173675441,0,0.00608988966461923,0,0.00019300408070212,0.000117614748635148,0.0316483898398609,0,0,0,0,0,0,0,0,0,0.00753901776513916,0,0,0,0,0,2.40621014022401e-05,0,0.00209226618956143,0,5.16348066447326e-05,0,0,2.54121370209511e-05,1.9056922957234e-05,0,0.000798049577041793,0,0,0,0.00164948695184872,0,0.000210114883823105,0,0,0,0.000103421171031064,0,0,0,0.030738901356722,0,0.00268816713295634,0.0184275369541182,0,0,0,0,0,8.05681382669587e-05,0,0,0,0.00999012445163914,0,0,0,0,0,2.89039400984383e-06,0,0.00154327539849038,0,0.00141545141593244,8.72630983954383e-05,0.00250722831220796,0,0
5.30546203663107e-05,0,0,0,0.000446903960311376,0,0,0,0,0,0.00344664593326477,0,0.016817369784543,0,0.00448356355870984,0,0,0,0,0,0,0,0,0,0,0,0,0,0.000170393422369186,0,0,0,0,0,0,0,0,0,0,0,0,0,0,0,0,0,0,0,0,0,0,0,0,0,0,0,0.0252860347557473,0,0,0,0.000248352200357014,0,0,0,0,0,0,0,0,0,0,0.00203118180245612,0,0,0,0,0,0,0,0,0,0,0.000507784872130426,0.000375631447409323,0,0,0
0,0.000129085574031338,0,0,0,0.00478686270854803,0,0,0,0,0,0.00494831918960166,0,0.0730666551856103,0,0.0106282992134888,0,0,0,0.00264771386823391,0,0,0,0,0,0.000545132321042012,0,0.00030665427322337,0,0,0,0,0,0,0,2.07278928495788e-05,0,0,0,0,0,0,0,0,0,0,0,0,0,0.000639659164654209,0,0.00712661259346997,0,0.00224098774203428,0,0,0,0.030738901356722,0,0,0,0.00876013303797647,0.00487282787638865,0,0,0,0,0,0.00140741321727485,0,0.000996882613481936,0,0,0,0,0,0,0,0,0,0,0,0.00111654365790312,0.000988912211505509,0.000712221389611885,0,0
