0,23.2972965836525,0,0,0,0,0,0,94.9348528385162,0,0,0,0,0,60.2583687901497,0,3.9025958776474,0,3.4701232612133,0,0,0,0,0.174436837434769,101.202696114779,0,5.50531777739525,0,0,0,0,0,0,0,1.70684033632278,0,0,0,49.3540686964989,0,0,0,212.258959278464,0,4.77410531044006,0,1.80429008603096,0.137198835611343,101.56086345762,2.6433393061161,0,0,0,0,74.6843996345997,0,10.5006455928087,0,0,0,149.668801277876,0,0,0.332553416490555,0,0,0,94.4385884851217,0,11.9373041987419,0.591069057583809,79.6790264695883,0,6.68577334284782,0,0,0,0.146040096879005,0.169534921646118,1.35871356725693,0.766829907894135,52.2192506939173,31.010014206171,0,141.125286072493,0,0
23.2972965836525,0,0,372.855445951223,0,1.56013715267181,0,0,0.774941861629486,363.447071298957,0,0,0,0,0.616114690899849,0,3.67505519092083,16.6810025125742,88.3559305518866,0,0,0,0,117.178261429071,0.189053982496262,0.67559751868248,0,0,0,0,0,0,0,1.26603338122368,0,0.286861136555672,0,119.505856730044,2.40917105972767,11.9835764914751,0,316.859645038843,104.692687034607,0,0,54.591384716332,2.08445751667023,7.96543215215206,139.637483395636,1350.15222690254,0,0,0,0,0.456668376922607,453.864606529474,17.0456298813224,8.85385352373123,0,10.8731117993593,18.0125799104571,120.823911353946,0,1.66117465496063,0,0,224.490330800414,4.02243538200855,49.6356611251831,0.153104782104492,349.78143030405,29.785689137876,53.8219609335065,5.24635080993176,0,0,0.800639301538467,0,3.07421121001244,0.482750713825226,193.133949637413,24.5858220085502,383.796439982951,0,478.461891122162,1.66021481156349,0
0,0,0,0,10.8015029430389,0,0,0,64.5671195983887,0,0,0,0,0,0,0,0,0,0,0,0,0,0,0,0,0,0,0,0,0,0,0,0,0,0,0,0,0,0,0,0,0,0,0,0,0,2.31087118387222,0,11.165540933609,0,0,0,0,0,0,0,10.5520036220551,0,0,0,0,0,0,24.2615268826485,0,0,0,0,0,0,0,0,0,0,0,0,0,0,0,0,0,0,149.475351810455,0,59.4396385550499,0,0
0,372.855445951223,0,0,0,74.6575322151184,0,0,0,126.21820768714,0,0,0,0,0,0,0,0.255928739905357,23.9185669273138,0,0,0,0,1.41004538536072,0,0,0,0,0,0,0,0,0,0,0,0,0,1.94301889836788,0,0,0,65.1050702631474,18.8797241449356,0,0,4.75307542085648,0,0.204171523451805,1.29945766925812,441.909715816379,0,25.3547474741936,0,0,0,98.8489021360874,0,89.2221432924271,0,5.9469838142395,0,6.07485356926918,57.0670511722565,0,0,0,2.66321539878845,0.19194307923317,0,0,18.0543599575758,1.92328530550003,7.95363539457321,0,0,0,0,0,0,0,11.5869638621807,0.420945972204208,267.788472309709,0,947.769929990172,0,0
0,0,10.8015029430389,0,0,0,0,0,0,0,0,0,0,0,0,0,0,0,0,0,28.3812554180622,0,0,0,0,0,0,0,0,0,0,0,0,0,0,0,24.8022831380367,0,0,0,0,0,0,0,0,0,0,0,0,0,0,0,0,0,1.78819847106934,0,0,0,0,0,0,0,0,46.6150605380535,0,0,0,0,0,0,0,0,0,0,0,0,0,0,0,0,0,0,187.509837448597,0,8.91008412837982,0,0
0,1.56013715267181,0,74.6575322151184,0,0,0,0,0,0,0,0,0,0,0,0,0,0,0,0,0,0,0,0,0,0,0,0,0,0,0,0,0,0,0,0,0,0,0,0,0,0.354924917221069,0,0,0,0,0,0,0,2.1539711356163,0,183.596357107162,0,0,0,0,0,0,0,0,0,0,0,0,0,0,0,0,0,0,0,0,0,0,0,0,0,0,0,0,0,0,68.2062072455883,0,3.17908281087875,0,0
0,0,0,0,0,0,0,0,0,0,0,0,0,0,0,0,0,0,0,0,0,0,0,0,0,0,0,0,0,0,0,0,0,0,0,0,0,0,0,0,0,0,0,0,0,0,0,0,0,0,0,0,0,0,0,0,0,0,1,0,0,0,0,0,0,0,0,0,0,0,0,0,0,0,0,0,0,0,0,0,0,0,0,2,0,0,0
0,0,0,0,0,0,0,0,0,0,0,16.8969535827637,0,95.135006248951,0,0,0,0,0,0,0,0,0,0,0,0,0,0,0,0,0,0,0,0,0,0,0,0,0,0,0,0,0,0,0,0,0,0,0,0,0,0,0,14.8140357732773,0,0,0,91.5491708219051,0,1.47696948051453,0,0,0,0,0,0,0,0,0,0,0,0,0,0,0,0,0,0,0,0,0,0,19.761191546917,0,0,0,0
94.9348528385162,0.774941861629486,64.5671195983887,0,0,0,0,0,0,0,0,0,0,0,87.2902130037546,0,213.172835886478,1.44251146912575,245.977712914348,0,0,0,0,0,66.5212142318487,0,37.8898377269506,0,0,0,0,0,0,0,0,0,25.8569698780775,0,106.911192007363,1.19147500395775,16.9664322137833,4.92476120591164,77.6670580804348,0,2.35384726524353,0.912823438644409,6.86409111320972,1.33479478955269,68.9923999607563,1.06218588352203,0,0,0,0,277.6912804842,0,0,0,0,0,0.975101232528687,0,0,0.801388680934906,0,0,0,31.2169768363237,0,56.1676921397448,0,33.072574801743,0,7.10193103551865,0,0,0,0,0.584420949220657,45.7035253047943,0,337.812017843127,472.98838570714,0,36.4882169663906,0,0
0,363.447071298957,0,126.21820768714,0,0,0,0,0,0,0,0,0,0,0,127.859959363937,23.0707828700542,45.7948793619871,319.456743046641,0,0,0,0,48.7787955850363,0,5.12647068500519,0,0,0,0,0,0,0,0.185689017176628,0,2.9742995724082,0,42.9575814604759,0.225716397166252,6.76140248775482,0,18.7961042225361,4.57652544975281,0,0,1.27789594233036,3.43850417435169,0,0.202659785747528,325.836322814226,0,0,0,0,1.14075422286987,837.31117144227,0,0.868272304534912,0,0,0,51.5740667581558,0,0,0,0,39.4840984046459,0,11.0420948266983,0,43.5284972786903,0.372926950454712,38.3233415484428,0,0,0,0,0,18.9244944378734,1.29237294197083,903.349809758365,0.154281198978424,680.396350577474,5.24701762199402,43.5480333864689,2.49898040294647,0
0,0,0,0,0,0,0,0,0,0,0,0,239.920515179634,0,0,0,0,0,0,0,97.905442610383,0,0,0,0,0,0,0,47.8394223153591,0,202.411035716534,0,0,0,0,0,5.60237889736891,0,732.501451358199,0,0,0,0,0,0,0,0,0,0,0,0,0,0,0,0,0,709.015007227659,0,166.781662791967,0,0,0,0,1.79434612393379,0,0,0,0,0,0,0,0,0,110.677761673927,0,0,0,0,0,0,0,187.760112248361,296.492191389203,0,0,0,0
0,0,0,0,0,0,0,16.8969535827637,0,0,0,0,0,130.75174960494,0,0,0,0,0,9.67359575629234,0,0,0,0,0,0,0,2.55200529098511,0,12.6903904080391,0,0,0,0,0,1,0,250.901543095708,0,0,0,0,0,0,0,0,0,0,0,0,0,0,0,22.1047239303589,0,0,0,1351.40126031637,0,190.056618720293,0,0,52.3160872459412,0,0,0,0,0,0,0,0,0,511.572300225496,0,0,0,0,0,0,0,20.3942931592464,0,34.4913573414087,0,0,0,0
0,0,0,0,0,0,0,0,0,0,239.920515179634,0,0,0,0,0,0,0,0,0,0,0,0,0,0,0,0,0,0,0,0,0,0,0,0,0,0,0,0,0,0,0,0,0,0,0,0,0,0,0,0,0,0,0,0,0,103.142205402255,0,89.8138205707073,0,0,0,0,0,0,0,0,0,0,0,0,28.321245893836,0,0,0,0,0,0,0,0,0,0,0.37972703576088,0,0,0,0
0,0,0,0,0,0,0,95.135006248951,0,0,0,130.75174960494,0,0,0,0,0,0,0,0,0,0,0,0,0,0,0,31.9441223144531,0,20.6031401753426,0,0,0,0,0,0,0,0,0,0,0,0,0,0,0,0,0,0,0,0,0,0,0,0,0,0,0,139.495059296489,0,692.932026922703,0,9.6809446811676,0,0,0,0,0,0,0,0,20.4637192487717,0,1.13346934318542,0,0,0,0,0,0,0,0,0,264.935069978237,60.0778322219849,0,0,0
60.2583687901497,0.616114690899849,0,0,0,0,0,0,87.2902130037546,0,0,0,0,0,0,0,0,0,0.832523792982101,0,0,0,0,0,39.5546719580889,0,37.0246634483337,0,0,0,0,0,0,0,0,0,0,0,4.60281299799681,0,0,0,4.73291707038879,0,0,0.195687621831894,0.135542571544647,0,180.419005170465,0,0,0,0,0,39.775504142046,0,1.4321500658989,0,0,0,77.5229192227125,0,0,0.510807290673256,0,0,0,13.4388351142406,0,36.6903899461031,0,7.42419068515301,0,1.56761437654495,0,0,0,0,0,1.19486078619957,0,14.7321457564831,23.4274726957083,0,23.8207065910101,0,0
0,0,0,0,0,0,0,0,0,127.859959363937,0,0,0,0,0,0,0,10.3662772476673,0,0,0,0,0,38.6159475445747,0,9.00956146419048,0,0,0,0,0,0,0,0,0,0,0,0,0,0,0,0,0,0,0,0,0,0,0,0,0,0,0,0,0,0,0,0,0,0,0,73.1777262985706,0,0,0,0,17.1839716732502,0,0.324725598096848,0,0,0,0,0,0,0,0,0,0,0,0,0,29.6918466091156,96.0034836530685,0,0,0
3.9025958776474,3.67505519092083,0,0,0,0,0,0,213.172835886478,23.0707828700542,0,0,0,0,0,0,0,13099.1923213601,4130.63110402226,0,0,322.859808072448,242.561175316572,0,329.954856216908,51.3059047907591,420.65105317533,0,0,0,0,0,0,0,0,6.4937067180872,38.0685181990266,8.49712539464235,102.349958300591,84.8493695408106,67.365732870996,46.8408234268427,136.573049061,0,0,68.9807115271688,274.862125024199,2.45675012469292,117.096404418349,74.8271226137877,0,0,0,0,64.3935499191284,3.58189451694489,6.09688998758793,0,1.27572609484196,0,0.571496784687042,0,0,16.4139973223209,28.8817026913166,9.23271709680557,1.67827522754669,59.430109411478,15.5768287479877,127.561940252781,0.918313734233379,11.5269595608115,1.62152817845345,17.7091289907694,0,0,0,0,52.1466193571687,160.666432276368,111.775002002716,398.844582535326,11486.47696013,11217.6455546021,146.717929467559,0,2.17941451072693
0,16.6810025125742,0,0.255928739905357,0,0,0,0,1.44251146912575,45.7948793619871,0,0,0,0,0,10.3662772476673,13099.1923213601,0,4240.51098947227,0,0,1510.50692400336,39.2005030661821,409.639839425683,0,864.324939206243,0,0,0,0,0,0,0,0,0,10.8494297787547,12.5800033584237,33.0012699887156,29.5764714106917,177.894518390298,13.4577723443508,201.741596192122,46.5275140479207,0,0,111.809105798602,60.2810855954885,2.81428819894791,15.1715078502893,252.810605809093,0,0,0,0,10.0222788453102,0.803017973899841,0.878039538860321,0,0,2.14200949668884,0.606078028678894,61.4650405943394,0,5.33769375085831,394.506095841527,0,353.443909600377,0.257098495960236,170.680459886789,0,13.8694257512689,6.70443764328957,5.87636321783066,4.88054595887661,0,0,0,0,87.661335632205,74.5420137345791,390.820852845907,146.336425110698,11429.5636664629,11997.6353004798,133.666450560093,4.17276157438755,0
3.4701232612133,88.3559305518866,0,23.9185669273138,0,0,0,0,245.977712914348,319.456743046641,0,0,0,0,0.832523792982101,0,4130.63110402226,4240.51098947227,0,0,0,14.369317740202,0,26.1303583234549,63.9862691536546,1.76818764209747,1.96684461832047,0,0,0,0,0,0,0.859041824936867,0,28.9102018401027,62.5913533195853,53.5675428435206,156.423722893,461.47890175879,128.413663715124,231.493996560574,284.402574382722,0,0,204.674111187458,398.184969775379,5.63866981863976,133.949984304607,373.949075177312,0,0,0,0,149.259231135249,24.3814222216606,3.62220545858145,0.247409150004387,0,0,0.183970406651497,2.95842599868774,0,59.196528762579,2.34345722198486,0,60.6047246605158,76.0380110070109,1.85500492155552,6.01208368688822,30.8857092931867,35.4221598505974,21.2561794146895,8.53678277134895,0,0,0,0,303.55365023762,503.773947507143,469.348800651729,393.730138346553,2115.58611034602,63.3227480649948,527.888599507511,4.52341169118881,0
0,0,0,0,0,0,0,0,0,0,0,9.67359575629234,0,0,0,0,0,0,0,0,0,0,0,0,0,0,0,0,0,0,0,0,0,0,0,205.089009493589,0,869.930196098983,0,0,0,0,0,0,0,30.945331543684,0,0,0,0,0,0,0,0,0,0,0,30.9625144600868,0,0,0,0,1051.30943150818,0,0,0,0,0,0,0,0,0,41.4742272123694,0,0,0,0,0,41.5635366141796,0,458.859212249517,0,239.186608538032,0,3.17686334252357,0,0
0,0,0,0,28.3812554180622,0,0,0,0,0,97.905442610383,0,0,0,0,0,0,0,0,0,0,0,0,0,0,0,0,0,0,0,0,0,0,0,0,0,336.331479325891,0,338.314333446324,0,0,0,0,0,0,0,1.38860486447811,0,0,0,1.75921550393105,0,0,0,0,0,132.205417320132,0,0,0,0,0,0,968.959516525269,0,0,0,0,0,0,0,0,0,0,0,0,0,0,0,246.766252279282,0,117.333079569042,447.98759162426,0.668552577495575,3.04653584957123,0,0
0,0,0,0,0,0,0,0,0,0,0,0,0,0,0,0,322.859808072448,1510.50692400336,14.369317740202,0,0,0,261.883428305387,654.308878332376,0,394.644477784634,0,314.955899000168,0,0,0,0,0,0,0,0,0,2075.96014159918,66.8976744413376,0,0,0,0,0,0,0,0,0,0,260.118877202272,0,0,0,0,0,0,0,0,0,0,0,0,0,0,8083.83026796579,45.8706110715866,196.581409886479,0,361.273880258203,0,145.261047139764,0,0,0,0,0,0,0,0,0,164.148663461208,0,1806.00562672317,663.551435783505,0,0,0
0,0,0,0,0,0,0,0,0,0,0,0,0,0,0,0,242.561175316572,39.2005030661821,0,0,0,261.883428305387,0,0,416.265564784408,0,116.314960375428,0,287.971276566386,0,0,0,0,0,2.34069357812405,0,0,0,2014.71095395088,0,0,0,0,0,0,0,0,0.392224654555321,281.844078347087,0.520927354693413,0,0,0,0,0,0,0,0,0,0,0,0,0,0,18.4674157947302,8722.8127848804,0,43.2529613524675,0,215.896401166916,0,77.4843168854713,0,0,0,0,0,0.686678439378738,0,0,0,444.586754307151,1775.17005197704,1665.75962945819,0,0,0
0.174436837434769,117.178261429071,0,1.41004538536072,0,0,0,0,0,48.7787955850363,0,0,0,0,0,38.6159475445747,0,409.639839425683,26.1303583234549,0,0,654.308878332376,0,0,0,465.351690039039,0,0,0,0,0,0,0,1.37610140442848,0,0,0,660.108172811568,0,5.72392599284649,0,15.8090976700187,3.155263915658,0,0,1.71728590130806,0,0.487469851970673,1.45695152878761,259.82998354733,0,0,0,0,0,80.941927999258,0,2.24584206938744,0,2.21069660782814,0,30.7746498137712,0,0,212.760413914919,0,1373.32039666176,0,521.524664208293,0,131.232012599707,0.135288774967194,2.01815545558929,0,0,0,0,0,0,0,326.273343086243,0.580433905124664,511.215756557882,0,204.66141654551,0,0
101.202696114779,0.189053982496262,0,0,0,0,0,0,66.5212142318487,0,0,0,0,0,39.5546719580889,0,329.954856216908,0,63.9862691536546,0,0,0,416.265564784408,0,0,0,197.680641248822,0,0,0,0,0,0,0,0.807323575019836,0,0,0,127.028922796249,0,0.887686491012573,0,12.2535218149424,0,0,0.148678869009018,0,0.256406009197235,124.628897994757,1.65620589256287,0,0,0,0,61.057162836194,0.222603529691696,2.89039939641953,0,1.10634461045265,0,76.2145560383797,0,0,0,0,296.601159408689,0,465.802878960967,0,385.157266423106,0,121.536274120212,0,3.09367671608925,0,0,0,0.114289119839668,0,1.35585641860962,0,105.608612328768,190.566374823451,0,20.168354049325,0,0
0,0.67559751868248,0,0,0,0,0,0,0,5.12647068500519,0,0,0,0,0,9.00956146419048,51.3059047907591,864.324939206243,1.76818764209747,0,0,394.644477784634,0,465.351690039039,0,0,0,445.491982206702,0,0,0,0,0,0,0,0,0,0.562578141689301,0.423392802476883,0,0,0,0,0,0,0,0,0,0,0,0,0,0,0,0,0.358545035123825,0,0,0,8.39057189226151,0,24.6444501727819,0,0,267.714132264256,0,130.350511372089,0,2477.82059271634,0,135.397614449263,0,0,0,0,0,0,0,0,0,0,0,271.312302693725,17.8416702151299,0,0,0
5.50531777739525,0,0,0,0,0,0,0,37.8898377269506,0,0,0,0,0,37.0246634483337,0,420.65105317533,0,1.96684461832047,0,0,0,116.314960375428,0,197.680641248822,0,0,0,154.028737932444,0,0,0,0,0,0,0,0,0,0.221557050943375,0,0,0,0,0,0,0,0,0,0,0,0,0,0,0,8.82148580253124,0,0,0,0,0,14.592821419239,0,0,0,0,119.805111721158,0,35.0193191915751,0,1319.80758142471,0,19.1343790888786,0,0,0,0,0,0,0,0,0,0,124.948681771755,0,0,0,0
0,0,0,0,0,0,0,0,0,0,0,2.55200529098511,0,31.9441223144531,0,0,0,0,0,0,0,314.955899000168,0,0,0,445.491982206702,0,0,0,146.094275087118,0,0,0,0,0,0,0,42.7574952840805,0,0,0,0,0,0,0,0,0,0,0,0,0,0,0,0,0,0,0,0,0,123.419481426477,0,0,0,0,214.681451842189,0,0,0,6.57663142681122,0,2580.71351338923,0,92.6386911869049,0,0,0,0,0,0,0,19.3590004444122,0,601.755933277309,121.802179485559,0,0,0
0,0,0,0,0,0,0,0,0,0,47.8394223153591,0,0,0,0,0,0,0,0,0,0,0,287.971276566386,0,0,0,154.028737932444,0,0,0,371.22961576283,0,0,0,0,0,0,0,4.6471828520298,0,0,0,0,0,0,0,0,0,0,0,0,0,0,0,0,0,75.9632908403873,0,1.80680114030838,0,0,0,0,0,0,354.818805173039,0,0,0,45.5814228057861,0,1015.70196565986,0,21.1752304285765,0,0,0,0,0,0,0,2.61916697025299,22.803008005023,0.470858573913574,0,0,0
0,0,0,0,0,0,0,0,0,0,0,12.6903904080391,0,20.6031401753426,0,0,0,0,0,0,0,0,0,0,0,0,0,146.094275087118,0,0,0,0,0,0,0,0,0,289.097703278065,0,0,0,0,0,0,0,0,0,0,0,0,0,0,0,0,0,0,0,19.9678885340691,0,14.3986682891846,0,0,0,0,0,0,0,0,0,0,25.535520337522,0,578.534857064486,0,0,0,0,0,0,0,63.0624991208315,0,67.7037481665611,1.65496182441711,0,0,0
0,0,0,0,0,0,0,0,0,0,202.411035716534,0,0,0,0,0,0,0,0,0,0,0,0,0,0,0,0,0,371.22961576283,0,0,0,0,0,0,0,0,0,484.819595448673,0,0,0,0,0,0,0,0,0,0,0,0,0,0,0,0,0,137.886355608702,0,0,0,0,0,0,0,0,0,0,0,0,0,0,143.150549978018,0,779.98004565388,0,0,0,0,0,0,0,140.593458279967,49.3087937533855,0,0,0,0
0,0,0,0,0,0,0,0,0,0,0,0,0,0,0,0,0,0,0,0,0,0,0,0,0,0,0,0,0,0,0,0,197.103428602219,29.4444844424725,0,14.6310871243477,0,0,0,0,0,0,0,0,0,0,0,178.867820724845,0,0,0,0,0,0,0,0,0,0,0,0,0,0,0,0,0,0,0,0,0,0,0,0,0,0,250.116068214178,0,35.2780922651291,0,30.8594663441181,0,0,0,119.252432078123,0,0,0,0
0,0,0,0,0,0,0,0,0,0,0,0,0,0,0,0,0,0,0,0,0,0,0,0,0,0,0,0,0,0,0,197.103428602219,0,0,0,0,0,0,0,0,0,0,0,0,0,0,0,6.67621517181396,0,0,0,0,0,0,0,0,0,0,0,0,0,0,0,0,0,0,0,0,0,0,0,0,0,0,2.7710816860199,272.394983410835,0,13.4901814460754,0,0,0,0,103.942859172821,0,0,0,0
0,1.26603338122368,0,0,0,0,0,0,0,0.185689017176628,0,0,0,0,0,0,0,0,0.859041824936867,0,0,0,0,1.37610140442848,0,0,0,0,0,0,0,29.4444844424725,0,0,2572.23247785866,107.377942740917,0,379.411032743752,50.4075443744659,0,0,28.1809833794832,1.79306358098984,0,0,0,0,1962.91197495162,1.10506808757782,92.4613546729088,0,0,0,0,0,0.618438094854355,0,0,0,0,0,0,0,0,0,0,3.42239436507225,0,0,0,0.58471804857254,0,0,0,112.130189061165,0,3236.59706416726,1060.84009337425,43.8265135586262,0,1499.07357634604,163.049785405397,745.824284702539,0,2.6214200258255,0,0
1.70684033632278,0,0,0,0,0,0,0,0,0,0,0,0,0,0,0,0,0,0,0,0,0,2.34069357812405,0,0.807323575019836,0,0,0,0,0,0,0,0,2572.23247785866,0,0,5.67161214351654,15.1143199205399,267.305546864867,0,0,0,86.1542375534773,0,0,0,5.4935090392828,1142.25435718894,35.0215692818165,0,0,0,0,0,0,0,0,0,0,0,0.256647258996964,0,0,0.430472195148468,0,0.707934468984604,0,0,0,0.270572304725647,0,0.307171933352947,0,0,0,0,1065.15740117431,1649.89745861292,0,105.773777469993,51.4941876530647,1184.95033299923,534.583072975278,89.7271724641323,2.44232814013958,0,0
0,0.286861136555672,0,0,0,0,0,0,0,2.9742995724082,0,1,0,0,0,0,6.4937067180872,10.8494297787547,28.9102018401027,205.089009493589,0,0,0,0,0,0,0,0,0,0,0,14.6310871243477,0,107.377942740917,0,0,10.8324203491211,541.066469423473,0,64.3743941858411,0.337092310190201,9.97848986834288,0.13144688308239,0,0,97.6770165190101,0.107821740210056,4.94240117073059,1.32437646389008,10.0673270896077,0,0,0,0,0,0,0,0,0,0,0,0,172.454921063036,0,0,0,0,0,0,0,1.13461747765541,0,1.40265145897865,0,29.0475675165653,0,51.4912729263306,0,4805.74986247718,3.82306015491486,608.565779458731,0.156769409775734,861.767367191613,1.25018548965454,38.449756693095,0.702093303203583,0
0,0,0,0,24.8022831380367,0,0,0,25.8569698780775,0,5.60237889736891,0,0,0,0,0,38.0685181990266,12.5800033584237,62.5913533195853,0,336.331479325891,0,0,0,0,0,0,0,0,0,0,0,0,0,5.67161214351654,10.8324203491211,0,0,215.026758082211,1.51020458340645,25.3124282956123,2.58028388023376,20.0030731186271,0,0,4.86699685454369,174.066438794136,4.45770969986916,64.2086359709501,0,0,0,0,0,7.59162627905607,0,0.327806904911995,0,0,0,0,0,0,360.496494755149,0,0,0,0,0,0,0,0.0967744290828705,0,1.09477031230927,0,35.4339871406555,0,5.72838896512985,77.7833958566189,3806.77304971963,1.20822757482529,453.744126103818,1208.33759199828,1.90593808889389,7.71836945414543,0,2.71305297315121
0,119.505856730044,0,1.94301889836788,0,0,0,0,0,42.9575814604759,0,250.901543095708,0,0,0,0,8.49712539464235,33.0012699887156,53.5675428435206,869.930196098983,0,2075.96014159918,0,660.108172811568,0,0.562578141689301,0,42.7574952840805,0,289.097703278065,0,0,0,379.411032743752,15.1143199205399,541.066469423473,0,0,814.560824751854,10.5860551297665,0,287.70495004952,7.58095374703407,0,0,43.6252304539084,0,279.451125502586,3.58226898312569,754.941589966416,0,0,0,0,0,18.6690755486488,0.126409128308296,91.0677775740623,0,5.27394869923592,0,1.1850198507309,499.030497804284,0,671.568118691444,0,764.305493846536,0,99.6452335268259,0,92.1701368093491,0,95.2478050887585,0,0,0,467.17098364234,2.90682637691498,143.212558027357,1.97996400296688,16306.1657150388,219.376379862428,4310.52908796817,360.130662769079,286.113858647645,2.811110034585,0
49.3540686964989,2.40917105972767,0,0,0,0,0,0,106.911192007363,0.225716397166252,732.501451358199,0,0,0,4.60281299799681,0,102.349958300591,29.5764714106917,156.423722893,0,338.314333446324,66.8976744413376,2014.71095395088,0,127.028922796249,0.423392802476883,0.221557050943375,0,4.6471828520298,0,484.819595448673,0,0,50.4075443744659,267.305546864867,0,215.026758082211,814.560824751854,0,0.759844079613686,9.53673295676708,0.885981485247612,103.544929593801,0,0.132893949747086,4.64174647629261,32.9911999553442,112.706073880196,1055.74245360494,4.77183693647385,0,0,0,0,118.26042792201,0,256.738975070417,0,0.495228618383408,0,23.0531582459807,0,0,26.025340564549,0,911.163166850805,0,507.692890837789,0,99.8388582766056,0,204.588741824031,0,171.196736380458,0,0,1.32710552215576,161.047081977129,4.19804057478905,106.902208276093,184.61418236047,18107.3919433653,3947.73686722666,592.158929869533,214.244173750281,0,12.2625917121768
0,11.9835764914751,0,0,0,0,0,0,1.19147500395775,6.76140248775482,0,0,0,0,0,0,84.8493695408106,177.894518390298,461.47890175879,0,0,0,0,5.72392599284649,0,0,0,0,0,0,0,0,0,0,0,64.3743941858411,1.51020458340645,10.5860551297665,0.759844079613686,0,0.646004617214203,632.460982203484,8.89737166464329,0,0,386.812528759241,19.0851781740785,22.5168949663639,4.29912284016609,1347.7135528475,0,0,0,0,1.08217878639698,0,0.133470579981804,0.919405579566956,0,0.246487140655518,0.956022471189499,0,5.64780205488205,3.3517153263092,0,0,1.61447715759277,0.686216235160828,0.494097754359245,0,5.97426887601614,3.23270818591118,4.61443573236465,3.19275969266891,0,0,0,0,132.1066609025,18.8907739073038,75.1081158220768,10.4123474359512,511.703827366233,1.70019960403442,356.519347086549,4.54847896099091,0
0,0,0,0,0,0,0,0,16.9664322137833,0,0,0,0,0,0,0,67.365732870996,13.4577723443508,128.413663715124,0,0,0,0,0,0.887686491012573,0,0,0,0,0,0,0,0,0,0,0.337092310190201,25.3124282956123,0,9.53673295676708,0.646004617214203,0,0,107.461576394737,0,0,6.86359721422195,710.527801126242,250.658819884062,4968.6246002242,15.8454779982567,0,0,0,0,0.987909138202667,0,0.135845601558685,0,0,0,0,0,0,0,0,0,0,3.3595245629549,0,0,0,0.21162936091423,0,0,0,0,0,0.195852681994438,0,57.2205024063587,0.551363110542297,61.5433002561331,232.564104855061,1.49477055668831,199.632550910115,0,0
0,316.859645038843,0,65.1050702631474,0,0.354924917221069,0,0,4.92476120591164,18.7961042225361,0,0,0,0,0,0,46.8408234268427,201.741596192122,231.493996560574,0,0,0,0,15.8090976700187,0,0,0,0,0,0,0,0,0,28.1809833794832,0,9.97848986834288,2.58028388023376,287.70495004952,0.885981485247612,632.460982203484,0,0,93.6788713335991,0,0,511.68778963387,5.09302262961864,435.204975739121,7.82549746334553,835.400080770254,0,0,0,0,0,18.7650274336338,2.09609463065863,0,0,0.255833566188812,0.313035249710083,3.59742870926857,0.705550529062748,1.57636511325836,0,0,28.0117388367653,0,0.713549256324768,0,58.296445555985,1.92332877963781,48.712064050138,1.37146353721619,0,0,1.04350085556507,0,95.3363237157464,10.8428157567978,846.009512960911,13.9231485649943,2031.7001298666,12.1676416471601,945.463689617813,7.90069425106049,0
212.258959278464,104.692687034607,0,18.8797241449356,0,0,0,0,77.6670580804348,4.57652544975281,0,0,0,0,4.73291707038879,0,136.573049061,46.5275140479207,284.402574382722,0,0,0,0,3.155263915658,12.2535218149424,0,0,0,0,0,0,0,0,1.79306358098984,86.1542375534773,0.13144688308239,20.0030731186271,7.58095374703407,103.544929593801,8.89737166464329,107.461576394737,93.6788713335991,0,0,3.70590329170227,12.560480132699,751.739541009068,771.612672314048,898.729484654963,17.7758987545967,0,0,0,0,43.5425395071507,6.54066812992096,27.5695875585079,0.163565143942833,2.65415666997433,1.50665760040283,42.8191539347172,0.761537730693817,0,32.9354149997234,0,0,3.46812522411346,68.2016691714525,1.01589119434357,2.90699947625399,11.9699055925012,116.162352696061,5.04006935656071,14.0626114979386,0,0,0,77.1474328786135,4.91874979436398,275.960605710745,39.1830814704299,759.632409840822,2739.71905231476,79.1499224901199,749.719453528523,0.117998287081718,4.55094915628433
0,0,0,0,0,0,0,0,0,0,0,0,0,0,0,0,0,0,0,0,0,0,0,0,0,0,0,0,0,0,0,0,0,0,0,0,0,0,0,0,0,0,0,0,0,0,0,0,0,0,0,0,0,0,0,0,0,0,0,0,0,0,0,0,0,0,0,0,0,0,0,0,0,0,0,0,0,0,0,0,0,0,0,0,0,0,0
4.77410531044006,0,0,0,0,0,0,0,2.35384726524353,0,0,0,0,0,0,0,0,0,0,0,0,0,0,0,0,0,0,0,0,0,0,0,0,0,0,0,0,0,0.132893949747086,0,0,0,3.70590329170227,0,0,0,0,0,5.76010154187679,0,0,0,0,0,0,0,0.351917833089828,0,0.30188649892807,0,0.207827061414719,0,0,0,0,0,0,0.133485436439514,0,0,0,1.80660878121853,0,0,0,0,0,0,0,0,0,3.90002462267876,35.7204548120499,0,67.6211040914059,0,0
0,54.591384716332,0,4.75307542085648,0,0,0,0,0.912823438644409,1.27789594233036,0,0,0,0,0.195687621831894,0,68.9807115271688,111.809105798602,204.674111187458,30.945331543684,0,0,0,1.71728590130806,0.148678869009018,0,0,0,0,0,0,0,0,0,0,97.6770165190101,4.86699685454369,43.6252304539084,4.64174647629261,386.812528759241,6.86359721422195,511.68778963387,12.560480132699,0,0,0,8.9369860291481,12.4685881584883,6.73823548853397,211.49215619266,0,0,0,0,1.37547564506531,1.55669386684895,3.49006433784962,4.09975768625736,0,0.606707975268364,0,0,1174.36609995365,0.819955110549927,0,0,1.08025118708611,1.45125162601471,1.26055006682873,0,53.2087349519134,0.886359535157681,23.6811073124409,0.920394122600555,0,0,0,0,176.413061019033,4.63956020772457,247.484129697084,19.2018146514893,238.303329505026,0.189259812235832,1081.63363029063,6.04604440927505,0
1.80429008603096,2.08445751667023,2.31087118387222,0,0,0,0,0,6.86409111320972,3.43850417435169,0,0,0,0,0.135542571544647,0,274.862125024199,60.2810855954885,398.184969775379,0,1.38860486447811,0,0,0,0,0,0,0,0,0,0,0,0,0,5.4935090392828,0.107821740210056,174.066438794136,0,32.9911999553442,19.0851781740785,710.527801126242,5.09302262961864,751.739541009068,0,0,8.9369860291481,0,76.1156919747591,437.685224100947,4.55789802968502,0,0,0,0,19.5303004682064,0,248.580934308469,0,2.69151163101196,0,7.54591111838818,0,0,899.234993889928,0,0,0,1.22388970851898,1.37502694129944,2.49487228691578,0,14.7225168347359,0,4.85291813313961,0,0,0,3.65257453918457,7.65849651396275,116.971892029047,14.9793508201838,230.585427887738,468.302071005106,0.808313101530075,848.965836957097,0,0
0.137198835611343,7.96543215215206,0,0.204171523451805,0,0,0,0,1.33479478955269,0,0,0,0,0,0,0,2.45675012469292,2.81428819894791,5.63866981863976,0,0,0,0.392224654555321,0.487469851970673,0.256406009197235,0,0,0,0,0,0,178.867820724845,6.67621517181396,1962.91197495162,1142.25435718894,4.94240117073059,4.45770969986916,279.451125502586,112.706073880196,22.5168949663639,250.658819884062,435.204975739121,771.612672314048,0,0,12.4685881584883,76.1156919747591,0,2413.43355223536,1448.50101792812,0,0,0,0,0,0.184352979063988,0.933014310896397,0,0,0,0.207482546567917,0,0,6.21923698484898,0,0.201587051153183,2.41880914568901,1.55212530493736,0.298823267221451,0.422930508852005,2.75098843872547,1.84055504947901,1.7203685939312,0,40.6348660588264,0,300.760682597756,501.37039783597,6.03332810103893,496.342424497008,119.363894887269,614.267017707229,1497.22097346187,173.71598264575,488.116952985525,0,0
101.56086345762,139.637483395636,11.165540933609,1.29945766925812,0,0,0,0,68.9923999607563,0.202659785747528,0,0,0,0,180.419005170465,0,117.096404418349,15.1715078502893,133.949984304607,0,0,0,281.844078347087,1.45695152878761,124.628897994757,0,0,0,0,0,0,0,0,1.10506808757782,35.0215692818165,1.32437646389008,64.2086359709501,3.58226898312569,1055.74245360494,4.29912284016609,4968.6246002242,7.82549746334553,898.729484654963,0,5.76010154187679,6.73823548853397,437.685224100947,2413.43355223536,0,2136.89588559419,0,0,0,0,244.58544973284,1.25129532814026,82.5917589515448,3.97935718297958,25.7188428491354,0,330.445209570229,0,0,60.402623295784,0,14.093885242939,1.11571770906448,816.965065129101,0.79876071959734,341.463169485331,18.4526179581881,758.14794421941,8.04587155580521,137.36579887569,0,0,0,17.2209956794977,4.87535485625267,400.560457542539,28.8986568599939,1894.66220113635,991.662074394524,1.97529944777489,1379.05424193293,0,5.83455453813076
2.6433393061161,1350.15222690254,0,441.909715816379,0,2.1539711356163,0,0,1.06218588352203,325.836322814226,0,0,0,0,0,0,74.8271226137877,252.810605809093,373.949075177312,0,0,260.118877202272,0.520927354693413,259.82998354733,1.65620589256287,0,0,0,0,0,0,0,0,92.4613546729088,0,10.0673270896077,0,754.941589966416,4.77183693647385,1347.7135528475,15.8454779982567,835.400080770254,17.7758987545967,0,0,211.49215619266,4.55789802968502,1448.50101792812,2136.89588559419,0,0,0,0,0,0,269.935554042459,0.705717697739601,43.5981134921312,0.505645632743835,21.183933109045,0,60.5550745725632,9.22147330641747,3.47818779945374,115.854150936007,0,435.952855050564,0,140.947088778019,0,321.235776081681,5.01418162882328,24.3993574231863,1.3113171979785,0,0,25.7900909036398,0,136.650730408728,6.65036754310131,1675.26009213924,14.3424201831222,1605.60978896916,5.74435415863991,4263.2476798445,2.86003790795803,0
0,0,0,0,0,0,0,0,0,0,0,0,0,0,0,0,0,0,0,0,1.75921550393105,0,0,0,0,0,0,0,0,0,0,0,0,0,0,0,0,0,0,0,0,0,0,0,0,0,0,0,0,0,0,0,0,0,0,0,0,0,0,0,0,0,0,0,0,0,0,0,0,0,0,0,0,0,0,0,0,0,0,0,0,0,0,0,0,0,0
0,0,0,25.3547474741936,0,183.596357107162,0,0,0,0,0,0,0,0,0,0,0,0,0,0,0,0,0,0,0,0,0,0,0,0,0,0,0,0,0,0,0,0,0,0,0,0,0,0,0,0,0,0,0,0,0,0,0,3,0,0,0,86.2833003997803,0,190.794303059578,0,19.6386263668537,0,0,0,0,0,0,0,0,0,0,0,0,0,0,0,0,0,0,0,0,20.8349269628525,0,5.65601944923401,0,0
0,0,0,0,0,0,0,0,0,0,0,0,0,0,0,0,0,0,0,0,0,0,0,0,0,0,0,0,0,0,0,0,0,0,0,0,0,0,0,0,0,0,0,0,0,0,0,0,0,0,0,0,0,0,0,0,20.5031852722168,0,6.92346882820129,0,0,0,0,0,0,0,0,0,0,0,0,0,0,0,0,0,0,0,0,0,0,0,0,0,0,0,0
0,0,0,0,0,0,0,14.8140357732773,0,0,0,22.1047239303589,0,0,0,0,0,0,0,0,0,0,0,0,0,0,0,0,0,0,0,0,0,0,0,0,0,0,0,0,0,0,0,0,0,0,0,0,0,0,0,3,0,0,0,0,0,77.3446544706821,0,19.2382447719574,0,0,0,0,0,0,0,0,0,0,0,0,0,0,0,0,0,0,0,0,0,0,0,0,0,0,0
74.6843996345997,0.456668376922607,0,0,1.78819847106934,0,0,0,277.6912804842,1.14075422286987,0,0,0,0,39.775504142046,0,64.3935499191284,10.0222788453102,149.259231135249,0,0,0,0,0,61.057162836194,0,8.82148580253124,0,0,0,0,0,0,0,0,0,7.59162627905607,0,118.26042792201,1.08217878639698,0.987909138202667,0,43.5425395071507,0,0,1.37547564506531,19.5303004682064,0,244.58544973284,0,0,0,0,0,0,0,0,0,0,0,60.9633392691612,0,0,3.91897130012512,0,0,0,98.6705977618694,0,24.5093811452389,0.119025327265263,186.092548519373,0,79.0124873667955,0,0,0,0,0.18374215066433,35.1152371168137,0.208769753575325,1088.96712399274,135.707156211138,0,21.4328622221947,0,0
0,453.864606529474,0,98.8489021360874,0,0,0,0,0,837.31117144227,0,0,0,0,0,0,3.58189451694489,0.803017973899841,24.3814222216606,0,0,0,0,80.941927999258,0.222603529691696,0.358545035123825,0,0,0,0,0,0,0,0.618438094854355,0,0,0,18.6690755486488,0,0,0,18.7650274336338,6.54066812992096,0,0,1.55669386684895,0,0.184352979063988,1.25129532814026,269.935554042459,0,0,0,0,0,0,0.321634888648987,0,0,0,0,32.2049707174301,0,0,0,0,153.428848996758,0,23.0491282939911,0,31.5145452916622,0.198398515582085,32.9870866239071,0,0,0,0,0,0.499035000801086,0,281.624716937542,0,142.366431623697,0,79.1451252251863,0.812151983380318,0
10.5006455928087,17.0456298813224,10.5520036220551,0,0,0,0,0,0,0,709.015007227659,0,103.142205402255,0,1.4321500658989,0,6.09688998758793,0.878039538860321,3.62220545858145,0,132.205417320132,0,0,0,2.89039939641953,0,0,0,75.9632908403873,0,137.886355608702,0,0,0,0,0,0.327806904911995,0.126409128308296,256.738975070417,0.133470579981804,0.135845601558685,2.09609463065863,27.5695875585079,0,0.351917833089828,3.49006433784962,248.580934308469,0.933014310896397,82.5917589515448,0.705717697739601,0,0,20.5031852722168,0,0,0.321634888648987,0,0,284.867826327682,0.184372678399086,38.0764302611351,0,0,315.739260450006,0,0,0,5.88474985957146,0,4.67531076073647,6.36610467731953,122.322785153985,0,292.369621872902,0,0,0,0.396282911300659,0.102658815681934,5.04190766811371,3.7506153807044,776.048934832215,150.380714446306,0,232.866437554359,0,0.113296791911125
0,8.85385352373123,0,89.2221432924271,0,0,0,91.5491708219051,0,0.868272304534912,0,1351.40126031637,0,139.495059296489,0,0,0,0,0.247409150004387,30.9625144600868,0,0,0,2.24584206938744,0,0,0,0,0,19.9678885340691,0,0,0,0,0,0,0,91.0677775740623,0,0.919405579566956,0,0,0.163565143942833,0,0,4.09975768625736,0,0,3.97935718297958,43.5981134921312,0,86.2833003997803,0,77.3446544706821,0,0,0,0,0,177.350313201547,1.75491666793823,0,154.228945180774,0,0,0,3.43325173854828,0,13.98108497262,0,150.201280742884,0,390.706763207912,0,0,0,0,0,0,0,253.219281479716,0,21.0923370718956,0,214.343709781766,0,0
0,0,0,0,0,0,1,0,0,0,166.781662791967,0,89.8138205707073,0,0,0,1.27572609484196,0,0,0,0,0,0,0,1.10634461045265,0,0,0,1.80680114030838,0,0,0,0,0,0,0,0,0,0.495228618383408,0,0,0,2.65415666997433,0,0.30188649892807,0,2.69151163101196,0,25.7188428491354,0.505645632743835,0,0,6.92346882820129,0,0,0,284.867826327682,0,0,0,2.04367852210999,0,0,1.45732569694519,0,0,0,1.3529806137085,0.105848252773285,1.56823980808258,0.489092439413071,10.3254308104515,0.544497549533844,0,0,0,0,0,0,0,0,0,0.930925071239471,0,12.9175995290279,0,0
0,10.8731117993593,0,5.9469838142395,0,0,0,1.47696948051453,0,0,0,190.056618720293,0,692.932026922703,0,0,0,2.14200949668884,0,0,0,0,0,2.21069660782814,0,8.39057189226151,0,123.419481426477,0,14.3986682891846,0,0,0,0,0,0,0,5.27394869923592,0,0.246487140655518,0,0.255833566188812,1.50665760040283,0,0,0.606707975268364,0,0,0,21.183933109045,0,190.794303059578,0,19.2382447719574,0,0,0.184372678399086,177.350313201547,0,0,0,3.04049849510193,0,0,0,0,0.617715060710907,0,38.9692494571209,0,183.57125647366,0,0.227102860808372,0,0,0,0,0,0,0,1.72051507234573,0,38.3553039729595,3.78899443149567,13.2158308327198,0,0
149.668801277876,18.0125799104571,0,0,0,0,0,0,0.975101232528687,0,0,0,0,0,77.5229192227125,0,0.571496784687042,0.606078028678894,0.183970406651497,0,0,0,0,0,76.2145560383797,0,14.592821419239,0,0,0,0,0,0,0,0.256647258996964,0,0,0,23.0531582459807,0.956022471189499,0,0.313035249710083,42.8191539347172,0,0.207827061414719,0,7.54591111838818,0.207482546567917,330.445209570229,0,0,0,0,0,60.9633392691612,0,38.0764302611351,1.75491666793823,2.04367852210999,0,0,0,0,0,0,0,0.240079209208488,73.8627149015665,0.16098764538765,110.056376472116,3.94353044033051,68.9786683097482,0.237872153520584,8.68873162567616,0,0,0,0,0.237871572375298,2.26084624230862,1.0882705450058,68.2230075746775,12.6996347308159,0,24.4534698277712,0.145621433854103,0
0,120.823911353946,0,6.07485356926918,0,0,0,0,0,51.5740667581558,0,0,0,9.6809446811676,0,73.1777262985706,0,61.4650405943394,2.95842599868774,0,0,0,0,30.7746498137712,0,24.6444501727819,0,0,0,0,0,0,0,0,0,0,0,1.1850198507309,0,0,0,3.59742870926857,0.761537730693817,0,0,0,0,0,0,60.5550745725632,0,19.6386263668537,0,0,0,32.2049707174301,0,0,0,3.04049849510193,0,0,0,0,0,0,4.61244297027588,0,76.0915226489305,0,0.630860939621925,0,1.34363877773285,0,0,0,0,0,0,0,0,0,21.7823684215546,1.44975113868713,27.7043274044991,0,0
0,0,0,57.0670511722565,0,0,0,0,0,0,0,52.3160872459412,0,0,0,0,0,0,0,1051.30943150818,0,0,0,0,0,0,0,0,0,0,0,0,0,0,0,172.454921063036,0,499.030497804284,0,5.64780205488205,0,0.705550529062748,0,0,0,1174.36609995365,0,0,0,9.22147330641747,0,0,0,0,0,0,0,154.228945180774,0,0,0,0,0,0,0,0,0,0,0,0,4.04027570784092,0,48.1736457198858,0,0,0,0,0,77.1480832286179,0,703.02193697542,0,121.500931993127,0,303.498410001397,0,0
0.332553416490555,1.66117465496063,24.2615268826485,0,46.6150605380535,0,0,0,0.801388680934906,0,1.79434612393379,0,0,0,0.510807290673256,0,16.4139973223209,5.33769375085831,59.196528762579,0,968.959516525269,0,0,0,0,0,0,0,0,0,0,0,0,0,0.430472195148468,0,360.496494755149,0,26.025340564549,3.3517153263092,0,1.57636511325836,32.9354149997234,0,0,0.819955110549927,899.234993889928,6.21923698484898,60.402623295784,3.47818779945374,0,0,0,0,3.91897130012512,0,315.739260450006,0,1.45732569694519,0,0,0,0,0,0,0,1.45875489711761,0,0,0,0,5.23929429799318,0,2.45554459095001,0,0,0,0,0,49.5532563254237,0,20.069576472044,231.249461755157,9.14720076322556,419.252458058298,0,0.962391942739487
0,0,0,0,0,0,0,0,0,0,0,0,0,0,0,0,28.8817026913166,394.506095841527,2.34345722198486,0,0,8083.83026796579,18.4674157947302,212.760413914919,0,267.714132264256,0,214.681451842189,0,0,0,0,0,0,0,0,0,671.568118691444,0,0,0,0,0,0,0,0,0,0,0,115.854150936007,0,0,0,0,0,0,0,0,0,0,0,0,0,0,0,1.42346930503845,124.723393291235,0,530.520695820451,0,160.236034423113,0,0,0,0,0,0,0,0,0,194.63564324379,0,674.138562068343,263.300313100219,0,0,0
0,0,0,0,0,0,0,0,0,0,0,0,0,0,0,0,9.23271709680557,0,0,0,0,45.8706110715866,8722.8127848804,0,296.601159408689,0,119.805111721158,0,354.818805173039,0,0,0,0,0,0.707934468984604,0,0,0,911.163166850805,0,0,0,0,0,0,0,0,0.201587051153183,14.093885242939,0,0,0,0,0,0,0,0,0,0,0,0,0,0,0,1.42346930503845,0,0,168.291089579463,0,119.363480836153,0,13.4893443137407,0,0,0,0,0,0.398708418011665,0,0,0,37.4336567223072,714.758353218436,602.378468796611,0,0,0
0,224.490330800414,0,2.66321539878845,0,0,0,0,0,39.4840984046459,0,0,0,0,0,17.1839716732502,1.67827522754669,353.443909600377,60.6047246605158,0,0,196.581409886479,0,1373.32039666176,0,130.350511372089,0,0,0,0,0,0,0,3.42239436507225,0,0,0,764.305493846536,0,1.61447715759277,0,28.0117388367653,3.46812522411346,0,0,1.08025118708611,0,2.41880914568901,1.11571770906448,435.952855050564,0,0,0,0,0,153.428848996758,0,3.43325173854828,0,0.617715060710907,0.240079209208488,4.61244297027588,0,1.45875489711761,124.723393291235,0,0,0,7.94048997759819,0,103.118175834417,0.605367541313171,5.39597943425179,0,0,0,1.92502412199974,0,0,0.242051795125008,278.536327794194,0,249.2690391168,0,205.046940281987,0,0
94.4385884851217,4.02243538200855,0,0.19194307923317,0,0,0,0,31.2169768363237,0,0,0,0,0,13.4388351142406,0,59.430109411478,0.257098495960236,76.0380110070109,0,0,0,43.2529613524675,0,465.802878960967,0,35.0193191915751,0,0,0,0,0,0,0,0,0,0,0,507.692890837789,0.686216235160828,3.3595245629549,0,68.2016691714525,0,0.133485436439514,1.45125162601471,1.22388970851898,1.55212530493736,816.965065129101,0,0,0,0,0,98.6705977618694,0,5.88474985957146,0,1.3529806137085,0,73.8627149015665,0,0,0,0,168.291089579463,0,0,0,370.478685393929,0.1436937302351,487.892087563872,0,3.76717773079872,0,0,0,0,0,2.38165482878685,0.651448249816895,228.915724426508,304.499309398234,0,101.528430730104,0,0.656597763299942
0,49.6356611251831,0,0,0,0,0,0,0,11.0420948266983,0,0,0,0,0,0.324725598096848,15.5768287479877,170.680459886789,1.85500492155552,0,0,361.273880258203,0,521.524664208293,0,2477.82059271634,0,6.57663142681122,0,0,0,0,0,0,0,0,0,99.6452335268259,0,0.494097754359245,0,0.713549256324768,1.01589119434357,0,0,1.26055006682873,1.37502694129944,0.298823267221451,0.79876071959734,140.947088778019,0,0,0,0,0,23.0491282939911,0,13.98108497262,0.105848252773285,38.9692494571209,0.16098764538765,76.0915226489305,0,0,530.520695820451,0,7.94048997759819,0,0,0.181139439344406,178.264099895954,0.203320488333702,0,0,0,0,0,0,0.250446677207947,0,14.2002829611301,0,211.424261018634,0,10.9198979139328,0,0
11.9373041987419,0.153104782104492,0,0,0,0,0,0,56.1676921397448,0,0,0,0,0,36.6903899461031,0,127.561940252781,0,6.01208368688822,0,0,0,215.896401166916,0,385.157266423106,0,1319.80758142471,0,45.5814228057861,0,0,0,0,0,0.270572304725647,0,0,0,99.8388582766056,0,0,0,2.90699947625399,0,0,0,2.49487228691578,0.422930508852005,341.463169485331,0,0,0,0,0,24.5093811452389,0,4.67531076073647,0,1.56823980808258,0,110.056376472116,0,0,0,0,119.363480836153,0,370.478685393929,0.181139439344406,0,0,406.274248927832,0,0,0,0,0,0.100996971130371,0,0,0,39.7839704602957,113.605544686317,0,1.53036703914404,0,0
0.591069057583809,349.78143030405,0,18.0543599575758,0,0,0,0,0,43.5284972786903,0,0,0,20.4637192487717,0,0,0.918313734233379,13.8694257512689,30.8857092931867,0,0,145.261047139764,0,131.232012599707,0,135.397614449263,0,2580.71351338923,0,25.535520337522,0,0,0,0.58471804857254,0,1.13461747765541,0,92.1701368093491,0,5.97426887601614,0,58.296445555985,11.9699055925012,0,0,53.2087349519134,0,2.75098843872547,18.4526179581881,321.235776081681,0,0,0,0,0.119025327265263,31.5145452916622,6.36610467731953,150.201280742884,0.489092439413071,183.57125647366,3.94353044033051,0.630860939621925,4.04027570784092,0,160.236034423113,0,103.118175834417,0.1436937302351,178.264099895954,0,0,5.07360479235649,191.280053526163,0.662951052188873,0,0,0,0,2.02196271717548,1.19234035909176,613.410978533328,1.7097554653883,168.550032138824,7.41925904154778,627.06028573215,1.1959815621376,0
