0,0,0.146363100863714,0,0,0,0,0,0.128086864132257,0,0,0,0,0,0,0,0.303853210280923,0,0.311457195878029,0,0,0,0,0,0,0,0,0,0,0,0,0,0,0,0,0,0,0,0,0,0,0,0.320427877121958,0,0,0,0,0,0.173278843908956,0,0,0,0,0,0.170047461265518,0,0.220423052156413,0,0,0,0.166864624077624,0,0,0,0,0,0,0,0,0,0,0,0,0,0,0,0,0,0,0,0,0,0.255241054152434,0,0.23461046331391,0,0
0,0,0,0.170053442532108,0,0,0,0,0,0.176716374034214,0,0,0,0,0,0,0,0,0.340535134077072,0,0,0,0,0,0,0,0,0,0,0,0,0,0,0,0,0,0,0,0,0,0,0.336831488499516,0,0,0,0,0,0,0,0.177000027471746,0,0,0,0,0,0.190138133652623,0,0.22451039403677,0,0.228457295468875,0,0.175351486577616,0,0,0,0,0,0,0,0,0,0,0,0,0,0,0,0,0,0,0,0,0.195845511080103,0,0.24096631333732,0,0
0.146363100863714,0,0,0,0,0,0,0,0,0,0,0,0,0,0,0,0,0,0,0,0,0,0,0,0,0,0,0,0,0,0,0,0,0,0,0,0,0,0,0,0,0,0,0,0,0,0,0,0.148681807509329,0,0,0,0,0,0.143900259690625,0,0.177611508539745,0,0.179793963788837,0,0.161572722452027,0,0,0,0,0,0,0,0,0,0,0,0,0,0,0,0,0,0,0,0,0,0,0,0.165175817148001,0,0
0,0.170053442532108,0,0,0,0,0,0,0,0.133500327666601,0,0,0,0,0,0,0,0,0,0,0,0,0,0,0,0,0,0,0,0,0,0,0,0,0,0,0,0,0,0,0,0,0,0,0,0,0,0,0,0.188151403997852,0,0,0,0,0,0.151541570822398,0,0.264893720720125,0,0.254335364088034,0,0.166887371628373,0,0,0,0,0,0,0,0,0,0,0,0,0,0,0,0,0,0,0,0,0,0,0.262594009635218,0,0
0,0,0,0,0,0,0.184004752473398,0,0,0,0,0,0,0,0,0,0,0,0,0,0.14895602564017,0,0,0,0,0,0,0,0,0,0,0,0,0,0,0,0,0,0,0,0,0,0,0,0,0,0,0,0,0,0.166835987815805,0,0,0,0,0,0,0,0.177420924107234,0,0.144509613513947,0,0,0,0,0,0,0,0,0,0,0,0,0,0,0,0,0,0,0,0,0,0.171100398605587,0,0.164148840834113,0,0
0,0,0,0,0,0,0,0.182935518026352,0,0,0,0,0,0,0,0.1543038320892,0,0,0,0.149140638568057,0,0,0,0,0,0,0,0,0,0,0,0,0,0,0,0,0,0,0,0,0,0,0,0,0,0,0,0,0,0,0,0.149769483001104,0,0.172411039471626,0,0,0,0.149604765176773,0,0.132508218345296,0,0.144262020539374,0.163334225863218,0,0,0,0,0,0,0,0,0,0,0,0,0,0,0,0,0,0,0,0.133323794527149,0.157343745231628,0.135777992506822,0,0
0,0,0,0,0.184004752473398,0,0,0,0,0,0,0,0,0,0,0,0,0,0,0,0,0,0,0,0,0,0,0,0,0,0,0,0,0,0,0,0,0,0,0,0,0,0,0,0,0,0,0,0,0,0.176844071352846,0,0.167118292834078,0,0,0,0.140912666916847,0,0.167541330059369,0,0,0,0,0,0,0,0,0,0,0,0,0,0,0,0,0,0,0,0,0,0,0,0.192408360540867,0,0,0,0
0,0,0,0,0,0.182935518026352,0,0,0,0,0,0.145950481295586,0,0,0,0,0,0,0,0,0,0,0,0,0,0,0,0,0,0,0,0,0,0,0,0,0,0,0,0,0,0,0,0,0,0,0,0,0,0,0,0.165708029270172,0,0.173430651426315,0,0,0,0.166964574490936,0,0.140321671497077,0,0,0,0,0,0,0,0,0,0,0,0,0,0,0,0,0,0,0,0,0,0,0.190584008411695,0,0,0,0
0.128086864132257,0,0,0,0,0,0,0,0,0,0,0,0,0,0.157167545252747,0,0,0,0,0,0,0,0,0,0.161281822497034,0,0,0,0,0,0,0,0,0,0.186242431402206,0,0,0,0.174949528878195,0,0,0,0.163654224803815,0,0,0,0,0,0,0,0,0,0,0,0.216265525452273,0,0,0,0,0,0.17176582895908,0,0,0,0,0,0,0.192241107542012,0,0,0,0,0,0,0,0,0,0,0,0,0,0.181446168767778,0.152893314151203,0.152975235045666,0.163840153565009,0,0.155107128620148
0,0.176716374034214,0,0.133500327666601,0,0,0,0,0,0,0,0,0,0,0,0.158008760639599,0,0,0,0,0,0,0,0,0,0.154520412286123,0,0,0,0,0,0,0,0,0,0,0,0.17382089048624,0,0,0,0.159477750460307,0,0,0,0,0,0,0,0.173018883381571,0,0,0,0,0,0.217212915360317,0,0,0,0,0,0.168987702928769,0,0,0,0,0,0,0,0,0,0,0,0,0,0,0,0,0,0,0,0,0.162604999090654,0.181427216564771,0.155618705919811,0,0
0,0,0,0,0,0,0,0,0,0,0,0,0.151635651290417,0,0,0,0,0,0,0,0.146400121227748,0,0,0,0,0,0,0,0,0,0.158814106023673,0,0,0,0,0,0.142755061388016,0,0.141586037383514,0,0,0,0,0,0,0,0,0,0,0,0,0,0,0,0,0,0.17011083024378,0,0.170254696850423,0,0,0,0,0.155063123550526,0,0,0,0,0,0,0,0,0,0.161179722845554,0,0,0,0,0,0,0,0.15968739753589,0.125454142320255,0,0,0,0
0,0,0,0,0,0,0,0.145950481295586,0,0,0,0,0,0.179360273185343,0,0,0,0,0,0.158231372008161,0,0,0,0,0,0,0,0.16933666423515,0,0.182978503643327,0,0,0,0,0,0.161487587860652,0,0.176073237481971,0,0,0,0,0,0,0,0,0,0,0,0,0,0.153166949748993,0,0,0,0,0,0.16289418809121,0,0.16819548107633,0,0,0.162287389886166,0,0,0,0,0,0,0,0.168459308929131,0,0.149914943383021,0,0,0,0,0,0,0,0.169283419362539,0,0.158196217618709,0,0.145357209032979,0,0
0,0,0,0,0,0,0,0,0,0,0.151635651290417,0,0,0,0.174682158780725,0,0,0,0,0,0,0,0,0,0,0,0,0,0.185552831400524,0,0,0,0,0,0,0,0,0,0,0,0,0,0,0,0,0,0,0,0,0,0,0,0,0,0,0,0.17206060141325,0,0.177824332902454,0,0.176424796356581,0,0,0,0,0,0,0,0,0,0,0.204295868674914,0,0,0,0,0,0,0,0,0,0,0.140008473147949,0.140262829249396,0,0,0
0,0,0,0,0,0,0,0,0,0,0,0.179360273185343,0,0,0,0.142174201743568,0,0.141886180620405,0,0,0,0,0,0,0,0.151801392436028,0,0,0,0,0,0,0,0,0,0,0,0,0,0,0,0,0,0,0,0,0,0,0,0,0,0.141341477632523,0,0,0,0,0,0.174729353756806,0,0.161894213733257,0,0.129282317979269,0,0,0,0,0,0,0,0,0,0,0,0,0,0,0,0,0,0,0,0,0.155069783911472,0.148603041249682,0,0,0
0,0,0,0,0,0,0,0,0.157167545252747,0,0,0,0.174682158780725,0,0,0,0.155594296855469,0,0,0,0,0,0,0,0.181771238644918,0,0,0,0.152275070548058,0,0,0,0,0,0,0,0,0,0,0,0,0,0,0,0,0,0,0,0,0,0,0,0,0,0.156767591834068,0,0,0,0.178558964282274,0,0.163133757579842,0,0,0,0,0,0,0,0,0.158405601978302,0,0,0,0,0,0,0,0,0,0,0,0,0.165743829632128,0.13705779115359,0,0,0
0,0,0,0,0,0.1543038320892,0,0,0,0.158008760639599,0,0,0,0.142174201743568,0,0,0,0.147968790324283,0,0,0,0,0,0.143608406186104,0,0.160638893644015,0,0,0,0,0,0,0,0,0,0,0,0,0,0,0,0,0,0,0,0,0,0,0,0,0,0.156204625964165,0,0,0,0.141899516806006,0,0,0,0.170224545257432,0,0.141501966817304,0,0,0,0,0,0,0,0,0,0,0,0,0,0,0,0,0,0,0,0,0.127827214674567,0.177575703710318,0,0,0
0.303853210280923,0,0,0,0,0,0,0,0,0,0,0,0,0,0.155594296855469,0,0,0.125543996245554,0.282813166989161,0,0,0,0.143545453162754,0,0.186882548034191,0,0.134982465423251,0,0,0,0,0,0,0,0,0,0,0,0,0,0,0,0.18121073693037,0,0,0,0,0,0,0,0,0,0,0,0,0,0,0,0,0,0,0,0,0,0,0,0,0,0,0.149961663410068,0,0,0,0,0,0,0,0,0,0,0,0,0.213646465913803,0.12664618114767,0.386545972691642,0,0.184339761734009
0,0,0,0,0,0,0,0,0,0,0,0,0,0.141886180620405,0,0.147968790324283,0.125543996245554,0,0.259809527600732,0,0,0.146096022478465,0,0.142254444502168,0,0.143113494953643,0,0.169866030398342,0,0,0,0,0,0,0,0,0,0,0,0,0,0,0,0,0,0,0,0,0,0,0,0,0,0,0,0,0,0,0,0.144093170762062,0,0.149206881137455,0,0,0.138834097319179,0,0,0,0.174741569374289,0,0.165620844988596,0,0,0,0,0,0,0,0,0,0,0,0.187337148379422,0.134147045229717,0.276374401897192,0,0
0.311457195878029,0.340535134077072,0,0,0,0,0,0,0,0,0,0,0,0,0,0,0.282813166989161,0.259809527600732,0,0,0,0,0,0,0,0,0,0,0,0,0,0,0,0,0,0,0,0,0,0,0,0.179541983995192,0.195027699014932,0.199599098541181,0.232039288961934,0,0.197716787457466,0,0,0,0,0,0,0,0,0,0,0,0,0,0,0,0,0,0,0,0.157649889588356,0,0,0,0,0,0,0,0,0,0,0,0.225367719164261,0,0,0,0.22153207487147,0.158400558999607,0.239911915080537,0.200716790607997,0.184888743561262
0,0,0,0,0,0.149140638568057,0,0,0,0,0,0.158231372008161,0,0,0,0,0,0,0,0,0,0,0,0,0,0,0,0,0,0,0,0,0,0,0,0.163709932636582,0,0.149848426412332,0,0,0,0,0,0,0,0,0,0,0,0,0,0.146291559221039,0,0.150335222482681,0,0,0,0.154979456467806,0,0,0,0,0.173645751074303,0,0,0,0,0,0,0,0,0,0,0,0,0,0,0,0.175683170322972,0,0.145835785720593,0,0.146012526674148,0,0.20098824681138,0,0
0,0,0,0,0.14895602564017,0,0,0,0,0,0.146400121227748,0,0,0,0,0,0,0,0,0,0,0,0,0,0,0,0,0,0,0,0,0,0,0,0,0,0.155367473789145,0,0.138843056658267,0,0,0,0,0,0,0,0,0,0,0,0.146967519732083,0,0,0,0,0,0.13447810976607,0,0,0,0,0,0,0.161446363360075,0,0,0,0,0,0,0,0,0,0.252600193023682,0,0,0,0,0,0.132104318780997,0,0.138532428788797,0.137836021420203,0,0.182599107341806,0,0
0,0,0,0,0,0,0,0,0,0,0,0,0,0,0,0,0,0.146096022478465,0,0,0,0,0.115946343634278,0.175938551568172,0,0.168811218738556,0,0.185635701886245,0,0,0,0,0,0,0,0,0,0.177208347348896,0,0,0,0,0,0,0,0,0,0,0,0.191734075742333,0,0,0,0,0,0,0,0,0,0,0,0,0,0,0.181383025446171,0.142742559313774,0.15786395846836,0,0.201350004456583,0,0.190519690650738,0,0,0,0,0,0,0,0,0,0.217268843695803,0,0.150825043025495,0.157925641834736,0,0,0
0,0,0,0,0,0,0,0,0,0,0,0,0,0,0,0,0.143545453162754,0,0,0,0,0.115946343634278,0,0,0.144907280483416,0,0.169757643883879,0,0,0,0,0,0,0,0,0,0,0,0.167635700148596,0,0,0,0,0,0,0,0,0,0.235104594379663,0,0,0,0,0,0,0,0,0,0,0,0,0,0,0,0,0.175686703237029,0,0.163486995975728,0,0,0,0,0,0,0,0,0,0,0,0,0,0.164925340252618,0.130706025899707,0.218425791947339,0,0,0
0,0,0,0,0,0,0,0,0,0,0,0,0,0,0,0.143608406186104,0,0.142254444502168,0,0,0,0.175938551568172,0,0,0,0.184380252110331,0,0,0,0,0,0,0,0,0,0,0,0.1882148494281,0,0,0,0,0,0,0,0,0,0,0,0,0,0,0,0,0,0.16034241206944,0,0,0,0,0,0,0,0,0.184218817523548,0,0.16308642735759,0,0.215303659686409,0,0,0,0,0,0,0,0,0,0,0,0.196627233759113,0,0.14804071166481,0,0,0,0
0,0,0,0,0,0,0,0,0.161281822497034,0,0,0,0,0,0.181771238644918,0,0.186882548034191,0,0,0,0,0,0.144907280483416,0,0,0,0.194154387011248,0,0,0,0,0,0,0,0,0,0,0,0.173272758648719,0,0,0,0,0,0,0,0,0,0.2154296413064,0,0,0,0,0,0.210325380515813,0,0,0,0,0,0.188556118771948,0,0,0,0,0.219740089815279,0,0.154624530899466,0,0.184547728404056,0,0,0,0,0,0,0,0,0,0,0,0.18471522629261,0.165875100172483,0.16846875846386,0,0,0
0,0,0,0,0,0,0,0,0,0.154520412286123,0,0,0,0.151801392436028,0,0.160638893644015,0,0.143113494953643,0,0,0,0.168811218738556,0,0.184380252110331,0,0,0,0.157124734826778,0,0,0,0,0,0,0,0,0,0,0,0,0,0,0,0,0,0,0,0,0,0,0,0,0,0,0,0.14582001666228,0,0,0,0,0,0,0,0,0.17403077185154,0,0.18121252355038,0,0.1918880882962,0,0.198633387684822,0,0,0,0,0,0,0,0,0,0,0,0.154873741914829,0,0,0,0
0,0,0,0,0,0,0,0,0,0,0,0,0,0,0,0,0.134982465423251,0,0,0,0,0,0.169757643883879,0,0.194154387011248,0,0,0,0.172151804583914,0,0,0,0,0,0,0,0,0,0,0,0,0,0,0,0,0,0,0,0,0,0,0,0,0,0,0,0,0,0,0,0.199014373123646,0,0,0,0,0,0,0.171914950013161,0,0.18242546307004,0,0.170484713315964,0,0,0,0,0,0,0,0,0,0,0.178871614271647,0,0,0,0
0,0,0,0,0,0,0,0,0,0,0,0.16933666423515,0,0,0,0,0,0.169866030398342,0,0,0,0.185635701886245,0,0,0,0.157124734826778,0,0,0,0.190906539365001,0,0,0,0,0,0,0,0.17874880036908,0,0,0,0,0,0,0,0,0,0,0,0,0,0,0,0,0,0,0,0.167297492269427,0,0.147143708541989,0,0,0,0,0.182208075055054,0,0,0,0.153397808472315,0,0.1824449394101,0,0.176068204370412,0,0,0,0,0,0,0,0.172230115745749,0,0.165839823228972,0.184539900720119,0,0,0
0,0,0,0,0,0,0,0,0,0,0,0,0.185552831400524,0,0.152275070548058,0,0,0,0,0,0,0,0,0,0,0,0.172151804583914,0,0,0,0.205401378695841,0,0,0,0,0,0,0,0.201146952105018,0,0,0,0,0,0,0,0,0,0,0,0,0,0,0,0,0,0,0,0.172393467390176,0,0,0,0,0,0,0.191629886627197,0,0,0,0.177727598283026,0,0.176925152840634,0,0.180717209974925,0,0,0,0,0,0,0,0,0.188301707307498,0.182286441326141,0,0,0
0,0,0,0,0,0,0,0,0,0,0,0.182978503643327,0,0,0,0,0,0,0,0,0,0,0,0,0,0,0,0.190906539365001,0,0,0,0,0,0,0,0,0,0.183121009053606,0,0,0,0,0,0,0,0,0,0,0,0,0,0,0,0,0,0,0,0.152324261241838,0,0,0,0,0,0,0,0,0,0,0,0,0.185235772610849,0,0.161526156957043,0,0,0,0,0,0,0,0.175897276908793,0,0.15909200216885,0,0,0,0
0,0,0,0,0,0,0,0,0,0,0.158814106023673,0,0,0,0,0,0,0,0,0,0,0,0,0,0,0,0,0,0.205401378695841,0,0,0,0,0,0,0,0,0,0.182114224565231,0,0,0,0,0,0,0,0,0,0,0,0,0,0,0,0,0,0.160618696113427,0,0,0,0,0,0,0,0,0,0,0,0,0,0,0.190612215811098,0,0.153346918715999,0,0,0,0,0,0,0,0.212821066379547,0.151548544565837,0,0,0,0
0,0,0,0,0,0,0,0,0,0,0,0,0,0,0,0,0,0,0,0,0,0,0,0,0,0,0,0,0,0,0,0,0.17080897825949,0.273542125243694,0.197297437737385,0.185886362061699,0.222629853757098,0,0.237535297870636,0,0,0,0,0,0,0,0,0.255504079698393,0.347830086946487,0.308058857917786,0,0,0,0,0,0,0,0,0,0,0,0,0,0,0,0,0,0,0,0,0,0,0,0,0.205371850657831,0.176336937789697,0.265576821610783,0.175135628265493,0.362670175260433,0.205513392264644,0.301191801826159,0.238675134877364,0.153019901897226,0,0,0,0
0,0,0,0,0,0,0,0,0,0,0,0,0,0,0,0,0,0,0,0,0,0,0,0,0,0,0,0,0,0,0,0.17080897825949,0,0.18975563844045,0.215631350692064,0.447074288893261,0.290272708982229,0,0,0,0,0,0,0,0,0,0,0.371525581487838,0.400191829963164,0.395173183509282,0,0,0,0,0,0,0,0,0,0,0,0,0,0,0,0,0,0,0,0,0,0,0,0,0.204583255401183,0.195070978205699,0.197497834761937,0.257441411369957,0.29784309896794,0.231681487105024,0.279300818840663,0.27499582991004,0.151309511912656,0,0,0,0
0,0,0,0,0,0,0,0,0,0,0,0,0,0,0,0,0,0,0,0,0,0,0,0,0,0,0,0,0,0,0,0.273542125243694,0.18975563844045,0,0.208511228257037,0.174668673360557,0,0.252140506007871,0.493738707237773,0,0,0,0,0,0,0,0,0.494848244546941,0.317917674779892,0.326853540859052,0,0,0,0,0,0,0,0,0,0,0,0,0,0,0,0,0,0,0,0,0,0,0,0,0.282061384881244,0.182255951066812,0.197186860489094,0.203090106547585,0.219828633641874,0.216841116547585,0.333831065630547,0.296138544651595,0.197979258137873,0.194068094715476,0.311603218317032,0,0
0,0,0,0,0,0,0,0,0.186242431402206,0,0,0,0,0,0,0,0,0,0,0,0,0,0,0,0,0,0,0,0,0,0,0.197297437737385,0.215631350692064,0.208511228257037,0,0.305221825838089,0.163000124249052,0.508597814818708,0.218158695101738,0,0,0,0,0,0,0,0,0.394505141857302,0,0.698236763477325,0,0,0,0,0,0,0,0,0,0,0,0,0,0,0,0,0,0,0,0,0,0,0,0,0.252973152324557,0.258915550147112,0.21461139051271,0.215359338621298,0.301972959281468,0.247594831024551,0.387694896051758,0.232578029962523,0.216247819572966,0.208708861470222,0.293760135769844,0,0
0,0,0,0,0,0,0,0,0,0,0,0.161487587860652,0,0,0,0,0,0,0,0.163709932636582,0,0,0,0,0,0,0,0,0,0,0,0.185886362061699,0.447074288893261,0.174668673360557,0.305221825838089,0,0.190332571935183,0.154759971169215,0,0.290287882917457,0.315683934423659,0,0,0,0,0,0,0.460216418353479,0.290339261293411,0,0,0,0,0,0,0,0,0,0,0,0,0,0.172045234580201,0,0,0,0,0,0,0,0,0,0,0,0.182526864580013,0.513632866434562,0.188760851026961,0.286471158266068,0.185829753277949,0.219662565664479,0.188894456309005,0.268180030584335,0.164668436154841,0.189985628927215,0.201506967147191,0,0
0,0,0,0,0,0,0,0,0,0,0.142755061388016,0,0,0,0,0,0,0,0,0,0.155367473789145,0,0,0,0,0,0,0,0,0,0,0.222629853757098,0.290272708982229,0,0.163000124249052,0.190332571935183,0,0,0.149728937447985,0.288934774696827,0.218487369354631,0,0,0,0,0,0,0.401201148866676,0.422486312687397,0.27739629149437,0,0,0,0,0,0,0.154171170672961,0,0,0,0,0,0,0.148212196683054,0,0,0,0,0,0,0,0,0,0,0.178843087383679,0.20787661389822,0,0.167553475499153,0.235733820063932,0.178652680571037,0,0.172343683569911,0.153426505067179,0.190169836936602,0.214623094093604,0,0
0,0,0,0,0,0,0,0,0,0.17382089048624,0,0.176073237481971,0,0,0,0,0,0,0,0.149848426412332,0,0.177208347348896,0,0.1882148494281,0,0,0,0.17874880036908,0,0.183121009053606,0,0,0,0.252140506007871,0.508597814818708,0.154759971169215,0,0,0.501052588800301,0,0,0.157905119471252,0,0,0,0,0,0.581213222181096,0,0.204892824137849,0,0,0,0,0,0,0,0.176492640137672,0,0,0,0,0.153912259306768,0,0.178968906071688,0,0.198285645713366,0,0,0,0.171835118614206,0,0.181279557580051,0,0,0,0.188353292212106,0.155346340366772,0.179634550750334,0,0.179936090182489,0.2157131636335,0.225623888978408,0.264800510383225,0.185903206467628,0,0
0,0,0,0,0,0,0,0,0.174949528878195,0,0.141586037383514,0,0,0,0,0,0,0,0,0,0.138843056658267,0,0.167635700148596,0,0.173272758648719,0,0,0,0.201146952105018,0,0.182114224565231,0.237535297870636,0,0.493738707237773,0.218158695101738,0,0.149728937447985,0.501052588800301,0,0,0,0,0.171414200748716,0,0,0,0.246635712683201,0.642333030637274,0.302249259348904,0.710274239381154,0,0,0,0,0.188422939607075,0,0.151953321970176,0,0,0,0,0,0,0.188079657476968,0,0.168604056639918,0,0.159416424500388,0,0,0,0.15311645005237,0,0.179205057603356,0,0.248617784466062,0.601178591450055,0.217475531369629,0.251225709915161,0.178253704427204,0.540135005571572,0.193120420075371,0.279608356445474,0.291699500381947,0.24292598117371,0,0
0,0,0,0,0,0,0,0,0,0,0,0,0,0,0,0,0,0,0,0,0,0,0,0,0,0,0,0,0,0,0,0,0,0,0,0.290287882917457,0.288934774696827,0,0,0,0.273682433454429,0.279311095779623,0.263540238142014,0.337221150156544,0,0.2354056129722,0,0.306453208213157,0.259550059350525,0.184449429442927,0,0,0,0,0,0,0,0,0,0,0,0,0,0,0,0,0,0,0,0,0,0,0,0,0,0,0,0,0.209684528588182,0.301184676587582,0.228578984737396,0.24621208012104,0.242042654156685,0,0.300048160098825,0.277599234666143,0
0,0,0,0,0,0,0,0,0,0,0,0,0,0,0,0,0,0,0,0,0,0,0,0,0,0,0,0,0,0,0,0,0,0,0,0.315683934423659,0.218487369354631,0,0,0.273682433454429,0,0,0.285503926472741,0,0.36975462121122,0,0.270585801049261,0.328745769075126,0.188271495360059,0.251420331852777,0,0,0,0,0,0,0.230191811919212,0,0,0,0,0,0,0.271277434886641,0,0,0,0,0,0,0,0,0,0.220160586138566,0,0,0,0,0.314157807268202,0.234317104950947,0,0.168494463400686,0.18402873724699,0,0.244278770684139,0,0.314680278301239
0,0.336831488499516,0,0,0,0,0,0,0,0.159477750460307,0,0,0,0,0,0,0,0,0.179541983995192,0,0,0,0,0,0,0,0,0,0,0,0,0,0,0,0,0,0,0.157905119471252,0,0.279311095779623,0,0,0.18538678595514,0.229176058973137,0,0.239651640260307,0,0.443342010180155,0.270089788096292,0.235440797906983,0,0,0,0,0,0,0,0.332180384718455,0,0.300635228554408,0,0,0,0,0,0,0,0,0,0,0.332005109028383,0,0.38049637277921,0,0,0,0,0,0.281703573768805,0,0.32530109756268,0,0.253751381528572,0.247218325734138,0.293093011377617,0.251586564805538,0
0.320427877121958,0,0,0,0,0,0,0,0.163654224803815,0,0,0,0,0,0,0,0.18121073693037,0,0.195027699014932,0,0,0,0,0,0,0,0,0,0,0,0,0,0,0,0,0,0,0,0.171414200748716,0.263540238142014,0.285503926472741,0.18538678595514,0,0.163417396446069,0.201512483279316,0,0.277295756109704,0.379797945893,0.258919249233788,0.314831227064133,0,0,0,0,0.182442158460617,0,0.328036911367458,0,0.312278687953949,0,0,0,0,0.295268947382768,0,0,0,0,0,0,0,0.291665425806335,0,0.249371753542463,0,0,0,0,0,0.274636326369647,0.333452183008194,0.249663622576102,0.200487718939328,0.243700253058083,0.269022189924944,0,0.180444134291356
0,0,0,0,0,0,0,0,0,0,0,0,0,0,0,0,0,0,0.199599098541181,0,0,0,0,0,0,0,0,0,0,0,0,0,0,0,0,0,0,0,0,0.337221150156544,0,0.229176058973137,0.163417396446069,0,0.141399544018966,0.302891298834043,0,0.311902970075607,0,0.244884045422077,0,0,0,0,0,0,0,0,0,0,0,0,0,0,0,0,0,0,0,0,0,0,0,0,0,0,0,0,0.371975581463374,0,0,0,0.198278111013873,0,0.304710423751852,0,0
0,0,0,0,0,0,0,0,0,0,0,0,0,0,0,0,0,0,0.232039288961934,0,0,0,0,0,0,0,0,0,0,0,0,0,0,0,0,0,0,0,0,0,0.36975462121122,0,0.201512483279316,0.141399544018966,0,0,0.315495933185924,0,0,0,0,0,0,0,0,0,0,0,0,0,0,0,0,0.37554670125246,0,0,0,0,0,0,0,0,0,0,0,0,0,0,0,0.346872117498825,0,0,0.196831627976237,0.218052061274648,0.184016642466672,0,0.231028620153666
0,0,0,0,0,0,0,0,0,0,0,0,0,0,0,0,0,0,0,0,0,0,0,0,0,0,0,0,0,0,0,0,0,0,0,0,0,0,0,0.2354056129722,0,0.239651640260307,0,0.302891298834043,0,0,0,0,0,0.222057650397931,0,0,0,0,0,0,0,0.259571008384228,0,0,0,0,0.260622649907642,0,0,0,0,0,0,0,0,0,0,0,0,0,0,0,0.225591779241715,0,0.258887814978759,0,0.239551524321238,0,0.237654054477684,0.221952982246876,0
0,0,0,0,0,0,0,0,0,0,0,0,0,0,0,0,0,0,0.197716787457466,0,0,0,0,0,0,0,0,0,0,0,0,0,0,0,0,0,0,0,0.246635712683201,0,0.270585801049261,0,0.277295756109704,0,0.315495933185924,0,0,0.342735052108765,0.228445127606392,0,0,0,0,0,0,0,0.301192998886108,0,0,0,0,0,0,0.236519010708261,0,0,0,0,0,0,0,0,0,0.27706977725029,0,0,0,0,0.27277398109436,0.217132535789186,0,0.290914626281221,0.229739926755428,0.236134387552738,0.23267604901353,0,0
0,0,0,0,0,0,0,0,0,0,0,0,0,0,0,0,0,0,0,0,0,0,0,0,0,0,0,0,0,0,0,0.255504079698393,0.371525581487838,0.494848244546941,0.394505141857302,0.460216418353479,0.401201148866676,0.581213222181096,0.642333030637274,0.306453208213157,0.328745769075126,0.443342010180155,0.379797945893,0.311902970075607,0,0,0.342735052108765,0,0.379527368248161,0.334635147418584,0,0,0,0,0,0,0,0,0,0,0,0,0,0,0,0,0,0,0,0,0,0,0,0,0.347551785306515,0.381537849456549,0.377007543980675,0.284257522286357,0.323572525245873,0.398431974558198,0.395610807491622,0.317102536138959,0.387775194140522,0.434894137084484,0.373844548699936,0,0
0.173278843908956,0,0.148681807509329,0,0,0,0,0,0,0,0,0,0,0,0,0,0,0,0,0,0,0,0.235104594379663,0,0.2154296413064,0,0,0,0,0,0,0.347830086946487,0.400191829963164,0.317917674779892,0,0.290339261293411,0.422486312687397,0,0.302249259348904,0.259550059350525,0.188271495360059,0.270089788096292,0.258919249233788,0,0,0,0.228445127606392,0.379527368248161,0,0.297353985721992,0,0,0,0,0.14557696949868,0,0.24535614431803,0,0.253341883640079,0,0.190437042713165,0,0,0.256872862577438,0,0.210229496940422,0,0.170909706950188,0,0,0,0.210353473223836,0,0.283789818151658,0.388380982787222,0.416365665873301,0.332585155963898,0.34263680378596,0.30497908035312,0.364534277226445,0.340199633556254,0.234374746827796,0.329188645010193,0,0.242420974177466,0,0.330966949462891
0,0.177000027471746,0,0.188151403997852,0,0,0,0,0,0.173018883381571,0,0,0,0,0,0,0,0,0,0,0,0.191734075742333,0,0,0,0,0,0,0,0,0,0.308058857917786,0.395173183509282,0.326853540859052,0.698236763477325,0,0.27739629149437,0.204892824137849,0.710274239381154,0.184449429442927,0.251420331852777,0.235440797906983,0.314831227064133,0.244884045422077,0,0.222057650397931,0,0.334635147418584,0.297353985721992,0,0,0,0,0,0,0.172843696718866,0,0.257727576912764,0,0.276572049341419,0,0.229104009557919,0,0,0.232592540385053,0,0.177093490958214,0,0.200244545936584,0,0.241891910137535,0,0.286946318022491,0,0.365850940677855,0.382181956370672,0.259083084762096,0.381684422492981,0.272117983951843,0.353806637848417,0.223933343277421,0.27301491264786,0.291457863701951,0,0.22477477863632,0.331780105829239,0
0,0,0,0,0.166835987815805,0,0.176844071352846,0,0,0,0,0,0,0,0,0,0,0,0,0,0.146967519732083,0,0,0,0,0,0,0,0,0,0,0,0,0,0,0,0,0,0,0,0,0,0,0,0,0,0,0,0,0,0,0,0.162036210298538,0,0,0,0,0,0.170078046619892,0,0,0,0,0.198201075196266,0,0,0,0,0,0,0,0,0,0,0,0,0,0,0,0,0,0,0.173729899433986,0,0,0,0
0,0,0,0,0,0.149769483001104,0,0.165708029270172,0,0,0,0.153166949748993,0,0.141341477632523,0,0.156204625964165,0,0,0,0.146291559221039,0,0,0,0,0,0,0,0,0,0,0,0,0,0,0,0,0,0,0,0,0,0,0,0,0,0,0,0,0,0,0,0,0,0.187269742290179,0,0,0,0.174370242371446,0,0.129887278985094,0,0.139475548737927,0.163424859670076,0,0,0,0,0,0,0,0,0,0,0,0,0,0,0,0,0,0,0,0.146077572826077,0.173852011561394,0.13606900125742,0,0
0,0,0,0,0,0,0.167118292834078,0,0,0,0,0,0,0,0,0,0,0,0,0,0,0,0,0,0,0,0,0,0,0,0,0,0,0,0,0,0,0,0,0,0,0,0,0,0,0,0,0,0,0,0.162036210298538,0,0,0,0,0,0.186569470968662,0,0.140573710203171,0,0,0,0,0,0,0,0,0,0,0,0,0,0,0,0,0,0,0,0,0,0,0,0.165472382397363,0,0,0,0
0,0,0,0,0,0.172411039471626,0,0.173430651426315,0,0,0,0,0,0,0,0,0,0,0,0.150335222482681,0,0,0,0,0,0,0,0,0,0,0,0,0,0,0,0,0,0,0,0,0,0,0,0,0,0,0,0,0,0,0,0.187269742290179,0,0,0,0,0,0.201733492997374,0,0.145802369853794,0,0,0.15524784475565,0,0,0,0,0,0,0,0,0,0,0,0,0,0,0,0,0,0,0,0.17332902611935,0,0,0,0
0.170047461265518,0,0.143900259690625,0,0,0,0,0,0.216265525452273,0,0,0,0,0,0.156767591834068,0,0,0,0,0,0,0,0,0,0.210325380515813,0,0,0,0,0,0,0,0,0,0,0,0,0,0.188422939607075,0,0,0,0.182442158460617,0,0,0,0,0,0.14557696949868,0,0,0,0,0,0,0,0,0,0,0,0.184961987899082,0,0,0,0,0,0,0.238915514797981,0,0,0,0,0,0,0,0,0,0.19971975684166,0,0,0,0.188459424508942,0.168995549507213,0.194127209385236,0.177212129036585,0,0.168302461504936
0,0.190138133652623,0,0.151541570822398,0,0,0,0,0,0.217212915360317,0,0,0,0,0,0.141899516806006,0,0,0,0,0,0,0,0.16034241206944,0,0.14582001666228,0,0,0,0,0,0,0,0,0,0,0,0,0,0,0,0,0,0,0,0,0,0,0,0.172843696718866,0,0,0,0,0,0,0,0,0,0,0,0.190750049820459,0,0,0,0,0,0,0,0,0,0,0,0,0,0,0,0,0,0,0,0,0.198570632340765,0.190066516063267,0.249566778540611,0,0
0.220423052156413,0,0.177611508539745,0,0,0,0.140912666916847,0,0,0,0.17011083024378,0,0.17206060141325,0,0,0,0,0,0,0,0.13447810976607,0,0,0,0,0,0,0,0,0,0.160618696113427,0,0,0,0,0,0.154171170672961,0,0.151953321970176,0,0.230191811919212,0,0.328036911367458,0,0,0,0.301192998886108,0,0.24535614431803,0,0,0,0.186569470968662,0,0,0,0,0,0.232373401962755,0,0,0,0,0.196699284384368,0,0,0,0,0,0,0,0.245514145719283,0,0.287400718200207,0,0,0,0,0,0.157264897227287,0,0.259888470311283,0.152946259804763,0,0.278248046779012,0,0.231526151299477
0,0.22451039403677,0,0.264893720720125,0,0.149604765176773,0,0.166964574490936,0,0,0,0.16289418809121,0,0.174729353756806,0,0,0,0,0,0.154979456467806,0,0,0,0,0,0,0,0.167297492269427,0,0.152324261241838,0,0,0,0,0,0,0,0.176492640137672,0,0,0,0.332180384718455,0,0,0,0.259571008384228,0,0,0,0.257727576912764,0,0.174370242371446,0,0.201733492997374,0,0,0,0,0,0.211517103340315,0,0.253499630136766,0.230424531845976,0,0,0,0,0,0,0,0.287407849487757,0,0.213586368250201,0,0,0,0,0,0,0,0.159969638007275,0,0.167764252550165,0,0.272081979286617,0.267414331436157,0
0,0,0.179793963788837,0,0.177420924107234,0,0.167541330059369,0,0,0,0.170254696850423,0,0.177824332902454,0,0.178558964282274,0,0,0,0,0,0,0,0,0,0,0,0,0,0.172393467390176,0,0,0,0,0,0,0,0,0,0,0,0,0,0.312278687953949,0,0,0,0,0,0.253341883640079,0,0.170078046619892,0,0.140573710203171,0,0,0,0.232373401962755,0,0,0,0.201777418114637,0,0,0,0,0,0,0,0,0.173003367402337,0,0.17114580903701,0,0,0,0,0,0,0,0,0,0,0.167822591989197,0.157361022103578,0.246304942646884,0,0
0,0.228457295468875,0,0.254335364088034,0,0.132508218345296,0,0.140321671497077,0,0,0,0.16819548107633,0,0.161894213733257,0,0.170224545257432,0,0.144093170762062,0,0,0,0,0,0,0,0,0,0.147143708541989,0,0,0,0,0,0,0,0,0,0,0,0,0,0.300635228554408,0,0,0,0,0,0,0,0.276572049341419,0,0.129887278985094,0,0.145802369853794,0,0,0,0.211517103340315,0,0,0,0.221070118232577,0,0,0,0,0,0,0,0,0.208346289818856,0,0,0,0,0,0,0,0,0,0,0,0.168119617610001,0.149267472103441,0.259082351653081,0,0
0.166864624077624,0,0.161572722452027,0,0.144509613513947,0,0,0,0.17176582895908,0,0,0,0.176424796356581,0,0.163133757579842,0,0,0,0,0,0,0,0,0,0.188556118771948,0,0.199014373123646,0,0,0,0,0,0,0,0,0,0,0,0,0,0,0,0,0,0,0,0,0,0.190437042713165,0,0,0,0,0,0.184961987899082,0,0,0,0.201777418114637,0,0,0,0,0,0,0,0,0,0,0,0,0,0,0,0,0,0,0,0,0,0,0,0.164967988793394,0.141586441014494,0,0,0
0,0.175351486577616,0,0.166887371628373,0,0.144262020539374,0,0,0,0.168987702928769,0,0,0,0.129282317979269,0,0.141501966817304,0,0.149206881137455,0,0,0,0,0,0,0,0,0,0,0,0,0,0,0,0,0,0,0,0,0,0,0,0,0,0,0,0,0,0,0,0.229104009557919,0,0.139475548737927,0,0,0,0.190750049820459,0,0.253499630136766,0,0.221070118232577,0,0,0,0,0,0,0,0,0,0,0,0,0,0,0,0,0,0,0,0,0,0,0.13503100774625,0,0.2551793217659,0,0
0,0,0,0,0,0.163334225863218,0,0,0,0,0,0.162287389886166,0,0,0,0,0,0,0,0.173645751074303,0,0,0,0,0,0,0,0,0,0,0,0,0,0,0,0.172045234580201,0,0.153912259306768,0,0,0,0,0,0,0,0.260622649907642,0,0,0,0,0,0.163424859670076,0,0.15524784475565,0,0,0,0.230424531845976,0,0,0,0,0,0,0,0,0,0,0,0,0,0,0,0,0,0,0,0,0.21163353573058,0,0.208165797526422,0,0.163176762052329,0,0.27018341290961,0,0
0,0,0,0,0,0,0,0,0,0,0.155063123550526,0,0,0,0,0,0,0,0,0,0.161446363360075,0,0,0,0,0,0,0,0,0,0,0,0,0,0,0,0.148212196683054,0,0.188079657476968,0,0.271277434886641,0,0.295268947382768,0,0.37554670125246,0,0.236519010708261,0,0.256872862577438,0,0.198201075196266,0,0,0,0,0,0.196699284384368,0,0,0,0,0,0,0,0,0,0,0,0,0,0,0,0,0.35085073880413,0,0,0,0,0,0.190477006595868,0,0.256544307943545,0.143548776259233,0,0.280684665043742,0,0.395489794015884
0,0,0,0,0,0,0,0,0,0,0,0,0,0,0,0,0,0.138834097319179,0,0,0,0.181383025446171,0,0.184218817523548,0,0.17403077185154,0,0.182208075055054,0,0,0,0,0,0,0,0,0,0.178968906071688,0,0,0,0,0,0,0,0,0,0,0,0.232592540385053,0,0,0,0,0,0,0,0,0,0,0,0,0,0,0,0,0.201608877755018,0,0.216554264166604,0,0.228699202619572,0,0,0,0,0,0,0,0,0,0.217019991132251,0,0.142977257701288,0.168425747233888,0,0,0
0,0,0,0,0,0,0,0,0,0,0,0,0,0,0,0,0,0,0,0,0,0.142742559313774,0.175686703237029,0,0.219740089815279,0,0,0,0.191629886627197,0,0,0,0,0,0,0,0,0,0.168604056639918,0,0,0,0,0,0,0,0,0,0.210229496940422,0,0,0,0,0,0,0,0,0,0,0,0,0,0,0,0,0,0,0.210610351203545,0,0.240176459120185,0,0.234727463330752,0,0,0,0,0,0,0,0,0,0.209188972064357,0.133673375865943,0,0,0,0
0,0,0,0,0,0,0,0,0,0,0,0,0,0,0,0,0,0,0.157649889588356,0,0,0.15786395846836,0,0.16308642735759,0,0.18121252355038,0,0,0,0,0,0,0,0,0,0,0,0.198285645713366,0,0,0,0,0,0,0,0,0,0,0,0.177093490958214,0,0,0,0,0,0,0,0,0,0,0,0,0,0,0.201608877755018,0,0,0,0.232160196845311,0,0,0,0,0,0,0,0,0,0,0,0.200591538806219,0,0.153534231480783,0,0.251863780790839,0,0
0,0,0,0,0,0,0,0,0.192241107542012,0,0,0,0,0,0,0,0,0,0,0,0,0,0.163486995975728,0,0.154624530899466,0,0.171914950013161,0,0,0,0,0,0,0,0,0,0,0,0.159416424500388,0,0,0,0,0,0,0,0,0,0.170909706950188,0,0,0,0,0,0.238915514797981,0,0,0,0,0,0,0,0,0,0,0.210610351203545,0,0,0,0,0,0,0,0,0,0,0,0,0,0,0,0.16131854057312,0.172504901885986,0.181039382517338,0,0,0
0,0,0,0,0,0,0,0,0,0,0,0,0,0,0,0,0,0.174741569374289,0,0,0,0.201350004456583,0,0.215303659686409,0,0.1918880882962,0,0.153397808472315,0,0,0,0,0,0,0,0,0,0,0,0,0,0,0,0,0,0,0,0,0,0.200244545936584,0,0,0,0,0,0,0,0,0,0,0,0,0,0,0.216554264166604,0,0.232160196845311,0,0,0,0.204553421574926,0,0,0,0,0,0,0,0,0,0,0,0.1501775224661,0,0,0,0
0,0,0,0,0,0,0,0,0,0,0,0,0,0,0.158405601978302,0,0.149961663410068,0,0,0,0,0,0,0,0.184547728404056,0,0.18242546307004,0,0.177727598283026,0,0,0,0,0,0,0,0,0,0,0,0,0,0,0,0,0,0,0,0,0,0,0,0,0,0,0,0,0,0.173003367402337,0,0,0,0,0,0,0.240176459120185,0,0,0,0,0,0.248923912612226,0,0,0,0,0,0,0,0,0,0,0.175898386881902,0,0,0,0
0,0,0,0,0,0,0,0,0,0,0,0.168459308929131,0,0,0,0,0,0.165620844988596,0,0,0,0.190519690650738,0,0,0,0.198633387684822,0,0.1824449394101,0,0.185235772610849,0,0,0,0,0,0,0,0.171835118614206,0,0,0,0.332005109028383,0,0,0,0,0,0,0,0.241891910137535,0,0,0,0,0,0,0,0.287407849487757,0,0.208346289818856,0,0,0,0,0.228699202619572,0,0,0,0.204553421574926,0,0,0,0.276039490252733,0,0,0,0,0,0,0,0.204425560604585,0,0.170214606291157,0.17871555685997,0.329156423608462,0,0
0,0,0,0,0,0,0,0,0,0,0,0,0.204295868674914,0,0,0,0,0,0,0,0,0,0,0,0,0,0.170484713315964,0,0.176925152840634,0,0.190612215811098,0,0,0,0,0,0,0,0.15311645005237,0,0,0,0.291665425806335,0,0,0,0,0,0.210353473223836,0,0,0,0,0,0,0,0.245514145719283,0,0.17114580903701,0,0,0,0,0,0,0.234727463330752,0,0,0,0.248923912612226,0,0,0,0.247008778371857,0,0,0,0,0,0,0,0.190679361988955,0.187154512671591,0.175067161520322,0.222686473853313,0,0
0,0,0,0,0,0,0,0,0,0,0,0.149914943383021,0,0,0,0,0,0,0,0,0,0,0,0,0,0,0,0.176068204370412,0,0.161526156957043,0,0,0,0,0,0,0,0.181279557580051,0,0,0,0.38049637277921,0,0,0,0,0,0,0,0.286946318022491,0,0,0,0,0,0,0,0.213586368250201,0,0,0,0,0,0,0,0,0,0,0,0,0.276039490252733,0,0,0,0,0,0,0,0,0,0.252746325637345,0,0.181454805713711,0,0.363403056118939,0,0
0,0,0,0,0,0,0,0,0,0,0.161179722845554,0,0,0,0,0,0,0,0,0,0.252600193023682,0,0,0,0,0,0,0,0.180717209974925,0,0.153346918715999,0,0,0,0,0,0,0,0.179205057603356,0,0.220160586138566,0,0.249371753542463,0,0,0,0.27706977725029,0,0.283789818151658,0,0,0,0,0,0,0,0.287400718200207,0,0,0,0,0,0,0.35085073880413,0,0,0,0,0,0,0,0.247008778371857,0,0,0,0,0,0,0,0.247380946027605,0,0.249420662929232,0.153799712657928,0,0.294786261074332,0,0.221823938190937
0,0,0,0,0,0,0,0,0,0,0,0,0,0,0,0,0,0,0,0,0,0,0,0,0,0,0,0,0,0,0,0.205371850657831,0.204583255401183,0.282061384881244,0.252973152324557,0.182526864580013,0.178843087383679,0,0,0,0,0,0,0,0,0,0,0.347551785306515,0.388380982787222,0.365850940677855,0,0,0,0,0,0,0,0,0,0,0,0,0,0,0,0,0,0,0,0,0,0,0,0,0,0.254853256909471,0.30916121813943,0.249560952186584,0.2293074558601,0.28087120609624,0.288544634977976,0,0.16357420403557,0,0,0,0
0,0,0,0,0,0,0,0,0,0,0,0,0,0,0,0,0,0,0,0,0,0,0,0,0,0,0,0,0,0,0,0.176336937789697,0.195070978205699,0.182255951066812,0.258915550147112,0.513632866434562,0.20787661389822,0,0.248617784466062,0,0,0,0,0,0,0,0,0.381537849456549,0.416365665873301,0.382181956370672,0,0,0,0,0,0,0,0,0,0,0,0,0,0,0,0,0,0,0,0,0,0,0,0,0.254853256909471,0,0.236409814655781,0.305163186568706,0.314129693050907,0.20980549009002,0.271260480086009,0.282735201118432,0.130902239892083,0,0,0,0
0,0,0,0,0,0,0,0,0,0,0,0,0,0,0,0,0,0,0,0,0,0,0,0,0,0,0,0,0,0,0,0.265576821610783,0.197497834761937,0.197186860489094,0.21461139051271,0.188760851026961,0,0.188353292212106,0.601178591450055,0,0,0,0,0,0,0,0,0.377007543980675,0.332585155963898,0.259083084762096,0,0,0,0,0,0,0,0,0,0,0,0,0,0,0,0,0,0,0,0,0,0,0,0,0.30916121813943,0.236409814655781,0,0.20857464487422,0.272508385679583,0.244497239589691,0.259847384366189,0.254590598436502,0.231372634569804,0,0.366310720642408,0,0
0,0,0,0,0,0,0,0,0,0,0,0,0,0,0,0,0,0,0,0,0,0,0,0,0,0,0,0,0,0,0,0.175135628265493,0.257441411369957,0.203090106547585,0.215359338621298,0.286471158266068,0.167553475499153,0.155346340366772,0.217475531369629,0,0,0,0,0,0,0,0,0.284257522286357,0.34263680378596,0.381684422492981,0,0,0,0,0.19971975684166,0,0,0,0,0,0,0,0,0,0,0,0,0,0,0,0,0,0,0,0.249560952186584,0.305163186568706,0.20857464487422,0,0.304564647185497,0.254316285953802,0.204264055598866,0.248881955311067,0.207529646494696,0.190164705117544,0,0,0
0,0,0,0,0,0,0,0,0,0,0,0,0,0,0,0,0,0,0.225367719164261,0.175683170322972,0,0,0,0,0,0,0,0,0,0,0,0.362670175260433,0.29784309896794,0.219828633641874,0.301972959281468,0.185829753277949,0.235733820063932,0.179634550750334,0.251225709915161,0.209684528588182,0.314157807268202,0.281703573768805,0,0.371975581463374,0,0.225591779241715,0.27277398109436,0.323572525245873,0.30497908035312,0.272117983951843,0,0,0,0,0,0,0,0,0,0,0,0,0.21163353573058,0,0,0,0,0,0,0,0,0,0,0,0.2293074558601,0.314129693050907,0.272508385679583,0.304564647185497,0,0.291438886254537,0.236658877730704,0.274887871742249,0.194721035301858,0.200863475207802,0.283065716041927,0.325985486598781,0
0,0,0,0,0,0,0,0,0,0,0,0,0,0,0,0,0,0,0,0,0.132104318780997,0,0,0,0,0,0,0,0,0,0,0.205513392264644,0.231681487105024,0.216841116547585,0.247594831024551,0.219662565664479,0.178652680571037,0,0.178253704427204,0.301184676587582,0.234317104950947,0,0.274636326369647,0,0.346872117498825,0,0.217132535789186,0.398431974558198,0.364534277226445,0.353806637848417,0,0,0,0,0,0,0.157264897227287,0,0,0,0,0,0,0.190477006595868,0,0,0,0,0,0,0,0,0,0.247380946027605,0.28087120609624,0.20980549009002,0.244497239589691,0.254316285953802,0.291438886254537,0,0.282296058806506,0.215136291720832,0.170221501020774,0.226804927291889,0.284013112942081,0,0.3095430235068
0,0,0,0,0,0,0,0,0,0,0,0.169283419362539,0,0,0,0,0,0,0,0.145835785720593,0,0.217268843695803,0,0.196627233759113,0,0,0,0.172230115745749,0,0.175897276908793,0,0.301191801826159,0.279300818840663,0.333831065630547,0.387694896051758,0.188894456309005,0,0.179936090182489,0.540135005571572,0.228578984737396,0,0.32530109756268,0.333452183008194,0,0,0.258887814978759,0,0.395610807491622,0.340199633556254,0.223933343277421,0,0,0,0,0,0,0,0.159969638007275,0,0,0,0,0.208165797526422,0,0.217019991132251,0,0.200591538806219,0,0,0,0.204425560604585,0,0.252746325637345,0,0.288544634977976,0.271260480086009,0.259847384366189,0.204264055598866,0.236658877730704,0.282296058806506,0,0.30502049017484,0.23002703258375,0.309275849810186,0.243206945629948,0,0
0,0,0,0,0,0,0,0,0.181446168767778,0,0.15968739753589,0,0,0,0,0,0,0,0,0,0.138532428788797,0,0.164925340252618,0,0.18471522629261,0,0,0,0,0,0.212821066379547,0.238675134877364,0.27499582991004,0.296138544651595,0.232578029962523,0.268180030584335,0.172343683569911,0.2157131636335,0.193120420075371,0.24621208012104,0.168494463400686,0,0.249663622576102,0,0,0,0.290914626281221,0.317102536138959,0.234374746827796,0.27301491264786,0,0,0,0,0.188459424508942,0,0.259888470311283,0,0,0,0,0,0,0.256544307943545,0,0.209188972064357,0,0.16131854057312,0,0,0,0.190679361988955,0,0.249420662929232,0,0.282735201118432,0.254590598436502,0.248881955311067,0.274887871742249,0.215136291720832,0.30502049017484,0,0.175754922961247,0.187037689487139,0.308432233802298,0,0.313649415744073
0.255241054152434,0.195845511080103,0,0,0.171100398605587,0.133323794527149,0.192408360540867,0.190584008411695,0.152893314151203,0.162604999090654,0.125454142320255,0.158196217618709,0.140008473147949,0.155069783911472,0.165743829632128,0.127827214674567,0.213646465913803,0.187337148379422,0.22153207487147,0.146012526674148,0.137836021420203,0.150825043025495,0.130706025899707,0.14804071166481,0.165875100172483,0.154873741914829,0.178871614271647,0.165839823228972,0.188301707307498,0.15909200216885,0.151548544565837,0.153019901897226,0.151309511912656,0.197979258137873,0.216247819572966,0.164668436154841,0.153426505067179,0.225623888978408,0.279608356445474,0.242042654156685,0.18402873724699,0.253751381528572,0.200487718939328,0.198278111013873,0.196831627976237,0.239551524321238,0.229739926755428,0.387775194140522,0.329188645010193,0.291457863701951,0.173729899433986,0.146077572826077,0.165472382397363,0.17332902611935,0.168995549507213,0.198570632340765,0.152946259804763,0.167764252550165,0.167822591989197,0.168119617610001,0.164967988793394,0.13503100774625,0.163176762052329,0.143548776259233,0.142977257701288,0.133673375865943,0.153534231480783,0.172504901885986,0.1501775224661,0.175898386881902,0.170214606291157,0.187154512671591,0.181454805713711,0.153799712657928,0.16357420403557,0.130902239892083,0.231372634569804,0.207529646494696,0.194721035301858,0.170221501020774,0.23002703258375,0.175754922961247,0,0.20460554749269,0.226199710798675,0.180628831283404,0.14323196828749
0,0,0,0,0,0.157343745231628,0,0,0.152975235045666,0.181427216564771,0,0,0.140262829249396,0.148603041249682,0.13705779115359,0.177575703710318,0.12664618114767,0.134147045229717,0.158400558999607,0,0,0.157925641834736,0.218425791947339,0,0.16846875846386,0,0,0.184539900720119,0.182286441326141,0,0,0,0,0.194068094715476,0.208708861470222,0.189985628927215,0.190169836936602,0.264800510383225,0.291699500381947,0,0,0.247218325734138,0.243700253058083,0,0.218052061274648,0,0.236134387552738,0.434894137084484,0,0,0,0.173852011561394,0,0,0.194127209385236,0.190066516063267,0,0,0.157361022103578,0.149267472103441,0.141586441014494,0,0,0,0.168425747233888,0,0,0.181039382517338,0,0,0.17871555685997,0.175067161520322,0,0,0,0,0,0.190164705117544,0.200863475207802,0.226804927291889,0.309275849810186,0.187037689487139,0.20460554749269,0,0.236215331881411,0,0
0.23461046331391,0.24096631333732,0.165175817148001,0.262594009635218,0.164148840834113,0.135777992506822,0,0,0.163840153565009,0.155618705919811,0,0.145357209032979,0,0,0,0,0.386545972691642,0.276374401897192,0.239911915080537,0.20098824681138,0.182599107341806,0,0,0,0,0,0,0,0,0,0,0,0,0.311603218317032,0.293760135769844,0.201506967147191,0.214623094093604,0.185903206467628,0.24292598117371,0.300048160098825,0.244278770684139,0.293093011377617,0.269022189924944,0.304710423751852,0.184016642466672,0.237654054477684,0.23267604901353,0.373844548699936,0.242420974177466,0.22477477863632,0,0.13606900125742,0,0,0.177212129036585,0.249566778540611,0.278248046779012,0.272081979286617,0.246304942646884,0.259082351653081,0,0.2551793217659,0.27018341290961,0.280684665043742,0,0,0.251863780790839,0,0,0,0.329156423608462,0.222686473853313,0.363403056118939,0.294786261074332,0,0,0.366310720642408,0,0.283065716041927,0.284013112942081,0.243206945629948,0.308432233802298,0.226199710798675,0.236215331881411,0,0.371202876130419,0.267578137638319
0,0,0,0,0,0,0,0,0,0,0,0,0,0,0,0,0,0,0.200716790607997,0,0,0,0,0,0,0,0,0,0,0,0,0,0,0,0,0,0,0,0,0.277599234666143,0,0.251586564805538,0,0,0,0.221952982246876,0,0,0,0.331780105829239,0,0,0,0,0,0,0,0.267414331436157,0,0,0,0,0,0,0,0,0,0,0,0,0,0,0,0,0,0,0,0,0.325985486598781,0,0,0,0.180628831283404,0,0.371202876130419,0,0
0,0,0,0,0,0,0,0,0.155107128620148,0,0,0,0,0,0,0,0.184339761734009,0,0.184888743561262,0,0,0,0,0,0,0,0,0,0,0,0,0,0,0,0,0,0,0,0,0,0.314680278301239,0,0.180444134291356,0,0.231028620153666,0,0,0,0.330966949462891,0,0,0,0,0,0.168302461504936,0,0.231526151299477,0,0,0,0,0,0,0.395489794015884,0,0,0,0,0,0,0,0,0,0.221823938190937,0,0,0,0,0,0.3095430235068,0,0.313649415744073,0.14323196828749,0,0.267578137638319,0,0
