0,5.52035792151574e-05,0.00734168666767655,0,0,0,0,0,0.0307184538996709,0,0,0,0,0,0,0,0.000364260035048945,2.05647098393382e-05,0.00800552588229784,0,0,0,0,0,0,0,0,0,0,0,0,0,0,2.88029864632074e-05,0,0,0.000109250462658578,8.79890320683234e-05,0.000403591049736596,0,0.00116480321475833,4.67311845319242e-05,0.0058241553119236,0,0,0,0.00215484888462076,0.000911855496762927,0.0134379534242641,0.000108452078546021,0,0,0,0,0.0478465000677756,6.72882927719165e-05,0.000459087059804697,0,0.000142880429215067,0,0.000564663560156027,0,0,0.000110568379554887,0,0,0.000157300959662816,0,0,0,0,2.513240430748e-05,0,0.00292007790422648,0,0,0,0,0,0.000892484205520733,9.55868266843752e-05,0.000486277799049966,0.00074418571804487,1.32567587828772e-06,0.0156781558150378,0,0.00052922442650381
5.52035792151574e-05,0,0,0.0140527361699859,0,0,0,0,0,0.0262966381193666,0,0,0,0,0,0,3.98957491676405e-05,7.89787853841303e-05,0.00160914004209753,0,0,0,0,0,0,0,0,0,0,0,0,0,0,0,0,2.8289892259052e-06,0,0.000111839462086248,5.95755818580369e-05,0.000228110896009011,0,0.00946105293637683,0.000125974491869824,0,0,0.000120396685670647,0,0.000408138370680882,0,0.0343058120004709,0,0,0,0,0,0.0420088506674242,0,8.32352369815381e-05,0,0.000247046514231115,0,6.06245522597252e-05,3.85939309194543e-05,0,0,0,0,0,0,0,0.000184466678754939,0,0.000412225972610875,0,0,0,0,0,0.000126413514885936,0,0.000147287040236945,4.96968817447161e-05,0.00041390121144579,0,0.00815821526406903,0,0
0.00734168666767655,0,0,0,0,0,0,0,0.000438299721474228,0,0,0,0,0,0,0,0,0,0.000111140002212733,0,0,0,0,0,0.00014349317437809,0,0,0,0,0,0,0,0,0,0,0,3.25996541526822e-05,0,9.23271418860617e-05,0,0.000270667640945377,1.83069147908187e-05,0.00218914051680449,0,0,0,0.000220143092213843,0,0.00372797068347838,0,0,0,0,0,0.000354256926411144,0,0.000489125286480515,0,0.000396985325915267,0,0.00219731239326608,0,0,1.39728915417582e-05,0,0,0,0,0,0,0,2.23729829389824e-05,0,0.00373714313785158,0,0,0,0,0,2.75388362527169e-05,0,9.75401130042909e-05,6.73553794439374e-05,1.53675931836725e-06,0.00392908442830799,0,0.000363586476713973
0,0.0140527361699859,0,0,0,0,0,0,0,0.00466257853088409,0,0,0,0,0,0,0,0,1.56411026679929e-05,0,0,0,0,0,0,0,0,0,0,0,0,0,0,0,0,7.18355999644402e-05,0,2.45214950014842e-05,0,0.00105526253020981,0,0.0040539766391815,0,0,0,7.53460611485806e-05,0,0,0,0.0123870570085629,0,6.08189184001023e-05,0,0,0,0.0189432062377704,0,0.00579210446219714,0,0.00529424336400252,0,0.0194553934701063,6.38052795464061e-05,0,0,0,0,0,0,0,8.11102399731339e-05,0,0.0121283546145468,0,0,0,0,0,8.99479071113037e-05,0,0.000988405664931804,0,0.000210895250433284,1.25261819157907e-05,0.0131533205248615,0,0
0,0,0,0,0,0,0.000455586133798265,0,0.00661250679258997,0,0,0,0,0,0,0,0,0,0,0,0,0,0,0,0,0,0,0,0,0,0,0,0,0,0,0,0,0,0,0,0,0,0,0,0,0,0,0,0,0,0.074369122043207,0,0,0,0,0,0,0,0,0,0,0,0,0,0,0,0,0,0,0,0,0,0,0,0,0,0,0,0,0,0,0,0,0,0,0,0
0,0,0,0,0,0,0,0,0,0.000518356437683647,0,0,0,0,0,0.00607808773827714,0,0,0,0,0,0,0,0,0,0,0,0,0,0,0,0,0,0,0,0,0,0,0,3.06712672767048e-05,0,0.00135576106712673,0,0,0,5.58980536860673e-05,0,0,0,0,0,0.0909784104663833,0,0,0,0,0,0,0,0,0,0,0.000100121688203485,0,0,0,0,0,0,0,0,0,0,0,0,0,0,0,1.27735379464017e-06,0,0,0,0.000329118767623263,1.7571899945593e-05,0.000637208719722373,0,0
0,0,0,0,0.000455586133798265,0,0,0,0,0,0,0,0.00137146196577018,0,0,0,0,0,0,0,3.12644880662571e-05,0,0,0,0,0,0,0,0,0,0,0,0,0,0,0,0,0,0,0,0,0,0,0,0,0,0,0,0,0,0.00232310249167704,0,0.0120137557822656,0,0,0,0.000892439556000825,0,0.0167500738918134,0,0,0,0,6.57143749087027e-05,0,0,0,0,0,0,0,0,0,0,0,0,0,0,0,0,0,0,0,0,0,0,0
0,0,0,0,0,0,0,0,0,0,0,0.000335960594757046,0,0,0,0,0,0,0,0,0,0,0,0,0,0,0,0,0,0,0,0,0,0,0,0,0,0,0,0,0,0,0,0,0,0,0,0,0,0,0,0.000303398061078042,0,0.0287429448468759,0,0,0,0.00485256713787233,0,0.00410593280834277,0,0,0,0,0,0,0,0,0,0,0,0,0,0,0,0,0,0,0,0,0,0,0,0,0,0,0
0.0307184538996709,0,0.000438299721474228,0,0.00661250679258997,0,0,0,0,0,0,0,0,0,0.0192726536819231,0,0,0,9.3085265991183e-05,0,4.47616417502471e-05,0,0,0,0.00181385894761034,0,0.0125687114788291,0,0,0,0,0,0,0,0,0,1.79535875151148e-06,0,6.46173551205612e-05,0,0.000184586115864773,0,0.00096916062059312,0,0,0,0,0,0.000814431869352487,0,0,0,0,0,0.101423172826406,0,0.00039558379600158,0,0,0,0.0464539960368558,0,0,0,0,0,0,0.000601942562614205,0,0,0,0.000213979382767617,0,0.00189660126591657,0,0,0,0,0,1.28394906167517e-05,0,1.93476166818326e-05,0.000704279123579604,0.000769835633527934,0.00128667028234889,0,0
0,0.0262966381193666,0,0.00466257853088409,0,0.000518356437683647,0,0,0,0,0,0,0,0,0,0.058692817648616,0,1.44517198091333e-05,6.6981406928809e-05,0,0,0,0,0.00681773369398193,0,0,0,0,0,0,0,0,0,0,0,1.27169039490964e-05,0,0.00179582708938408,0,0,0,0.00116462814339947,4.82531949991949e-06,0,0,0,0,1.47765819618646e-05,0,0.00565736125785775,0,0,0,0,0,0.133596415617372,0,0.000294068945202518,0,0.000117219438429662,0,0.0603075488603712,2.76222132445424e-05,0,1.21115114048026e-05,0,0.00988762569482007,0,0.00275338417325324,0,0.000680170770149109,0,0.000557647959593946,0,0,0,0,0,0,0,0.000909496667495652,0,0.00226102199489076,0.00206806782647365,0.00285344837777702,0,0
0,0,0,0,0,0,0,0,0,0,0,0,0.0053726963142856,0,0,0,0,0,0,0,0.0131083585555583,0,0,0,0,0,0,0,0,0,0.0141079734829592,0,0,0,0,0,0.00427495186162314,0,0.0179523586460208,0,0,0,0,0,0,0,0,0,0,0,0,0,0,0,0,0,0.138142076851664,0,0.0680218746451652,0,0,0,0,0,0,0,0,0,0,0,0,0.00198294562793839,0,0.0441874537352855,0,0,0,0,0,0.000197596003669074,0,0.00180091241847523,0.000254749459713918,5.32479953108123e-06,1.20690574018137e-05,0,0
0,0,0,0,0,0,0,0.000335960594757046,0,0,0,0,0,0.0111203193983975,0,0,0,0,0,0.0117305841913946,0,0,0,0,0,0,0,0,0,0.00103586655685612,0,0,0,0,0,0.00064380860417896,0,0.0139781938255868,0,0,0,0,0,0,0,0,0,0,0,0,0,8.89001610419457e-05,0,0,0,0,0,0.0881821496449841,0,0.0142794755136176,0,0,0.000593291068216503,0,0,0,0,0,0,0,0.000737402779117257,0,0.0329900249987525,0,0,0,0,0,8.1133613643937e-05,0,0.00265790365088725,0,0.00101736898574249,6.37896685028058e-05,0,0,0
0,0,0,0,0,0,0.00137146196577018,0,0,0,0.0053726963142856,0,0,0,0.0162334008946438,0,0,0,0,0,0,0,0,0,0,0,0.0042601748489789,0,0.00425822722632363,0,0,0,0,0,0,0,0,0,0,0,0,0,0,0,0,0,0,0,0,0,0,0,0,0,0,0,0,0,0.0371553367683567,0,0.009631348764235,0,0,0,0,0,0,0,0,0.000738112469939878,0,0.00148909523692223,0,0,0,0,0,0,0,0,0,0,0.000451195180011702,0.00151269643277048,0,0,0
0,0,0,0,0,0,0,0,0,0,0,0.0111203193983975,0,0,0,0.00517776690824806,0,0,0,0,0,0,0,0,0,0,0,0.00306273030237887,0,0,0,0,0,0,0,0,0,0,0,0,0,0,0,0,0,0,0,0,0,0,0,0,0,0,0,0,0,0.000807126583178882,0,0.0544840950327077,0,0.00123874190374337,0,0,0,0,0,0,0,0,0.00113725157306293,0,0,0,0,0,0,0,0,0,0,0,0.000727896436072107,0.000958076015465379,0,0,0
0,0,0,0,0,0,0,0,0.0192726536819231,0,0,0,0.0162334008946438,0,0,0,0,0,0,0,0,0,0,0,0,0,0.00160673566484134,0,0,0,0,0,0,0,0,0,0,0,0,0,0,0,0,0,0,0,0,0,0,0,0,0,0,0,0.000322593653986512,0,0,0,0,0,0.0281658989010742,0,0,0,0,0,0,0,0,0.00581778913359749,0,0,0,0,0,0,0,0,0,0,0,0,0.00028156231086158,0,0,0,0
0,0,0,0,0,0.00607808773827714,0,0,0,0.058692817648616,0,0,0,0.00517776690824806,0,0,8.93175798048106e-05,0.00208983345638465,5.25328452257792e-05,0,0,0,0,0,0,0,0,0,0,0,0,0,0,0,0,0,0,0,0,0,0,0,0,0,0,0,0,0,0,0,0,0,0,0,0,0.00311542095087934,0,0,0,0.000396671140176137,0,0.021557752834212,0,0,0,0,0,0,0,0,0,0,0,0,0,0,0,0,0,0,0,0,0.00124126690393374,0.000196101773277532,0,0,0
0.000364260035048945,3.98957491676405e-05,0,0,0,0,0,0,0,0,0,0,0,0,0,8.93175798048106e-05,0,0.149317824361043,0.0612365794057205,0,0,0.000244008768389594,0.00183389902016733,0.000277457861582518,0.00345429525853087,0.00037716357780738,0.00765718784166594,0,0.000996263341298949,0,0,0,0,0,0,1.49308323987699e-05,0.000151298440216484,3.12110393457622e-05,4.22491142789122e-05,0.000386217280508139,0.000575289151133782,0.00079183544193985,0.0010553085391133,0,0,0.000416604717388583,0.000727898865755818,0,0.000156756985448025,4.16642105662696e-05,0,0,0,0,0,0,2.51692623269489e-05,0,0,0,0,0,4.2847275991886e-05,0.000102681882528078,1.22137006659681e-05,0,0,3.56702731672497e-05,0,0,0,3.09847853167939e-06,9.17887211634408e-05,0.000215265318570365,0,0,6.19942809898541e-05,0,0.000378024312264164,0.000435860986493865,0.000142630597871712,0.000477649274621806,0.0306560266606307,0.00451617525768378,0.00121241574685086,9.71153922661579e-05,0.000279045470513612
2.05647098393382e-05,7.89787853841303e-05,0,0,0,0,0,0,0,1.44517198091333e-05,0,0,0,0,0,0.00208983345638465,0.149317824361043,0,0.0412982142922124,0,0,0.00342874499195827,4.02369621411007e-05,0.0119198073100731,0,0.0203529525731446,4.94145083237488e-05,0.000471592074887834,0,0,0,0,0,0,0,0.000120457136963472,2.63322944425867e-05,3.58272906410152e-05,2.66797667117951e-06,0.00095189856470869,0.000303449759018223,0.00213984854734763,0.000604092200096215,0,0,0.000760222241223515,0.000542909049964995,0,0.000102472807920131,0.000167890205349865,0,0,0,0,0,0,1.6739909540202e-05,0,0,0,2.06301561264691e-06,3.86432536648275e-05,0.000165264431189758,5.06371169446477e-05,0.000471804691972159,0,3.06849457468169e-05,0,0.00205430992754389,0,0,0,0.000219551669787277,7.61782927957069e-05,0,0,3.01149499945128e-05,2.48967002072926e-06,0.00120542025888469,0.000297247777791825,0.000807400273493347,9.02763295447613e-05,0.0232274467588174,0.0028492581720674,0.0019576152752583,0.000187607351380834,2.28456325787051e-05
0.00800552588229784,0.00160914004209753,0.000111140002212733,1.56411026679929e-05,0,0,0,0,9.3085265991183e-05,6.6981406928809e-05,0,0,0,0,0,5.25328452257792e-05,0.0612365794057205,0.0412982142922124,0,0,0,6.39223973885786e-06,1.255856562516e-05,6.62861457211734e-05,0,6.72799413719096e-05,9.45951851685791e-05,0,0,0,0,0,0,0,0,0.000762220208319484,0.00122661478671071,0.000224614158613981,0.000245425200995989,0.014888768429049,0.0122292961915317,0.0252103503065253,0.0175082119444357,0,8.41909566014166e-05,0.00849899922567211,0.0157314425077216,1.33704450528218e-05,0.00234641753507616,0.00174111058650383,3.00133409167601e-05,0,0,0,0.000123871718245942,0,0.000124171708733859,0.000204573525200232,1.177175665603e-05,0,1.26326043899043e-05,3.05422490081356e-05,0.00409459773485764,0.00364581730629969,0,0,0,0,0,0,0.00010017080559955,1.85735487293016e-05,0.00352206965720742,0.00325254181560373,0,0,0.000529150784613315,2.01002600086921e-05,0.0111870624248558,0.0084394867578701,0.00467624135679201,0.00516124887854232,0.0100717603417218,4.03279571726459e-05,0.0305171731803588,0.00307827311694996,0.00224636961114146
0,0,0,0,0,0,0,0,0,0,0,0.0117305841913946,0,0,0,0,0,0,0,0,0,0,0,0,0,0,0,0,0,3.73777029008702e-05,0,0,0,0,0,0.00675608252023429,0,0.00572460234158678,0,0,0,0.000350348341523698,0,0,0,0,0,0,0,0,0,0,0,0,0,0,0,0.028938440510498,0,0,0,0,0.050939528218426,0,0,0,0,0,0,0,0,0,0.000131439373564052,0,0,0,0,0,0.000410847484351282,0,0.00077462125196635,0,0.000823518567858544,2.11489067312484e-05,0.000417435959754626,0,0
0,0,0,0,0,0,3.12644880662571e-05,0,4.47616417502471e-05,0,0.0131083585555583,0,0,0,0,0,0,0,0,0,0,0,0,0,0,0,0,0,0,0,0,0,0,0,0,0,0.0169928799443273,0,0.00787021624946247,0,0,0,0.000127691490500403,0,0,0,1.48285096717934e-05,0,0,0,0.00596998748260876,0,0.00226266122111273,0,0.000116246724041227,0,0.0279130149175054,0,0.000536183708867398,0,0.000582462252930778,0,0,0.0845904739179681,0,0,0,0,0,0,0,0,0,0,0,0,0,0,0,0.00116664658275109,0,0.000973198147227246,0.000149058825746133,1.16224423822625e-05,0.00341479802936042,0,0
0,0,0,0,0,0,0,0,0,0,0,0,0,0,0,0,0.000244008768389594,0.00342874499195827,6.39223973885786e-06,0,0,0,0.00837157765340897,0.0116644418485004,0,0.00171094330700566,0,0.00274943443714184,0,0,0,0,0,0,0,0,0,0.0151512727140179,0,0,0,2.72916753488644e-06,0,0,0,0,0,0,0,0.000974606382256457,0,0,0,0,0,0,0,0,0,0,0,0,0,0,0.122658722247272,0.000315415931070151,0.00219150894197966,0,0.000811174210979884,0,6.81271660713404e-05,0,0,0,0,0,7.99344342973429e-05,0,8.33135030780642e-07,0,0.00166201969428462,0,0.00861770749041668,0.00571855798970999,0,0,0
0,0,0,0,0,0,0,0,0,0,0,0,0,0,0,0,0.00183389902016733,4.02369621411007e-05,1.255856562516e-05,0,0,0.00837157765340897,0,0,0.00498690696489953,0,0.000917267946605757,0,0.00937796219265848,0,0,0,0,0,0,0,0,0,0.0130892713138876,0,0,0,0,0,0,0,0,4.78819013796379e-06,0.0013040263572766,0,0,0,0,0,0,0,0,0,0,0,0,0,0,0,0,0.139050766038321,0,0.00324679934774947,0,0.000312742616853869,0,0.000676509706570255,0,0,0,0,0,0,0,0,2.35880061501701e-06,0.00181176083466834,0.00769156705583667,0.0114072725297239,0,0,0
0,0,0,0,0,0,0,0,0,0.00681773369398193,0,0,0,0,0,0,0.000277457861582518,0.0119198073100731,6.62861457211734e-05,0,0,0.0116644418485004,0,0,0,0.0449658965974853,0,0,0,0,0,0,0,0,0,0,0,0.0113283626290813,0,0,0,0,0,0,0,0,0,0,0,0.00296258342097083,0,0,0,0,0,0.00115753694753995,0,4.41804687832731e-05,0,0,0,0.00413238461466222,0,0,0.0109838699017747,0,0.147065628012989,0,0.120089273268036,0,0,0,0,0,0,0,8.83607702017535e-05,0,0,0,0.0010763449328297,0,0.000738110198683645,7.96155915030441e-06,0,0,0
0,0,0.00014349317437809,0,0,0,0,0,0.00181385894761034,0,0,0,0,0,0,0,0.00345429525853087,0,0,0,0,0,0.00498690696489953,0,0,0,0.0462153880576811,0,0,0,0,0,0,0,0,0,0,0,0.00450385482629651,0,0,0,0,0,0,0,0,0,0.000339207022211627,0,0,0,0,0,0.0166476966239114,0,0,0,0,0,0,0,0,0,0,0.00570306379946077,0,0.034949266998132,0,0.0987775525031027,0,0,0,0,0,0,0,0,0,0,0,1.33425884426435e-05,0.00228482314735096,0,3.31190692828198e-05,0,0
0,0,0,0,0,0,0,0,0,0,0,0,0,0,0,0,0.00037716357780738,0.0203529525731446,6.72799413719096e-05,0,0,0.00171094330700566,0,0.0449658965974853,0,0,0,0.00267267023849882,0,0,0,0,0,0,0,0,0,0,0,0,0,1.36581783966318e-05,0,0,0,0,0,0,0,0,0,0,0,0,0,0,0,0,0,0,0,0.00350566686953806,0,0,5.80735787078642e-05,0,0.000165837482200004,0,0.00995075263601196,0,0,0,0,0,0,0,0,0,1.25628503795872e-06,0,0,0,0.000928134791257796,1.1857778607678e-05,0,0,0
0,0,0,0,0,0,0,0,0.0125687114788291,0,0,0,0.0042601748489789,0,0.00160673566484134,0,0.00765718784166594,4.94145083237488e-05,9.45951851685791e-05,0,0,0,0.000917267946605757,0,0.0462153880576811,0,0,0,0.000230333841631847,0,0,0,0,0,0,0,0,0,0,0,0,0,0,0,0,0,0,0,0,0,0,0,0,0,0,0,0,0,0,0,0,0,0,0,0,0,0,0.000123074375859974,0,0.0184856208765703,0,0.00124748485087429,0,0,0,0,0,0,0,0,0,0,0.000707133285834158,0.000833075623912738,0,0,0
0,0,0,0,0,0,0,0,0,0,0,0,0,0.00306273030237887,0,0,0,0.000471592074887834,0,0,0,0.00274943443714184,0,0,0,0.00267267023849882,0,0,0,0.0224376987318336,0,0,0,0,0,0,0,0.00167669009469131,0,0,0,0,0,0,0,0,0,0,0,0,0,0,0,0,0,0,0,0,0,0.00247739962013973,0,0,0,0,0.00178329086450747,0,0,0,0.00239845328943571,0,0.0571993160255593,0,0.00011513959168157,0,0,0,0,0,0,0,0.000102674872438219,0,0.00207398152644283,0.00306550760179432,0,0,0
0,0,0,0,0,0,0,0,0,0,0,0,0.00425822722632363,0,0,0,0.000996263341298949,0,0,0,0,0,0.00937796219265848,0,0,0,0.000230333841631847,0,0,0,0.0211250048181736,0,0,0,0,0,0,0,0.000654942070251138,0,0,0,0,0,0,0,0,0,0,0,0,0,0,0,0,0,0,0,0.00362537377791203,0,0,0,0,0,0,0.00291283134290824,0,0,0,5.00792096238094e-05,0,0.0487526127378671,0,0,0,0,0,0,0,0,0,5.02261750693735e-05,0.00190122488461418,0.00614259213654572,0,0,0
0,0,0,0,0,0,0,0,0,0,0,0.00103586655685612,0,0,0,0,0,0,0,3.73777029008702e-05,0,0,0,0,0,0,0,0.0224376987318336,0,0,0,0,0,0,0,0,0,0.0084927909126047,0,0,0,0,0,0,0,0,0,0,0,0,0,0,0,0,0,0,0,0.000158473703180136,0,0,0,0,0,0,0,0,0,0,0,0,0.00952052009833948,0,0.0750817721096828,0,0,0,0,0,0,0,0.000470375282242026,0,0.00122370439887377,0.00166732063760619,0,0,0
0,0,0,0,0,0,0,0,0,0,0.0141079734829592,0,0,0,0,0,0,0,0,0,0,0,0,0,0,0,0,0,0.0211250048181736,0,0,0,0,0,0,0,0,0,0.00926317682539367,0,0,0,0,0,0,0,0,0,0,0,0,0,0,0,0,0,0.00378433410294382,0,0,0,0,0,0,0,0,0,0,0,0,0,0,0.0224970418432148,0,0.174707428334137,0,0,0,0,0,0,0,0.00193323268270362,0.00119817245055328,0,0,0,0
0,0,0,0,0,0,0,0,0,0,0,0,0,0,0,0,0,0,0,0,0,0,0,0,0,0,0,0,0,0,0,0,0.00631185743576023,0.00317755629709937,0,0.0035281938466909,0.000111927074239463,0,0,0,0,0,0,0,0,0,0,0.140911533137657,0,0.000104030985011048,0,0,0,0,0,0,0,0,0,0,0,0,0,0,0,0,0,0,0,0,0,0,0,0,0.0585656903042967,0.00781114113830843,0,0,0.00109917188699665,6.30966337717225e-05,0,0,0.000228400164658684,0,4.47825152910669e-05,0,0
0,0,0,0,0,0,0,0,0,0,0,0,0,0,0,0,0,0,0,0,0,0,0,0,0,0,0,0,0,0,0,0.00631185743576023,0,0,0,0,0.00473655296935343,0,0,0,0,0,0,0,0,0,0,0.0940230785099385,0,0,0,0,0,0,0,0,0,0,0,0,0,0,0,0,0,0,0,0,0,0,0,0,0,0,0.0012223608241854,0.0308299183942378,0,0.00331526246303628,0,0.00164182986536059,0,0,3.62845360087846e-05,0,1.58502730517036e-05,0,0
2.88029864632074e-05,0,0,0,0,0,0,0,0,0,0,0,0,0,0,0,0,0,0,0,0,0,0,0,0,0,0,0,0,0,0,0.00317755629709937,0,0,0.0669492337547114,0.0207296887806772,0,0.00274738495433439,0.00130390165269986,0,0,9.24499630959082e-05,0,0,0,0,0,0.227633531188053,5.46359587548573e-05,0,0,0,0,0,0,0,0,0,0,0,0,0,0,0,0,0,0,0,0,0,0,0,0,0,0,0,0.167677093991147,0.071297945210846,0.00230853796252867,0,0.00438220905629164,0.000799100235321735,0.000758150374124538,8.29367897180107e-05,0.000416677040471181,0,0
0,0,0,0,0,0,0,0,0,0,0,0,0,0,0,0,0,0,0,0,0,0,0,0,0,0,0,0,0,0,0,0,0,0.0669492337547114,0,0,0.0205095325263455,0.000489178916148516,0.00602882328835162,0,0,0,9.52996894688918e-05,0,0,0,0,0.159391718554414,0,0,0,0,0,0,0,0,0,0,0,0,0,0,0,0,0,0,0,0,0,0,0,0,0,0,0,0,0.0407812670173147,0.188649147126959,0,0.00108362012030655,8.25503381115243e-06,0.00143189662504814,0.000945886829816614,0.000102809031372624,0,0,0
0,2.8289892259052e-06,0,7.18355999644402e-05,0,0,0,0,0,1.27169039490964e-05,0,0.00064380860417896,0,0,0,0,1.49308323987699e-05,0.000120457136963472,0.000762220208319484,0.00675608252023429,0,0,0,0,0,0,0,0,0,0,0,0.0035281938466909,0,0.0207296887806772,0,0,0.00718322344738575,0.00620697028267446,0.000464237004651922,9.02961938502649e-05,0,0.000865085056943377,1.38342634566545e-05,0,0,0.00103241703607087,7.93970944748339e-06,0.00106422646894708,0,0.000127668959589184,0,0.000174574488826554,0,0,0,2.57115535753368e-06,0,0.000618123692241887,0,2.76850945191404e-05,0,7.10276094631835e-05,0.0120489387093856,1.19534063618516e-05,0,0,0,0,0,0,8.86977569055926e-06,0,8.19284529358219e-05,0,0.00178377288376264,0,0.00612601168217653,0,0.064610816277156,0.00158247698649013,0.0191516983468874,0.000209205902936529,0.00432697552976107,0.000768657304751594,0.00227565728468484,0.000146295679220889,0
0.000109250462658578,0,3.25996541526822e-05,0,0,0,0,0,1.79535875151148e-06,0,0.00427495186162314,0,0,0,0,0,0.000151298440216484,2.63322944425867e-05,0.00122661478671071,0,0.0169928799443273,0,0,0,0,0,0,0,0,0,0,0.000111927074239463,0.00473655296935343,0,0.0205095325263455,0.00718322344738575,0,0,0.00811275665094525,0,9.28199099666122e-05,2.97887063769167e-05,0.000730459665783359,0,0,0,0.00249085712545437,0.00063798863694007,8.56271458710813e-05,0,0.00033637570953255,0,0,0,2.97361207357094e-05,0,0.00189503381038467,0,8.28134125168958e-05,0,0.000150595697409646,0,0,0.0176324249171505,0,0,0,0,0,0,0,0,0,1.88441282159744e-05,0.00060681583496077,0.00231713716066823,0,0.0110353432715101,0.000353242475672927,0.0881727546315012,0,0.0185753210936068,0.0067425011872618,0.00111150104705313,0.0031132913416836,0,0.000228392152081546
8.79890320683234e-05,0.000111839462086248,0,2.45214950014842e-05,0,0,0,0,0,0.00179582708938408,0,0.0139781938255868,0,0,0,0,3.12110393457622e-05,3.58272906410152e-05,0.000224614158613981,0.00572460234158678,0,0.0151512727140179,0,0.0113283626290813,0,0,0,0.00167669009469131,0,0.0084927909126047,0,0,0,0.00274738495433439,0.000489178916148516,0.00620697028267446,0,0,0.0040456457155364,1.74530642114644e-05,0,0.000407891420167543,0,0,0,0.000869050359319333,0,0.0157054441933254,6.2521283642477e-05,0.00566461897481694,0,0,0,0,0,0.000293522290457484,0,0.00102123283188383,0,1.51287189447259e-05,0,1.76028537939837e-05,0.00369120155196828,0,0.0107152049277048,5.58541345728876e-06,0.00927519449335308,6.32129815048314e-06,0,0,9.06663825212307e-06,0,0.0169477153588099,0,0,0,0.00145968072545966,1.68212785033146e-05,0.00208905631117749,0,0.170754713189061,0.00314245453175229,0.00620785867305446,0.000936508649503084,0.00153828748185067,0.000139416436242301,0
0.000403591049736596,5.95755818580369e-05,9.23271418860617e-05,0,0,0,0,0,6.46173551205612e-05,0,0.0179523586460208,0,0,0,0,0,4.22491142789122e-05,2.66797667117951e-06,0.000245425200995989,0,0.00787021624946247,0,0.0130892713138876,0,0.00450385482629651,0,0,0,0.000654942070251138,0,0.00926317682539367,0,0,0.00130390165269986,0.00602882328835162,0.000464237004651922,0.00811275665094525,0.0040456457155364,0,0,1.71821142468014e-05,5.14459747889864e-05,0.00117219240786186,0,0,0,0.000186124727032998,0.00900672101453501,0.00504989607336688,2.42390689242537e-05,0,0,0,0,0.00028520925666628,1.44833220025452e-05,0.00521116721039793,0,1.77021704377772e-05,0,4.47793716876702e-05,0,0,0.00330305648847589,0,0.0123630797798283,4.21354435164762e-05,0.0104193634013984,0,0,0,0.00678850906477217,0,0.0224304956371481,0,0,0.000326363634283319,0.00771629034597817,3.46124101761141e-05,0.00422121542484481,0.00102268856668617,0.165299454289055,0.00888117972100058,0.00179210768151015,0.00349683715570851,0,3.18655761907836e-05
0,0.000228110896009011,0,0.00105526253020981,0,3.06712672767048e-05,0,0,0,0,0,0,0,0,0,0,0.000386217280508139,0.00095189856470869,0.014888768429049,0,0,0,0,0,0,0,0,0,0,0,0,0,0,0,0,9.02961938502649e-05,0,1.74530642114644e-05,0,0,0,0.0718263024535691,0.000193414238754058,0,0,0.00503715807702412,1.36232281580954e-05,0.00296358273289896,0,0.0183241852934409,0,0.000105763329932201,0,0,0,9.98216007821587e-05,0,8.85707003557029e-05,0,2.91604574677682e-05,0,0.000743927326494779,0.00068108776581933,6.20289618232092e-05,0,0,0,0,0,0,8.60730508728459e-05,0,0.000772285997096271,0.000267553263788895,0,0,0,0,0.00505617999503778,9.4778999934333e-06,0.000710083227669517,0,0.000639049593363016,8.03047131651106e-06,0.0123578451145491,0.00259583616612995,4.77167086063001e-05
0.00116480321475833,0,0.000270667640945377,0,0,0,0,0,0.000184586115864773,0,0,0,0,0,0,0,0.000575289151133782,0.000303449759018223,0.0122292961915317,0,0,0,0,0,0,0,0,0,0,0,0,0,0,0,0,0,9.28199099666122e-05,0,1.71821142468014e-05,0,0,0.000173043076432656,0.0532007639320024,0,0,8.05147867676773e-06,0.0065649500106157,0,0.00855785599107537,0,0.000547990838587747,0,0,0,0.00107706132485536,0,0.000400929173150913,0,0.000147800466544484,0,0.000555107034884558,0,4.85344484143166e-05,0.000496419935249491,0,0,0,0,0,0,8.8543048258085e-05,0.00028115611908556,0,0.00217582139540985,0,0,0,0,7.57158961834059e-05,0.00668473882913629,3.16796665104933e-05,0.000535192160675745,0.000779881635034455,0,0.020102413039591,0,0.00335852614979455
4.67311845319242e-05,0.00946105293637683,1.83069147908187e-05,0.0040539766391815,0,0.00135576106712673,0,0,0,0.00116462814339947,0,0,0,0,0,0,0.00079183544193985,0.00213984854734763,0.0252103503065253,0.000350348341523698,0,2.72916753488644e-06,0,0,0,1.36581783966318e-05,0,0,0,0,0,0,0,9.24499630959082e-05,0,0.000865085056943377,2.97887063769167e-05,0.000407891420167543,5.14459747889864e-05,0.0718263024535691,0.000173043076432656,0,0.0076610222791489,0.00108068277800826,0,0.01395469500617,4.16694318871052e-05,0.00534733389283791,0.000199468867536742,0.0279225461605458,0,0,0,0,0,0.00103852839516455,0,0.0117279417378572,2.76308349539721e-05,0.000760183417902585,0,0.00513802877315956,0.00671318529296645,0,0,0,8.25969863277591e-05,0,6.93443206975205e-05,0,0.00779542145169785,0,0.025161459973085,0,0,0,0.000488203790107357,0,0.00944251283236732,0.000131475075746782,0.00461389715025014,0.000114968053132482,0.0085354194592135,0.000162219577726271,0.0379532417084614,0.00650429226155182,0.00157143132562413
0.0058241553119236,0.000125974491869824,0.00218914051680449,0,0,0,0,0,0.00096916062059312,4.82531949991949e-06,0,0,0,0,0,0,0.0010553085391133,0.000604092200096215,0.0175082119444357,0,0.000127691490500403,0,0,0,0,0,0,0,0,0,0,0,0,0,9.52996894688918e-05,1.38342634566545e-05,0.000730459665783359,0,0.00117219240786186,0.000193414238754058,0.0532007639320024,0.0076610222791489,0,0.000124038071596461,1.26502074218791e-05,8.66611917045695e-05,0.0202515551081588,0.00987251981655876,0.0283928807946071,0.000199057021435896,0.00167450397915852,0,0,0,0.00195258654251352,0,0.00591919282498298,0,0.000970340052900388,0,0.00324709786423029,0,6.66462008515842e-05,0.00714441888152305,0,0,0,5.78632571950588e-05,0,0,0,0.00258256226837047,0.000200834365323535,0.0249924958747143,0,0,0,4.11088502486503e-05,0.000121478010017426,0.0082738136955582,8.07988405454206e-05,0.00449529910833069,0.00709239991892009,2.11176713136699e-05,0.0712524039392811,0.000486250068931965,0.00769309691383743
0,0,0,0,0,0,0,0,0,0,0,0,0,0,0,0,0,0,0,0,0,0,0,0,0,0,0,0,0,0,0,0,0,0,0,0,0,0,0,0,0,0.00108068277800826,0.000124038071596461,0,0,0,0,0,0,0,0,0,0,0,0,0,0,0,0,0,0,0,0,0,0,0,0,0,0,0,0,0,0,0,0,0,0,0,0,0,0,0,3.34430260784512e-05,0,0,0,0
0,0,0,0,0,0,0,0,0,0,0,0,0,0,0,0,0,0,8.41909566014166e-05,0,0,0,0,0,0,0,0,0,0,0,0,0,0,0,0,0,0,0,0,0,0,0,1.26502074218791e-05,0,0,0,0,0,0,0,0,0,0,0,0,0,0,0,0,0,0,0,0,0,0,0,0,0,0,0,0,0,0,0,0,0,0,0,0,0,0,0,2.29522616010762e-05,0,3.57313695479173e-06,0,0
0,0.000120396685670647,0,7.53460611485806e-05,0,5.58980536860673e-05,0,0,0,0,0,0,0,0,0,0,0.000416604717388583,0.000760222241223515,0.00849899922567211,0,0,0,0,0,0,0,0,0,0,0,0,0,0,0,0,0.00103241703607087,0,0.000869050359319333,0,0.00503715807702412,8.05147867676773e-06,0.01395469500617,8.66611917045695e-05,0,0,0,0.000100004370626142,0,0,0.000444752071887148,0,1.84756374712212e-05,0,0,0,0,0,0.000790621134915758,0,9.00048993411064e-05,0,4.173924558213e-05,0.063355153497494,0,0,0,0,0,8.48155177262224e-06,0,0.000951622399042011,0,0.00555577018672989,0,0,0,0.000214930167954062,0,0.00667065557659923,2.397191523971e-05,0.00439240956680831,0,0.000475446996676107,0,0.00634219584771464,0.000813352420128883,0
0.00215484888462076,0,0.000220143092213843,0,0,0,0,0,0,0,0,0,0,0,0,0,0.000727898865755818,0.000542909049964995,0.0157314425077216,0,1.48285096717934e-05,0,0,0,0,0,0,0,0,0,0,0,0,0,0,7.93970944748339e-06,0.00249085712545437,0,0.000186124727032998,1.36232281580954e-05,0.0065649500106157,4.16694318871052e-05,0.0202515551081588,0,0,0.000100004370626142,0,0,0.000650595146058048,0,2.31314694848618e-05,0,0,0,0.00012528731972257,0,0.000162527425200054,0,4.55559744635535e-05,0,0.000494719319084809,0,0,0.0711120132749729,0,0,0,0,0,0,0,7.18628271405389e-05,0,0.00169310133493476,0,0,0,0,7.98622050443386e-05,0.0101473300712863,2.95960214957883e-05,0.00429049114729006,0.000817469676201521,0,0.0144004513183876,1.63288788584991e-05,0.000650575363766566
0.000911855496762927,0.000408138370680882,0,0,0,0,0,0,0,1.47765819618646e-05,0,0,0,0,0,0,0,0,1.33704450528218e-05,0,0,0,4.78819013796379e-06,0,0,0,0,0,0,0,0,0.140911533137657,0.0940230785099385,0.227633531188053,0.159391718554414,0.00106422646894708,0.00063798863694007,0.0157054441933254,0.00900672101453501,0.00296358273289896,0,0.00534733389283791,0.00987251981655876,0,0,0,0,0,0.112367730694012,0.0787449283679199,0,0,0,0,0.000186141449106105,0.00022181753443211,2.72339959285658e-05,0,0,5.17054134283436e-05,0,4.19962758341033e-05,0,0,0,1.30577134199263e-05,0.000637338127614916,3.64905009945973e-05,0,0,0,0,0,8.64129095374795e-05,0.0246308493213901,0.00821896290281525,0.0251012196775749,0.0142452032835767,0.00208636539007174,0.00586843713700499,0.00267675086831645,0.0205076435360274,0.00246639729023769,1.23438612313996e-05,0.0266218161675037,0,0.000747528193269855
0.0134379534242641,0,0.00372797068347838,0,0,0,0,0,0.000814431869352487,0,0,0,0,0,0,0,0.000156756985448025,0.000102472807920131,0.00234641753507616,0,0,0,0.0013040263572766,0,0.000339207022211627,0,0,0,0,0,0,0,0,5.46359587548573e-05,0,0,8.56271458710813e-05,6.2521283642477e-05,0.00504989607336688,0,0.00855785599107537,0.000199468867536742,0.0283928807946071,0,0,0,0.000650595146058048,0.112367730694012,0,0.00616735070809273,8.5279560632307e-05,0,0,0,0.0021148249119391,1.26184353893364e-05,0.00886929144988419,0,0.00303306778123751,0,0.00485737922145962,0,0,0.000224638851111712,0,0.00211464576782988,0,0.000327414959711436,0,0,0,0.000545132760836973,0,0.00315688202723507,0,0,0,0.00212732057938571,1.08018898554367e-05,0.00127323658437829,2.85381956303082e-05,0.00698187063475283,0.000830374092771318,0,0.0329098044048183,0,0.0012936981993647
0.000108452078546021,0.0343058120004709,0,0.0123870570085629,0,0,0,0,0,0.00565736125785775,0,0,0,0,0,0,4.16642105662696e-05,0.000167890205349865,0.00174111058650383,0,0,0.000974606382256457,0,0.00296258342097083,0,0,0,0,0,0,0,0.000104030985011048,0,0,0,0.000127668959589184,0,0.00566461897481694,2.42390689242537e-05,0.0183241852934409,0,0.0279225461605458,0.000199057021435896,0,0,0.000444752071887148,0,0.0787449283679199,0.00616735070809273,0,0,0,0,0,4.19329400474729e-05,0.00413015948131395,0,0.00582201702097957,0,0.00229888182505037,0,0.00597519074001487,0.00200448183031417,0,0.00342742313554627,0,0.00302307118184615,0,0.00606577187185322,0,0.00699702941477337,0,0.0121071713500983,2.01758773101205e-05,0,0,0.000853896915668028,0,0.000378216372715768,1.1104939346192e-05,0.0037029090855754,3.21240217105669e-05,0.00189851905056523,2.64053651001173e-06,0.0449167876098893,0.000127124967094431,0
0,0,0,0,0.074369122043207,0,0.00232310249167704,0,0,0,0,0,0,0,0,0,0,0,3.00133409167601e-05,0,0.00596998748260876,0,0,0,0,0,0,0,0,0,0,0,0,0,0,0,0.00033637570953255,0,0,0,0.000547990838587747,0,0.00167450397915852,0,0,0,2.31314694848618e-05,0,8.5279560632307e-05,0,0,0,0.000816720096270533,0,0.00117405998626297,0,0.0102742809995773,0,0.00382515279823876,0,0,0,0,0.0177724026007451,0,0,0,0,0,0,0,0,0,0.000111084871655869,0,0,0,0,0,5.51232313118558e-05,0,6.88763642804236e-05,0.000218180724773272,4.46913172180482e-06,0.00782132608830348,0,7.32111229217753e-05
0,0,0,6.08189184001023e-05,0,0.0909784104663833,0,0.000303398061078042,0,0,0,8.89001610419457e-05,0,0,0,0,0,0,0,0,0,0,0,0,0,0,0,0,0,0,0,0,0,0,0,0.000174574488826554,0,0,0,0.000105763329932201,0,0,0,0,0,1.84756374712212e-05,0,0,0,0,0,0,0,0.0131373844368142,0,0,0,0.00395110685889712,0,3.68824493883549e-05,0,0,0.00356359641390814,0,0,0,0,0,0,0,0,0,0,0,0,0,0,0,3.00327795098336e-05,0,0,0,0.000950877731202903,2.66089335003784e-05,0.00138815309015085,0,0
0,0,0,0,0,0,0.0120137557822656,0,0,0,0,0,0,0,0,0,0,0,0,0,0.00226266122111273,0,0,0,0,0,0,0,0,0,0,0,0,0,0,0,0,0,0,0,0,0,0,0,0,0,0,0,0,0,0.000816720096270533,0,0,0,0,0,0.0164078686856846,0,0.000382920952183823,0,0,0,0,0.00339827526576684,0,0,0,0,0,0,0,0,0,0,0,0,0,0,0,0,0,0,0.000356742034515914,0.000116432158198787,0,0,0
0,0,0,0,0,0,0,0.0287429448468759,0,0,0,0,0,0,0,0,0,0,0,0,0,0,0,0,0,0,0,0,0,0,0,0,0,0,0,0,0,0,0,0,0,0,0,0,0,0,0,0,0,0,0,0.0131373844368142,0,0,0,0,0,0.0230575955363935,0,0,0,0,0,0,0,0,0,0,0,0,0,0,0,0,0,0,0,0,0,0,0,0,0.000148332668538936,0,0,0,0
0.0478465000677756,0,0.000354256926411144,0,0,0,0,0,0.101423172826406,0,0,0,0,0,0.000322593653986512,0,0,0,0.000123871718245942,0,0.000116246724041227,0,0,0,0.0166476966239114,0,0,0,0,0,0,0,0,0,0,0,2.97361207357094e-05,0,0.00028520925666628,0,0.00107706132485536,0,0.00195258654251352,0,0,0,0.00012528731972257,0.000186141449106105,0.0021148249119391,4.19329400474729e-05,0.00117405998626297,0,0,0,0,0,9.68364910369561e-05,0,9.65872237840282e-05,0,0.0216056146375735,0,0,0.000190941304360418,0,0,0,0.107399504246442,0,0,0,0,0,0.000463548800735351,0,0,0,0,0,4.79521531652927e-05,3.07203034442532e-06,0.00283467031722101,2.49801727415804e-05,0,0.00321223881089075,0,0.000119270096330218
6.72882927719165e-05,0.0420088506674242,0,0.0189432062377704,0,0,0,0,0,0.133596415617372,0,0,0,0,0,0.00311542095087934,0,0,0,0,0,0,0,0.00115753694753995,0,0,0,0,0,0,0,0,0,0,0,2.57115535753368e-06,0,0.000293522290457484,1.44833220025452e-05,9.98216007821587e-05,0,0.00103852839516455,0,0,0,0,0,0.00022181753443211,1.26184353893364e-05,0.00413015948131395,0,0,0,0,0,0,0,3.24195929218372e-05,0,0,0,0.0448638000211662,0,0,0,0,0.0567750821651834,0,0,0,0,0,0.000185175295484277,0,0,0,0,0,0,0,0.00090622169100403,2.40907549964046e-05,0.000233565424322881,0.000157386422891789,0.0013149902855943,0,0
0.000459087059804697,0,0.000489125286480515,0,0,0,0.000892439556000825,0,0.00039558379600158,0,0.138142076851664,0,0,0,0,0,2.51692623269489e-05,1.6739909540202e-05,0.000124171708733859,0,0.0279130149175054,0,0,0,0,0,0,0,0,0,0.00378433410294382,0,0,0,0,0,0.00189503381038467,0,0.00521116721039793,0,0.000400929173150913,0,0.00591919282498298,0,0,0,0.000162527425200054,2.72339959285658e-05,0.00886929144988419,0,0.0102742809995773,0,0.0164078686856846,0,9.68364910369561e-05,0,0,0,0.0101224932789024,0,0.000590315311346214,0,0,0.0314356553079639,0,0,0,0,0,0,0,0.000511163391997234,0,0.0243299333642822,0,0,0,0,0,0.000121254608743327,2.69741406991254e-06,0.000999106320594804,0.000163638640201425,6.45123879253007e-06,0.0141846496881795,0,0.000194040673960453
0,8.32352369815381e-05,0,0.00579210446219714,0,0,0,0.00485256713787233,0,0.000294068945202518,0,0.0881821496449841,0,0.000807126583178882,0,0,0,0,0.000204573525200232,0.028938440510498,0,0,0,4.41804687832731e-05,0,0,0,0,0,0.000158473703180136,0,0,0,0,0,0.000618123692241887,0,0.00102123283188383,0,8.85707003557029e-05,0,0.0117279417378572,0,0,0,0.000790621134915758,0,0,0,0.00582201702097957,0,0.00395110685889712,0,0.0230575955363935,0,3.24195929218372e-05,0,0,0,0.0197238827162329,0,0.00214530484524767,0.0115965376767762,0,0,0,0,0,0.000906387635977255,0,0.0111649346193851,0,0.0697281864680574,0,0,0,0,0,2.88116477941524e-05,0,0.000580676923907292,0,0.000373538048958844,5.84878593902266e-06,0.0201277622647732,0,0
0.000142880429215067,0,0.000396985325915267,0,0,0,0.0167500738918134,0,0,0,0.0680218746451652,0,0.0371553367683567,0,0,0,0,0,1.177175665603e-05,0,0.000536183708867398,0,0,0,0,0,0,0,0.00362537377791203,0,0,0,0,0,0,0,8.28134125168958e-05,0,1.77021704377772e-05,0,0.000147800466544484,2.76308349539721e-05,0.000970340052900388,0,0,0,4.55559744635535e-05,0,0.00303306778123751,0,0.00382515279823876,0,0.000382920952183823,0,9.65872237840282e-05,0,0.0101224932789024,0,0,0,0.00820487202787116,0,0,0.00133086071538191,0,0,0,0,0,0,0,2.87440589729316e-05,0,0.000306380750820297,0,0,0,0,0,4.3549324253942e-05,0,4.74246074256125e-05,0.000571245485703682,5.75009958292905e-05,0.00704401183022351,0,1.22720458439751e-05
0,0.000247046514231115,0,0.00529424336400252,0,0,0,0.00410593280834277,0,0.000117219438429662,0,0.0142794755136176,0,0.0544840950327077,0,0.000396671140176137,0,0,0,0,0,0,0,0,0,0,0,0.00247739962013973,0,0,0,0,0,0,0,2.76850945191404e-05,0,1.51287189447259e-05,0,2.91604574677682e-05,0,0.000760183417902585,0,0,0,9.00048993411064e-05,0,5.17054134283436e-05,0,0.00229888182505037,0,3.68824493883549e-05,0,0,0,0,0,0.0197238827162329,0,0,0,0.00622144790851415,0.00039051088402082,0,0,0,0,1.45227831986068e-05,0.00335124261038431,0,0.00159603977187258,0,0.000123740156989441,0,0,0,0,0,2.40339208338564e-06,0,3.44460053856375e-05,4.78215580153264e-06,0.0001163361009775,9.83377969200883e-05,0.00332636983441299,0,0
0.000564663560156027,0,0.00219731239326608,0,0,0,0,0,0.0464539960368558,0,0,0,0.009631348764235,0,0.0281658989010742,0,0,2.06301561264691e-06,1.26326043899043e-05,0,0.000582462252930778,0,0,0,0,0,0,0,0,0,0,0,0,0,0,0,0.000150595697409646,0,4.47793716876702e-05,0,0.000555107034884558,0,0.00324709786423029,0,0,0,0.000494719319084809,0,0.00485737922145962,0,0,0,0,0,0.0216056146375735,0,0.000590315311346214,0,0.00820487202787116,0,0,0,0,0.000605143075840971,0,0,0,0,0,0.00539957580197395,0,6.46179092284451e-05,0,0.00369836220747011,0,0,0,0,0,0.000171870139409055,0,0.000418308977792573,3.00380343639701e-05,1.01796381747712e-06,0.00486635855863375,0,0.000106784814677971
0,6.06245522597252e-05,0,0.0194553934701063,0,0,0,0,0,0.0603075488603712,0,0,0,0.00123874190374337,0,0.021557752834212,0,3.86432536648275e-05,3.05422490081356e-05,0,0,0,0,0.00413238461466222,0,0.00350566686953806,0,0,0,0,0,0,0,0,0,7.10276094631835e-05,0,1.76028537939837e-05,0,0.000743927326494779,0,0.00513802877315956,0,0,0,4.173924558213e-05,0,4.19962758341033e-05,0,0.00597519074001487,0,0,0,0,0,0.0448638000211662,0,0.00214530484524767,0,0.00622144790851415,0,0,1.69104816436302e-05,0,0,0,0,0,0.00822656029337608,0,0.0002251799245342,0,0.00111120091143914,0,0,0,0,0,4.3224400263614e-05,0,0.000105128766898684,0,0.000176463457580218,1.04176871027113e-05,0.00603562748488071,0,0
0,3.85939309194543e-05,0,6.38052795464061e-05,0,0.000100121688203485,0,0,0,2.76222132445424e-05,0,0.000593291068216503,0,0,0,0,4.2847275991886e-05,0.000165264431189758,0.00409459773485764,0.050939528218426,0,0,0,0,0,0,0,0,0,0,0,0,0,0,0,0.0120489387093856,0,0.00369120155196828,0,0.00068108776581933,4.85344484143166e-05,0.00671318529296645,6.66462008515842e-05,0,0,0.063355153497494,0,0,0,0.00200448183031417,0,0.00356359641390814,0,0,0,0,0,0.0115965376767762,0,0.00039051088402082,0,1.69104816436302e-05,0,0.000108183946747317,0,0,0,0,2.82466530371404e-05,0,0.00168383550549547,0,0.0410910069314531,0,0,0,0,0,0.00485170709856024,2.73055700593833e-06,0.0188682890125462,1.26940284326893e-05,0.000557464335466065,0,0.0169954508567358,1.29708855632905e-05,0.000295507802809429
0.000110568379554887,0,1.39728915417582e-05,0,0,0,6.57143749087027e-05,0,0,0,0,0,0,0,0,0,0.000102681882528078,5.06371169446477e-05,0.00364581730629969,0,0.0845904739179681,0,0,0,0,0,0,0,0,0,0,0,0,0,0,1.19534063618516e-05,0.0176324249171505,0,0.00330305648847589,6.20289618232092e-05,0.000496419935249491,0,0.00714441888152305,0,0,0,0.0711120132749729,0,0.000224638851111712,0,0.0177724026007451,0,0.00339827526576684,0,0.000190941304360418,0,0.0314356553079639,0,0.00133086071538191,0,0.000605143075840971,0,0.000108183946747317,0,0,0,0,0,0,0,0,0,0,0.0043003557883557,0,0,0,0,5.63605884376742e-06,0.00608510730417738,0,0.0134185873340377,0.000511302537216749,0,0.0366910233501519,0,7.11947195034398e-05
0,0,0,0,0,0,0,0,0,1.21115114048026e-05,0,0,0,0,0,0,1.22137006659681e-05,0.000471804691972159,0,0,0,0.122658722247272,0,0.0109838699017747,0,5.80735787078642e-05,0,0.00178329086450747,0,0,0,0,0,0,0,0,0,0.0107152049277048,0,0,0,0,0,0,0,0,0,0,0,0.00342742313554627,0,0,0,0,0,0,0,0,0,0,0,0,0,0,0,0,0.00358590806053719,0,0.00298593826622824,0,0.00542011329729823,0,0,0,0,0,0,0,0,0,0.00473576901070378,5.98015638827987e-06,0.00220674693725037,0.000163241035834601,0,0,0
0,0,0,0,0,0,0,0,0,0,0,0,0,0,0,0,0,0,0,0,0,0.000315415931070151,0.139050766038321,0,0.00570306379946077,0,0,0,0.00291283134290824,0,0,0,0,0,0,0,0,5.58541345728876e-06,0.0123630797798283,0,0,0,0,0,0,0,0,1.30577134199263e-05,0.00211464576782988,0,0,0,0,0,0,0,0,0,0,0,0,0,0,0,0,0,0,0.00460697381604631,0,0.00778155849449709,0,0.00582161392255008,0,0,0,0,0,0,0,0,8.97015600168807e-06,0.00378682920790137,0.00208388131698829,0.000687727428014944,0,0,0
0.000157300959662816,0,0,0,0,0,0,0,0,0.00988762569482007,0,0,0,0,0,0,0,3.06849457468169e-05,0,0,0,0.00219150894197966,0,0.147065628012989,0,0.000165837482200004,0,0,0,0,0,0,0,0,0,0,0,0.00927519449335308,4.21354435164762e-05,0,0,8.25969863277591e-05,0,0,0,0,0,0.000637338127614916,0,0.00302307118184615,0,0,0,0,0,0.0567750821651834,0,0,0,0,0,0,0,0,0.00358590806053719,0,0,0,0.00310222524116264,0,0,0,0,0,0,0,0.000207538490196633,0,0,0,0.00236139360615408,8.20439281962467e-05,8.52174540020192e-05,1.51570999869902e-06,0.00127146038258823,0,0
0,0,0,0,0,0,0,0,0.000601942562614205,0,0,0,0,0,0,0,3.56702731672497e-05,0,0,0,0,0,0.00324679934774947,0,0.034949266998132,0,0.000123074375859974,0,0,0,0,0,0,0,0,0,0,6.32129815048314e-06,0.0104193634013984,0,0,0,5.78632571950588e-05,0,0,0,0,3.64905009945973e-05,0.000327414959711436,0,0,0,0,0,0.107399504246442,0,0,0,0,1.45227831986068e-05,0,0,0,0,0,0.00460697381604631,0,0,0,0.00218516103896333,0,0,0,0,0,0,0,0,0,0,0,0.00231581636462489,0.000108788032462858,0,0.00019500472596025,0,0
