0,0.00037468543574488,0,0,0,0,0,0,0.000191982395210946,0,0,0,0,0,0,0,0.000209265103120062,0,2.01218084194661e-05,0,0,0,0,0,0,0,0,0,0,0,0,0,0,0,0,0,0,6.20695986297385e-06,0,0,0,9.32351929946589e-06,0.0185450422504612,0,0,0,0,0.000756775332664746,0.00698737440318992,0.000493005923892309,0,0,0,0,0.01947938247429,4.39741598914065e-05,0,0,0,0,0.00185688342005394,0,0,0,0,0,0,7.25259998615984e-05,0,0,0,0,0,4.67286898887542e-05,0,0,0,0,0,0,2.8380818746515e-06,0,0.000350657438398023,0,0.00313190279057938,0,0
0.00037468543574488,0,0,0.00938232086894378,0,0,0,0,0.000232237978818045,0.0719802842216699,0,0,0,0,0,0.0108652825869788,2.36128424606591e-05,0,0.000934337522962663,0,0,0,0,0,0,0,0,0,0,0,0,0,0,0,0,0,0,0.000367582705192874,6.03493600631394e-06,0.000436087602401897,0,0.0969308091348223,0.00102040904841282,0,0,0.000335737075152906,0,0.000570912485541624,0.000646551184618183,0.0423151101196358,0,0,0,0,0.000178104587924357,0.0892933797225451,0,0.0011555832378602,0,2.83872643637578e-05,0,0.0480168022030196,0,0,0,0,9.87584888795419e-05,0,0,0,0,0,0.00520854157661267,0.00015528038942277,0,0,0.000278843919137043,0,2.02929077142485e-05,0,7.01228668605385e-05,4.48738753805723e-05,0.00210704219693379,7.10111851621939e-05,0.0331240817061469,0,0
0,0,0,0,0.0030723666089599,0,0,0,0,0,0,0,0,0,0,0,0.000788371459280453,8.79954688913559e-05,0.00246290507398095,0,0,0,0,0,0,0,0,0,0,0,0,0,0,0,0,0,1.44445207095672e-05,0,0,0,0.0083383185417915,0.000896669956397998,0.042948530527923,0,0,5.14433049161661e-05,0.0278392080737053,0,0.000272284391186308,9.05312908202061e-05,0.024807325976747,0,0,0,0.000757266459621656,0,0.0116788608495269,0,0.0148994054464461,0,0.0424703988989504,0,0,0.000187849682649762,0,0,0,0,0,0,0,0,0.000196083428450138,0,0,0,0,0,0,7.42323533683042e-05,0,0,0.00118913817437437,0,0.0219947630066983,0,0
0,0.00938232086894378,0,0,0,0.160203947539143,0,0,0,0.000669961588622391,0,0.00136379167522742,0,0,0,0,0.00033782102740077,0.000215959679210338,0.00179763803343756,0,0,0,0,0,0,0,0,0,0,0,0,0,0,0,0,9.99121697280612e-05,0,7.65169479840664e-05,0,0.0109833351155961,0.0001172935783677,0.0306623807574117,6.54217925078315e-05,0,0,0.0224160882568393,0.000148743028704802,0,0,0.00121091995841448,0,0.00950356586971361,0,0,0.000230175407364974,0.00249152444391443,0,0.000488434437048218,0,0.018944984064874,0,0.00558300017972097,0.000430611861675171,0,0,0,0,0,0,0,0,0,0.00353087906491514,0,0,0,0,0,7.39208049405765e-05,0,2.98647647975665e-06,0,0.000984073114239574,4.59766480208411e-05,0.0244624089377624,0,0
0,0,0.0030723666089599,0,0,0,0.0020008925233547,0,0.000240934823523276,0,0.00023164107048441,0,0,0,0,0,8.50448440344572e-05,0,2.09526932870479e-05,0,0.0565506909461905,0,0,0,0,0,0,0,0,0,0,0,0,0,0,0,9.44721578574789e-05,0,0,0,0.000766487172814237,0.000451422238470751,0.00951533148440974,0,0,0,0.00107875012186307,0,2.97508218940687e-05,0.00014781009641791,0.00351002804082202,0,0,0,0,0,0,0,0,0,0,0,0,0.00195805835261139,0,0,0,0,0,0,0,0,0,0,0,0,0,0,0,1.07428109222822e-05,0,0,0.00138127628442015,0,0.01320766687201,0,0
0,0,0,0.160203947539143,0,0,0,0,0,0,0,0.000318415093694342,0,0,0,0,6.92485679797618e-05,0,0,0,0,0,0,0,0,0,0,0,0,0,0,0,0,0,0,5.01702191560826e-05,0,0,0,0.00195478718604663,0,0.00104714421305239,0,0,0,0.00192900224910694,0,0,0,1.79932347874694e-05,0,0.0114844845019697,0,0,0,0.00164636148838326,0,0.000332602355201637,0,0.00083397619603106,0,0.00119942010092419,0,0,0,0,0,0,0,0,0,0,0.000284764173224438,0,0,0,0,0,0,0,3.4136323722415e-06,0,0.00232618237440081,4.35999661391919e-06,0.0115454672506935,0,0
0,0,0,0,0.0020008925233547,0,0,0,0,0,0.000644194145244975,0,0,0,0,0,0,0,0,0,0.0442072819337085,0,0,0,0,0,0,0,0,0,0,0,0,0,0,0,0.00201974938550872,0,0,0,0,0,0,0,0,0,0,0,0,0,0,0,0.000604503555223346,0,0,0,0,0,0,0,0,0,0,0.00329031772231432,0,0,0,0,0,0,0,0,0,0,0,0,0,0,0,0.000115615947743537,0,0,0.000288471723921579,7.47065687072208e-06,0,0,0
0,0,0,0,0,0,0,0,0,0,0,0,0,0,0,0,0,0,0,0,0,0,0,0,0,0,0,0,0,0,0,0,0,0,0,0.000191045554503173,0,0,0,0,0,0,0,0,0,0,0,0,0,0,0,0.00142654395889723,0,0.00139178847894073,0,0,0,0,0,0,0,0,0,0,0,0,0,0,0,0,0,0,0,0,0,0,0,0,0,0,0,0,0,0,0,0,0
0.000191982395210946,0.000232237978818045,0,0,0.000240934823523276,0,0,0,0,0,0,0,0,0,0.0858610422733804,0,0.00256410273578109,0,0.000444778624569163,0,0,0,0,0,0.00733755739971681,0,0.0745866734680267,0,0,0,0,0,0,0,0,0,0,2.27727386951823e-05,0.00507968705219464,0,9.84198385192581e-05,0,0.00838223788774889,0,0,0,0,0.000799605018902486,0,0.000152375279449692,0,0,0,0,0.0602364922225204,0,0,1.43356093384788e-05,0,0,0.00706039134015828,0,0,0,0,0,0,7.0848591617028e-05,0,0.0714366799450156,0,0,0,0,0,0,0,0,0,0,2.58883620658663e-05,0.00110865599739264,0.00629532167898498,0.000289475844422828,0.0064108530835895,0,0
0,0.0719802842216699,0,0.000669961588622391,0,0,0,0,0,0,0,0,0,0,0,0.353844665512995,4.81755518722671e-05,0.00411870180660463,0.00238765119194578,0,0,0,0,0.0210239723852999,0,0,0,0,0,0,0,0,0,0.000291420203160364,0,0,0,0.00190754474576861,0,2.88335871296399e-05,0,0.00877537995279391,0,0,0,1.63317121838007e-05,4.79840409540618e-05,0,0,0.000260706091136401,0,0,0,0,0,0.247137246964711,0,0.000610644209162741,0,0,0,0.138065107511787,0,0,0,0,0.0235368483656145,0,0.0491616859166686,0,0,0,0.0237254797234261,0,0,0,0.000988000928898797,0,2.55008957156252e-05,2.81002925987177e-06,0.00104740744847205,0,0.00324738473283062,0.00323253178779518,0.00744763915937176,0,0
0,0,0,0,0.00023164107048441,0,0.000644194145244975,0,0,0,0,0,0,0,0,0,0,0,0,0,0.106986604788325,0,0,0,0,0,0,0,0,0,0.0015285413743592,0,0,0,0,0,0.000962032128592842,0,0.0320507239757738,0,0,0,0,0,0,0,0,0,0,0,0,0,0,0,0,0,0.0684207620810163,0,0,0,0,0,0,0.0531934661941599,0,0,0,0,0,0,0,0,0,0,0,0,0,0,0,0.0032352887989559,0,0.00504340328383388,0.000821350005196807,0,0,0,0
0,0,0,0.00136379167522742,0,0.000318415093694342,0,0,0,0,0,0,0,0.0810956653988741,0,0,0,0,0,0.119956612024295,0,0,0,0,0,0,0,0.0084683707205588,0,0.00292452490063579,0,0,0,0,0,0.0122383971359496,0,0.0291573734591188,0,0,0,0,0,0,0,0,0,0,0,0,0,0.00173686686068678,0,0,0,0,0,0.581641966127797,0,0.00136532030858358,0,0,0.0292409649026818,0,0,0,0,0,0,0,0,0,0.00791271915998082,0,0,0,0,0,1.92310812820069e-05,0,0.000590841139853886,0,0.0171952826149152,0.00261411140754142,0,0,0
0,0,0,0,0,0,0,0,0,0,0,0,0,0,0,0,0,0,0,0,0,0,0,0,0,0,0,0,0,0,0,0,0,0,0,0,0,0,0,0,0,0,0,0,0,0,0,0,0,0,0,0,0,0,0,0,0,0,0.00044048789550355,0,0,0,0,0,0,0,0,0,0,0,0,0,0,0,0,0,0,0,0,0,0,0,0,2.10959213502561e-05,0,0,0
0,0,0,0,0,0,0,0,0,0,0,0.0810956653988741,0,0,0,0,0,0,0,0,0,0,0,0,0,0,0,0.00505037546698262,0,0.00419548757139793,0,0,0,0,0,0,0,0,0,0,0,0,0,0,0,0,0,0,0,0,0,0,0,0,0,0,0,0,0,0.0218992583839722,0,0.00246683214139445,0,0,0,0,0,0,0,0,0.000551425261198187,0,0,0,0,0,0,0,0,0,0,0,0.00210213780998843,0.0756217104265269,0,0,0
0,0,0,0,0,0,0,0,0.0858610422733804,0,0,0,0,0,0,0,0.00160384542593048,0,0,0,0,0,0,0,0,0,0.00315142588592914,0,0,0,0,0,0,0,0,0,0,0,9.31005922384532e-05,0,0,0,0.000209835858657683,0,0,0,0,0,0,0,0,0,0,0,0.0569467660821635,0,0,0,0,0,0.0147205861668241,0,0,0,0,0,0,0.000537385107064348,0,0,0,0,0,0,0,0,0,0,0,0,0,7.66641777260574e-05,0.00343400386623153,0.00217332631595909,0.000340305518173181,0,0
0,0.0108652825869788,0,0,0,0,0,0,0,0.353844665512995,0,0,0,0,0,0,0,0.00717431845129611,0,0,0,0,0,0.000218142172891436,0,0,0,0,0,0,0,0,0,0,0,0,0,1.04623093944155e-05,0,0,0,1.47667615235832e-05,0,0,0,0,0,0,0,0,0,0,0,0,0,0.0730317836803412,0,0,0,0,0,0.0536040785053566,0,0,0,0,0.000647304986347627,0,0.0701465191795198,0,0,0,0,0,0,0,0.000132963368593765,0,0,0,2.5620736844455e-05,0,0.00966175145151337,0.0100191140095836,3.40908392061683e-05,0,0
0.000209265103120062,2.36128424606591e-05,0.000788371459280453,0.00033782102740077,8.50448440344572e-05,6.92485679797618e-05,0,0,0.00256410273578109,4.81755518722671e-05,0,0,0,0,0.00160384542593048,0,0,0.212852472945637,0.088467240514182,0,0,0,0.00139582505318334,2.712107995081e-05,0.00381862964550634,0.00114693626178162,0.0188727530759769,0,0,0,0,0,0,0,0,0,0,2.19406777333246e-05,0,0.00207421383603326,0.0235010955983923,0.000904183017399255,0.00308126320562701,7.92113608853186e-06,0,0.00245250911632096,0.0102198910769523,0,0,0,1.63201411235885e-05,0,0,0,0,1.26164405525793e-05,7.31192954394148e-05,4.56710961085487e-05,0,0,0.000397874882221643,0,0.000173168936506656,0.000333733741065317,0,0.000420388078043661,0,0,0.000444505537157901,0.00666434546455408,0,0,0.000964828075376193,0,0,0,0,0,0.000580696651767327,0.000771917689203173,7.46590028337175e-05,0,0.0319172306258052,0.00587425809318296,0.0260919818206084,0,0
0,0,8.79954688913559e-05,0.000215959679210338,0,0,0,0,0,0.00411870180660463,0,0,0,0,0,0.00717431845129611,0.212852472945637,0,0.141218082867625,0,0,0.00127522669982656,0,0.000883288879512173,0,0.014599087341935,0,0,0,0,0,0,0,0,0,0,0,0,0,0.0158125104319372,0.00473873692246882,0.00434684823516466,0.000269099621171733,0,0,0.0148086072596189,0.00531692868153961,0,0,0,0,0,0,0,0,0.000226399791011823,3.01128434767236e-05,0.000146371248502215,0,3.57791929538173e-06,0,0.00019837442091033,0.000491685874252074,0.000110000072317032,0,0,0,0,8.4437726324188e-05,0,0,0,0.0100732589488187,0,0,0,0,0,0.00318701703716637,9.06401935733808e-05,0.00184575743129715,0,0.0157592121833063,0.00411273952903256,0.0308990714547451,0,0
2.01218084194661e-05,0.000934337522962663,0.00246290507398095,0.00179763803343756,2.09526932870479e-05,0,0,0,0.000444778624569163,0.00238765119194578,0,0,0,0,0,0,0.088467240514182,0.141218082867625,0,0,0,0,0,0.000372366383428375,0.00274186707020325,0,0,0,0,0,0,0,0,0,0,0,0,0,6.60203173291889e-05,0.0389678771314914,0.135425491795759,0.0139885513606505,0.0158197574431293,8.50864854411602e-05,0,0.0875575687522007,0.100880809839188,1.34047853624379e-05,4.90064802763355e-05,2.38463711397409e-05,2.63293540526444e-05,0,0,0,6.1773621005481e-05,0.000334903247951507,0.000681917276546277,0.000404290017847977,0,0,0,0,0.00391510637456279,0.00132087260615486,0,0,0,0,0,0,0,0,0.0247364335144025,0,0,0,0,0,0.0108959110520376,0.00314726128433065,0.00320807978607176,3.37424629706445e-06,0.0139065455172329,0.000279247594360545,0.209584599485896,0,0
0,0,0,0,0,0,0,0,0,0,0,0.119956612024295,0,0,0,0,0,0,0,0,0,0,0,0,0,0,0,0,0,0,0,0,0,0,0,0.0671199806616011,0,0.0352270895914476,0,0,0,0,0,0,0,0.00030345763315384,0,0,0,0.000276740094166821,0,0,0,0,0,0,0,0.294350920091007,0,0,0,0,0.1722126054065,0,0,0,0,0,0,0,0,0,0,0,0,0,0,0,0.000202663933731228,0,3.96047791813743e-05,0,0.00449604652091764,0,0.0207080345108841,0,0
0,0,0,0,0.0565506909461905,0,0.0442072819337085,0,0,0,0.106986604788325,0,0,0,0,0,0,0,0,0,0,0,0,0,0,0,0,0,0,0,0,0,0,0,0,0,0.0060214403626005,0,0,0,0.00150894130643449,0,0.000325960564072094,0,0,0,0.000137465500770033,0,0.000101270388989653,0,0.0107289691601968,0,0.0184581077377278,0,0,0,0.000245479734402893,0,0,0,0,0,0,0.0158140121422038,0,0,0,0,0,0,0,0,0,0,0,0,0,0,0,0.00330914965942464,0,0,0.00412476557955384,0,0.00732271385285038,0,0
0,0,0,0,0,0,0,0,0,0,0,0,0,0,0,0,0,0.00127522669982656,0,0,0,0,0.276840239328416,0.00166922734028914,0,0,0,0.0611188945417447,0,0,0,0,0,0,0,0,0,0.0939019503605644,0.00225173519580371,0,0,0,0,0,0,0,0,0,0,2.38237276255762e-05,0,0,0,0,0,0,0,0,0,0,0,0,0,0,0.276300170910248,0.138868175792495,0.000611590586500136,0,0,0,0.00843438956840262,0,0,0,0,0,0.000462247320586773,0,0,0,0.0630681103332505,0.00984077099220354,0.0200844957844616,0.0130755531813309,0,0,0
0,0,0,0,0,0,0,0,0,0,0,0,0,0,0,0,0.00139582505318334,0,0,0,0,0.276840239328416,0,0,0.0481206001224766,0,0.00812987657620864,0,0.0323196077591067,0,0,0,0,0,0,0,0,0.00261441144784978,0.0299296126715667,0,0,0,0,0,0,0,0,0,0.000968602495853808,0,0,0,0,0,0,0,0,0,0,0,0,0,0,0,0.0460686643990431,0.258800345050148,0,0.0238975699995741,0,0.00439799311856689,0,0.0464961026265048,0,0,0,0,0,0,0,0,0.00175475467046351,0.0445336481613576,0.0244661889990369,0.00811737438154557,2.9681801222454e-05,0,0
0,0,0,0,0,0,0,0,0,0.0210239723852999,0,0,0,0,0,0.000218142172891436,2.712107995081e-05,0.000883288879512173,0.000372366383428375,0,0,0.00166922734028914,0,0,0,0.000334560056217015,0,0,0,0,0,0,0,0.000263446568696834,0,0,0,0.0380582573808999,0,0,4.12419478175883e-05,0.00132286026484152,0,0,0,0,0,0,0,0.000194399894240584,0,0,0,0,0,0.00894396236065147,0,1.96372905363782e-05,0,0,0,0,0,0,0.00722132093077034,0,0.185805308866907,0,0.0207439723736971,0,0,0,0.00400978243694729,0,0,0,0.00338451319947855,0,2.14867022320209e-06,4.2089183167478e-06,0.00386100106075941,0,0.00249423309764251,2.65291036703464e-05,0.0010955621693953,0,0
0,0,0,0,0,0,0,0,0.00733755739971681,0,0,0,0,0,0,0,0.00381862964550634,0,0.00274186707020325,0,0,0,0.0481206001224766,0,0,0,0.124368787688619,0,0,0,0,0,0,0,0,0,0,0,0.0293449649910862,0,0,0,0.000500607080110756,0,0,0,0,0,0.013330210157688,0,0,0,0,0,0.00012505314118489,0,0,0,0,0,0,0,0,0,0,0.0142685211289541,0,0.163159596616892,0,0.607512637953772,0,0,0,0,0,0,0,0.000296798962103034,0,0,0,0.0244515299202333,0.010990698457408,0.000158755094408564,0.00247575516668981,0,0
0,0,0,0,0,0,0,0,0,0,0,0,0,0,0,0,0.00114693626178162,0.014599087341935,0,0,0,0,0,0.000334560056217015,0,0,0,0,0,0,0,0,0,0,0,0,0,0,0,0,0,0,0,0,0,0,0,0,0,0,0,0,0,0,0,0,0,0,0,0,0,0,0,0,0,0,0.000673740927595645,0,0.00100464653223753,0,0,0,0,0,0,0,0,0,0,0,0,0,0.00291139641197098,0,0,0,0
0,0,0,0,0,0,0,0,0.0745866734680267,0,0,0,0,0,0.00315142588592914,0,0.0188727530759769,0,0,0,0,0,0.00812987657620864,0,0.124368787688619,0,0,0,0.015910151209604,0,0,0,0,0,0,0,0,0,0,0,0,0,0,0,0,0,0,0,0,0,0,0,0,0,0.0059174434132142,0,0,0,0,0,0.00172668785898371,0,0,0,0,0.0261058811775418,0,0.397407025077925,0,0.474354822455344,0,0.000563269688915319,0,0,0,0,0,0,0,0,0,0,0.0061273756183438,0,0,0,0
0,0,0,0,0,0,0,0,0,0,0,0.0084683707205588,0,0.00505037546698262,0,0,0,0,0,0,0,0.0611188945417447,0,0,0,0,0,0,0,0.20342202676564,0,0,0,0,0,0,0,0.065976328736702,0,0,0,0,0,0,0,0,0,0,0,0,0,0,0,0,0,0,0,0,0,8.32599773899906e-05,0,0,0,0,0.0723327607571846,0,0,0,0,0,0.180233728118786,0,0.0214731210087413,0,0,0,0,0,0,0,0.000506194348230109,0,0.027737390052341,0.0944376564097027,0,0,0
0,0,0,0,0,0,0,0,0,0,0,0,0,0,0,0,0,0,0,0,0,0,0.0323196077591067,0,0,0,0.015910151209604,0,0,0,0.0428247667676024,0,0,0,0,0,0,0,0.000630096460346175,0,0,0,0,0,0,0,0,0,0,0,0,0,0,0,0,0,0,0,0.0022410097856808,0,0.00084410562524715,0,0,0,0,0.00467194503726499,0,0,0,0.160702295135356,0,0.403345074440391,0,0.0184852362113215,0,0,0,0,0,0,0,0.00155573772116359,0.00297399724383163,5.58847946486305e-05,0,0,0
0,0,0,0,0,0,0,0,0,0,0,0.00292452490063579,0,0.00419548757139793,0,0,0,0,0,0,0,0,0,0,0,0,0,0.20342202676564,0,0,0,0,0,0,0,0,0,0.00802734289061402,0,0,0,0,0,0,0,0,0,0,0,0,0,0,0,0,0,0,0,0,0,0,0,0,0,0,0,0,0,0,0,0,0.124013177627919,0,0.130511978426457,0,0,0,0,0,0,0,0.000459845929445094,0,0.0028514791279524,0,0,0,0
0,0,0,0,0,0,0,0,0,0,0.0015285413743592,0,0,0,0,0,0,0,0,0,0,0,0,0,0,0,0,0,0.0428247667676024,0,0,0,0,0,0,0,0,0,0.0178486052272835,0,0,0,0,0,0,0,0,0,0,0,0,0,0,0,0,0,0,0,0,0,0,0,0,0,0,0,0,0,0,0,0,0.0323122405936208,0,0.35986651852923,0,0,0,0,0,0,0,0.00378843183230079,0.000137915668543105,0,0,0,0
0,0,0,0,0,0,0,0,0,0,0,0,0,0,0,0,0,0,0,0,0,0,0,0,0,0,0,0,0,0,0,0,0.360946099424544,0.00480276856861384,0.0139892965315542,0.00142032199019929,0.00489162901656374,0,0,0,0,0,0,0,0,0,0,0.00211036175302881,0,0,0,0,0,0,0,0,0,0,0,0,0,0,0,0,0,0,0,0,0,0,0,0,0,0,0.531126032994191,0.0394888188518222,0.00166217768823931,0.00742710645706857,0.00154974681105709,0.00219613319198583,0,0,0.00203682480063134,0,0,0,0
0,0,0,0,0,0,0,0,0,0,0,0,0,0,0,0,0,0,0,0,0,0,0,0,0,0,0,0,0,0,0,0.360946099424544,0,0.00148820248468438,0.0193317265842906,0.00567840415546972,0.00560213738566069,0,0,0.0196834459093615,0.000120284373978818,0,0,0,0,0,0,0.225210109090134,0.00512181973754939,0.0552864202414126,0,0,0,0,0,0,0,0,0,0,0,0,0,0,0,0,0,0,0,0,0,0,0,0,0.716301812731545,0.152352442147218,0.0232177851107912,0.0318928149179363,0.00168897378580222,0.00111521701479505,0,0,0.00850955477770522,0,0,0,0
0,0,0,0,0,0,0,0,0,0.000291420203160364,0,0,0,0,0,0,0,0,0,0,0,0,0,0.000263446568696834,0,0,0,0,0,0,0,0.00480276856861384,0.00148820248468438,0,1.05786636283034,0,0.00125627896315788,0.00327859800758461,0.0348932896091854,0,0,0,0,0,0,0,0,0.139937169907955,5.40669292350754e-05,0,0,0,0,0,0,0.00175472410015221,0,0,0,0,0,0,0,0,0,0,0.00238202419131322,0,0,0,0,0,0,0,0,0.000148456063470803,0.179222476305099,1.01404310337924,1.2435722965165e-05,0,0.00389992545582545,0.00685497628631453,0.00125378909247026,0.000132449732960259,0.00163438463924078,0,0
0,0,0,0,0,0,0,0,0,0,0,0,0,0,0,0,0,0,0,0,0,0,0,0,0,0,0,0,0,0,0,0.0139892965315542,0.0193317265842906,1.05786636283034,0,0,0.00675259206905063,0.00397851772246101,7.76842115944591e-05,0,0,0.000143844031990428,0,0,0,0,0,0.561250389384104,0,0.0197254909609154,0,0,0,0,0,0,0,0,0,0,0,0,0,0,0,0,0,0,0,0,0,0,0,0,0.000388618327363006,0.00213412773416625,1.05525280904868,0.0921243538848047,0,0.00761144275007252,0.00179174947083981,0,0.00168068370642987,0.000425076149434681,0.000222844271453636,0,0
0,0,0,9.99121697280612e-05,0,5.01702191560826e-05,0,0.000191045554503173,0,0,0,0.0122383971359496,0,0,0,0,0,0,0,0.0671199806616011,0,0,0,0,0,0,0,0,0,0,0,0.00142032199019929,0.00567840415546972,0,0,0,0.0737035555283749,0.0421176044360855,0.00191793047737785,0.00358575769492183,0,2.44917601531386e-05,0,0,0,0,0,0.00191420889003989,0,4.61491834558144e-06,0,0,0,0,0,0,0,0.0293493630666199,0,0,0,0,0.0265068802973066,0,0,0,0,0,0,0,0,0,0,0,0.00661753058506439,0.00343140691627892,3.32398196120904e-05,0,0.313096062846526,0.0195144521406165,0.0398798542417018,0,0.0333782775387726,0.00738070125077567,0.000331937981832862,0,0
0,0,1.44445207095672e-05,0,9.44721578574789e-05,0,0.00201974938550872,0,0,0,0.000962032128592842,0,0,0,0,0,0,0,0,0,0.0060214403626005,0,0,0,0,0,0,0,0,0,0,0.00489162901656374,0.00560213738566069,0.00125627896315788,0.00675259206905063,0.0737035555283749,0,0.000633312442780327,0.00115860420737793,0.000715248228162478,0,0,2.40784149465414e-05,0,0,0,0,0.0193984529842824,0,0.000695448306238846,3.24129201377046e-05,0,0,0,0,0,6.67377260021204e-05,0,0,0,0,0,0,0.000182027241348389,0,0,0,0,0,0,0,0,0,0,0.00211471223687375,0.00193972396702564,0.00373448187078887,0.00801579209496443,0.107566553895014,0.332066033615987,7.30131967754921e-05,0,0.0545266009376437,0.0269783557658877,0.000385566335956394,0,0
6.20695986297385e-06,0.000367582705192874,0,7.65169479840664e-05,0,0,0,0,2.27727386951823e-05,0.00190754474576861,0,0.0291573734591188,0,0,0,1.04623093944155e-05,2.19406777333246e-05,0,0,0.0352270895914476,0,0.0939019503605644,0.00261441144784978,0.0380582573808999,0,0,0,0.065976328736702,0,0.00802734289061402,0,0,0,0.00327859800758461,0.00397851772246101,0.0421176044360855,0.000633312442780327,0,0.186762679939065,0,0,0.00024340386947685,0.000513958104913114,0,0,0,0,0.0123829520196549,6.8176840573218e-06,0.0117393683837748,0,0,0,0,8.08990406120101e-05,0.00132823869693181,0,0.0545696175784315,0,0,0,0,0.0054494622930454,0,0.102243322888232,0.000424649416145762,0.0326494805183293,0,0,0,0.0271562547378904,0,0.111593167810869,0,0,0,0.00577911235740096,0,0.0153518173658511,0,0.259018074006932,0.0471363329524351,0.0334318528885705,0.00525825296026014,0.00481944158304376,0,0
0,6.03493600631394e-06,0,0,0,0,0,0,0.00507968705219464,0,0.0320507239757738,0,0,0,9.31005922384532e-05,0,0,0,6.60203173291889e-05,0,0,0.00225173519580371,0.0299296126715667,0,0.0293449649910862,0,0,0,0.000630096460346175,0,0.0178486052272835,0,0,0.0348932896091854,7.76842115944591e-05,0.00191793047737785,0.00115860420737793,0.186762679939065,0,0,3.66869131195936e-05,0,0.000584999172714651,0,0,0,0,0.020853173738824,0.00492364902364649,2.73555409958017e-05,0,0,0,0,0.0183396526875714,0,0.0146412338123252,0,0,0,3.83802208975079e-05,0,0,0,0.000494807259157419,0.0046133937306657,1.57218440830162e-05,0.00330262742395393,0,0,0,0,0,0.000810270911603493,0,0,0.00155319052182274,0.000256211567262023,0.00300358589516479,0.017966621829041,0.0672448515286359,0.448609993978571,0.0335162968624741,0.0104498714127486,0.00320076448613792,0,0
0,0.000436087602401897,0,0.0109833351155961,0,0.00195478718604663,0,0,0,2.88335871296399e-05,0,0,0,0,0,0,0.00207421383603326,0.0158125104319372,0.0389678771314914,0,0,0,0,0,0,0,0,0,0,0,0,0,0.0196834459093615,0,0,0.00358575769492183,0.000715248228162478,0,0,0,0.000742992895761285,0.0815819256477109,1.05624546696131e-05,0,0,0.118531330864564,0.000583956175941258,0.194743126261755,0.024901196126834,0.0479955820579794,0,0,0,0,0,0.000423745095399705,0,9.38757991811467e-05,0,1.02122994154197e-05,0,6.95548052945943e-05,0.012968446912864,6.61875982635976e-05,0,0,0,0,0,0,0,0,0.00144399010079834,0,0,0.0477756623764151,0,0,0.0336787385372159,7.65063088019492e-06,0.00225922423624228,0,0.00446194456400293,0.000172951088362025,0.0963829417460351,0,0
0,0,0.0083383185417915,0.0001172935783677,0.000766487172814237,0,0,0,9.84198385192581e-05,0,0,0,0,0,0,0,0.0235010955983923,0.00473873692246882,0.135425491795759,0,0.00150894130643449,0,0,4.12419478175883e-05,0,0,0,0,0,0,0,0,0.000120284373978818,0,0,0,0,0,3.66869131195936e-05,0.000742992895761285,0,0.00267354033315467,0.101864843450848,0.000190712280934424,0,0.00173577182606335,0.107563851920857,0.00174762185247162,0.0966600287024716,0.000542149927710879,9.35528051347126e-05,0,0,0,0,0,0.000610652776908308,0,0,0,0,0,0.000157635484424092,0.0148836218828796,0,0,0,0,0,0,0,0,0.000805409034990623,0,0,0.000215729065719871,0,0,7.13981629788822e-05,0.00274792512790429,1.69170518235491e-05,0,0.00309053062513334,1.9351939879304e-05,0.0847496277328698,0,0
9.32351929946589e-06,0.0969308091348223,0.000896669956397998,0.0306623807574117,0.000451422238470751,0.00104714421305239,0,0,0,0.00877537995279391,0,0,0,0,0,1.47667615235832e-05,0.000904183017399255,0.00434684823516466,0.0139885513606505,0,0,0,0,0.00132286026484152,0,0,0,0,0,0,0,0,0,0,0.000143844031990428,2.44917601531386e-05,0,0.00024340386947685,0,0.0815819256477109,0.00267354033315467,0,0.00844735135963299,0.000101711624961864,0,0.0905686152905911,0.000460844903162473,0.00150810023443163,0.000182871419940949,0.0337933088008963,0,0,0,0,0,0.0037765103634699,3.22571179332363e-05,0.0219636541922289,0,0.0029682325051207,0,0.00891375353772112,0.000566477457677212,0,0,0,0,0,0,0,0,0,0.0439655982812911,1.07577116049591e-05,0,0,8.97134706302413e-05,0,0.00414472530414519,1.89979506351268e-05,0.00498315536314333,2.41203394499802e-06,0.0114396307828482,0.000419241592417728,0.158342085180338,0,0
0.0185450422504612,0.00102040904841282,0.042948530527923,6.54217925078315e-05,0.00951533148440974,0,0,0,0.00838223788774889,0,0,0,0,0,0.000209835858657683,0,0.00308126320562701,0.000269099621171733,0.0158197574431293,0,0.000325960564072094,0,0,0,0.000500607080110756,0,0,0,0,0,0,0,0,0,0,0,2.40784149465414e-05,0.000513958104913114,0.000584999172714651,1.05624546696131e-05,0.101864843450848,0.00844735135963299,0,0,0,1.96833216753608e-05,0.0434991971656635,0.106454152303859,0.0534997782188514,0.0119857786543033,0.000760545781185099,0,0,0,0.0182198299744616,2.16842684034036e-05,0.00448216616343988,3.25582932733998e-05,6.53177149102583e-05,6.5726289654259e-06,0.0008758056984554,1.38981508071993e-05,0,0.00282268292950518,0,0,5.44094586753764e-05,0.0013071849752896,0,0,0,0,1.52232479742834e-05,0.0073561995203228,0,0,1.37434204870224e-05,0,8.22023901368138e-06,0.00166513060189341,0.000227572976915707,0.00422422415030475,0.0111333352819624,0.000185772061181242,0.236045940396469,0,0
0,0,0,0,0,0,0,0,0,0,0,0,0,0,0,0,7.92113608853186e-06,0,8.50864854411602e-05,0,0,0,0,0,0,0,0,0,0,0,0,0,0,0,0,0,0,0,0,0,0.000190712280934424,0.000101711624961864,0,0,0,0,0,0,0,0,0,0,0,0,0,0,0,0,0,0,0,0,0,0,0,0,0,0,0,0,0,0,0,0,0,0,0,0,0,0,0,0,4.82512811258423e-06,0,9.99650148186088e-06,0,0
0,0,0,0,0,0,0,0,0,0,0,0,0,0,0,0,0,0,0,0,0,0,0,0,0,0,0,0,0,0,0,0,0,0,0,0,0,0,0,0,0,0,0,0,0,0,0,0,0,0,0,0,0,0,0,0,0,0,0,0,0,0,0,0,0,0,0,0,0,0,0,0,0,0,0,0,0,0,0,0,0,0,0,0,0,0,0
0,0.000335737075152906,5.14433049161661e-05,0.0224160882568393,0,0.00192900224910694,0,0,0,1.63317121838007e-05,0,0,0,0,0,0,0.00245250911632096,0.0148086072596189,0.0875575687522007,0.00030345763315384,0,0,0,0,0,0,0,0,0,0,0,0,0,0,0,0,0,0,0,0.118531330864564,0.00173577182606335,0.0905686152905911,1.96833216753608e-05,0,0,0,0.00123910256958914,0,0,0.00227682270807293,0,0,0,0,0,0.00115904039147654,2.63585598719255e-05,0.000277042322362321,0,2.18704526353682e-05,0,8.14909740622905e-05,0.0968572909842343,0.000110382238247576,0,0,0,0,0,0,0,0,0.00641831520962612,0,0,0,0,0,0.00227229481796172,3.28820274033383e-06,0.000491738421067682,0,0.00503529829087616,0.000650363798316696,0.0813430195955311,0,0
0,0,0.0278392080737053,0.000148743028704802,0.00107875012186307,0,0,0,0,4.79840409540618e-05,0,0,0,0,0,0,0.0102198910769523,0.00531692868153961,0.100880809839188,0,0.000137465500770033,0,0,0,0,0,0,0,0,0,0,0,0,0,0,0,0,0,0,0.000583956175941258,0.107563851920857,0.000460844903162473,0.0434991971656635,0,0,0.00123910256958914,0,0,0.000211299669773356,0,0.000423578205348924,0,0,0,0,0,0.00301075942646803,0,0,0,0,0,9.2403720945135e-05,0.00345277896388729,0,0,0,0,0,0,0,0,0.000838862464649924,0,0,0,0,0,0.000105405336642305,0.00236994000097516,8.46705387681253e-05,0,0.00232068199900142,1.60190711939831e-05,0.0635133079313338,0,0
0.000756775332664746,0.000570912485541624,0,0,0,0,0,0,0.000799605018902486,0,0,0,0,0,0,0,0,0,1.34047853624379e-05,0,0,0,0,0,0,0,0,0,0,0,0,0.00211036175302881,0.225210109090134,0.139937169907955,0.561250389384104,0.00191420889003989,0.0193984529842824,0.0123829520196549,0.020853173738824,0.194743126261755,0.00174762185247162,0.00150810023443163,0.106454152303859,0,0,0,0,0,0.0756251869379167,0.389533933364539,0,0,0,0,0.00297991988459741,0.000216721958783545,0,0,0,0,0.000322411690835248,0,0,0,0,0,0.00136952944045964,0.000496037828158756,0,0,2.36834519786078e-05,0,0,0.00398919467758055,0,0.528522715890142,0.0715719744362202,0.11576903302539,0.00150724456946297,0.00801375976893166,0.01776850909624,0.00133007334736527,0.0187858198821769,0.000160835248964387,0.0778412965472821,0,0
0.00698737440318992,0.000646551184618183,0.000272284391186308,0,2.97508218940687e-05,0,0,0,0,0,0,0,0,0,0,0,0,0,4.90064802763355e-05,0,0.000101270388989653,0,0.000968602495853808,0,0.013330210157688,0,0,0,0,0,0,0,0.00512181973754939,5.40669292350754e-05,0,0,0,6.8176840573218e-06,0.00492364902364649,0.024901196126834,0.0966600287024716,0.000182871419940949,0.0534997782188514,0,0,0,0.000211299669773356,0.0756251869379167,0,0.0488958822248484,5.73677873345769e-05,0,0,0,0.000426711768734511,0,0.000201398222557973,0,0,1.18707643781109e-05,0,0,0,0,0,2.74707543107371e-05,0,0,0,0,0,0,0,0.020572058231437,0,0.00763033074293182,0.000184519565102736,0,0,7.85624052125943e-05,0.000136291795581131,0.00445020790894223,0.00470409388421668,6.48734648376042e-06,0.0535593829986377,0,0
0.000493005923892309,0.0423151101196358,9.05312908202061e-05,0.00121091995841448,0.00014781009641791,1.79932347874694e-05,0,0,0.000152375279449692,0.000260706091136401,0,0,0,0,0,0,0,0,2.38463711397409e-05,0.000276740094166821,0,2.38237276255762e-05,0,0.000194399894240584,0,0,0,0,0,0,0,0,0.0552864202414126,0,0.0197254909609154,4.61491834558144e-06,0.000695448306238846,0.0117393683837748,2.73555409958017e-05,0.0479955820579794,0.000542149927710879,0.0337933088008963,0.0119857786543033,0,0,0.00227682270807293,0,0.389533933364539,0.0488958822248484,0,0,0,0,0,0.000113200573733141,8.9689005253169e-05,0,0.014378570082286,0,0.000536814929015944,0,0.00480657029176651,0.0109958578137839,0,0,0,0.0237256234328987,0,0,0,0.000167982049757056,0,0.0136577911713769,0.000373265122164738,0,0.0838219712365391,0,0.00222360352893145,0.000336596430143897,0.000108539192318291,0.0246961373269814,0.000233447770566206,0.00868945989151888,1.95158190338324e-06,0.0517906612962625,0,0
0,0,0.024807325976747,0,0.00351002804082202,0,0,0,0,0,0,0,0,0,0,0,1.63201411235885e-05,0,2.63293540526444e-05,0,0.0107289691601968,0,0,0,0,0,0,0,0,0,0,0,0,0,0,0,3.24129201377046e-05,0,0,0,9.35528051347126e-05,0,0.000760545781185099,0,0,0,0.000423578205348924,0,5.73677873345769e-05,0,0,0,0,0,0,0,0,0,0,0,0,0,0,0.000244240413084594,0,0,0,0,0,0,0,0,0,0,0,0,0,0,0,7.23730323094458e-05,0,0,0.000845565889717797,0,0.00739676320326987,0,0
0,0,0,0.00950356586971361,0,0.0114844845019697,0,0.00142654395889723,0,0,0,0.00173686686068678,0,0,0,0,0,0,0,0,0,0,0,0,0,0,0,0,0,0,0,0,0,0,0,0,0,0,0,0,0,0,0,0,0,0,0,0,0,0,0,0,0,0,0,0,0,0.00849871449543803,0,0.00145706464825573,0,0,0,0,0,0,0,0,0,0,0,0,0,0,0,0,0,0,0,0,0,0,0.0022491319139018,0,0.00356767010963445,0,0
0,0,0,0,0,0,0.000604503555223346,0,0,0,0,0,0,0,0,0,0,0,0,0,0.0184581077377278,0,0,0,0,0,0,0,0,0,0,0,0,0,0,0,0,0,0,0,0,0,0,0,0,0,0,0,0,0,0,0,0,0,0,0,0,0,0,0,0,0,0,0,0,0,0,0,0,0,0,0,0,0,0,0,0,0,0,0,0,0,0.00204447056716689,0,0,0,0
0,0,0,0,0,0,0,0.00139178847894073,0,0,0,0,0,0,0,0,0,0,0,0,0,0,0,0,0,0,0,0,0,0,0,0,0,0,0,0,0,0,0,0,0,0,0,0,0,0,0,0,0,0,0,0,0,0,0,0,0,0.000413151020877459,0,0,0,0,0,0,0,0,0,0,0,0,0,0,0,0,0,0,0,0,0,0,0,0,1.48902036016807e-05,0,0,0,0
0.01947938247429,0.000178104587924357,0.000757266459621656,0.000230175407364974,0,0,0,0,0.0602364922225204,0,0,0,0,0,0.0569467660821635,0,0,0,6.1773621005481e-05,0,0,0,0,0,0.00012505314118489,0,0.0059174434132142,0,0,0,0,0,0,0,0,0,0,8.08990406120101e-05,0.0183396526875714,0,0,0,0.0182198299744616,0,0,0,0,0.00297991988459741,0.000426711768734511,0.000113200573733141,0,0,0,0,0,6.21770350744625e-05,0,1.84905746587714e-05,0,0,0.0309722304271754,0,0,0,0,0,0,0.018301320291224,0,0,0,0,0,0,0,0,0,0,0,0,4.16579646781826e-05,0.00527794989355742,0.00144336625879099,2.06869320497318e-05,0.0196106504357595,0,0
4.39741598914065e-05,0.0892933797225451,0,0.00249152444391443,0,0.00164636148838326,0,0,0,0.247137246964711,0,0,0,0,0,0.0730317836803412,1.26164405525793e-05,0.000226399791011823,0.000334903247951507,0,0,0,0,0.00894396236065147,0,0,0,0,0,0,0,0,0,0.00175472410015221,0,0,0,0.00132823869693181,0,0.000423745095399705,0,0.0037765103634699,2.16842684034036e-05,0,0,0.00115904039147654,0,0.000216721958783545,0,8.9689005253169e-05,0,0,0,0,6.21770350744625e-05,0,0,3.03996050072169e-05,0,0,0,0.025801338665305,0,0,0,0,0.0942221386060063,0,0,0,0,0,0.000523277361677923,0,0,0,0.00391999480137121,0,0,0,0.00300900316655657,0,0.000610342298523559,0.000190144319700284,0.00469479873834854,0,0
0,0,0.0116788608495269,0,0,0,0,0,0,0,0.0684207620810163,0,0,0,0,0,7.31192954394148e-05,3.01128434767236e-05,0.000681917276546277,0,0.000245479734402893,0,0,0,0,0,0,0,0,0,0,0,0,0,0,0,6.67377260021204e-05,0,0.0146412338123252,0,0.000610652776908308,3.22571179332363e-05,0.00448216616343988,0,0,2.63585598719255e-05,0.00301075942646803,0,0.000201398222557973,0,0,0,0,0,0,0,0,0,0,0,0,0,0,1.40385454882224e-05,0,0,0,0,0,0,0,0.000100099871387094,0,0.0123206844370164,0,0,0,0,0,6.65421753578084e-05,0,0,0.0026794717762968,0,0.0125873704148759,0,0
0,0.0011555832378602,0,0.000488434437048218,0,0.000332602355201637,0,0,1.43356093384788e-05,0.000610644209162741,0,0.581641966127797,0,0,0,0,4.56710961085487e-05,0.000146371248502215,0.000404290017847977,0.294350920091007,0,0,0,1.96372905363782e-05,0,0,0,0,0,0,0,0,0,0,0,0.0293493630666199,0,0.0545696175784315,0,9.38757991811467e-05,0,0.0219636541922289,3.25582932733998e-05,0,0,0.000277042322362321,0,0,0,0.014378570082286,0,0.00849871449543803,0,0.000413151020877459,1.84905746587714e-05,3.03996050072169e-05,0,0,0,0.0231603004522009,0,0.00130845596527681,0.0674623224657449,0,0,0,0,0,0,0,0,0,0.0252437946242752,0,0,0,0,0,0.000312947074388312,0,0.00226607977551228,0,0.00755397060171576,0.000808408323470894,0.0195069849632045,0,0
0,0,0.0148994054464461,0,0,0,0,0,0,0,0,0,0.00044048789550355,0,0,0,0,0,0,0,0,0,0,0,0,0,0,0,0.0022410097856808,0,0,0,0,0,0,0,0,0,0,0,0,0,6.53177149102583e-05,0,0,0,0,0,0,0,0,0,0,0,0,0,0,0,0,0,0,0,0,0,0,0,0,0,0,0,0,0,0,0,0,0,0,0,0,0,0,0,2.80341737379786e-05,0,7.45248793151311e-05,0,0
0,2.83872643637578e-05,0,0.018944984064874,0,0.00083397619603106,0,0,0,0,0,0.00136532030858358,0,0.0218992583839722,0,0,0,3.57791929538173e-06,0,0,0,0,0,0,0,0,0,8.32599773899906e-05,0,0,0,0,0,0,0,0,0,0,0,1.02122994154197e-05,0,0.0029682325051207,6.5726289654259e-06,0,0,2.18704526353682e-05,0,0,1.18707643781109e-05,0.000536814929015944,0,0.00145706464825573,0,0,0,0,0,0.0231603004522009,0,0,0,5.08629360587247e-05,0,0,0,0,0,0,0,0,0,0,0.000455526053437024,0,0,0,0,0,0,0,0,0,0.00272941572274625,0.00743299397476544,0.0101068263836304,0,0
0.00185688342005394,0,0.0424703988989504,0,0,0,0,0,0.00706039134015828,0,0,0,0,0,0.0147205861668241,0,0.000397874882221643,0,0,0,0,0,0,0,0,0,0.00172668785898371,0,0.00084410562524715,0,0,0,0,0,0,0,0,0,3.83802208975079e-05,0,0,0,0.0008758056984554,0,0,0,0,0.000322411690835248,0,0,0,0,0,0,0.0309722304271754,0,0,0,0,0,0,0,0,0,0,0,0,0.00100359796328609,0,0,0,0,0,0,0,0,0,0,0,0,7.92850549204398e-06,8.0929466285181e-05,0.0075774863361119,0.000752546244947363,0.00148980990587692,0,0
0,0.0480168022030196,0,0.00558300017972097,0,0.00119942010092419,0,0,0,0.138065107511787,0,0,0,0.00246683214139445,0,0.0536040785053566,0,0.00019837442091033,0,0,0,0,0,0,0,0,0,0,0,0,0,0,0,0,0,0,0,0,0,6.95548052945943e-05,0,0.00891375353772112,1.38981508071993e-05,0,0,8.14909740622905e-05,0,0,0,0.00480657029176651,0,0,0,0,0,0.025801338665305,0,0.00130845596527681,0,5.08629360587247e-05,0,0,0,0,0,0,0,0,0,0,0,0,0.00447358619630325,0,0,0,0,0,0,0,0,0,0.00153985416021002,0.000106218279591113,0.0035466726739578,0,0
0,0,0,0.000430611861675171,0,0,0,0,0,0,0,0.0292409649026818,0,0,0,0,0.000173168936506656,0.000491685874252074,0.00391510637456279,0.1722126054065,0,0,0,0,0,0,0,0,0,0,0,0,0,0,0,0.0265068802973066,0,0.0054494622930454,0,0.012968446912864,0.000157635484424092,0.000566477457677212,0,0,0,0.0968572909842343,9.2403720945135e-05,0,0,0.0109958578137839,0,0,0,0,0,0,0,0.0674623224657449,0,0,0,0,0,0,0,0,0,0,0,0,0,0,0.00285464553158435,0,0,0,0,0,0.00161539437907101,0,0.000956483163438484,0,0.00977875279067666,2.82804590835723e-05,0.0173103306599402,0,0
0,0,0.000187849682649762,0,0.00195805835261139,0,0.00329031772231432,0,0,0,0.0531934661941599,0,0,0,0,0,0.000333733741065317,0.000110000072317032,0.00132087260615486,0,0.0158140121422038,0,0,0,0,0,0,0,0,0,0,0,0,0,0,0,0.000182027241348389,0,0,6.61875982635976e-05,0.0148836218828796,0,0.00282268292950518,0,0,0.000110382238247576,0.00345277896388729,0,0,0,0.000244240413084594,0,0,0,0,0,1.40385454882224e-05,0,0,0,0,0,0,0,0,0,0,0,0,0,0,0,0,0,0,0,0,0,3.86352059985413e-06,0.00452027645079753,0,0,0.000826179099768006,0,0.00569332538997719,0,0
0,0,0,0,0,0,0,0,0,0,0,0,0,0,0,0,0,0,0,0,0,0.276300170910248,0.0460686643990431,0.00722132093077034,0,0,0,0.0723327607571846,0,0,0,0,0,0,0,0,0,0.102243322888232,0.000494807259157419,0,0,0,0,0,0,0,0,0,0,0,0,0,0,0,0,0,0,0,0,0,0,0,0,0,0,0.0177407540453245,0.000258760173709054,0,0,0,0.00385616410725022,0,0,0,0,0,9.25747815602299e-05,0,0,0,0.0265194590976427,0.00343628257745632,0.0124923893581309,0.000931355474011882,0,0,0
0,0,0,0,0,0,0,0,0,0,0,0,0,0,0,0,0.000420388078043661,0,0,0,0,0.138868175792495,0.258800345050148,0,0.0142685211289541,0,0.0261058811775418,0,0.00467194503726499,0,0,0,0,0,0,0,0,0.000424649416145762,0.0046133937306657,0,0,0,0,0,0,0,0,0,2.74707543107371e-05,0,0,0,0,0,0,0,0,0,0,0,0,0,0,0,0.0177407540453245,0,0,0.0029657435271293,0,0.016611816573416,0,0.00117543600954998,0,0,0,0,0,0,0,0,0.000873028390557989,0.00420772449223102,0.0283185393572809,0.0156015451907234,0,0,0
0,9.87584888795419e-05,0,0,0,0,0,0,0,0.0235368483656145,0,0,0,0,0,0.000647304986347627,0,0,0,0,0,0.000611590586500136,0,0.185805308866907,0,0.000673740927595645,0,0,0,0,0,0,0,0.00238202419131322,0,0,0,0.0326494805183293,1.57218440830162e-05,0,0,0,5.44094586753764e-05,0,0,0,0,0.00136952944045964,0,0.0237256234328987,0,0,0,0,0,0.0942221386060063,0,0,0,0,0,0,0,0,0.000258760173709054,0,0,0,0.000476985442219302,0,0,0,0,0,0,0,0.00576387727539217,0,0,0,0.00745802859761087,0,0.000941126227299899,6.99140058465698e-05,0.00704874168624085,0,0
7.25259998615984e-05,0,0,0,0,0,0,0,7.0848591617028e-05,0,0,0,0,0,0.000537385107064348,0,0,0,0,0,0,0,0.0238975699995741,0,0.163159596616892,0,0.397407025077925,0,0,0,0,0,0,0,0,0,0,0,0.00330262742395393,0,0,0,0.0013071849752896,0,0,0,0,0.000496037828158756,0,0,0,0,0,0,0.018301320291224,0,0,0,0,0,0.00100359796328609,0,0,0,0,0.0029657435271293,0,0,0,0.334393551861301,0,0,0,0,0,0,0,0,0,0,0,0.00696419700463537,0.00592415689538441,0.000376231944354799,0.00376390769990864,0,0
0,0,0,0,0,0,0,0,0,0.0491616859166686,0,0,0,0,0,0.0701465191795198,0.000444505537157901,8.4437726324188e-05,0,0,0,0,0,0.0207439723736971,0,0.00100464653223753,0,0,0,0,0,0,0,0,0,0,0,0,0,0,0,0,0,0,0,0,0,0,0,0,0,0,0,0,0,0,0,0,0,0,0,0,0,0,0,0,0.000476985442219302,0,0,0,0,0,0,0,0,0,0,0,0,0,0,0,0.000447129393547341,0,0,0,0
0,0,0,0,0,0,0,0,0.0714366799450156,0,0,0,0,0,0,0,0.00666434546455408,0,0,0,0,0,0.00439799311856689,0,0.607512637953772,0,0.474354822455344,0,0.160702295135356,0,0,0,0,0,0,0,0,0,0,0,0,0,0,0,0,0,0,0,0,0,0,0,0,0,0,0,0,0,0,0,0,0,0,0,0,0.016611816573416,0,0.334393551861301,0,0,0,0.000423504877544025,0,0,0,0,0,0,0,0,0,0,0.0129747885183091,0,0,0,0
0,0,0,0,0,0,0,0,0,0,0,0,0,0.000551425261198187,0,0,0,0,0,0,0,0.00843438956840262,0,0,0,0,0,0.180233728118786,0,0.124013177627919,0,0,0,0,0,0,0,0.0271562547378904,0,0,0,0,0,0,0,0,0,2.36834519786078e-05,0,0.000167982049757056,0,0,0,0,0,0,0,0,0,0,0,0,0,0,0.00385616410725022,0,0,0,0,0,0,0,0.0157667827415556,0,0,0,0,0,0,0,0.00306697210637765,0,0.0303344061272639,0.0356177097511642,0.000203602801031419,0,0
0,0,0,0,0,0,0,0,0,0,0,0,0,0,0,0,0,0,0,0,0,0,0.0464961026265048,0,0,0,0.000563269688915319,0,0.403345074440391,0,0.0323122405936208,0,0,0,0,0,0,0,0,0,0,0,0,0,0,0,0,0,0,0,0,0,0,0,0,0,0.000100099871387094,0,0,0,0,0,0,0,0,0.00117543600954998,0,0,0,0.000423504877544025,0,0,0,0.00767567249786607,0,0,0,0,0,0,0,0.00113969615263421,0.0120650489432833,0.000816033469756927,0,0,0
0,0.00520854157661267,0.000196083428450138,0.00353087906491514,0,0.000284764173224438,0,0,0,0.0237254797234261,0,0.00791271915998082,0,0,0,0,0.000964828075376193,0.0100732589488187,0.0247364335144025,0,0,0,0,0.00400978243694729,0,0,0,0.0214731210087413,0,0.130511978426457,0,0,0,0,0,0,0,0.111593167810869,0,0.00144399010079834,0.000805409034990623,0.0439655982812911,1.52232479742834e-05,0,0,0.00641831520962612,0.000838862464649924,0,0,0.0136577911713769,0,0,0,0,0,0.000523277361677923,0,0.0252437946242752,0,0.000455526053437024,0,0.00447358619630325,0.00285464553158435,0,0,0,0,0,0,0,0.0157667827415556,0,0,0,0,0,0,0,0.00019519746264354,0,0.000538383628150192,0,0.0078511021228145,0.000190141517512781,0.0307482191299722,0,0
4.67286898887542e-05,0.00015528038942277,0,0,0,0,0,0,0,0,0,0,0,0,0,0,0,0,0,0,0,0,0,0,0,0,0,0,0.0184852362113215,0,0.35986651852923,0,0,0,0,0,0,0,0.000810270911603493,0,0,1.07577116049591e-05,0.0073561995203228,0,0,0,0,0.00398919467758055,0.020572058231437,0.000373265122164738,0,0,0,0,0,0,0.0123206844370164,0,0,0,0,0,0,0,0,0,0,0,0,0,0,0.00767567249786607,0,0,0,0,0,0,0,0,0,0.00513070825767177,0.00167358765293624,0,0.0119317237270839,0,0
0,0,0,0,0,0,0,0,0,0,0,0,0,0,0,0,0,0,0,0,0,0,0,0,0,0,0,0,0,0,0,0.531126032994191,0.716301812731545,0,0.000388618327363006,0.00661753058506439,0.00211471223687375,0,0,0,0,0,0,0,0,0,0,0,0,0,0,0,0,0,0,0,0,0,0,0,0,0,0,0,0,0,0,0,0,0,0,0,0,0,0,0.0035403847051303,0.0089843869820381,0.000179291804670356,0.000263246280894794,1.20523053211067e-05,0,0,0.00532771043194205,0,0,0,0
0,0,0,0,0,0,0,0,0,0,0,0,0,0,0,0,0,0,0,0,0,0,0,0,0,0,0,0,0,0,0,0.0394888188518222,0.152352442147218,0.000148456063470803,0.00213412773416625,0.00343140691627892,0.00193972396702564,0,0,0.0477756623764151,0.000215729065719871,0,0,0,0,0,0,0.528522715890142,0.00763033074293182,0.0838219712365391,0,0,0,0,0,0,0,0,0,0,0,0,0,0,0,0,0,0,0,0,0,0,0,0,0.0035403847051303,0,0.000610363890365472,0.0454614939202033,0,0.000176998638022195,0,0,0.00558033380782404,0,6.58383213066716e-05,0,0
