0,0,0.018236709274553,0,0,0,0,0,0.0110554769722242,0,0,0,0,0,0,0,0.000125392528899852,2.69506230364382e-05,0.000377330794016184,0,0,0,0,0,0,0,0,0,0,0,0,0,0,0,0,0,0,0,0.000252465949868449,0,8.9641160478052e-05,3.971878984825e-05,0.00317612099296216,0,0,0,0.00221234820364536,0,0.0153309339033098,0,0,0,0,0,0.00490051046808798,0,0.000745876876645998,0,0,0,0.00750838142197323,0,0,0.000436518666083954,0,0,0,0,0,0,0,0,0,0.00119434727367684,0,0,0,0,0,0.000695067248532123,0,0.000294436198085843,0.000444882163969821,0,0.00472154586299619,0,0.000486763980458547
0,0,0,0.0159049418627654,0,0,0,0,0,0.0354534800390719,0,0,0,0,0,0.000419626493169652,0,0,0.000983336205142688,0,0,0,0,0.000383434005210748,0,0,0,0,0,0,0,0,0,0,0,0,0,0,0,0,0,0.0020470435427213,0,0,0,3.58574324584641e-05,0,0,0,0.0197603496762914,0,0,0,0,0,0.0315148327765621,0,5.77319624004081e-05,0,0,0,0.0028562742452878,0,0,0,0,6.40611252472785e-05,0,0,0,0,0,0,0,0,0,0,0,1.06003197659933e-05,0,6.9229657246015e-06,0,0.000274855081243992,0,0.00657208303209514,3.85660316243881e-05,0
0.018236709274553,0,0,0,0.0201298803966852,0,0,0,0.016401620993553,0,0,0,0,0,0.000862120301827328,0,1.98635922689025e-05,0,3.75589770720253e-05,0,0,0,0,0,0,0,0,0,0,0,0,0,0,0,0,0,0,0,0,0,0.000667292043812927,0,0.00244225313023175,0,0,0,0.00023754277809911,0,0.00669371516620975,0.000276455383357101,0.00579277839640289,0,0,0,0.00509698438553111,0,0.000835363768306207,0,9.93875311485067e-05,0,0.00875761520271248,0,0,0,0,0,0,0,0,0,0,0,0,0.00170481402943063,0,0,0,0,0,5.10016192313781e-05,0,5.8946476518674e-05,0.000732158675762592,1.33905508380169e-05,0.00969486953823837,0,0.00040390536874848
0,0.0159049418627654,0,0,0,0.029524777142534,0,0,0,0.0310083292942068,0,0,0,0,0,0,1.08912415574839e-05,3.05241026726729e-05,0.000373507836465137,0.000968821550580068,0,0,0,0,0,0,0,0,0,0,0,0,0,4.02869524290953e-05,0,0.000420859932118038,0,4.89144774440997e-06,0,0.00611972602775897,5.55588141334783e-05,0.00213763172443392,0.000285292815426347,0,0,0.00486576560923958,0,0.000103582042327213,0.000343053840122901,0.0221455738464045,0,0.0123703205928691,0,0,0,0.0574785293185921,0,0.000862612343379434,0,0,0,0,0.00197165189691466,0,0,0,0,0,0,0,0,0,0.00183327828964969,0,0,0,0,0,0.000586366289145752,2.46762370498464e-05,0.000719326340385335,4.0522111336989e-06,0.00050488302431244,9.78861988631522e-05,0.0190135393766511,0.000876748501086893,0
0,0,0.0201298803966852,0,0,0,0.00083884236367101,0,0.0237180362263222,0,0,0,0.00407118980841737,0,0.00087563329019156,0,3.45847090560956e-06,0,4.59770379448304e-05,0,0.0142474374164178,0,0,0,0,0,0,0,0,0,0,0,0,0,0,0,9.81428566436665e-05,0,0,0,0.00290330411647347,0,0.00109794375082014,0,0,0,0.000745327747203719,3.94660549944135e-05,0.00415334558364929,0,0.141352350883705,0,0.0124409984889115,0,0.013345132064174,0,0.00155092072012361,0,0.00197190432776886,0,0.001577944746569,0,0,0.00440943343712157,0,0,0,0,0,0,0,0,0,0.000247279401474846,0,0,0,0,0,0.00020276879303475,0,7.27013225266424e-05,0.00145103483945696,0,0.00691340871251907,0,0.000121383612595228
0,0,0,0.029524777142534,0,0,0,0.00845164114644866,0,0.00874482679450582,0,0,0,0,0,0.00171951391230867,0,0,8.89570547628188e-05,0.0105773185319862,0,0,0,0,0,0,0,0,0,0,0,0,0,1.94871187655687e-05,0,0.000518786289454066,0,0,0,0.00164361637196783,0,0.000665219821289774,0,0,0,0.00299802814127713,0,2.40320498969134e-05,2.21997106456689e-05,0.00101462839118201,0,0.0830927271341808,0,0.00823964525066591,0,0.00520123109238912,0,0,0,0.00884387832184227,0,0.0041066301248868,0.00386033159230722,0,0,0,0,0,0,0,0,0,2.4353071258174e-05,0,0,0,0,0,0.000563603025562235,1.15568373800798e-05,3.6913536436883e-05,0,0.0010369803863394,0.000724247669077133,0.0105957346371947,0,0
0,0,0,0,0.00083884236367101,0,0,0,0,0,0.00196326619676065,0,0.00327661984501417,0,0,0,0,0,0,0,0.00866953760577384,0,0,0,0,0,0,0,0,0,0,0,0,0,0,0,7.15929253155591e-06,0,0,0,0,0,0,0,0,0,0,0,0,0,0.000619918644587994,0,0.0716006949495416,0,0,0,0.000850934640590529,0,0.00569119449835812,0,0,0,0,0.00164671415762522,0,0,0,0,0,0,0,0,0,0,0,0,0,0,0,0,0,0,0.000801779615373398,0.000227923841412207,0,0,0
0,0,0,0,0,0.00845164114644866,0,0,0,0,0,0.00249547386895706,0,0.00299274573193819,0,0,0,0,0,0.000930065803896169,0,0,0,0,0,0,0,0,0,0,0,0,0,0,0,1.91454842927295e-05,0,0,0,0,0,0,0,0,0,0,0,0,0,0,0,0.0158458285117738,0,0.131775285885663,0,0,0,0.000884415745609892,0,0.00367319637810224,0,0,0,0,0,0,0,0,0,0,0,0,0,0,0,0,0,0,0,0,0,0,0.00143967661700645,5.09784873939519e-05,0,0,0
0.0110554769722242,0,0.016401620993553,0,0.0237180362263222,0,0,0,0,0,0,0,0,0,0.0367916136016254,0,0.0134027633603185,0.000640526338340271,0.00128983092177793,0,0,0,0,0,0.00298265920109498,0,0.00552540034875217,0,0,0,0,0,0,0,0,0,0,0,0.000944932512886009,2.07576829923974e-05,0.00028749061971088,0.000287489306382743,0.00218552957189521,0,0,3.95091072275612e-05,0.000198391922157274,0,0.00349626198230583,2.24831418436836e-05,0.0094666805937566,0,0,0,0.150988248260298,0,7.96934532853934e-05,0,0,0,0.0177444997865653,0,0,5.83495639927935e-05,0,0,0,0.000822115327073436,0,0.000528301264500917,0,0,0,0.000405952766527993,0,0,0,0,9.12386588871716e-06,1.13267108080537e-05,7.73163468794811e-06,6.66378667590128e-05,0.0017867100199627,0.000443048479903225,0.00783898180532583,0,0
0,0.0354534800390719,0,0.0310083292942068,0,0.00874482679450582,0,0,0,0,0,0,0,0,0,0.00707718983891926,0.000131219174182252,0.00281320535993135,0.000273191375011632,0,0,0,0,0.00452118980485538,0,0,0,0,0,0,0,0,0,0,0,0,0,0.000495424135696384,0,0.000310103800169899,0,0.00185362134981599,0,0,0,0.000182768843410052,0,9.7143297333774e-06,0,0.00691860981414411,0,6.20334053471824e-05,0,0,0,0.0715011025258017,0,1.93426566885875e-05,0,0,0,0.000603990370397887,0,7.63721421655032e-05,0,0,0.00175101544848711,0,0,0,0,0,0,0,0,0,0,0,3.18193672608133e-05,0,0.00041605747613841,0,0.00321301202782128,0.000648119403731844,0.00313311689519098,0,0
0,0,0,0,0,0,0.00196326619676065,0,0,0,0,0,0.0182460559713727,0,0,0,0,0,0,0,0.0655045600729974,0,0,0,0,0,0,0,0.000231293329713833,0,5.67311508348212e-05,0,0,0,0,0,0.00148692224517081,0,0.00752135802598255,0,0,0,0,0,0,0,0,0,0,0,0,0,0.0044263410954338,0,0,0,0.0635566418040291,0,0.000649728260218874,0,0,0,0,0.00389684669013461,0,0,0,0,0,0,0,0,0,0.00024728230723469,0,0,0,0,0,4.38925581413035e-05,0,0.00251226195359119,0.0012867178719522,0,0,0,0
0,0,0,0,0,0,0,0.00249547386895706,0,0,0,0,0,0.0161314361501788,0,0,0,0,0,0.0431893886272241,0,0,0,0,0,0,0,0.00272924744466852,0,0.0176642792039457,0,0,0,0,0,0.00306745076883272,0,0.00754376318027356,0,0,0,0,0,0,0,2.22836760713887e-05,0,0,0,0,0,0,0,0.000457499459649982,0,0,0,0.0884846909752723,0,0.00514834790004289,0,0,0.0261149893853895,0,0,0,0,0,0,0,0.00257726904106003,0,0.0161673987543623,0,0,0,0,0,0.00030405615870995,0,0.00149682571301924,0,0.00151601833194536,0.000122070746039141,0.000785411258136443,0,0
0,0,0,0,0.00407118980841737,0,0.00327661984501417,0,0,0,0.0182460559713727,0,0,0,0.00386159232123756,0,0,0,0,0,0,0,0,0,0,0,0,0,0,0,0,0,0,0,0,0,0,0,0,0,0,0,0,0,0,0,0,0,0,0,0,0,0.00452736020457807,0,0,0,0.00234885058798201,0,0.0108445220322136,0,0.000388802492546205,0,0,0,0,0,0,0,0,0,0,0,0,0,0,0,0,0,0,0,0,0,0.000750985363506732,7.57972970040387e-05,0,0,0
0,0,0,0,0,0,0,0.00299274573193819,0,0,0,0.0161314361501788,0,0,0,0.00843997344775409,0,0,0,0,0,0,0,0,0,0.000175973724253708,0,0,0,0,0,0,0,0,0,0,0,0,0,0,0,0,0,0,0,0,0,0,0,0,0,0,0,0.000439069606240034,0,0,0,0.00339824510804433,0,0.0489668518625081,0,0.0122323773843146,0,0,0,0,0,0,0,0,0,0,0,0,0,0,0,0,0,0,0,0,0.000667446791376456,0.00137272591919599,0,0,0
0,0,0.000862120301827328,0,0.00087563329019156,0,0,0,0.0367916136016254,0,0,0,0.00386159232123756,0,0,0,0.00606979541740376,8.25945292241143e-05,5.19442355158641e-05,0,0,0,0,0,0,0,0.00113574181714423,0,0,0,0,0,0,0,0,0,0,0,0,1.17484816748526e-05,1.35155653716994e-05,0,0,0,0,0,1.79934259274424e-05,0,0,0,0.0030522789659257,0,0,0,0.00985654908365039,0,0,0,0.00853597764919238,0,0.0358147832277808,0,0,0,0,0,0,0,0,8.01136935119177e-05,0,0,0,0,0,0,0,0,0,1.35487802505838e-05,0,2.25292271144994e-05,0.000455976978693996,0.000468872550237204,2.22082268150174e-05,0,0
0,0.000419626493169652,0,0,0,0.00171951391230867,0,0,0,0.00707718983891926,0,0,0,0.00843997344775409,0,0,0,0.000467155002559575,0,0,0,0,0,0,0,0.00608191849085061,0,0,0,0,0,0,0,0,0,0,0,0,0,0,0,0,0,0,0,0,0,0,0,0,0,0.00050999397917063,0,0,0,0.0140110143201548,0,0,0,0,0,0.0126219978365744,0,0,0,0,0,0,0,0,0,0,0,0,0,0,0,0,0,0,0,0,0.00141264734531657,0.00118129814909122,0,0,0
0.000125392528899852,0,1.98635922689025e-05,1.08912415574839e-05,3.45847090560956e-06,0,0,0,0.0134027633603185,0.000131219174182252,0,0,0,0,0.00606979541740376,0,0,0.115255254098336,0.0479398976277908,0,0,9.9009221758415e-05,0.00101334891161457,0,0,3.25971161168294e-05,0.0244582504808206,0,6.78387194863406e-05,0,0,0,0,0,0,0,0,0,3.15389521483853e-06,0.000947495405074335,0.000825931594637497,0.000598198090696089,0.00106720727493572,0,0,0.000604940646026113,0.00246247236502483,0,1.46096445724248e-05,6.0427837954825e-05,8.02820656770967e-06,0,0,0,0,0,0.000125317082460618,0,0,0,0.000558951299619548,0,1.20840846351643e-05,0.000666397328808926,0,0.000744906871609737,0,0,0,0.00206954879183218,0,0,1.12031616145277e-05,0.000697848195262003,0,0,0,0,0.000275304288574753,0.00170233063949376,0.000157754371940893,0.00165570905175975,0.0299086606922901,0.0119162453618534,0.00165197952915119,1.12499201389618e-05,0.000155348208509956
2.69506230364382e-05,0,0,3.05241026726729e-05,0,0,0,0,0.000640526338340271,0.00281320535993135,0,0,0,0,8.25945292241143e-05,0.000467155002559575,0.115255254098336,0,0.0664072592562983,0,0,0.00333187346262185,3.39795223344202e-05,0.000995526756442189,0,0.00537540716999305,0.000512665562610552,0.00019651904452117,0,0,0,0,0,0,0,0,0,7.73839064402405e-07,0,0.0017310887964055,0.000233408103770398,0.000897687187333132,0.000125879769271102,0,0,0.00102739162412846,0.000634056157974727,0,0,4.82313948606826e-05,6.86014226865305e-06,0,0,0,0,0,1.37413007448788e-05,1.37387505318009e-05,0,0,0,0.000382303966934339,4.31372329947035e-06,0.000147478498189891,0.00029227712316998,2.83411353134994e-05,0.000649210037248501,0,0.00570242212180654,1.12500374735425e-05,0,0,7.9014893105368e-06,7.26315278036911e-05,0,0,0,0,0.000569528635859077,0.00026082785688854,0.000272135174461016,0.000225340057598613,0.0304250597194933,0.00346108449851987,0.000894888542255549,4.82260281699876e-05,3.23005635127207e-06
0.000377330794016184,0.000983336205142688,3.75589770720253e-05,0.000373507836465137,4.59770379448304e-05,8.89570547628188e-05,0,0,0.00128983092177793,0.000273191375011632,0,0,0,0,5.19442355158641e-05,0,0.0479398976277908,0.0664072592562983,0,0,0,0,0,0,0,0,0.00033722876343547,0,0,0,0,0,0,0,0,2.56598514233565e-05,0,2.22456490926327e-05,1.08412464438793e-05,0.025432245118293,0.00593750848160856,0.0251390077041049,0.0117608564651391,0.000177969899430219,0.000100838158214744,0.0118944975869245,0.00936746139821385,8.9625606208167e-06,2.0450771929388e-05,0.00452343066613002,9.65553411938478e-05,0,0,0,0,4.43855233735169e-06,0.000435750372784702,0.00317222829254308,4.54094627505409e-05,0,4.67466999436346e-05,0,0.000451335198056852,0.00336081685610338,0,0,0,0,0,7.22652240627308e-05,0,4.2978587386966e-05,0.00491578950252849,0.00142813086911591,0,0,0,0,0.00904089121577302,0.00715332789554899,0.00856718841664442,0.00585616770800026,0.0174487336064061,0.00135452366348002,0.0306211349449563,0.000965205594363784,0.00127100389898578
0,0,0,0.000968821550580068,0,0.0105773185319862,0,0.000930065803896169,0,0,0,0.0431893886272241,0,0,0,0,0,0,0,0,0,0,0,0,0,0,0,0,0,2.37240344280109e-05,0,0,0,0,0,0.0026306333449732,0,0.00179363992042613,0,0,0,0,0,0,0,0.00307028304810795,0,4.32938807270562e-05,0,7.59529636714534e-05,0,0,0,0,0,0,0,0.000761414141890997,0,0,0,0,0.0845680243308496,0,0,0,0,0,0,0,0,0,0,0,0,0,0,0,0.00244322757709798,0,0.000432634887121454,0,0.000389039102078807,1.121361189528e-05,0.0029404141943405,0,0
0,0,0,0,0.0142474374164178,0,0.00866953760577384,0,0,0,0.0655045600729974,0,0,0,0,0,0,0,0,0,0,0,0,0,0,0,0,0,0,0,0,0,0,0,0,0,0.0109319259258131,0,0.000473260139882448,0,0.000138252532950481,0,0,0,0,0,0.000385166858176094,0,5.95852270364911e-05,0,0.0109705348617166,0,0.0011222139535931,0,0,0,0.0257824580619,0,8.77563040256276e-06,0,0,0,0,0.0489907612417635,0,0,0,0,0,0,0,0,0,0.000739990681578989,0,0,0,0,0,0.00463997365718791,0,0.000905934957513769,0.000769868509731511,0,0.00164258250229769,0,0
0,0,0,0,0,0,0,0,0,0,0,0,0,0,0,0,9.9009221758415e-05,0.00333187346262185,0,0,0,0,0.00313589614548675,0.00265618224619042,0,0.000801663855893812,0,0.00117269685628518,0,0,0,0,0,0,0,0,0,0.0182344663461039,4.56416642732472e-05,0,0,0,0,0,0,0,0,3.67562828130901e-05,0,0.000528626459579366,0,0,0,0,0,0,0,0,0,0,0,0,0,0,0.0869287484692015,0.000212825668130641,0.00312204669778477,0,0.000982564493938456,0,0.0016989515370983,0,0,0,0,0,0,0,0,0,0.00616504198925661,0,0.00465315555885507,0.00238480696501356,9.90548013358703e-06,0,0
0,0,0,0,0,0,0,0,0,0,0,0,0,0,0,0,0.00101334891161457,3.39795223344202e-05,0,0,0,0.00313589614548675,0,0,0.00728661629983108,0,0.000557935901537162,0,0.000860106378715014,0,0,0,0,0,0,0,0,2.94779788853956e-05,0.0148793896134791,0,0,0,0,0,0,0,0,0,0.00054431787649459,0,0,0,0,0,0,0,0,0,0,0,0,0,0,0,0.000193104932728671,0.0764915930725431,0,0.00348596142624065,0,0.00449349610349618,0,0.00137309577760015,0,0,0,0,0,0,0,0,0,0.0026774279656669,0.00469660324767299,0.00122049237144973,4.67793949915374e-06,0,0
0,0.000383434005210748,0,0,0,0,0,0,0,0.00452118980485538,0,0,0,0,0,0,0,0.000995526756442189,0,0,0,0.00265618224619042,0,0,0,0.0010744135037654,0,0,0,0,0,0,0,0,0,0,0,0.00559085107863731,0,0,0,0.000192820810400038,3.34556527710657e-05,0,0,0,0,0.000164086041792905,0,0.0014365051477935,0,0,0,0,0,0.00933376664784591,0,0,0,0,0,0,0,0,0.00720476366297641,0,0.106508281797112,0,0.0102876827919361,0,0.000189825342479214,0,6.71641563179302e-05,0,0,0,0,0,0,0,0.00150258399037484,0,0.00147602173203976,9.68875132493255e-07,0.000389126167472533,0.000198201448009694,0
0,0,0,0,0,0,0,0,0.00298265920109498,0,0,0,0,0,0,0,0,0,0,0,0,0,0.00728661629983108,0,0,0,0.0213562744607084,0,0,0,0,0,0,0,0,0,0,0,0.00826173040114744,0,0,0,0,0,0,0,0,0,0.000792107313232948,0,0,0,0,0,0,0,0,0,0,0,0,0,0,0,0,0.00310296835594516,0,0.150663690140428,0,0.0191955184116551,0,0,0,0,0,0,0,0,0,0,0,0.000297936777633631,0.00107129447778651,0,0.00046576599975793,0,0
0,0,0,0,0,0,0,0,0,0,0,0,0,0.000175973724253708,0,0.00608191849085061,3.25971161168294e-05,0.00537540716999305,0,0,0,0.000801663855893812,0,0.0010744135037654,0,0,0,0.00430954016475421,0,0,0,0,0,0,0,0,0,0,0,0,0,0,0,0,0,0,0,0,0,0,0,0,0,0,0,0,0,0,0,0,0,0.00543015914110644,0,0,0.00024627320688968,0,5.67511639702743e-05,0,0.0201173993972994,0,0.000166142520938934,0,0,0,0,0,0,0,0,0,0,0,0.000646036340304217,0,0,0,0
0,0,0,0,0,0,0,0,0.00552540034875217,0,0,0,0,0,0.00113574181714423,0,0.0244582504808206,0.000512665562610552,0.00033722876343547,0,0,0,0.000557935901537162,0,0.0213562744607084,0,0,0,0.00017464159027541,0,0,0,0,0,0,0,0,0,0,0,1.0748894611355e-05,6.71016077291656e-05,0,0,0,0,0,0,0,0,0,0,0,0,0.00145745652144531,0,0,0,0,0,0,0,0,0,0,0,0,0.00139668128914862,0,0.020284963539026,0,0,0,0,0,0,0,0,0,1.01818478733456e-06,0,1.32700831430126e-05,0.000802856910322047,9.63669605205403e-06,0,0,0
0,0,0,0,0,0,0,0,0,0,0,0.00272924744466852,0,0,0,0,0,0.00019651904452117,0,0,0,0.00117269685628518,0,0,0,0.00430954016475421,0,0,0,0.0108244433206473,0,0,0,0,0,0,0,0.000597769333452653,0,0,0,0,0,0,0,0,0,0,0,0,0,0,0,0,0,0,0,0.000156304649088486,0,0.00155437001607626,0,0,0,0,0.000438437866010827,0,0,0,0.00742784803594323,0,0.0480931158320779,0,0.000749549750977966,0,0,0,0,0,0,0,5.65844138478269e-06,0,0.000922280947335901,0.000582988299256561,0,0,0
0,0,0,0,0,0,0,0,0,0,0.000231293329713833,0,0,0,0,0,6.78387194863406e-05,0,0,0,0,0,0.000860106378715014,0,0,0,0.00017464159027541,0,0,0,0.0269866771793966,0,0,0,0,0,0,0,0.000116049548420259,0,0,0,0,0,0,0,0,0,0,0,0,0,0,0,0,0,0,0,0,0,0,0,0,0,0,0.000823410815116728,0,0,0,4.53473621746525e-05,0,0.023573452265719,0,0.00553599468735969,0,0,0,0,0,0,0,0.000317089830922866,3.16480254553544e-05,5.30724992131582e-06,0,0,0
0,0,0,0,0,0,0,0,0,0,0,0.0176642792039457,0,0,0,0,0,0,0,2.37240344280109e-05,0,0,0,0,0,0,0,0.0108244433206473,0,0,0,0,0,0,0,0,0,0.00224586572342017,0,0,0,0,0,0,0,0,0,0,0,0,0,0,0,0,0,0,0,0.00254715151722816,0,0,0,0,2.59020115310508e-05,0,0,0,0,0,0,0,0.00260968080299736,0,0.0340539108670615,0,0,0,0,0,0,0,0.00064648646647729,0,0.000143353666431903,0,0,0,0
0,0,0,0,0,0,0,0,0,0,5.67311508348212e-05,0,0,0,0,0,0,0,0,0,0,0,0,0,0,0,0,0,0.0269866771793966,0,0,0,0,0,0,0,0,0,0.00691536004978635,0,0,0,0,0,0,0,0,0,0,0,0,0,0,0,0,0,6.41952411029924e-05,0,0,0,0,0,0,0,0,0,0,0,0,0,0,0.0156779578788128,0,0.0591764496662235,0,0,0,0,0,0,0,0.00162313521653911,0.000208963355824015,0.00103978823470584,0,0,0
0,0,0,0,0,0,0,0,0,0,0,0,0,0,0,0,0,0,0,0,0,0,0,0,0,0,0,0,0,0,0,0,0.0425886885768825,0.00252585379077682,0,0.000448123282719441,0,0,0,0,0,0,0,0,0,0,0,0.23210440686917,0,0,0,0,0,0,0,0,0,0,0,0,0,0,0,0,0,0,0,0,0,0,0,0,0,0,0.0860775784377418,0.00509212624413581,0.00146621764904154,0,0.00239603592981609,0.000777861303578053,0,0,0.00135585631749537,0,0,0,0
0,0,0,0,0,0,0,0,0,0,0,0,0,0,0,0,0,0,0,0,0,0,0,0,0,0,0,0,0,0,0,0.0425886885768825,0,0.0146656771731533,0.00359490063705151,6.36620173870934e-06,0.00107788633734469,0,0,0,0,0,0,0,0,0,0,0.0377335060037657,0,0,0,0,0,0,0,0,0,0,0,0,0,0,0,0,0,0,0,0,0,0,0,0,0,0,0.0347764345835535,0.278950414576181,0.00140509821925035,0.00207738762353663,2.53180012277933e-05,0.00856182899259836,0,0,9.4671905433443e-05,0,0,0,0
0,0,0,4.02869524290953e-05,0,1.94871187655687e-05,0,0,0,0,0,0,0,0,0,0,0,0,0,0,0,0,0,0,0,0,0,0,0,0,0,0.00252585379077682,0.0146656771731533,0,0.0975182563670025,0.00442907894340277,4.50503410307998e-05,0.00425982805528612,0.000192743972359069,0,0,0,0,0,0,7.97317887432842e-05,0,0.315717431847559,0.000141047824070168,0.000709000828459837,0,0,0,0,0,0,0,0,0,0,0,0,0,0,0,0,0,0,0,0,0,0,0,0,0.000865404634541716,0.000552359663529392,0.156745924130854,0.0907156356301002,0.000162263940236666,0.00013806983460643,0.00548978185169518,0.000143044328613912,0.00155865083676308,0.000102121768394922,1.71946855665559e-05,0,0
0,0,0,0,0,0,0,0,0,0,0,0,0,0,0,0,0,0,0,0,0,0,0,0,0,0,0,0,0,0,0,0,0.00359490063705151,0.0975182563670025,0,3.1399123123642e-05,0.00193881928772147,0.00114697205928534,0.00370136305928571,0,0,0,0,0,0,0,0,0.210740288423085,0.000529556459586719,0,0,0,0,0,0,0,0,0,0,0,0,0,0,0,0,0,0,0,0,0,0,0,0,0,0,0.0101512640679646,0.0569891913728094,0.414017280443273,7.5003438703663e-05,0.00283806265708245,0.000449310986928668,0.00480032146601021,0.000499408894384414,0,0,0,0
0,0,0,0.000420859932118038,0,0.000518786289454066,0,1.91454842927295e-05,0,0,0,0.00306745076883272,0,0,0,0,0,0,2.56598514233565e-05,0.0026306333449732,0,0,0,0,0,0,0,0,0,0,0,0.000448123282719441,6.36620173870934e-06,0.00442907894340277,3.1399123123642e-05,0,0.00350378076424036,0.0147161256159483,1.22087775583686e-05,2.96365602557922e-05,0,4.63980605925165e-05,1.66696649359869e-06,0,0,0.000454003637815952,0,0.000433946362557239,2.31144599073822e-05,0.000311502459199415,0,0,0,0,0,5.99926310583467e-06,0,0.000349709180596895,0,0,0,0,0.00171535842733404,0,0,0,0,0,0,0,0,0,0,0,0.000666968052585558,0,0.000869852441905819,0,0.0771832080973938,0.000452877692528565,0.00798641271245888,0,0.0100101464780919,0.000217509196022308,0.000978828689808687,0,0
0,0,0,0,9.81428566436665e-05,0,7.15929253155591e-06,0,0,0,0.00148692224517081,0,0,0,0,0,0,0,0,0,0.0109319259258131,0,0,0,0,0,0,0,0,0,0,0,0.00107788633734469,4.50503410307998e-05,0.00193881928772147,0.00350378076424036,0,0,0.0176108920884939,0,0,0,0,0,0,0,5.4294165472261e-05,0.000216471925853111,0.00018478654919018,1.91322708462562e-05,0.000522952336863362,0,7.02732029551228e-06,0,0,0,7.97436643070303e-05,0,2.5204619214487e-06,0,0,0,0,0.00133508873929683,0,0,0,0,0,0,0,0,0,9.56116631892358e-07,4.97673115684304e-06,0.000115289817689657,8.76118649127097e-05,0.00225547042187394,0.000240606960118433,0.0634816759996965,0,0.0100338385830075,0.00818075916848368,0.00175686155977858,0.000421767880864227,0,0
0,0,0,4.89144774440997e-06,0,0,0,0,0,0.000495424135696384,0,0.00754376318027356,0,0,0,0,0,7.73839064402405e-07,2.22456490926327e-05,0.00179363992042613,0,0.0182344663461039,2.94779788853956e-05,0.00559085107863731,0,0,0,0.000597769333452653,0,0.00224586572342017,0,0,0,0.00425982805528612,0.00114697205928534,0.0147161256159483,0,0,0.00393711121507905,3.77538379777061e-06,0,0.000206484003218092,2.56663366836357e-05,0,0,0.000100001429727239,0,0.00835673891522624,0,0.00267130210533932,0,0,0,0,0,0.000343368300428748,0,0.00140182256186154,0,0,0,0,0.00143688924398565,0,0.0167176065793779,0,0.0116080268985884,0,6.85726327433601e-05,0,0.000795901245015277,0,0.000329901564160231,0,0,0,0.000886789146339627,1.89712777042167e-05,0.00415994194828303,0,0.0849202307668739,0.00179929704218648,0.00546063639847036,0.000566085650421199,0.00177457167314065,5.31248715549405e-05,0
0.000252465949868449,0,0,0,0,0,0,0,0.000944932512886009,0,0.00752135802598255,0,0,0,0,0,3.15389521483853e-06,0,1.08412464438793e-05,0,0.000473260139882448,4.56416642732472e-05,0.0148793896134791,0,0.00826173040114744,0,0,0,0.000116049548420259,0,0.00691536004978635,0,0,0.000192743972359069,0.00370136305928571,1.22087775583686e-05,0.0176108920884939,0.00393711121507905,0,0,2.66398537640692e-06,0,0.000429886625169526,0,0,0,1.42552425435901e-05,0.0167581067483655,0.00320898361982271,0,1.72830315699874e-05,0,0,0,8.3755833998816e-06,0,0.00301701464407986,0,0,0,0,0,0,0.00195138504199044,0,0.0100261662745023,0,0.00800316314068513,0,0,0,0.000444229395036588,0,0.00100222024238268,0,0,0.000114003340505764,0.000381557301547127,3.69882457647255e-05,0.00356530911151442,0.000772745592224647,0.0910487475381682,0.00488135134823621,0.000759046192857649,0.00223271305135018,0,4.86388552128209e-05
0,0,0,0.00611972602775897,0,0.00164361637196783,0,0,2.07576829923974e-05,0.000310103800169899,0,0,0,0,1.17484816748526e-05,0,0.000947495405074335,0.0017310887964055,0.025432245118293,0,0,0,0,0,0,0,0,0,0,0,0,0,0,0,0,2.96365602557922e-05,0,3.77538379777061e-06,0,0,0.000415446891378791,0.0620388794870328,0.00386264712041278,0,0,0.0224347082824695,0.000479756162443054,0.00161249158978215,8.20475115866808e-06,0.0709512521140638,1.29698510168419e-05,0.000258914773640294,0,0,0,0.00105099763350604,1.0072082129236e-05,0.00050109001394803,0,0,0,0,0.00221558679307938,0.000313729668848135,0,0,0,0,0,0.000114377639810448,0,0,0.000282524900072936,2.76057652081325e-05,0,0,0,0,0.00177576407082434,0.00011645072979918,0.0013536735815251,0.000187803445870401,0.00165363546355524,0.000190761727675364,0.022660013085786,0.00435150764057489,6.27111295083724e-05
8.9641160478052e-05,0,0.000667292043812927,5.55588141334783e-05,0.00290330411647347,0,0,0,0.00028749061971088,0,0,0,0,0,1.35155653716994e-05,0,0.000825931594637497,0.000233408103770398,0.00593750848160856,0,0.000138252532950481,0,0,0,0,0,1.0748894611355e-05,0,0,0,0,0,0,0,0,0,0,0,2.66398537640692e-06,0.000415446891378791,0,0.000299926190573431,0.0208858841255928,0,0.000558117468296931,0.000344444436306727,0.0137468643950234,0.0029267879053205,0.00477922038704624,3.53721971806801e-05,0.00681232014486164,0,0,0,0,0,0.00255409069454065,2.84641127621522e-05,0.000543822419330053,0,0,0,0,0.0197954947753208,0,0,0,0,0,0,0,6.74083378507612e-06,5.67619746777853e-05,0.00110138653281808,0,0,0,0,3.1585588008885e-05,0.00566538452145346,0,0.00129852264632282,0.000457614902962387,9.65571687252806e-05,0.0194044645167954,0,0.00145720015027649
3.971878984825e-05,0.0020470435427213,0,0.00213763172443392,0,0.000665219821289774,0,0,0.000287489306382743,0.00185362134981599,0,0,0,0,0,0,0.000598198090696089,0.000897687187333132,0.0251390077041049,0,0,0,0,0.000192820810400038,0,0,6.71016077291656e-05,0,0,0,0,0,0,0,0,4.63980605925165e-05,0,0.000206484003218092,0,0.0620388794870328,0.000299926190573431,0,0.00579062158211314,0.000310461903693546,0,0.00710040613772007,0.000425203746595337,0.000273269399049014,1.6757183316353e-05,0.0272442275791866,0,0.00010110721342379,0,0,0,0.000633736929624891,0,0.0109837858882321,0,0,2.27528774170122e-05,0,0.000995306684855559,0.000118508836805363,0,0,0,0,0,0,0,0,0.00719519938337292,1.94423785514372e-05,0,0,0,0,0.0049894069786874,0.000120959120497174,0.00221644423362565,4.55924857743065e-06,0.00416357294484702,4.42892771128705e-05,0.058309975423209,0.0084118567120229,6.97116739612565e-06
0.00317612099296216,0,0.00244225313023175,0.000285292815426347,0.00109794375082014,0,0,0,0.00218552957189521,0,0,0,0,0,0,0,0.00106720727493572,0.000125879769271102,0.0117608564651391,0,0,0,0,3.34556527710657e-05,0,0,0,0,0,0,0,0,0,0,0,1.66696649359869e-06,0,2.56663366836357e-05,0.000429886625169526,0.00386264712041278,0.0208858841255928,0.00579062158211314,0,0,0.000171071830619345,0.000467984090506074,0.00428193639894747,0.00717385290024656,0.0159813312594349,0.000390917168832501,0.00278648651069044,0,0,0,0,2.75008068162286e-05,0.0361010163224752,7.42721187156679e-06,0.000934748668963829,0,0,0,1.66689916264238e-05,0.00444291335135256,0,4.73537215407846e-06,0,0,0,0,0,0.000998321988175518,0,0.0307149830289108,0,0,0,0,5.74954045311934e-05,0.0128332500750088,2.70655139429663e-05,0.00787031397509092,0.00426144022504941,0.000111313606709372,0.0573002791537417,2.40546187662139e-05,0.0135981924046906
0,0,0,0,0,0,0,0,0,0,0,0,0,0,0,0,0,0,0.000177969899430219,0,0,0,0,0,0,0,0,0,0,0,0,0,0,0,0,0,0,0,0,0,0,0.000310461903693546,0,0,0,4.72923300559314e-05,0,0,0,0,0,0,0,0,0,0,0,0,0,0,0,0,0,0,0,0,0,0,0,0,0,0,0,0,0,0,0,0,3.60124995767761e-05,0,0,0,8.00224989076061e-06,0,4.79614140132913e-05,0,0
0,0,0,0,0,0,0,0,0,0,0,0,0,0,0,0,0,0,0.000100838158214744,0,0,0,0,0,0,0,0,0,0,0,0,0,0,0,0,0,0,0,0,0,0.000558117468296931,0,0.000171071830619345,0,0,0,9.83767646610943e-05,0,5.53813937988136e-05,0,0,0,0,0,0,0,1.61408476551997e-05,0,0,0,0,0,0,1.3772239973414e-05,0,0,0,0,0,0,0,0,0,0,0,0,0,0,0,2.93552555249439e-05,0,4.35595684209064e-06,0,0,0.00101833597224662,0,0
0,3.58574324584641e-05,0,0.00486576560923958,0,0.00299802814127713,0,0,3.95091072275612e-05,0.000182768843410052,0,2.22836760713887e-05,0,0,0,0,0.000604940646026113,0.00102739162412846,0.0118944975869245,0.00307028304810795,0,0,0,0,0,0,0,0,0,0,0,0,0,7.97317887432842e-05,0,0.000454003637815952,0,0.000100001429727239,0,0.0224347082824695,0.000344444436306727,0.00710040613772007,0.000467984090506074,4.72923300559314e-05,0,0,0.000558552616080966,0.000249685257993852,0.000618996994701374,0.00655466304821304,4.05780098605129e-05,0.000239729638842525,0,0,0,0.000666452075611373,1.31824487463322e-05,0.00128076188237841,0,0,0,0,0.0682496223094993,0.000272926125536981,0,0,0,0,0,0,0,0,0.0029398903205411,9.31057406415825e-05,0,0,0,0,0.0100801318471462,0.000172357277957609,0.00737249858479317,8.74503328348825e-05,0.00136874599550931,7.92545630878613e-05,0.0331207290501518,0.000299755908312894,0
0.00221234820364536,0,0.00023754277809911,0,0.000745327747203719,0,0,0,0.000198391922157274,0,0,0,0,0,1.79934259274424e-05,0,0.00246247236502483,0.000634056157974727,0.00936746139821385,0,0.000385166858176094,0,0,0,0,0,0,0,0,0,0,0,0,0,0,0,5.4294165472261e-05,0,1.42552425435901e-05,0.000479756162443054,0.0137468643950234,0.000425203746595337,0.00428193639894747,0,9.83767646610943e-05,0.000558552616080966,0,1.24714269471826e-05,0.00354847159349579,7.55325099078459e-05,0.00417765166574314,0,0,0,0,0,0.00329580096993301,0,0.000238571972896698,0,0.000126331806861087,0,7.50557714074892e-05,0.0129428773040305,0,0,0,0,0,4.70714211745545e-05,0,1.5561543213897e-05,0,0.00188063500883435,0,0,0,0,0.000104518539143574,0.0097074773305507,7.22995088358483e-05,0.00248444935344558,0.00101726140043237,0.000189839148405856,0.0104214236929031,0,5.26564318734751e-05
0,0,0,0.000103582042327213,3.94660549944135e-05,2.40320498969134e-05,0,0,0,9.7143297333774e-06,0,0,0,0,0,0,0,0,8.9625606208167e-06,4.32938807270562e-05,0,3.67562828130901e-05,0,0.000164086041792905,0,0,0,0,0,0,0,0.23210440686917,0.0377335060037657,0.315717431847559,0.210740288423085,0.000433946362557239,0.000216471925853111,0.00835673891522624,0.0167581067483655,0.00161249158978215,0.0029267879053205,0.000273269399049014,0.00717385290024656,0,0,0.000249685257993852,1.24714269471826e-05,0,0.0489564268501511,0.0147004010775417,0.000107200878884614,0,0,0,0,0.000167995344433355,1.38248766915286e-05,0,0,0,0,0,5.38126499509476e-06,0,4.9621657752878e-05,8.35200428772921e-05,0.00207686855124202,0,0,0,0,0,0,0,0.0831286881225941,0.141423068751484,0.00676417407383221,0.0674929701616687,0.00810281733940585,0.0260364833322817,0.00114015799306837,0.000819176481431202,0.0053432744501678,1.85852596139002e-05,0.0101343739948652,0,0
0.0153309339033098,0,0.00669371516620975,0.000343053840122901,0.00415334558364929,2.21997106456689e-05,0,0,0.00349626198230583,0,0,0,0,0,0,0,1.46096445724248e-05,0,2.0450771929388e-05,0,5.95852270364911e-05,0,0.00054431787649459,0,0.000792107313232948,0,0,0,0,0,0,0,0,0.000141047824070168,0.000529556459586719,2.31144599073822e-05,0.00018478654919018,0,0.00320898361982271,8.20475115866808e-06,0.00477922038704624,1.6757183316353e-05,0.0159813312594349,0,5.53813937988136e-05,0.000618996994701374,0.00354847159349579,0.0489564268501511,0,0.00158729362840524,0.00638938762400393,0,0,0,0.0022499259500583,0.000116100568479152,0.00315567507253549,0,0.000734827185525314,0,0.00505558351522495,0,2.83178463519192e-05,0.000511382697483521,0,0.00266059002411789,0,0.0277179132940265,0,0,0,0.00111487837889692,0,0.00156682499585236,0,0.000130325647623969,0,0.000281703781629923,5.57285927034536e-05,0.00191410465229188,0,0.00543859830495744,0.00129794907880128,8.49554406379036e-06,0.029009153900035,0,0
0,0.0197603496762914,0.000276455383357101,0.0221455738464045,0,0.00101462839118201,0,0,2.24831418436836e-05,0.00691860981414411,0,0,0,0,0,0,6.0427837954825e-05,4.82313948606826e-05,0.00452343066613002,7.59529636714534e-05,0,0.000528626459579366,0,0.0014365051477935,0,0,0,0,0,0,0,0,0,0.000709000828459837,0,0.000311502459199415,1.91322708462562e-05,0.00267130210533932,0,0.0709512521140638,3.53721971806801e-05,0.0272442275791866,0.000390917168832501,0,0,0.00655466304821304,7.55325099078459e-05,0.0147004010775417,0.00158729362840524,0,2.72555697906151e-05,2.54594091626899e-05,0,0,0,0.00164701460142245,0,0.00100965138524754,4.46651830113897e-06,0,0,0,0.000300948285360449,0,0.000493549324482952,0,0.00618006866712247,0,0.000260169075664845,0,0,0,0.000375476710519832,0,0,0,0,2.69825814009676e-05,0.00463265195281408,2.93354541762876e-05,0.00191633793835194,3.94241048165512e-06,0.00134809259912434,1.09652404066758e-06,0.0283267513986981,0.0037702402193704,0
0,0,0.00579277839640289,0,0.141352350883705,0,0.000619918644587994,0,0.0094666805937566,0,0,0,0,0,0.0030522789659257,0,8.02820656770967e-06,6.86014226865305e-06,9.65553411938478e-05,0,0.0109705348617166,0,0,0,0,0,0,0,0,0,0,0,0,0,0,0,0.000522952336863362,0,1.72830315699874e-05,1.29698510168419e-05,0.00681232014486164,0,0.00278648651069044,0,0,4.05780098605129e-05,0.00417765166574314,0.000107200878884614,0.00638938762400393,2.72555697906151e-05,0,0,0.00396490045379706,0,0.00853868911307436,0,0.00254378153198977,0,0.00564673118853709,0,0.0770575845224613,0,0,0.0171587008321262,0,0,0,0,0,0,0,1.24654059270802e-05,0,0.00312856632064641,0,0,0,0,0,0.000901948393523441,0,0.000344497508480589,0.000379966815374443,1.00426314928527e-06,0.00928603815133102,0,4.91161187268928e-05
0,0,0,0.0123703205928691,0,0.0830927271341808,0,0.0158458285117738,0,6.20334053471824e-05,0,0,0,0,0,0.00050999397917063,0,0,0,0,0,0,0,0,0,0,0,0,0,0,0,0,0,0,0,0,0,0,0,0.000258914773640294,0,0.00010110721342379,0,0,0,0.000239729638842525,0,0,0,2.54594091626899e-05,0,0,0,0.0177449259027988,0,0.000182069075735992,0,0,0,0.00339681523753535,0,0.00665759083195129,7.42732019982817e-05,0,0,0,0,0,0,0,0,0,1.87372528495337e-05,0,0,0,0,0,3.80291829177439e-05,0,8.45676111107271e-06,0,9.24480443681236e-05,1.60173226194793e-05,0.000627528260222213,0,0
0,0,0,0,0.0124409984889115,0,0.0716006949495416,0,0,0,0.0044263410954338,0,0.00452736020457807,0,0,0,0,0,0,0,0.0011222139535931,0,0,0,0,0,0,0,0,0,0,0,0,0,0,0,7.02732029551228e-06,0,0,0,0,0,0,0,0,0,0,0,0,0,0.00396490045379706,0,0,0,0,0,0.0169109986830716,0,0.000342262049824441,0,0,0,0,0.000629054100312044,0,0,0,0,0,0,0,0,0,0,0,0,0,0,0,0,0,0,0.000117760816805513,0,0,0,0
0,0,0,0,0,0.00823964525066591,0,0.131775285885663,0,0,0,0.000457499459649982,0,0.000439069606240034,0,0,0,0,0,0,0,0,0,0,0,0,0,0,0,0,0,0,0,0,0,0,0,0,0,0,0,0,0,0,0,0,0,0,0,0,0,0.0177449259027988,0,0,0,0,0,0.00393690450764078,0,0.000763060669811124,0,0,0,0,0,0,0,0,0,0,0,0,0,0,0,0,0,0,0,0,0,0,0.000214988069667534,2.44523595121517e-05,0,0,0
0.00490051046808798,0,0.00509698438553111,0,0.013345132064174,0,0,0,0.150988248260298,0,0,0,0,0,0.00985654908365039,0,0,0,0,0,0,0,0,0,0,0,0.00145745652144531,0,0,0,0,0,0,0,0,0,0,0,8.3755833998816e-06,0,0,0,0,0,0,0,0,0,0.0022499259500583,0,0.00853868911307436,0,0,0,0,0,0,0,0.000362810418893002,0,0.0247142436530763,0,0,0,0,0,0,0.00932253182367741,0,0,0,0,0,0,0,0,0,0,0,0,0,0.0010626081116472,0.000226555090123358,0,0,0,0
0,0.0315148327765621,0,0.0574785293185921,0,0.00520123109238912,0,0,0,0.0715011025258017,0,0,0,0,0,0.0140110143201548,0,0,4.43855233735169e-06,0,0,0,0,0.00933376664784591,0,0,0,0,0,0,0,0,0,0,0,5.99926310583467e-06,0,0.000343368300428748,0,0.00105099763350604,0,0.000633736929624891,2.75008068162286e-05,0,0,0.000666452075611373,0,0.000167995344433355,0.000116100568479152,0.00164701460142245,0,0.000182069075735992,0,0,0,0,0,5.83887461889367e-05,0,0,0,0.0289694772478114,4.87689991701622e-05,0,0,0,0.0164710364749913,0,0,0,0,0,0.000163032457807224,0,0,0,0,0,0.000127547128413544,0,0.00214145165353695,0,0.000123631026116951,9.05703758710983e-06,0.00321880840326322,0.000278524945053265,0
0.000745876876645998,0,0.000835363768306207,0,0.00155092072012361,0,0.000850934640590529,0,7.96934532853934e-05,0,0.0635566418040291,0,0.00234885058798201,0,0,0,0.000125317082460618,1.37413007448788e-05,0.000435750372784702,0,0.0257824580619,0,0,0,0,0,0,0,0,0,6.41952411029924e-05,0,0,0,0,0,7.97436643070303e-05,0,0.00301701464407986,1.0072082129236e-05,0.00255409069454065,0,0.0361010163224752,0,1.61408476551997e-05,1.31824487463322e-05,0.00329580096993301,1.38248766915286e-05,0.00315567507253549,0,0.00254378153198977,0,0.0169109986830716,0,0,0,0,0,0.00751382590248602,0,0.000265745144047964,0,0,0.0466871800972254,0,0,0,0,0,0,0,0.00318913368588691,0,0.0377426311917062,0,0,0,0,1.13953536356898e-06,0.000688193955387737,0,0.00185934249426479,0.00134567047827615,2.14568581068991e-05,0.0191638768194283,0,0.0057834814730063
0,5.77319624004081e-05,0,0.000862612343379434,0,0,0,0.000884415745609892,0,1.93426566885875e-05,0,0.0884846909752723,0,0.00339824510804433,0,0,0,1.37387505318009e-05,0.00317222829254308,0.000761414141890997,0,0,0,0,0,0,0,0.000156304649088486,0,0.00254715151722816,0,0,0,0,0,0.000349709180596895,0,0.00140182256186154,0,0.00050109001394803,2.84641127621522e-05,0.0109837858882321,7.42721187156679e-06,0,0,0.00128076188237841,0,0,0,0.00100965138524754,0,0,0,0.00393690450764078,0,5.83887461889367e-05,0,0,0,0.00279716995274454,0,0,0.00363385133849502,0,0,0,0,0,0,0,0,0,0.0400054715918297,0,0,0,0,0,6.05211086732019e-05,0,0.000183871297742023,0,0.000823600625632787,2.30333722853306e-05,0.0141840327026814,0.00283659996922241,0
0,0,9.93875311485067e-05,0,0.00197190432776886,0,0.00569119449835812,0,0,0,0.000649728260218874,0,0.0108445220322136,0,0.00853597764919238,0,0,0,4.54094627505409e-05,0,8.77563040256276e-06,0,0,0,0,0,0,0,0,0,0,0,0,0,0,0,2.5204619214487e-06,0,0,0,0.000543822419330053,0,0.000934748668963829,0,0,0,0.000238571972896698,0,0.000734827185525314,4.46651830113897e-06,0.00564673118853709,0,0.000342262049824441,0,0.000362810418893002,0,0.00751382590248602,0,0,0,0.00849857146458165,0,0,0.000486477158441904,0,0,0,0,0,0,0,0.00013016591566366,0,0.00222938370225218,0,0,0,0,0,5.57087587521701e-05,0,0.00013011141500156,0.000318407390679855,5.38292806595564e-06,0.00142537590997173,0,0.000202109367589825
0,0,0,0,0,0.00884387832184227,0,0.00367319637810224,0,0,0,0.00514834790004289,0,0.0489668518625081,0,0,0,0,0,0,0,0,0,0,0,0,0,0.00155437001607626,0,0,0,0,0,0,0,0,0,0,0,0,0,0,0,0,0,0,0,0,0,0,0,0.00339681523753535,0,0.000763060669811124,0,0,0,0.00279716995274454,0,0,0,0.00240080802543051,0,0,0,0,0,0,0,0,0.000242736917859327,0,0,0,0,0,0,0,0,0,0,0,0.000754853414434395,0.000797211662797731,0,0,0
0.00750838142197323,0,0.00875761520271248,0,0.001577944746569,0,0,0,0.0177444997865653,0,0,0,0.000388802492546205,0,0.0358147832277808,0,0.000558951299619548,0,4.67466999436346e-05,0,0,0,0,0,0,0,0,0,0,0,0,0,0,0,0,0,0,0,0,0,0,2.27528774170122e-05,0,0,0,0,0.000126331806861087,0,0.00505558351522495,0,0.0770575845224613,0,0,0,0.0247142436530763,0,0.000265745144047964,0,0.00849857146458165,0,0,0,0,0,0,0,0,0,0,0.00852645982651288,0,0,0,0,0,0,0,0,0,1.06392238178026e-05,0,0,0.000611257375773278,3.69619607947047e-05,8.29938952870863e-05,0,0
0,0.0028562742452878,0,0,0,0.0041066301248868,0,0,0,0.000603990370397887,0,0,0,0.0122323773843146,0,0.0126219978365744,0,0.000382303966934339,0,0,0,0,0,0,0,0.00543015914110644,0,0,0,0,0,0,0,0,0,0,0,0,0,0,0,0,0,0,0,0,0,0,0,0,0,0.00665759083195129,0,0,0,0.0289694772478114,0,0,0,0.00240080802543051,0,0,0,0,0,0,0,0,0.000602343533405769,0,0,0,0,0,0,0,0,0,0,0,0,0,6.65703532983647e-05,1.56292787493297e-05,0,0,0
0,0,0,0.00197165189691466,0,0.00386033159230722,0,0,0,0,0,0.0261149893853895,0,0,0,0,1.20840846351643e-05,4.31372329947035e-06,0.000451335198056852,0.0845680243308496,0,0,0,0,0,0,0,0,0,2.59020115310508e-05,0,0,0,0,0,0.00171535842733404,0,0.00143688924398565,0,0.00221558679307938,0,0.000995306684855559,1.66689916264238e-05,0,0,0.0682496223094993,7.50557714074892e-05,5.38126499509476e-06,2.83178463519192e-05,0.000300948285360449,0,7.42732019982817e-05,0,0,0,4.87689991701622e-05,0,0.00363385133849502,0,0,0,0,0,0,0,0,0,0,0,0,0,0,0.00406109688092429,0,0,0,0,0,0.0104314195814328,1.06076460746739e-05,0.00562032679995929,0,0.000321048470143043,8.60645034747575e-07,0.0113640360505429,9.49104589627742e-05,0
0.000436518666083954,0,0,0,0.00440943343712157,0,0.00164671415762522,0,5.83495639927935e-05,7.63721421655032e-05,0.00389684669013461,0,0,0,0,0,0.000666397328808926,0.000147478498189891,0.00336081685610338,0,0.0489907612417635,0,0,0,0,0,0,0,0,0,0,0,0,0,0,0,0.00133508873929683,0,0.00195138504199044,0.000313729668848135,0.0197954947753208,0.000118508836805363,0.00444291335135256,0,1.3772239973414e-05,0.000272926125536981,0.0129428773040305,0,0.000511382697483521,0,0.0171587008321262,0,0.000629054100312044,0,0,0,0.0466871800972254,0,0.000486477158441904,0,0,0,0,0,0,0,0,0,0,0,0,1.58640202615147e-05,0,0.0149894389032232,0,0,0,0,8.84681990075635e-06,0.00718245505999704,8.56649211176188e-06,0.010158588244279,0.000549110673713596,7.69171051857793e-05,0.00928443221566748,0,0.000191040345066099
0,0,0,0,0,0,0,0,0,0,0,0,0,0,0,0,0,0.00029227712316998,0,0,0,0.0869287484692015,0.000193104932728671,0.00720476366297641,0,0.00024627320688968,0,0.000438437866010827,0,0,0,0,0,0,0,0,0,0.0167176065793779,0,0,0,0,0,0,0,0,0,4.9621657752878e-05,0,0.000493549324482952,0,0,0,0,0,0,0,0,0,0,0,0,0,0,0,4.45537088358105e-05,0.00620771225038867,0,0.0022749716134076,0,0.00124242939012304,0,0,0,0,0,0,0,0,0,0.00321967462720255,0,0.00231149302924221,0.000230000600706241,0.000108836677722877,0,0
0,0,0,0,0,0,0,0,0,0,0,0,0,0,0,0,0.000744906871609737,2.83411353134994e-05,0,0,0,0.000212825668130641,0.0764915930725431,0,0.00310296835594516,0,0,0,0.000823410815116728,0,0,0,0,0,0,0,0,0,0.0100261662745023,0,0,0,4.73537215407846e-06,0,0,0,0,8.35200428772921e-05,0.00266059002411789,0,0,0,0,0,0,0,0,0,0,0,0,0,0,0,4.45537088358105e-05,0,0,0.0051269145241426,0,0.00452805727766066,0,0.00486907731292225,0,0,0,0,0,0,0,0,0,0.00197791267133236,0.00242038048514473,0.000245575519878634,8.04386640267573e-05,0,0
