0,0,0.168054164580774,0,0.174842500224196,0,0,0,0.200100917489298,0,0,0,0,0,0,0,0.339598240330815,0.307444939146871,0.325341531777219,0,0.367438673973083,0,0,0,0.255086362361908,0,0,0,0,0,0,0,0,0,0,0,0.362050997714202,0,0.308117508888245,0.319312378764153,0.465992332782064,0.255836874246597,0.321054552218871,0,0,0.28599339723587,0.403831552375447,0.383610126815101,0.17593820241712,0.35423219203949,0.179746375842528,0,0,0,0.188369308160605,0,0.25943415924426,0,0,0,0.202580358903363,0,0,0.335338752903044,0,0,0,0.202986442049344,0,0.231011052926381,0,0.339216361443202,0,0.378072053194046,0,0,0,0,0.351470845937729,0.385449864937888,0,0.431128672730755,0.313869859866345,0.24909034371376,0.335428872479457,0,0.314118686047467
0,0,0,0.178829098727825,0,0.213661985062971,0,0,0,0.219988442538272,0,0,0,0,0,0,0.263991829007864,0.302595484256744,0.255417020784484,0,0,0,0,0.1533217667602,0,0,0,0,0,0,0,0,0,0,0,0,0,0.182214490391991,0,0.32867627342542,0,0.311583688925432,0.27232600748539,0,0,0.354227066040039,0.263090044260025,0.30790022512277,0,0.19706849877689,0,0,0,0,0,0.24932645442463,0,0.229619912803173,0,0.223678447306156,0,0.226634545663817,0,0,0,0,0.25986015112961,0,0.222065791487694,0,0.332150727510452,0,0,0,0,0,0,0,0.34883686237865,0,0.214729187389215,0,0.214608097380681,0.207771616486403,0.223024441289301,0.209013091666358,0
0.168054164580774,0,0,0,0.166643317305205,0,0,0,0.159649472797321,0,0,0,0,0,0,0,0,0,0.26407927274704,0,0.292581364512444,0,0,0,0,0,0,0,0,0,0,0,0,0,0,0,0.279186438769102,0,0.306514496604602,0,0.273096609860659,0,0.295587354723145,0,0,0.289274245500565,0.26968269998377,0,0.164922176282617,0,0.182205613811645,0,0,0,0.186252574750128,0,0.256598849082366,0,0.193479961969636,0,0.189857923142288,0,0,0.23692120735844,0,0,0,0,0,0,0,0.284934319555759,0,0.276455137133598,0,0,0,0,0,0.38741968691349,0,0.369032498981271,0.236322758533061,0.188931971788406,0.227866680056765,0,0.288124818094941
0,0.178829098727825,0,0,0,0.23138341184891,0,0,0,0.176550864976475,0,0,0,0,0,0,0,0.296947374939919,0.276684002329906,0.219697274267673,0,0,0,0,0,0,0,0,0,0,0,0,0,0,0,0.275280354278428,0,0,0,0.290379292455064,0.26004695892334,0.307923934317323,0.287530472645393,0,0,0.264152667498419,0,0.298318043351173,0.276872968673706,0.188822123074086,0,0.242439072330793,0,0,0,0.196006399393082,0,0.32891078058042,0,0.280536756983825,0,0.266168910264969,0.227064861357212,0.34991866350174,0,0,0,0,0,0,0,0,0.342670443187277,0,0,0,0,0,0.322538552935733,0,0.336376461628321,0.332349449396133,0.201185021484756,0.202321221120656,0.244503996535609,0.281556893140078,0
0.174842500224196,0,0.166643317305205,0,0,0,0.136004972789023,0,0.18483903210352,0,0.207002238929272,0,0,0,0,0,0.284439742565155,0.253835499286652,0,0,0.223780591251715,0,0,0,0,0,0,0,0,0,0,0,0,0,0,0,0.217314521649054,0,0.261721007525921,0,0.232388641862642,0,0.259187008227621,0,0,0,0.244687315490511,0,0.231615614145994,0,0.161834331539369,0,0.148909941315651,0,0.18654699897469,0,0.258982404467018,0,0.205331809818745,0,0.175829157233238,0,0,0.241686424569172,0,0,0,0,0,0,0,0.261197403073311,0,0.249608253439267,0,0,0,0,0,0.231510725918781,0,0.250836741179228,0.169554236833219,0,0.208152352715842,0,0.230777832865715
0,0.213661985062971,0,0.23138341184891,0,0,0,0,0,0.201716977392653,0,0,0,0,0,0.192087804277738,0,0.299054965376854,0.271897525340319,0.271373914340429,0,0,0,0,0,0,0,0,0,0,0,0,0,0,0,0.247549581096361,0,0,0,0.26942710970005,0,0.271286465082651,0.271686525298999,0,0,0.239455107408347,0,0,0.263626851969295,0.258613156717877,0,0.205642203045731,0,0,0,0.206899691511084,0,0.291555241896556,0,0.204405451814334,0,0.205828696489334,0.373497313722617,0,0,0,0,0,0,0,0,0,0.306532893377014,0,0,0,0,0,0.313583582915943,0,0.306559866457655,0.357585191726685,0.226281515917152,0.190441719586811,0.239706662388124,0.281809516251087,0
0,0,0,0,0.136004972789023,0,0,0,0,0,0,0,0,0,0,0,0,0,0,0,0.221660216649373,0,0,0,0,0,0,0,0,0,0,0,0,0,0,0,0,0,0,0,0,0,0,0,0,0,0,0,0,0,0.129617838019674,0,0.132057134128575,0,0,0,0,0,0,0,0,0,0,0,0,0,0,0,0,0,0,0,0,0,0,0,0,0,0,0,0,0,0.176688469373263,0,0,0,0
0,0,0,0,0,0,0,0,0,0,0,0,0,0.121666356921196,0,0,0,0,0,0,0,0,0,0,0,0,0,0,0,0,0,0,0,0,0,0,0,0,0,0,0,0,0,0,0,0,0,0,0,0,0,0.174279807507992,0,0.175931792249793,0,0,0,0,0,0.114909075200558,0,0,0,0,0,0,0,0,0,0,0,0,0,0,0,0,0,0,0,0,0,0,0.158154561434702,0,0,0,0
0.200100917489298,0,0.159649472797321,0,0.18483903210352,0,0,0,0,0,0,0,0,0,0.204282674334737,0,0.213376611813732,0.203631650656462,0.198095493209668,0,0,0,0,0,0.248703917390422,0,0.198284221440554,0,0,0,0,0,0,0,0,0,0,0,0.19539096057415,0,0.201282061636448,0.297925472259521,0.258383991916257,0,0,0,0.281492352485657,0,0.166804479559263,0,0.181975805558233,0,0,0,0.228826709535859,0,0.302833695350022,0,0.190315097570419,0,0.217649059991042,0,0,0.305631393194199,0,0,0,0.26132465138214,0,0.21832063456867,0,0,0,0.228889018297195,0,0,0,0,0,0,0,0.288489863276482,0.205299699490222,0.161079376935959,0.226018104475477,0,0.23355250145224
0,0.219988442538272,0,0.176550864976475,0,0.201716977392653,0,0,0,0,0,0,0,0,0,0.185964803347777,0.167066544294357,0.201594705556656,0.185939181561864,0,0,0.227810725569725,0,0.197000163719367,0,0.209429398179054,0,0,0,0,0,0,0,0,0,0.266281992197037,0,0.189055467360332,0,0.265344891697168,0,0.256922535598278,0.262948669493198,0,0,0.220034154022441,0,0.305832847952843,0,0.196177029434372,0,0.190786041406512,0,0,0,0.273767145089345,0,0,0,0,0,0.209042610866683,0,0,0.229687392711639,0,0.278120141712462,0,0.245408581835883,0,0,0,0.294320148229599,0,0,0,0,0,0.302996575832367,0,0.309937471582455,0,0.186915022530219,0.203543959328761,0.247143399914564,0.197325579492392,0
0,0,0,0,0.207002238929272,0,0,0,0,0,0,0,0,0,0,0,0,0,0,0,0.179760212037298,0,0,0,0,0,0,0,0,0,0.158170031383634,0,0,0,0,0,0.135807148284382,0,0.174648958978788,0,0,0,0,0,0,0,0,0,0,0,0.238684221434949,0,0.19640302285552,0,0,0,0.166367225725724,0,0,0,0,0,0,0.219878968265322,0,0,0,0,0,0,0,0.147768244147301,0,0.188895674422383,0,0,0,0,0,0.249655440449715,0,0,0.14402239102481,0,0,0,0
0,0,0,0,0,0,0,0,0,0,0,0,0,0.127713147964742,0,0,0,0,0,0.140699147845828,0,0,0,0,0,0,0,0.136402432071535,0,0.136243984103203,0,0,0,0,0,0.143769024146928,0,0.136689126697418,0,0,0,0,0,0,0,0,0,0,0,0,0,0,0,0,0,0,0,0.140062602012293,0,0.134193531104497,0,0,0.132929238635841,0,0,0,0,0,0,0,0.131483097043302,0,0.142086073756218,0,0,0,0,0,0,0,0.164461061358452,0,0.132769543008927,0,0.161198500957754,0,0
0,0,0,0,0,0,0,0,0,0,0,0,0,0,0.167770603324397,0,0,0,0,0,0,0,0,0,0,0,0,0,0.168396105368932,0,0,0,0,0,0,0,0,0,0,0,0,0,0,0,0,0,0,0,0,0,0,0,0,0,0,0,0,0,0.158779946917837,0,0.150307970121503,0,0,0,0,0,0,0,0,0,0,0,0,0,0,0,0,0,0,0,0,0,0.161750833193461,0.160411431675866,0,0,0
0,0,0,0,0,0,0,0.121666356921196,0,0,0,0.127713147964742,0,0,0,0.264569993351252,0,0,0,0,0,0,0,0,0,0,0,0.166756361722946,0,0,0,0,0,0,0,0,0,0,0,0,0,0,0,0,0,0,0,0,0,0,0,0,0,0,0,0,0,0,0,0.201530992209095,0,0.299854341654047,0,0,0,0,0,0,0.292790109202975,0,0.12346108853817,0,0,0,0,0,0,0,0,0,0,0,0.147668255835163,0.178197940642183,0,0,0
0,0,0,0,0,0,0,0,0.204282674334737,0,0,0,0.167770603324397,0,0,0,0.156472259176814,0.24348626865281,0.202344936629136,0,0,0,0,0,0.218055096765359,0,0.176336991999831,0,0,0,0,0,0,0,0,0,0,0,0,0,0,0,0,0,0,0,0,0,0,0,0.192451701008628,0,0,0,0.238345039990342,0,0,0,0.161079897863578,0,0.197666512971575,0,0,0,0,0,0,0.236395336687565,0,0.205421597379095,0,0,0,0,0,0,0,0,0,0,0,0,0.157081543534689,0.169340253779382,0,0,0
0,0,0,0,0,0.192087804277738,0,0,0,0.185964803347777,0,0,0,0.264569993351252,0,0,0,0.19337165769947,0,0,0,0.260407149791718,0,0.163689772739555,0,0.153087894121806,0,0,0,0,0,0,0,0,0,0,0,0.343710192612239,0,0,0,0,0,0,0,0,0,0,0,0.196335012421888,0,0.189856472981069,0,0,0,0.225072368048131,0,0.276670157909393,0,0.25271446532928,0,0.207461487355601,0,0,0,0,0.235071832086982,0,0.207772055640817,0,0,0,0,0,0,0,0,0,0,0,0.336139832551663,0,0.166657082299828,0.173505321145058,0,0,0
0.339598240330815,0.263991829007864,0,0,0.284439742565155,0,0,0,0.213376611813732,0.167066544294357,0,0,0,0,0.156472259176814,0,0,0.20315401025699,0.267984235660598,0,0.361824028193951,0,0.171381197696508,0,0.195016659796238,0.180978238582611,0.18756638293742,0,0,0,0,0,0,0,0,0.317519634962082,0.362512861688932,0,0.398529767990112,0.338305683546169,0.341893539590351,0.312475137063302,0.291083982443235,0.267467319965363,0.303063035011292,0.31833255585087,0.347713383167614,0,0.302048280835152,0.326528811454773,0,0,0,0,0.143984224647284,0,0.314369663596153,0.347977489233017,0,0,0.171714296936989,0.170879330486059,0.308664059638977,0.327963273014341,0,0.113568862279256,0,0,0,0.179907343769801,0.32070991396904,0.31020200252533,0.360718488693237,0.353586092591286,0,0,0,0,0.342215598067817,0.354735100878182,0.32368932524696,0.369054098153251,0.228045365445328,0.20351137991908,0.338272618691127,0.303450305014849,0.300770737389301
0.307444939146871,0.302595484256744,0,0.296947374939919,0.253835499286652,0.299054965376854,0,0,0.203631650656462,0.201594705556656,0,0,0,0,0.24348626865281,0.19337165769947,0.20315401025699,0,0.272473205769722,0,0,0.143831225378173,0,0.201605683825351,0,0.170898278538048,0.311219424009323,0,0,0,0,0,0,0,0,0.306432943452488,0.342570647597313,0,0.314264088869095,0.334850641383844,0.356576465747573,0.297410693702273,0.282116397962732,0.337665071090062,0.291955977678299,0.313115768265306,0.336564600467682,0,0.253516525030136,0.316650524735451,0,0,0,0,0,0.169439216454824,0.3080914914608,0,0,0,0,0.209126980214148,0.3323934674263,0.333760684611751,0.226353898644447,0,0.221482269789862,0,0.169476693230016,0,0,0,0.368096421162287,0,0,0,0,0,0.336684315376086,0.35899191835363,0.326968689377491,0.347062771257601,0.208870318924058,0.250314402752198,0.328024232594663,0.308506304217923,0.261198535561562
0.325341531777219,0.255417020784484,0.26407927274704,0.276684002329906,0,0.271897525340319,0,0,0.198095493209668,0.185939181561864,0,0,0,0,0.202344936629136,0,0.267984235660598,0.272473205769722,0,0,0.304882019758224,0,0,0.186158503571602,0,0.215392112731934,0,0,0,0,0,0,0,0,0,0.314141567012762,0.342574652397271,0,0.367137864232063,0.326729874003834,0.331018987147977,0.253720535684271,0.248509092549601,0.350333363096291,0.236780634657903,0.315617538298049,0.342745841653259,0.31310698390007,0.297458480629656,0.303563747783096,0,0,0,0,0,0,0.314094973837628,0.370428037804526,0,0,0,0.216472804546356,0.334280077654582,0.321463498804304,0,0,0,0,0,0,0.33690918982029,0.278987869620323,0.38361076500205,0.35322467237711,0,0,0,0,0.349446742678407,0.360841030832587,0.362346547695893,0.370420014119556,0.264329276702867,0.262253295584601,0.341540319074601,0.254751937735228,0.254343182052651
0,0,0,0.219697274267673,0,0.271373914340429,0,0,0,0,0,0.140699147845828,0,0,0,0,0,0,0,0,0,0,0,0,0,0,0,0,0,0,0,0,0,0,0,0.152073916878882,0,0.128447730188506,0,0,0,0,0,0,0,0.226730970044931,0,0,0,0,0,0,0,0,0,0,0,0,0,0,0,0,0.171075017182502,0,0,0,0,0,0,0,0,0,0,0,0,0,0,0,0.185077486841968,0,0.210455104708672,0,0.151549752429128,0.196362376213074,0.185858781464764,0,0
0.367438673973083,0,0.292581364512444,0,0.223780591251715,0,0.221660216649373,0,0,0,0.179760212037298,0,0,0,0,0,0.361824028193951,0,0.304882019758224,0,0,0,0,0,0,0,0,0,0,0,0,0,0,0,0,0,0.160181382936189,0,0.159931613431842,0,0.305530945460002,0,0.315703240223229,0,0,0,0.30049909026392,0,0,0,0.281745604417743,0,0.255637308582664,0,0,0,0.190734031573613,0,0,0,0,0,0,0.257659112067253,0,0,0,0,0,0,0,0.285597110788027,0,0.238881068455206,0,0,0,0,0.401623338460922,0.216194226814552,0,0.211433489348157,0.187857525605781,0.23550995439291,0.298950064161145,0,0.437997996807098
0,0,0,0,0,0,0,0,0,0.227810725569725,0,0,0,0,0,0.260407149791718,0,0.143831225378173,0,0,0,0,0.110803318587509,0.239813388621359,0,0.217088100425945,0,0.237946796834012,0,0,0,0,0,0,0,0,0,0.21634459368063,0,0,0,0,0,0,0,0,0,0.565186865627766,0,0.281000388454493,0,0,0,0,0,0.289498448371887,0,0,0,0,0,0,0,0,0.202149118990172,0.122111393369897,0.221300522503206,0,0.208613995039638,0,0.25743733667608,0,0,0,0,0,0,0,0,0,0.312303420453245,0,0.144751801152884,0.140026734210551,0.296164572238922,0,0
0,0,0,0,0,0,0,0,0,0,0,0,0,0,0,0,0.171381197696508,0,0,0,0,0.110803318587509,0,0,0.173968808678519,0,0.17574916779995,0,0.201260189215342,0,0,0,0,0,0,0,0,0,0.311756350861323,0,0,0,0,0,0,0,0,0,0.258313895777543,0,0,0,0,0,0,0,0,0,0,0,0,0,0,0,0.119879156351089,0.178566843499562,0,0.198567350251743,0,0.257233709096909,0,0.20680371299386,0,0,0,0,0,0,0,0,0,0.260139069023721,0.132691339474058,0.182970302348787,0,0,0
0,0.1533217667602,0,0,0,0,0,0,0,0.197000163719367,0,0,0,0,0,0.163689772739555,0,0.201605683825351,0.186158503571602,0,0,0.239813388621359,0,0,0,0.197411534441118,0,0,0,0,0,0,0,0,0,0,0,0.222346455808999,0,0,0,0.190234029665589,0.284812241792679,0,0,0,0,0.389464358488719,0,0.233220348134637,0,0,0,0,0,0.238782337651803,0,0,0,0,0,0.245198249816895,0,0,0.211825781852984,0,0.204163107868434,0,0.213700954927,0,0.286034032702446,0,0,0,0,0,0,0,0,0,0.312688209533858,0,0.188304517875471,0,0.217691939324141,0.208747074007988,0
0.255086362361908,0,0,0,0,0,0,0,0.248703917390422,0,0,0,0,0,0.218055096765359,0,0.195016659796238,0,0,0,0,0,0.173968808678519,0,0,0,0.193891300222813,0,0,0,0,0,0,0,0,0,0,0,0.279143183523377,0,0,0,0,0,0,0,0,0,0.292814407745997,0,0,0,0,0,0.266367300601671,0,0,0,0,0,0.228606231673316,0,0,0,0,0.187716612617624,0,0.241520708582594,0,0.233028428676436,0,0,0,0,0,0,0,0,0,0,0,0.282806521838473,0.203882650059612,0,0.324918524424235,0,0
0,0,0,0,0,0,0,0,0,0.209429398179054,0,0,0,0,0,0.153087894121806,0.180978238582611,0.170898278538048,0.215392112731934,0,0,0.217088100425945,0,0.197411534441118,0,0,0,0.145872146307682,0,0,0,0,0,0,0,0,0,0.323900121450424,0,0,0,0,0,0,0,0,0,0,0,0,0,0,0,0,0,0.253295024236043,0,0,0,0.273010945542062,0,0,0,0,0.21469434272802,0,0.240484807405386,0,0.169095252992631,0,0.276841004611924,0,0,0,0,0,0,0,0,0,0.32766331183283,0,0.16847610839208,0,0,0,0
0,0,0,0,0,0,0,0,0.198284221440554,0,0,0,0,0,0.176336991999831,0,0.18756638293742,0.311219424009323,0,0,0,0,0.17574916779995,0,0.193891300222813,0,0,0,0.165830563640956,0,0,0,0,0,0,0,0,0,0.31077678501606,0,0,0,0,0,0,0,0,0,0,0,0,0,0,0,0.234887597816331,0,0,0,0,0,0.199883262316386,0,0,0,0,0,0,0.29596200059442,0,0.17871836496041,0,0,0,0,0,0,0,0,0,0,0,0,0.162339026513307,0.158997888366381,0,0,0
0,0,0,0,0,0,0,0,0,0,0,0.136402432071535,0,0.166756361722946,0,0,0,0,0,0,0,0.237946796834012,0,0,0,0.145872146307682,0,0,0,0.162709778819626,0,0,0,0,0,0,0,0.145484052066292,0,0,0,0,0,0,0,0,0,0,0,0,0,0,0,0,0,0,0,0,0,0.246636350376996,0,0,0,0,0.128909882778923,0,0,0,0.171885392092979,0,0.210379470086111,0,0.143331050872803,0,0,0,0,0,0,0,0.0932598263025284,0,0,0,0,0,0
0,0,0,0,0,0,0,0,0,0,0,0,0.168396105368932,0,0,0,0,0,0,0,0,0,0.201260189215342,0,0,0,0.165830563640956,0,0,0,0.143708096491912,0,0,0,0,0,0,0,0,0,0,0,0,0,0,0,0,0,0,0,0,0,0,0,0,0,0,0,0,0,0,0,0,0,0,0,0,0,0,0.195114500312643,0,0.159973110391625,0,0,0,0,0,0,0,0,0,0.156738594174385,0.140331181801028,0,0,0,0
0,0,0,0,0,0,0,0,0,0,0,0.136243984103203,0,0,0,0,0,0,0,0,0,0,0,0,0,0,0,0.162709778819626,0,0,0,0,0,0,0,0,0,0.166310144492558,0,0,0,0,0,0,0,0,0,0,0,0,0,0,0,0,0,0,0,0.144357704188464,0,0,0,0,0,0,0,0,0,0,0,0,0.167169467736316,0,0.165056651003623,0,0,0,0,0,0,0,0.147890586405993,0,0.168766438961029,0,0,0,0
0,0,0,0,0,0,0,0,0,0,0.158170031383634,0,0,0,0,0,0,0,0,0,0,0,0,0,0,0,0,0,0.143708096491912,0,0,0,0,0,0,0,0,0,0.182363007217646,0,0,0,0,0,0,0,0,0,0,0,0,0,0,0,0,0,0.257382601499557,0,0,0,0,0,0,0.269464135169983,0,0,0,0,0,0,0,0.13150111280428,0,0.22057694884447,0,0,0,0,0,0,0,0,0.128973987367418,0,0,0,0
0,0,0,0,0,0,0,0,0,0,0,0,0,0,0,0,0,0,0,0,0,0,0,0,0,0,0,0,0,0,0,0,0.178309893680279,0.237230284264977,0.26103570203758,0.207975949557164,0.17913075722754,0,0,0,0,0,0,0,0,0,0,0.316421461566495,0,0,0,0,0,0,0,0,0,0,0,0,0,0,0,0,0,0,0,0,0,0,0,0,0,0,0.271553668348031,0.230432492618397,0.255289363897281,0.276947314369267,0.269050157769064,0.273318618535995,0,0,0.227969933564378,0,0,0,0
0,0,0,0,0,0,0,0,0,0,0,0,0,0,0,0,0,0,0,0,0,0,0,0,0,0,0,0,0,0,0,0.178309893680279,0,0.15590124964714,0.298735395448292,0.177667962180244,0.165643013011137,0,0,0,0,0,0,0,0,0,0,0.272063669385296,0,0,0,0,0,0,0,0,0,0,0,0,0,0,0,0,0,0,0,0,0,0,0,0,0,0,0.230941817188533,0.318144229437349,0.205328940900404,0.317892721544994,0,0.193486293103244,0,0,0.160437217070943,0,0,0,0
0,0,0,0,0,0,0,0,0,0,0,0,0,0,0,0,0,0,0,0,0,0,0,0,0,0,0,0,0,0,0,0.237230284264977,0.15590124964714,0,0.178090363271081,0.133571372995072,0,0.213105409829454,0,0,0,0,0,0,0,0,0,0.418872703533815,0.440535414218903,0,0,0,0,0,0,0,0,0,0,0,0,0,0,0,0,0,0,0,0,0,0,0,0,0,0.261094042807817,0.173437118872829,0.16564324325133,0.156352999661616,0.344328880310059,0,0.184278508027395,0,0.198810310171067,0.292509037782164,0,0,0
0,0,0,0,0,0,0,0,0,0,0,0,0,0,0,0,0,0,0,0,0,0,0,0,0,0,0,0,0,0,0,0.26103570203758,0.298735395448292,0.178090363271081,0,0,0.153693478560844,0.140477637975824,0.171637403085368,0,0,0,0,0,0,0,0,0.476190906867745,0.478325953619592,0,0,0,0,0,0,0,0,0,0,0,0,0,0,0,0,0,0,0,0,0,0,0,0,0,0.329562180182513,0.299582428273258,0.180665604342818,0.290709413247579,0.434133553504944,0.198792643985658,0.135255217552185,0.202410719102591,0.142590254231592,0,0.451102077960968,0,0
0,0,0,0.275280354278428,0,0.247549581096361,0,0,0,0.266281992197037,0,0.143769024146928,0,0,0,0,0.317519634962082,0.306432943452488,0.314141567012762,0.152073916878882,0,0,0,0,0,0,0,0,0,0,0,0.207975949557164,0.177667962180244,0.133571372995072,0,0,0.156781189305803,0.155770437746066,0,0.316687506437302,0,0.283805329922815,0.257517077028751,0.40343930075566,0,0.289906453583889,0.356003791093826,0.470103703871306,0.261342453139444,0.26177591085434,0,0,0,0,0,0,0,0.236875945702195,0,0,0,0,0.159590604935036,0,0,0,0,0,0,0,0,0,0.320807069540024,0,0.274156112126001,0,0.176922093584109,0,0.226964777418584,0.175876652465719,0.214588225541509,0.380811393260956,0.187981713422511,0.319074124097824,0.296029489273312,0.303142612484785,0.312452793121338
0.362050997714202,0,0.279186438769102,0,0.217314521649054,0,0,0,0,0,0.135807148284382,0,0,0,0,0,0.362512861688932,0.342570647597313,0.342574652397271,0,0.160181382936189,0,0,0,0,0,0,0,0,0,0,0.17913075722754,0.165643013011137,0,0.153693478560844,0.156781189305803,0,0,0.216797987735362,0.269565898180008,0.21657250395843,0.289831327540534,0.275570422410965,0,0.288737788796425,0.278434953519276,0.226972209895126,0.185972177871951,0.244896130760511,0,0.23595824523976,0,0,0,0,0,0.237881658588375,0.280309200286865,0,0,0,0,0.394945383071899,0.232498503157071,0,0,0,0,0,0,0,0.276047547658284,0,0.268696621060371,0.171530619263649,0.185786240053981,0.215324178338051,0.158797289262403,0.142235682751888,0.210968596305678,0,0.233174602654118,0.194112131895678,0.20704010192192,0.243869456577229,0,0.289377365261316
0,0.182214490391991,0,0,0,0,0,0,0,0.189055467360332,0,0.136689126697418,0,0,0,0.343710192612239,0,0,0,0.128447730188506,0,0.21634459368063,0,0.222346455808999,0,0.323900121450424,0,0.145484052066292,0,0.166310144492558,0,0,0,0.213105409829454,0.140477637975824,0.155770437746066,0,0,0.137522693146283,0,0,0.270761939883232,0.391379547119141,0,0,0.254959290374571,0,0.630384278660427,0.39182194073995,0.401428818776833,0,0,0,0,0,0.208739239970843,0,0.15954960748309,0,0,0,0,0.188597841447153,0,0.194344187429709,0,0.29149944681587,0,0,0,0,0,0.193345156255042,0,0,0,0.14492349492179,0.140113359317183,0.208479678956083,0,0.240653231016952,0,0.342569216074716,0.551477027432643,0.350020517002453,0.25905279815197,0
0.308117508888245,0,0.306514496604602,0,0.261721007525921,0,0,0,0.19539096057415,0,0.174648958978788,0,0,0,0,0,0.398529767990112,0.314264088869095,0.367137864232063,0,0.159931613431842,0,0.311756350861323,0,0.279143183523377,0,0.31077678501606,0,0,0,0.182363007217646,0,0,0,0.171637403085368,0,0.216797987735362,0.137522693146283,0,0.317152827978134,0.294769123196602,0,0.35865867211952,0,0,0,0.265382266763983,0.645143650083983,0.381230874478451,0,0,0,0,0,0.257480639376138,0,0.168913718312979,0,0,0,0,0,0,0.288567122190621,0,0.307648320851801,0,0.312286155800393,0,0.287309911747218,0,0.338983240334884,0,0.267020165920258,0,0,0,0.179735440973725,0,0.235242096381681,0.143580408623585,0.230507043834671,0.266988672302949,0.286815461185243,0.493336962535977,0,0.423908698558807
0.319312378764153,0.32867627342542,0,0.290379292455064,0,0.26942710970005,0,0,0,0.265344891697168,0,0,0,0,0,0,0.338305683546169,0.334850641383844,0.326729874003834,0,0,0,0,0,0,0,0,0,0,0,0,0,0,0,0,0.316687506437302,0.269565898180008,0,0.317152827978134,0,0.380606355766455,0.311231038528804,0.284877825768725,0.352049610681004,0,0.277460771837925,0.366942198538199,0.297701255414949,0.274966408547602,0.223666299594639,0,0,0,0,0,0,0,0.30932469947918,0,0,0,0,0.299915837890962,0.35254752906886,0,0,0,0,0,0,0.339926928281784,0,0.339648963167117,0.307751134037971,0,0,0,0,0.309486858736316,0.377326951920986,0.332414112503538,0.3699292746874,0.338516163981506,0.345268433568654,0.30546773657283,0.290854195398944,0.288960804541906
0.465992332782064,0,0.273096609860659,0.26004695892334,0.232388641862642,0,0,0,0.201282061636448,0,0,0,0,0,0,0,0.341893539590351,0.356576465747573,0.331018987147977,0,0.305530945460002,0,0,0,0,0,0,0,0,0,0,0,0,0,0,0,0.21657250395843,0,0.294769123196602,0.380606355766455,0,0.325786454975605,0.27738020028297,0,0.275181336836381,0.320522896372355,0.269975551736914,0.206562739725296,0.284974132974943,0.415989369153976,0.239166963313307,0,0,0,0,0,0.27649474103925,0,0.267494380474091,0,0.277981907129288,0,0,0.230618277002101,0,0,0,0,0,0,0,0.288738165582929,0,0.292711733529965,0,0.245231093040534,0,0,0.39654266834259,0.27219826272984,0,0.257261160667203,0.332055152695188,0.315698436328343,0.29993076454903,0,0.302317827939987
0.255836874246597,0.311583688925432,0,0.307923934317323,0,0.271286465082651,0,0,0.297925472259521,0.256922535598278,0,0,0,0,0,0,0.312475137063302,0.297410693702273,0.253720535684271,0,0,0,0,0.190234029665589,0,0,0,0,0,0,0,0,0,0,0,0.283805329922815,0.289831327540534,0.270761939883232,0,0.311231038528804,0.325786454975605,0,0.245563010904041,0.395085988938808,0,0.286694154178313,0.322782715613192,0.303115452329318,0.281501946704728,0.309210393769631,0,0.28427118062973,0,0,0,0.273977607488632,0,0.361150257999955,0,0,0,0,0.318522746612628,0.314766431556028,0,0,0,0,0.254703551530838,0,0.36964924302366,0,0.341265694453166,0,0,0,0,0,0.314585240666943,0.336163092587815,0.311294738851321,0.3179029090838,0.281016631986374,0.309699989855289,0.319355066098083,0.279157420937865,0.283627934753895
0.321054552218871,0.27232600748539,0.295587354723145,0.287530472645393,0.259187008227621,0.271686525298999,0,0,0.258383991916257,0.262948669493198,0,0,0,0,0,0,0.291083982443235,0.282116397962732,0.248509092549601,0,0.315703240223229,0,0,0.284812241792679,0,0,0,0,0,0,0,0,0,0,0,0.257517077028751,0.275570422410965,0.391379547119141,0.35865867211952,0.284877825768725,0.27738020028297,0.245563010904041,0,0.367567211389542,0.221398513490225,0.279915258802217,0.274889221579857,0.310445664036605,0.279057635903916,0,0.269678723353606,0,0,0,0.241454146802425,0,0.334728859521292,0,0,0,0.267354726791382,0,0,0.307838303379106,0,0,0,0.294072205200791,0,0.335439324378967,0,0.326935178418269,0.314219705760479,0.323971846401691,0,0,0,0,0.301960786761239,0.312971301380249,0.348904643952847,0.35992803739025,0.292753917893882,0.265164759755135,0.309763100637263,0.244445104151964,0.252821111545486
0,0,0,0,0,0,0,0,0,0,0,0,0,0,0,0,0.267467319965363,0.337665071090062,0.350333363096291,0,0,0,0,0,0,0,0,0,0,0,0,0,0,0,0,0.40343930075566,0,0,0,0.352049610681004,0,0.395085988938808,0.367567211389542,0,0,0.33470266665283,0.319024592638016,0,0,0.331104457378387,0,0,0,0,0,0,0,0.438915883501371,0,0,0,0,0,0,0,0,0,0,0,0,0,0,0.454204346053302,0,0,0,0,0,0.447652925269395,0.354333907365799,0.504690921030094,0,0.338904522359371,0.315792113542557,0.480699949626681,0,0
0,0,0,0,0,0,0,0,0,0,0,0,0,0,0,0,0.303063035011292,0.291955977678299,0.236780634657903,0,0,0,0,0,0,0,0,0,0,0,0,0,0,0,0,0,0.288737788796425,0,0,0,0.275181336836381,0,0.221398513490225,0,0,0.26317310333252,0.283344081602991,0,0,0,0,0,0,0,0,0,0,0,0,0,0,0,0,0.312402869525709,0,0,0,0,0,0,0,0,0,0,0,0,0,0,0,0.305147396063241,0,0.334964515434371,0.267287951140177,0.27266888320446,0.256196348560796,0,0.217368196310668
0.28599339723587,0.354227066040039,0.289274245500565,0.264152667498419,0,0.239455107408347,0,0,0,0.220034154022441,0,0,0,0,0,0,0.31833255585087,0.313115768265306,0.315617538298049,0.226730970044931,0,0,0,0,0,0,0,0,0,0,0,0,0,0,0,0.289906453583889,0.278434953519276,0.254959290374571,0,0.277460771837925,0.320522896372355,0.286694154178313,0.279915258802217,0.33470266665283,0.26317310333252,0,0.349677741527557,0.288588747382164,0.269624476339303,0.270886545341748,0,0.22918164730072,0,0,0,0,0.314817637205124,0.298623167667068,0,0,0,0,0.246882490392467,0.333040832408837,0,0,0,0,0.29824510216713,0,0.345779776573181,0,0.357514871163967,0,0,0,0,0,0.264684693980748,0.372027519159019,0.343197467940028,0.336387664079666,0.304978638571435,0.319902554154396,0.274184384419045,0.288979236036539,0.257896110415459
0.403831552375447,0.263090044260025,0.26968269998377,0,0.244687315490511,0,0,0,0.281492352485657,0,0,0,0,0,0,0,0.347713383167614,0.336564600467682,0.342745841653259,0,0.30049909026392,0,0,0,0,0,0,0,0,0,0,0,0,0,0,0.356003791093826,0.226972209895126,0,0.265382266763983,0.366942198538199,0.269975551736914,0.322782715613192,0.274889221579857,0.319024592638016,0.283344081602991,0.349677741527557,0,0.181933909654617,0.220839701762254,0.384741485118866,0.279221368687493,0,0,0,0.272257059812546,0,0.283635645312198,0,0,0,0,0,0.375423401594162,0.265773258993379,0,0,0,0,0,0,0,0.284038195243249,0,0.298902926749961,0,0,0,0,0.383602964527467,0.253242916333597,0.319903925061226,0.30167804058521,0.343367133457214,0.332842578490575,0.273896558160932,0.39619717001915,0.288454297120157
0.383610126815101,0.30790022512277,0,0.298318043351173,0,0,0,0,0,0.305832847952843,0,0,0,0,0,0,0,0,0.31310698390007,0,0,0.565186865627766,0,0.389464358488719,0,0,0,0,0,0,0,0.316421461566495,0.272063669385296,0.418872703533815,0.476190906867745,0.470103703871306,0.185972177871951,0.630384278660427,0.645143650083983,0.297701255414949,0.206562739725296,0.303115452329318,0.310445664036605,0,0,0.288588747382164,0.181933909654617,0,0.429081099505315,0.43870039029341,0,0,0,0,0,0,0.354462853074074,0,0,0,0,0,0,0.455428197979927,0.514550018310547,0,0.534497042496999,0.300985068082809,0,0.353178679943085,0,0,0,0,0.319274610605726,0.446242829204105,0.331218674300073,0.465159671656809,0.381587296718185,0.319473224731897,0.60551073254687,0.310667691959275,0.418247227711889,0.44689937415102,0.485164787581702,0,0
0.17593820241712,0,0.164922176282617,0.276872968673706,0.231615614145994,0.263626851969295,0,0,0.166804479559263,0,0,0,0,0,0,0,0.302048280835152,0.253516525030136,0.297458480629656,0,0,0,0.258313895777543,0,0.292814407745997,0,0,0,0,0,0,0,0,0.440535414218903,0.478325953619592,0.261342453139444,0.244896130760511,0.39182194073995,0.381230874478451,0.274966408547602,0.284974132974943,0.281501946704728,0.279057635903916,0,0,0.269624476339303,0.220839701762254,0.429081099505315,0,0.340942094723384,0.250390753149986,0,0,0,0.169776060557985,0,0.255972081235239,0,0,0,0.153961889445782,0,0,0.249170296134487,0,0.291839101796539,0,0.286104908043688,0,0.256515072782834,0,0.304349148645997,0,0.311750054359436,0,0.41446114372876,0.438508500655492,0.439192486808479,0.249645792245865,0.370343214042647,0.303628742694855,0.329532732879839,0.383901865665729,0.255315095186234,0.284193974627049,0,0.273854974657297
0.35423219203949,0.19706849877689,0,0.188822123074086,0,0.258613156717877,0,0,0,0.196177029434372,0,0,0,0,0,0.196335012421888,0.326528811454773,0.316650524735451,0.303563747783096,0,0,0.281000388454493,0,0.233220348134637,0,0,0,0,0,0,0,0,0,0,0,0.26177591085434,0,0.401428818776833,0,0.223666299594639,0.415989369153976,0.309210393769631,0,0.331104457378387,0,0.270886545341748,0.384741485118866,0.43870039029341,0.340942094723384,0,0,0.221118302146594,0,0,0,0.198755786248616,0,0.294795978137038,0,0.29387146908304,0,0.248920562721434,0.311116337776184,0.337288230657578,0.274461253196337,0,0.216388011144267,0,0.281925910575823,0,0.312815320376826,0,0.319323873519897,0,0.281118780374527,0,0.244384177856975,0,0.255989912268403,0,0.327890165907176,0,0.316115611197613,0,0.293022810182829,0.313129798571269,0
0.179746375842528,0,0.182205613811645,0,0.161834331539369,0,0.129617838019674,0,0.181975805558233,0,0.238684221434949,0,0,0,0.192451701008628,0,0,0,0,0,0.281745604417743,0,0,0,0,0,0,0,0,0,0,0,0,0,0,0,0.23595824523976,0,0,0,0.239166963313307,0,0.269678723353606,0,0,0,0.279221368687493,0,0.250390753149986,0,0,0,0.150256994825143,0,0.171046968779446,0,0.279043596903128,0,0.183304969966412,0,0.183771365805834,0,0,0.301364931758944,0,0,0,0,0,0,0,0,0,0.250289916992188,0,0,0,0,0,0.249406504631042,0,0.285087287425995,0.167043679135751,0,0.2245538789756,0,0.272165507078171
0,0,0,0.242439072330793,0,0.205642203045731,0,0.174279807507992,0,0.190786041406512,0,0,0,0,0,0.189856472981069,0,0,0,0,0,0,0,0,0,0,0,0,0,0,0,0,0,0,0,0,0,0,0,0,0,0.28427118062973,0,0,0,0.22918164730072,0,0,0,0.221118302146594,0,0,0,0.176622569561005,0,0.180294984153339,0,0.210704040723843,0,0.199711242891275,0,0.219298751453559,0,0,0,0,0,0,0,0,0,0,0,0,0,0,0,0,0,0,0,0,0.204494759878692,0,0.246433168649673,0,0
0,0,0,0,0.148909941315651,0,0.132057134128575,0,0,0,0.19640302285552,0,0,0,0,0,0,0,0,0,0.255637308582664,0,0,0,0,0,0,0,0,0,0,0,0,0,0,0,0,0,0,0,0,0,0,0,0,0,0,0,0,0,0.150256994825143,0,0,0,0,0,0,0,0,0,0,0,0,0,0,0,0,0,0,0,0,0,0,0,0,0,0,0,0,0,0,0,0.180822773526112,0,0.171575352549553,0,0
0,0,0,0,0,0,0,0.175931792249793,0,0,0,0,0,0,0,0,0,0,0,0,0,0,0,0,0,0,0,0,0,0,0,0,0,0,0,0,0,0,0,0,0,0,0,0,0,0,0,0,0,0,0,0.176622569561005,0,0,0,0,0,0,0,0,0,0,0,0,0,0,0,0,0,0,0,0,0,0,0,0,0,0,0,0,0,0,0.155028170572137,0,0,0,0
0.188369308160605,0,0.186252574750128,0,0.18654699897469,0,0,0,0.228826709535859,0,0,0,0,0,0.238345039990342,0,0.143984224647284,0,0,0,0,0,0,0,0.266367300601671,0,0.234887597816331,0,0,0,0,0,0,0,0,0,0,0,0.257480639376138,0,0,0,0.241454146802425,0,0,0,0.272257059812546,0,0.169776060557985,0,0.171046968779446,0,0,0,0,0,0.23897668506418,0,0.225477278232574,0,0.238200135796194,0,0,0.219702295958996,0,0,0,0.259736224330644,0,0.227755292273801,0,0,0,0.247401528060436,0,0,0,0,0,0,0,0.263273387363082,0.221465415860477,0,0.193557493462421,0,0
0,0.24932645442463,0,0.196006399393082,0,0.206899691511084,0,0,0,0.273767145089345,0,0,0,0,0,0.225072368048131,0,0.169439216454824,0,0,0,0.289498448371887,0,0.238782337651803,0,0.253295024236043,0,0,0,0,0,0,0,0,0,0,0,0.208739239970843,0,0,0,0.273977607488632,0,0,0,0,0,0,0,0.198755786248616,0,0.180294984153339,0,0,0,0,0,0.2285286039114,0,0,0,0.24176485311985,0,0,0,0,0.306324926593519,0,0.263490933179855,0,0,0,0,0,0,0,0,0,0,0,0.283147681750498,0,0.189345426052003,0,0.282005364976583,0.199508011341095,0
0.25943415924426,0,0.256598849082366,0,0.258982404467018,0,0,0,0.302833695350022,0,0.166367225725724,0,0,0,0,0,0.314369663596153,0.3080914914608,0.314094973837628,0,0.190734031573613,0,0,0,0,0,0,0,0,0,0.257382601499557,0,0,0,0,0,0.237881658588375,0,0.168913718312979,0,0.27649474103925,0,0.334728859521292,0,0,0.314817637205124,0.283635645312198,0.354462853074074,0.255972081235239,0,0.279043596903128,0,0,0,0.23897668506418,0,0,0,0.279330477118492,0,0.210158478054735,0,0,0.293334129402711,0,0,0,0,0,0,0,0.29587321863692,0,0.268189253919016,0,0,0,0,0,0.27709566663171,0,0.29050437317175,0.242611252171481,0.294635847210884,0.316758445673942,0,0.332944684497574
0,0.229619912803173,0,0.32891078058042,0,0.291555241896556,0,0,0,0,0,0.140062602012293,0,0,0,0.276670157909393,0.347977489233017,0,0.370428037804526,0,0,0,0,0,0,0,0,0,0,0.144357704188464,0,0,0,0,0,0.236875945702195,0.280309200286865,0.15954960748309,0,0.30932469947918,0,0.361150257999955,0,0.438915883501371,0,0.298623167667068,0,0,0,0.294795978137038,0,0.210704040723843,0,0,0,0.2285286039114,0,0,0,0.263219881632606,0,0.249587958767301,0.308261585920244,0,0,0,0,0,0.346769154071808,0,0.405878988510006,0,0.322612511587502,0,0,0,0,0,0.315870635649737,0,0.23128147311802,0,0.331891962513328,0,0.371909225983097,0.400947550435861,0
0,0,0.193479961969636,0,0.205331809818745,0,0,0,0.190315097570419,0,0,0,0.158779946917837,0,0.161079897863578,0,0,0,0,0,0,0,0,0,0,0,0,0,0,0,0,0,0,0,0,0,0,0,0,0,0.267494380474091,0,0,0,0,0,0,0,0,0,0.183304969966412,0,0,0,0.225477278232574,0,0.279330477118492,0,0,0,0.208931436141332,0,0,0,0,0,0,0,0,0.251717285676436,0,0,0,0,0,0,0,0,0,0,0,0,0.154353053732352,0.174984902143478,0.212463694539937,0,0
0,0.223678447306156,0,0.280536756983825,0,0.204405451814334,0,0.114909075200558,0,0,0,0.134193531104497,0,0.201530992209095,0,0.25271446532928,0,0,0,0,0,0,0,0,0,0.273010945542062,0,0.246636350376996,0,0,0,0,0,0,0,0,0,0,0,0,0,0,0,0,0,0,0,0,0,0.29387146908304,0,0.199711242891275,0,0,0,0,0,0.263219881632606,0,0,0,0.294554559856045,0.33816534280777,0,0,0,0,0,0.310238887849377,0,0.272086743050845,0,0,0,0,0,0,0,0,0,0,0,0,0,0.353163387398331,0,0
0.202580358903363,0,0.189857923142288,0,0.175829157233238,0,0,0,0.217649059991042,0,0,0,0.150307970121503,0,0.197666512971575,0,0.171714296936989,0,0,0,0,0,0,0,0.228606231673316,0,0.199883262316386,0,0,0,0,0,0,0,0,0,0,0,0,0,0.277981907129288,0,0.267354726791382,0,0,0,0,0,0.153961889445782,0,0.183771365805834,0,0,0,0.238200135796194,0,0.210158478054735,0,0.208931436141332,0,0,0,0,0.266165524721146,0,0,0,0.224035769207043,0,0.20897803985581,0,0,0,0,0,0,0,0,0,0,0,0,0.144569535004465,0,0.190316993667155,0,0
0,0.226634545663817,0,0.266168910264969,0,0.205828696489334,0,0,0,0.209042610866683,0,0,0,0.299854341654047,0,0.207461487355601,0.170879330486059,0.209126980214148,0.216472804546356,0,0,0,0,0.245198249816895,0,0,0,0,0,0,0,0,0,0,0,0,0,0,0,0,0,0,0,0,0,0,0,0,0,0.248920562721434,0,0.219298751453559,0,0,0,0.24176485311985,0,0.249587958767301,0,0.294554559856045,0,0,0,0,0,0,0.238924486805563,0,0.347249571878211,0,0.327686925729116,0,0,0,0,0,0,0,0,0,0,0,0.178634657686757,0,0,0,0
0,0,0,0.227064861357212,0,0.373497313722617,0,0,0,0,0,0.132929238635841,0,0,0,0,0.308664059638977,0.3323934674263,0.334280077654582,0.171075017182502,0,0,0,0,0,0,0,0,0,0,0,0,0,0,0,0.159590604935036,0.394945383071899,0.188597841447153,0,0.299915837890962,0,0.318522746612628,0,0,0,0.246882490392467,0.375423401594162,0,0,0.311116337776184,0,0,0,0,0,0,0,0.308261585920244,0,0.33816534280777,0,0,0,0.31518030166626,0,0,0,0,0,0,0.36492645740509,0,0.371147513628388,0,0,0,0,0,0.257478553414226,0.33716094493866,0.303302113152893,0.375371396541595,0.173083031422082,0.225546765327454,0.360420047096004,0.363320857286453,0
0.335338752903044,0,0.23692120735844,0.34991866350174,0.241686424569172,0,0,0,0.305631393194199,0,0.219878968265322,0,0,0,0,0,0.327963273014341,0.333760684611751,0.321463498804304,0,0.257659112067253,0,0,0,0,0,0,0,0,0,0.269464135169983,0,0,0,0,0,0.232498503157071,0,0.288567122190621,0.35254752906886,0.230618277002101,0.314766431556028,0.307838303379106,0,0.312402869525709,0.333040832408837,0.265773258993379,0.455428197979927,0.249170296134487,0.337288230657578,0.301364931758944,0,0,0,0.219702295958996,0,0.293334129402711,0,0,0,0.266165524721146,0,0.31518030166626,0,0,0,0,0,0,0,0,0.316374906575638,0,0.275390696952751,0,0,0,0,0.34994937823369,0.25119126414202,0.360404446721077,0.294953520333441,0.324403382115357,0.32056732541985,0.317993862441232,0.314922630786896,0.327056871160217
0,0,0,0,0,0,0,0,0,0.229687392711639,0,0,0,0,0,0,0,0.226353898644447,0,0,0,0.202149118990172,0.119879156351089,0.211825781852984,0,0.21469434272802,0,0.128909882778923,0,0,0,0,0,0,0,0,0,0.194344187429709,0,0,0,0,0,0,0,0,0,0.514550018310547,0,0.274461253196337,0,0,0,0,0,0,0,0,0,0,0,0,0,0,0,0,0.200144786951536,0,0.201833178812082,0,0.293204374560693,0,0,0,0,0,0,0,0,0,0.285963495840094,0,0.171265413810809,0,0,0,0
0,0,0,0,0,0,0,0,0,0,0,0,0,0,0,0,0.113568862279256,0,0,0,0,0.122111393369897,0.178566843499562,0,0.187716612617624,0,0,0,0,0,0,0,0,0,0,0,0,0,0.307648320851801,0,0,0,0,0,0,0,0,0,0.291839101796539,0,0,0,0,0,0,0,0,0,0,0,0,0,0,0,0,0,0,0.205963731504144,0,0.282594615893979,0,0.219619546945278,0,0,0,0,0,0,0,0,0,0.314909850046508,0.117369523120411,0.133959729756628,0.294707691127604,0,0
0,0.25986015112961,0,0,0,0,0,0,0,0.278120141712462,0,0,0,0,0,0.235071832086982,0,0.221482269789862,0,0,0,0.221300522503206,0,0.204163107868434,0,0.240484807405386,0,0,0,0,0,0,0,0,0,0,0,0.29149944681587,0,0,0,0,0,0,0,0,0,0.534497042496999,0,0.216388011144267,0,0,0,0,0,0.306324926593519,0,0,0,0,0,0.238924486805563,0,0,0.200144786951536,0,0,0,0.26859454524725,0,0.299849605144456,0,0,0,0,0,0,0,0,0,0.357819124209066,0,0.186992089609782,0,0.277203591733143,0,0
0.202986442049344,0,0,0,0,0,0,0,0.26132465138214,0,0,0,0,0,0.236395336687565,0,0,0,0,0,0,0,0.198567350251743,0,0.241520708582594,0,0.29596200059442,0,0,0,0,0,0,0,0,0,0,0,0.312286155800393,0,0,0,0.294072205200791,0,0,0,0,0.300985068082809,0.286104908043688,0,0,0,0,0,0.259736224330644,0,0,0,0,0,0.224035769207043,0,0,0,0,0.205963731504144,0,0,0,0.250071510261097,0,0,0,0,0,0,0,0,0,0,0,0.317781594551988,0.172410215173538,0,0.297003191656771,0,0
0,0.222065791487694,0,0,0,0,0,0,0,0.245408581835883,0,0,0,0.292790109202975,0,0.207772055640817,0,0.169476693230016,0,0,0,0.208613995039638,0,0.213700954927,0,0.169095252992631,0,0.171885392092979,0,0,0,0,0,0,0,0,0,0,0,0,0,0.254703551530838,0,0,0,0.29824510216713,0,0,0,0.281925910575823,0,0,0,0,0,0.263490933179855,0,0.346769154071808,0,0.310238887849377,0,0.347249571878211,0,0,0.201833178812082,0,0.26859454524725,0,0,0,0.308812315850962,0,0,0,0,0,0,0,0,0,0.3646170347929,0,0.14618691695588,0,0.348939043554393,0,0
0.231011052926381,0,0,0,0,0,0,0,0.21832063456867,0,0,0,0,0,0.205421597379095,0,0.179907343769801,0,0,0,0,0,0.257233709096909,0,0.233028428676436,0,0.17871836496041,0,0.195114500312643,0,0,0,0,0,0,0,0,0,0.287309911747218,0,0,0,0.335439324378967,0,0,0,0,0.353178679943085,0.256515072782834,0,0,0,0,0,0.227755292273801,0,0,0,0.251717285676436,0,0.20897803985581,0,0,0,0,0.282594615893979,0,0.250071510261097,0,0,0,0.244486959622456,0,0,0,0,0,0,0,0,0,0.292364345863461,0.208788548906644,0,0.283765549122384,0,0
0,0.332150727510452,0,0,0,0,0,0,0,0,0,0.131483097043302,0,0.12346108853817,0,0,0.32070991396904,0,0.33690918982029,0,0,0.25743733667608,0,0.286034032702446,0,0.276841004611924,0,0.210379470086111,0,0.167169467736316,0,0,0,0,0,0,0,0,0,0.339926928281784,0,0.36964924302366,0,0,0,0.345779776573181,0,0,0,0.312815320376826,0,0,0,0,0,0,0,0.405878988510006,0,0.272086743050845,0,0.327686925729116,0.36492645740509,0,0.293204374560693,0,0.299849605144456,0,0.308812315850962,0,0,0,0,0,0,0,0,0,0.304796367883682,0,0.215947781290327,0,0.353739507496357,0,0.389831186145205,0.413645108540853,0
0.339216361443202,0,0.284934319555759,0,0.261197403073311,0,0,0,0,0,0.147768244147301,0,0,0,0,0,0.31020200252533,0,0.278987869620323,0,0.285597110788027,0,0.20680371299386,0,0,0,0,0,0.159973110391625,0,0.13150111280428,0,0,0,0,0,0.276047547658284,0,0.338983240334884,0,0.288738165582929,0,0.326935178418269,0,0,0,0.284038195243249,0,0.304349148645997,0,0,0,0,0,0,0,0.29587321863692,0,0,0,0,0,0,0.316374906575638,0,0.219619546945278,0,0,0,0.244486959622456,0,0,0,0.243931834585965,0,0,0,0,0,0.29007857106626,0,0.298705675535732,0.329669955703947,0,0.32754610604667,0,0.348520189523697
0,0,0,0.342670443187277,0,0.306532893377014,0,0,0,0.294320148229599,0,0.142086073756218,0,0,0,0,0.360718488693237,0.368096421162287,0.38361076500205,0,0,0,0,0,0,0,0,0.143331050872803,0,0.165056651003623,0,0,0,0,0,0.320807069540024,0,0.193345156255042,0,0.339648963167117,0,0.341265694453166,0.314219705760479,0.454204346053302,0,0.357514871163967,0,0,0,0.319323873519897,0,0,0,0,0,0,0,0.322612511587502,0,0,0,0,0.371147513628388,0,0,0,0,0,0,0,0,0,0,0,0,0,0,0,0.354689544066787,0.358226478099823,0.241293562265734,0,0.2327661711111,0,0.392532531592335,0.384819673574888,0
