0,0,3.76086282730103,0,0,0,0,0,128.87041066587,0,0,0,0,0,0,0,0.142311722040176,19.0846783071756,158.654745787382,0,0,0,0,0,0,0,0,0,0,0,0,0,0,0,0,0,0,0,0,0,0,0,19.9765940606594,0,0,0,2.29666288197041,0,84.552862226963,0,0,0,0,0,63.0390730202198,0,0,0,0,0,13.8675501942635,0,0,0,0,0,0,0,0,0,0,0,0,0,0,0,0,0,0,0.265705823898315,0,0,334.315589979291,0,195.658852055669,0,0
0,0,0,50.0820901691914,0,0,0,0,0,18.4140748977661,0,0,0,0,0,0,0,0,26.4041824936867,0,0,0,0,0,0,0,0,0,0,0,0,0,0,0,0,0,0,0,0,0,0,158.512798115611,0,0,0,4.87909027934074,0,0,0,22.0176909416914,0,0,0,0.401437014341354,0,38.9661449193954,0,10.2138180285692,0,2.10537938773632,0,19.9747629314661,0,0,0,0,0,0,0,0,0,0,0,0,0,0,0,0,0,0,0,0,5.65029701590538,0,128.980764970183,0,0
3.76086282730103,0,0,0,3.38606357574463,0,0,0,0,0,0,0,0,0,0,0,0,0,0.917744815349579,0,0,0,0,0,0,0,0,0,0,0,0,0,0,0,0,1.07415783405304,0.136559024453163,0,0,0,1.45506808161736,0,33.8598142713308,0,4.16020572185516,2.091453820467,1.41611498594284,3.24966478347778,91.7251224219799,0.517368674278259,54.1967123448849,0,0,0,1.06133937835693,0,9.5653001666069,0,18.5548751354218,0,28.8706635832787,0,0,0.632179498672485,0,0,0,0,0,0,0,0,0,0,0,0,0,0,0,0,0,0,134.42207545042,0,439.823480784893,0,0
0,50.0820901691914,0,0,0,38.2878668010235,0,0,0,144.831474304199,0,0,0,0,0,1.30117890238762,0,0,3.30695402622223,0,0,0,0,0.488103955984116,0,0,0,0,0,0,0,0,0,0,0,0,0,0,0,0,0,229.505512133241,0,0,0,184.485913492739,0,0,0,132.37485858798,0,1.33872319757938,0,0,0,16.9838384687901,0,80.6254275292158,0,88.5243847519159,0,151.453548237681,4.91463583707809,0,0,0,0,0,0,0,31.3486114889383,0,10.3378126993775,0,0,0,0,0,0,0,0.75036746263504,0,79.1540717482567,0,505.526325494051,19.1561757773161,0
0,0,3.38606357574463,0,0,0,0,0,7.12665659189224,0,0,0,0,0,6.94565856456757,0,0,0,0,0,3.79102735221386,0,0,0,0,0,0,0,0,0,0,0,0,0,0,0,105.399333380163,0,0,0,0,0,4.03091269731522,0,0,0,0.355564646422863,1.44253396987915,5.07403492927551,0,525.528742291033,0,0,0,6.78133064508438,0,19.6756065115333,0,39.7499133050442,0,39.0515799820423,0,0,30.2845611348748,0,0,0,0,0,0,0,0,0,0,0,0,0,0,0,35.9290417656302,0,0,135.911624237895,0,26.9880770370364,0,0
0,0,0,38.2878668010235,0,0,0,64.0173673778772,0,0,0,0,0,0,0,0,0,0,0,0,0,0,0,0,0,0,0,0,0,0,0,0,0,0,0,0.313817083835602,0,0,0,0,0,0,0,0,0,41.8681597858667,0,0,0,0,0,128.695355758071,0,0,0,0,0,51.2818874716759,0,0,0,0,36.1712136119604,0,0,0,0,0,0,0,0,0,0,0,0,0,0,0,5.0929870903492,0,0,0,177.301082998514,0,76.9754742234945,0,0
0,0,0,0,0,0,0,0,0,0,0,0,0,0,0,0,0,0,0,0,0,0,0,0,0,0,0,0,0,0,0,0,0,0,0,0,8.02864694595337,0,0,0,0,0,0,0,0,0,0,0,0,0,0,0,184.62225317955,0,0,0,1.9136174172163,0,0,0,0,0,0,3.25489270687103,0,0,0,0,0,0,0,0,0,0,0,0,0,0,0,11.9250657558441,0,0,30.2504336833954,0,0,0,0
0,0,0,0,0,64.0173673778772,0,0,0,0,0,88.2027759999037,0,0,0,0,0,0,0,0,0,0,0,0,0,0,0,0,0,0,0,0,0,0,0,0,0,0,0,0,0,0,0,0,0,0,0,0,0,0,0,40.0094836801291,0,534.261522322893,0,0,0,305.751250609756,0,0,0,0,53.3512899130583,0,0,0,0,0,0,0,0,0,0,0,0,0,0,0,0.423233523964882,0,0,0,103.801544398069,0,0.215688839554787,0,0
128.87041066587,0,0,0,7.12665659189224,0,0,0,0,0,0,0,0,0,107.0557898283,0,110.716122090816,42.5777920782566,4.40209706127644,0,0,0,0.966685712337494,0,11.8892185389996,0,0,0,0,0,0,0,0,0,0,0,0,0,29.87589225173,0,0,0,3.96994099020958,0,0,0,0,0,86.6443118751049,0,16.7305419147015,0,0,0,550.003373116255,0,0,0,0,0,77.8627629876137,0,0,0,0,0,0,15.0207955539227,0,5.10529756546021,0,0,0,0,0,0,0,0,0,0,0,23.8088125735521,365.089679762721,11.2170767784119,73.7120517790318,0,0
0,18.4140748977661,0,144.831474304199,0,0,0,0,0,0,0,0,0,0,0,6.59281030297279,0,2,0,0,0,0,0,22.718142002821,0,0,0,0,0,0,0,0,0,0,0,0,0,0,0,0,0,11.2068090736866,0,0,0,0,0,0,0,0,0,7.9988077878952,0,0,0,351.891109630466,0,0,0,0,0,2.68290612101555,0,0,0,0,91.7857144325972,0,0,0,0,0,0,0,0,0,0,0,0,0,0,0,201.546641647816,38.4897136688232,17.9516831636429,0,0
0,0,0,0,0,0,0,0,0,0,0,0,145.006870508194,0,0,0,0,0,0,0,459.970798224211,0,0,0,0,0,0,0,0,0,14.3378039896488,0,0,0,0,0,0,0,174.607728391886,0,0,0,0,0,0,0,0,0,0,0,0.97262579202652,0,0,0,0,0,983.248727202415,0,46.4576609134674,0,0,0,0,9.84206134080887,0,0,0,0,0,0,0,0,0,62.6643867343664,0,0,0,0,0,0,0,9.49219179153442,37.4128717184067,0,0.184402778744698,0,0
0,0,0,0,0,0,0,88.2027759999037,0,0,0,0,0,6,0,0,0,0,0,121.687211453915,0,0,0,0,0,0,0,0,0,0,0,0,0,0,0,117.927267670631,0,71.9890356957912,0,0,0,0,0,0,0,0,0,0,0,0.257991075515747,0,0,0,39.9662859290838,0,0,0,1224.30567254871,0,0,0,0,357.446163803339,0,0,0,0,0,0,0,5.11070020496845,0,31.0056819170713,0,0,0,0,0,0.477449715137482,0,4,0,175.302522867918,0,0,0,0
0,0,0,0,0,0,0,0,0,0,145.006870508194,0,0,0,0,0,0,0,0,0,0,0,0,0,0,0,0,0,1.96834972500801,0,0,0,0,0,0,0,0,0,0,0,0,0,0,0,0,0,0,0,0,0,0,0,0,0,0,0,0,0,56.62622615695,0,0,0,0,0,0,0,0,0,0,0,0,0.656543061137199,0,0,0,0,0,0,0,0,0,0,0,0,0,0,0
0,0,0,0,0,0,0,0,0,0,0,6,0,0,0,0,0,0.26010873913765,0,0,0,0,0,0,0,0,0,0,0,0,0,0,0,0,0,0,0,0,0,0,0,0,0,0,0,0,0,0,0,0,0,0,0,3.07286655902863,0,0,0,0,0,73.3370957374573,0,0,0,0,0,0,0,0,0,0,0,0,0,0,0,0,0,0,0,0,0,0,1,1,0,0,0
0,0,0,0,6.94565856456757,0,0,0,107.0557898283,0,0,0,0,0,0,0,63.7326272726059,11.8059940338135,4.09080266952515,0,0,0,0,0,0,0,0,0,18.4241846054792,0,0,0,0,0,0,0,0,0,0,0,0,0,0,0,0,0,0,0,0,0,22.6686960458755,0,0,0,10.0741609334946,0,0,0,0,0,69.8915577530861,0,0,0,0,0,0,0,0,0.329485237598419,0,4.24923188984394,0,0,0,0,0,0,0,0,0,0,43.6558286547661,0,0,0,0
0,0,0,1.30117890238762,0,0,0,0,0,6.59281030297279,0,0,0,0,0,0,0,0,0,0,0,0,0,0,0,0,0,0,0,0,0,0,0,0,0,0,0,0,0,0,0,0,0,0,0,0,0,0,0,0,0,14.7719584107399,0,0,0,22.5557505488396,0,0,0,0,0,28.5504840314388,0,0,0,0,17.5936846733093,0,0,0,0,0,0,0,0,0,0,0,0,0,0,0,8.02810364961624,0,0,0,0
0.142311722040176,0,0,0,0,0,0,0,110.716122090816,0,0,0,0,0,63.7326272726059,0,0,9931.22907069325,3031.4977055341,0,0,5.42220735549927,219.43773432076,0,22.86922557652,0,169.894417196512,0,0,0,0,0,0,0,0,0,0,0,0,0,0,0,3.68191286921501,0.344805911183357,0.698219060897827,0,7.31388963758945,0,0,0,0,0,0,0,20.018766194582,0,0,0,0,0,0,0,0,0,0,0.929531872272491,0,0,0,0,0,0,0,0,0,0,0,0,0,0,0,0,8702.71913304925,18.0161446332932,16.6611820906401,0,0.225752830505371
19.0846783071756,0,0,0,0,0,0,0,42.5777920782566,2,0,0,0,0.26010873913765,11.8059940338135,0,9931.22907069325,0,3640.53071139753,0,0,97.3893335461617,20.0151755660772,20.6152430176735,2.00962018966675,77.5508254170418,0,15.5164699852467,0,0,0,0,0,0,0,0,0,0,0,0,0,0,5.28723199665546,0,0.645828008651733,0,10.8439073339105,0,0.267319083213806,0,0,0,0,0,2.45739603042603,0,0,0,0,0,0,0,0,0.912624977529049,0,0,0,0,55.7734363675117,0,0,0,0,0,0,0,0,0,0,0.49555067718029,0,0,7779.0038928017,345.316404163837,22.0265694707632,0,1.73561656475067
158.654745787382,26.4041824936867,0.917744815349579,3.30695402622223,0,0,0,0,4.40209706127644,0,0,0,0,0,4.09080266952515,0,3031.4977055341,3640.53071139753,0,0,0,0,1.56136173009872,0,0,0,1.61005824804306,0,0,0,0,0,0,0,0,0,0,0,0,0,28.5158792287111,173.932576715946,983.815415784717,175.566518776119,824.011774882674,77.6072897613049,903.456423223019,0.221982523798943,3.62498326599598,11.6523783653975,0,0,0,0,0,0,0.87990403175354,26.5404966920614,0,0,0,0,2.87190528213978,31.3863458484411,0,0,0,0,0,0,31.165736861527,0,22.4633722156286,0,0,0,0,0,0,33.1350582242012,1.21219602227211,0,5248.16496664286,2.62794637680054,3300.9678132236,88.3862573355436,144.772788345814
0,0,0,0,0,0,0,0,0,0,0,121.687211453915,0,0,0,0,0,0,0,0,0,0,0,0,0,0,0,0,0,0,0,0,0,0,0,509.457393020391,0,48.4547818005085,0,0,0,0,0,0,0,34.2402816265821,0,0,0,0,0,0,0,0,0,0,0,0,0,0,0,0,853.626966923475,0,0,0,0,0,0,0,0,0,0,0,0,0,0,0,90.6931378394365,0,0.514843732118607,0,94.8445228040218,0,31.8847559243441,0,0
0,0,0,0,3.79102735221386,0,0,0,0,0,459.970798224211,0,0,0,0,0,0,0,0,0,0,0,0,0,0,0,0,0,0,0,4.53412213921547,0,0,0,0,0,828.418185725808,0,194.723789423704,0,0,0,0,0,0,0,9.37757584452629,0,0,0,5.51416963338852,0,0,0,0,0,339.742198780179,0,0,0,0,0,0,945.732736095786,0,0,0,0,0,0,0,0,0,50.1509852558374,0,0,0,0,0,804.49680365622,0,270.065458163619,150.867641746998,0,10.7668674886227,0,0
0,0,0,0,0,0,0,0,0,0,0,0,0,0,0,0,5.42220735549927,97.3893335461617,0,0,0,0,56.7072403728962,15.1055532246828,0,14.2351607382298,0,0,0,0,0,0,0,0,0,0,0,473.484947621822,0,0,0,0,0,0,0,0,0,0,0,101.552935004234,0,0,0,0,0,0,0,0,0,0,0,0,0,0,1672.64404678345,0,89.7373021394014,0,91.6904680728912,0,91.5005091428757,0,0,0,0,0,0,0,0,0,54.4737809151411,0,557.293155476451,27.8293263912201,0,0,0
0,0,0,0,0,0,0,0,0.966685712337494,0,0,0,0,0,0,0,219.43773432076,20.0151755660772,1.56136173009872,0,0,56.7072403728962,0,0,52.8261946886778,0,5.28757444024086,0,83.7873462438583,0,0,0,0,0,0,0,0,0,184.35080575943,0,0,0,0,0,0,0,0,0,351.506806239486,0,0,0,0,0,0,0,0,0,0,0,0,0,0,0,13.7269644737244,2184.72833938897,0,32.121405184269,0,71.1429575681686,0,123.751035019755,0,0,0,0,0,0,0,0,0,104.845992580056,126.137986630201,0,1.45355248451233,0,0
0,0,0,0.488103955984116,0,0,0,0,0,22.718142002821,0,0,0,0,0,0,0,20.6152430176735,0,0,0,15.1055532246828,0,0,0,192.484616160393,0,0,0,0,0,0,0,0,0,0,0,172.588282957673,0,0,0,0,0,0,0,1.07844857871532,0,0,0,3.70544987916946,0,0,0,0,0,22.7867619991302,0,0,0,0,0,0,0,0,12.7631786763668,0,109.646500095725,0,196.21854557097,0,0,0,0,0,0,0,0,0,0,0,6.13962435722351,0,23.7187936306,0,20.6556602269411,0,0
0,0,0,0,0,0,0,0,11.8892185389996,0,0,0,0,0,0,0,22.86922557652,2.00962018966675,0,0,0,0,52.8261946886778,0,0,0,22.5704200267792,0,0,0,0,0,0,0,0,0,0,0,21.0146178454161,0,0,0,0,0,0,0,0,0,14.07872633636,0,0,0,0,0,32.5997125804424,0,0,0,0,0,0,0,0,0,0,81.7341697663069,0,21.4268491715193,0,162.031658768654,0,0,0,0,0,0,0,0,0,0,0,6.1502845287323,26.0338773131371,0,17.9325871765614,0,0
0,0,0,0,0,0,0,0,0,0,0,0,0,0,0,0,0,77.5508254170418,0,0,0,14.2351607382298,0,192.484616160393,0,0,0,9.82464955747128,0,0,0,0,0,0,0,0,0,0,0,0,0,0,0,0,0,0,0,0,0,0,0,0,0,0,0,0,0,0,0,0,0,0,0,0,0,0,59.8267858624458,0,202.347232192755,0,0,0,0,0,0,0,0,0,0,0,0,0,18.2490626275539,0,0,0,0
0,0,0,0,0,0,0,0,0,0,0,0,0,0,0,0,169.894417196512,0,1.61005824804306,0,0,0,5.28757444024086,0,22.5704200267792,0,0,0,0,0,0,0,0,0,0,0,0,0,0,0,0,0,0,0,0,0,0,0,0,0,0,0,0,0,0,0,0,0,0,0,0,0,0,0,0,39.5432459414005,0,0,0,240.585940659046,0,0,0,0,0,0,0,0,0,0,0,0,2.96820098161697,0,0,0,0
0,0,0,0,0,0,0,0,0,0,0,0,0,0,0,0,0,15.5164699852467,0,0,0,0,0,0,0,9.82464955747128,0,0,0,12,0,0,0,0,0,0,0,0,0,0,0,0,0,0,0,0,0,0,0,0,0,0,0,0,0,0,0,0,0,0,0,0,0,0,0,0,0,0,20.9167640656233,0,152.259127795696,0,5,0,0,0,0,0,0,0,6.05468836426735,0,15.855815500021,0,0,0,0
0,0,0,0,0,0,0,0,0,0,0,0,1.96834972500801,0,18.4241846054792,0,0,0,0,0,0,0,83.7873462438583,0,0,0,0,0,0,0,156.871360778809,0,0,0,0,0,0,0,11.9491400718689,0,0,0,0,0,0,0,0,0,0,0,0,0,0,0,0,0,0,0,8.73549592494965,0,15.7134705334902,0,0,0,0,25.5969190597534,0,0,0,3.80474525690079,0,160.23024982214,0,0,0,0,0,0,0,0,0,0,1,3,0,0,0
0,0,0,0,0,0,0,0,0,0,0,0,0,0,0,0,0,0,0,0,0,0,0,0,0,0,0,12,0,0,0,0,0,0,0,0,0,188.043981969357,0,0,0,0,0,0,0,0,0,0,0,0,0,0,0,0,0,0,0,3.15624713897705,0,0,0,0,0,0,0,0,0,0,0,0,11,0,65.7088421285152,0,0,0,0,0,0,0,9.1467946767807,0,1.00320196151733,0,0,0,0
0,0,0,0,0,0,0,0,0,0,14.3378039896488,0,0,0,0,0,0,0,0,0,4.53412213921547,0,0,0,0,0,0,0,156.871360778809,0,0,0,0,0,0,0,0,0,293.612217202783,0,0,0,0,0,0,0,0,0,0,0,0,0,0,0,0,0,6.45789439976215,0,0,0,0,0,0,0,0,0,0,0,0,0,0,231.321074008942,0,48.0489396601915,0,0,0,0,0,0,0,34.7928218245506,71.3870389461517,0,0,0,0
0,0,0,0,0,0,0,0,0,0,0,0,0,0,0,0,0,0,0,0,0,0,0,0,0,0,0,0,0,0,0,0,92.5721966326237,85.7458009123802,0,243.942202150822,0,0,0,0,0,0,0,0,0,0,0,838.200360685587,2.18216949701309,22.2357815802097,0,0,0,0,0,0,0,0,0,0,0,0,0,0,0,0,0,0,0,0,0,0,0,0,704.361789047718,40.6883485913277,61.5883471667767,0,169.311526581645,0,0,0,394.313421905041,0,0.523232400417328,0,0
0,0,0,0,0,0,0,0,0,0,0,0,0,0,0,0,0,0,0,0,0,0,0,0,0,0,0,0,0,0,0,92.5721966326237,0,0,0,0,238.298976540565,0,0,0,0,0,0,0,0,0,0,120.310509815812,3.60627865791321,0,0,0,0,0,0,0,0,0,0,0,0,0,0,0,0,0,0,0,0,0,0,0,0,0,12.0102504193783,791.981051385403,0,0,0.96543937921524,552.945248872042,0,0,288.379535511136,0,0,0,0
0,0,0,0,0,0,0,0,0,0,0,0,0,0,0,0,0,0,0,0,0,0,0,0,0,0,0,0,0,0,0,85.7458009123802,0,0,232.070625245571,524.414418771863,0,502.379899859428,0,0,0,0,0,0,0,0,0,1600.00531812012,0.519090950489044,61.7039209753275,0,0,0,0,0,0,0,0,0,0,0,0,0,0,0,0,0,0,0,0,0,0,1.20632374286652,0,51.9175278842449,0,1549.7811704129,344.249785333872,148.746537238359,0,525.46923866868,0,51.414830327034,1.91310858726501,2.18170183897018,0,0
0,0,0,0,0,0,0,0,0,0,0,0,0,0,0,0,0,0,0,0,0,0,0,0,0,0,0,0,0,0,0,0,0,232.070625245571,0,0,487.647859469056,0,23.0791286230087,0,0,0,0,0,0,0,0,628.565484628081,2.92593941092491,0,0,0,0,0,0,0,0,0,0,0,0,0,0,0,0,0,0,0,0,0,0,0,0,0,0,0,29.2115741968155,723.56294259429,0,208.605642795563,0,4.44297751784325,15.7025125026703,0,0,0,0
0,0,1.07415783405304,0,0,0.313817083835602,0,0,0,0,0,117.927267670631,0,0,0,0,0,0,0,509.457393020391,0,0,0,0,0,0,0,0,0,0,0,243.942202150822,0,524.414418771863,0,0,254.15143352747,2354.17413514853,52.8026163578033,0,0.294703871011734,0,0,0,0,21.7814337015152,0.320182472467422,643.042061567307,31.833590477705,16.1983852684498,0,0,0,0,0,0,0,8.36619827151299,0,0,0,0,619.217132180929,0,0,0,0,0,0,0,0,0,0,0,132.314417332411,0,390.568413689733,0,12508.5060647428,364.408796936274,428.959790930152,0,1546.39984077215,227.626516640186,108.666515320539,0,0
0,0,0.136559024453163,0,105.399333380163,0,8.02864694595337,0,0,0,0,0,0,0,0,0,0,0,0,0,828.418185725808,0,0,0,0,0,0,0,0,0,0,0,238.298976540565,0,487.647859469056,254.15143352747,0,0,2076.19786483049,0,5.45137423276901,0,0,0,0,0,0,29.4151570051908,56.0682774782181,0,120.209882974625,0,0.719729259610176,0,0,0,56.3233819082379,0,2.18337333202362,0,0,0,0,212.344574585557,0,0,0,0,0,0,0,0,0,0,0,25.4856397807598,0,34.6731775403023,14.9257308244705,14329.0744558126,0,806.970291316509,1337.31237185001,64.9353964328766,128.375581182539,0,0
0,0,0,0,0,0,0,0,0,0,0,71.9890356957912,0,0,0,0,0,0,0,48.4547818005085,0,473.484947621822,0,172.588282957673,0,0,0,0,0,188.043981969357,0,0,0,502.379899859428,0,2354.17413514853,0,0,35.4479796290398,0,0,10.8466086089611,0,0,0,13.9095335304737,0,1034.83400028944,0,184.965541437268,0,0,0,0,0,0,0,73.0910177528858,0,0,0,0,218.675343051553,0,277.004993647337,0,12.7043554931879,0,0,0,6.83914929628372,0,98.0917551517487,0,0,0,79.8871668726206,0,2436.44225659966,0,6835.76987223327,78.333301782608,902.416326120496,18.9303911328316,61.3029900342226,0,0
0,0,0,0,0,0,0,0,29.87589225173,0,174.607728391886,0,0,0,0,0,0,0,0,0,194.723789423704,0,184.35080575943,0,21.0146178454161,0,0,0,11.9491400718689,0,293.612217202783,0,0,0,23.0791286230087,52.8026163578033,2076.19786483049,35.4479796290398,0,0,0,0,0,0,0,0,0,977.286651551723,249.814061835408,0,0,0,0,0,71.2604003250599,0,87.4490042775869,0,0,0,0,0,0,72.1822678148746,0,168.247093096375,0,183.950227320194,0,0.674986660480499,0,124.546959593892,0,166.58270393312,0,0,0,13.7680671215057,7.6977915763855,1165.68470068276,0,6550.7475887537,430.262794971466,0,92.2819315195084,0,0
0,0,0,0,0,0,0,0,0,0,0,0,0,0,0,0,0,0,0,0,0,0,0,0,0,0,0,0,0,0,0,0,0,0,0,0,0,0,0,0,0,1031.44114154577,0.333856672048569,1.05634760856628,0,988.246531382203,0.542265981435776,10.3992319107056,1.34167751669884,381.849836036563,0.32275578379631,0,0,0,0,0,0.312228471040726,0,0,0,0,0,257.636320769787,0,0,0,0,0,0,0,0,0,0,0,0,0,0,0,929.286098480225,0,13.3105661571026,0,29.6379319578409,0,4514.52629816532,32.3327190577984,0
0,0,1.45506808161736,0,0,0,0,0,0,0,0,0,0,0,0,0,0,0,28.5158792287111,0,0,0,0,0,0,0,0,0,0,0,0,0,0,0,0,0.294703871011734,5.45137423276901,0,0,0,0,0,121.776873290539,0.184555143117905,18.454418823123,2.17716592550278,549.202074229717,11.6692649126053,338.556899353862,0,2.06228773295879,0,0,0,0,0,0.965272530913353,0,0,0,0,0,0,269.629480883479,0,0,0,0,0,0,0,0,0,0,0,0,0,0,5.24112445116043,815.166450403631,0,14.1382579654455,11.2261617034674,0,1823.0289876312,0,33.3816336989403
0,158.512798115611,0,229.505512133241,0,0,0,0,0,11.2068090736866,0,0,0,0,0,0,0,0,173.932576715946,0,0,0,0,0,0,0,0,0,0,0,0,0,0,0,0,0,0,10.8466086089611,0,1031.44114154577,0,0,284.318082466722,660.313683465123,2.29507857561111,160.533382304013,0.982296884059906,13.464906424284,0,748.187021464109,0,0,0,0.38699559867382,0,0.510449811816216,0,451.958808735013,0,20.4733172506094,0,13.0276953727007,97.1657214313745,0,0,0,0,0,0,0,264.085568785667,0,153.614076554775,0,0,0,0,0,219.403460919857,0,161.908568039536,0,725.4905532673,0,7921.67953745276,1739.68948860466,0
19.9765940606594,0,33.8598142713308,0,4.03091269731522,0,0,0,3.96994099020958,0,0,0,0,0,0,0,3.68191286921501,5.28723199665546,983.815415784717,0,0,0,0,0,0,0,0,0,0,0,0,0,0,0,0,0,0,0,0,0.333856672048569,121.776873290539,284.318082466722,0,13.1350221931934,223.083951205015,0,401.520341858268,56.6237571835518,312.196442827582,0.254551589488983,2.64658541977406,0,0,0,0,0,15.5829223841429,0,1.59972110390663,0,0,0,0,36.8721381276846,0,0,0,0,0,0,0,0,0,3.82331475615501,0,0,0,0,0,15.3372913748026,0,7.48605459928513,1046.93999297172,6.62378722429276,6386.25167651474,0,2355.09743903577
0,0,0,0,0,0,0,0,0,0,0,0,0,0,0,0,0.344805911183357,0,175.566518776119,0,0,0,0,0,0,0,0,0,0,0,0,0,0,0,0,0,0,0,0,1.05634760856628,0.184555143117905,660.313683465123,13.1350221931934,0,6.48344391584396,414.833237051964,4.56347905099392,0,0,1.06679487228394,0,0,0,0,0,0,0,4.43025535345078,0,0,0,0,0,0,0,0,0,0,0,0,2.34620502591133,0,0.976302236318588,0,0,0,0,0,0,0,0,0,131.118924170732,0,1583.93086928129,76.097825884819,0
0,0,4.16020572185516,0,0,0,0,0,0,0,0,0,0,0,0,0,0.698219060897827,0.645828008651733,824.011774882674,0,0,0,0,0,0,0,0,0,0,0,0,0,0,0,0,0,0,0,0,0,18.454418823123,2.29507857561111,223.083951205015,6.48344391584396,0,0,461.41956718266,0,0,0,0,0,0,0,0,0,0,0,0,0,0,0,0,14.8686945736408,0,0,0,0,0,0,0,0,0,0,0,0,0,0,0,13.4176180660725,0,0,84.3833135068417,4.02339771389961,752.41053520143,0,4.33271771669388
0,4.87909027934074,2.091453820467,184.485913492739,0,41.8681597858667,0,0,0,0,0,0,0,0,0,0,0,0,77.6072897613049,34.2402816265821,0,0,0,1.07844857871532,0,0,0,0,0,0,0,0,0,0,0,21.7814337015152,0,13.9095335304737,0,988.246531382203,2.17716592550278,160.533382304013,0,414.833237051964,0,0,3.24032002687454,0,10.9167795181274,56.5530370175838,0.18630887567997,0.576908737421036,0,0.297157354652882,0,0,0.160509526729584,152.181492425501,0,3.11500933021307,0,0.19860252737999,1666.84749282897,0.930935144424438,0,0,0,0,0,0,47.2554268613458,0,25.0398739874363,0,0,0,0,0,1285.08940432221,0,237.175037950277,0,57.8894967287779,0,4421.07569663227,10.2654014974833,0
2.29666288197041,0,1.41611498594284,0,0.355564646422863,0,0,0,0,0,0,0,0,0,0,0,7.31388963758945,10.8439073339105,903.456423223019,0,9.37757584452629,0,0,0,0,0,0,0,0,0,0,0,0,0,0,0.320182472467422,0,0,0,0.542265981435776,549.202074229717,0.982296884059906,401.520341858268,4.56347905099392,461.41956718266,3.24032002687454,0,2.10020619630814,17.1303286850452,0,1.91327498853207,0,0,0,0,0,5.91983537375927,0,0,0,0,0,0,1462.46803195029,0,0,0,0,0,0,0,0,0,0,0,0,0,0,0.33807185292244,2203.5556807518,0,70.0363928675652,346.432838618755,2.87255118787289,5509.94609802216,0,0
0,0,3.24966478347778,0,1.44253396987915,0,0,0,0,0,0,0,0,0,0,0,0,0,0.221982523798943,0,0,0,0,0,0,0,0,0,0,0,0,838.200360685587,120.310509815812,1600.00531812012,628.565484628081,643.042061567307,29.4151570051908,1034.83400028944,977.286651551723,10.3992319107056,11.6692649126053,13.464906424284,56.6237571835518,0,0,0,2.10020619630814,0,2379.00986488163,833.027826532722,4.92765364050865,0,0,0,0,0,3.15302531421185,1.7606141269207,2.93309560418129,0,0,0,0,1.34282152354717,0,0,0,0,0,0,0.301477938890457,0,1.50680804252625,0,658.85801936686,448.960922271013,1171.5232655853,665.662218853831,905.831729725003,2139.06494703889,1049.95225186646,163.645980000496,3484.62304717302,57.6051723957062,429.15695028007,0,0
84.552862226963,0,91.7251224219799,0,5.07403492927551,0,0,0,86.6443118751049,0,0,0,0,0,0,0,0,0.267319083213806,3.62498326599598,0,0,0,351.506806239486,0,14.07872633636,0,0,0,0,0,0,2.18216949701309,3.60627865791321,0.519090950489044,2.92593941092491,31.833590477705,56.0682774782181,0,249.814061835408,1.34167751669884,338.556899353862,0,312.196442827582,0,0,10.9167795181274,17.1303286850452,2379.00986488163,0,5.16951680183411,16.2168499752879,0,0,0,3.12084832787514,0,86.1510136127472,0,22.7531644254923,0,106.833283022046,0,0,15.4073814377189,0,226.255740910769,0,64.3673797398806,0,3.81393955647945,0,144.182989150286,0,38.9861799180508,2.17385265231133,0,0,151.925006061792,44.702259555459,1048.69376525283,0,644.661004111171,363.23816268146,0.977719232439995,1373.55715470016,0,0
0,22.0176909416914,0.517368674278259,132.37485858798,0,0,0,0,0,0,0,0.257991075515747,0,0,0,0,0,0,11.6523783653975,0,0,101.552935004234,0,3.70544987916946,0,0,0,0,0,0,0,22.2357815802097,0,61.7039209753275,0,16.1983852684498,0,184.965541437268,0,381.849836036563,0,748.187021464109,0.254551589488983,1.06679487228394,0,56.5530370175838,0,833.027826532722,5.16951680183411,0,0,9.96407350897789,0,1.17799109220505,0,61.7935758531094,0,296.718096621335,0,104.622112542391,0,119.46613804996,15.2814299762249,0,267.933613151312,0,39.934580847621,0,49.9093744307756,0,73.8423390984535,0,73.3631461560726,0,56.4104770123959,0,30.7410410493612,0,156.273328885436,0,493.922654762864,0,238.548615239561,0,1053.0791566968,5.54649150371552,0
0,0,54.1967123448849,0,525.528742291033,0,0,0,16.7305419147015,0,0.97262579202652,0,0,0,22.6686960458755,0,0,0,0,0,5.51416963338852,0,0,0,0,0,0,0,0,0,0,0,0,0,0,0,120.209882974625,0,0,0.32275578379631,2.06228773295879,0,2.64658541977406,0,0,0.18630887567997,1.91327498853207,4.92765364050865,16.2168499752879,0,0,0,10.1551282405853,0,16.9196150004864,0,294.380081392825,0,133.049935445189,0,220.235549539328,0,0,80.8722350075841,0,0,0,0,0,0,0,0,0,0,0,0,0,0,0,196.927510492504,0,0,199.028774879873,0,104.731024168432,0,0
0,0,0,1.33872319757938,0,128.695355758071,0,40.0094836801291,0,7.9988077878952,0,0,0,0,0,14.7719584107399,0,0,0,0,0,0,0,0,0,0,0,0,0,0,0,0,0,0,0,0,0,0,0,0,0,0,0,0,0,0.576908737421036,0,0,0,9.96407350897789,0,0,0,14.2453106641769,0,4.45721843838692,0,282.618457525969,0,53.5410625636578,0,32.4679386019707,18.7084740102291,0,0,0,0,0,0,0,0,0,0,0,0,0,0,0,0,0,0,0,0.41308131814003,0,0.412826880812645,0,0
0,0,0,0,0,0,184.62225317955,0,0,0,0,0,0,0,0,0,0,0,0,0,0,0,0,0,0,0,0,0,0,0,0,0,0,0,0,0,0.719729259610176,0,0,0,0,0,0,0,0,0,0,0,0,0,10.1551282405853,0,0,0,0,0,87.1540842056274,0,11.1279694288969,0,0,0,0,25.4649903476238,0,0,0,0,0,0,0,0,0,0,0,0,0,0,0,5.40049886703491,0,0,201.177162095904,0,0,0,0
0,0.401437014341354,0,0,0,0,0,534.261522322893,0,0,0,39.9662859290838,0,3.07286655902863,0,0,0,0,0,0,0,0,0,0,0,0,0,0,0,0,0,0,0,0,0,0,0,0,0,0,0,0.38699559867382,0,0,0,0.297157354652882,0,0,0,1.17799109220505,0,14.2453106641769,0,0,0,0,0,557.165799230337,0,30.2265667766333,0,0.224681496620178,31.7300039380789,0,0,0,0,0,0,0,0.195762366056442,0,0,0,0,0,0,0,0,0,0,0,226.956165581942,0,0,0,0
63.0390730202198,0,1.06133937835693,0,6.78133064508438,0,0,0,550.003373116255,0,0,0,0,0,10.0741609334946,0,20.018766194582,2.45739603042603,0,0,0,0,0,0,32.5997125804424,0,0,0,0,0,0,0,0,0,0,0,0,0,71.2604003250599,0,0,0,0,0,0,0,0,0,3.12084832787514,0,16.9196150004864,0,0,0,0,0,0,0,0,0,104.009759426117,0,0,0,0,1.59375403821468,0,108.211414322257,0,18.4224684238434,0,0,0,0,0,0,0,0,0,0,0,180.410074844956,5.50020268559456,0,43.1227333247662,0,0
0,38.9661449193954,0,16.9838384687901,0,0,0,0,0,351.891109630466,0,0,0,0,0,22.5557505488396,0,0,0,0,0,0,0,22.7867619991302,0,0,0,0,0,0,0,0,0,0,0,0,0,0,0,0,0,0.510449811816216,0,0,0,0,0,0,0,61.7935758531094,0,4.45721843838692,0,0,0,0,0,0,0,0,0,68.5835051238537,0,0,0,0,237.627476006746,0,0,0,0,0,0,0,0,0,0,0,0,0,0,0,43.9036441892385,0,8.0406930744648,0,0
0,0,9.5653001666069,0,19.6756065115333,0,1.9136174172163,0,0,0,983.248727202415,0,0,0,0,0,0,0,0.87990403175354,0,339.742198780179,0,0,0,0,0,0,0,0,0,6.45789439976215,0,0,0,0,0,56.3233819082379,0,87.4490042775869,0.312228471040726,0.965272530913353,0,15.5829223841429,0,0,0.160509526729584,5.91983537375927,3.15302531421185,86.1510136127472,0,294.380081392825,0,87.1540842056274,0,0,0,0,0,460.368758350611,0,42.8106013089418,0,0,597.683466881514,0,0,0,0,0,0,0,186.996245324612,0,1442.4973770231,0,0,0,0,0.325344860553741,252.449854522943,0,101.141437292099,81.8665363714099,0,741.811678797007,0,0
0,10.2138180285692,0,80.6254275292158,0,51.2818874716759,0,305.751250609756,0,0,0,1224.30567254871,0,0,0,0,0,0,26.5404966920614,0,0,0,0,0,0,0,0,0,0,3.15624713897705,0,0,0,0,0,8.36619827151299,0,73.0910177528858,0,0,0,451.958808735013,0,4.43025535345078,0,152.181492425501,0,1.7606141269207,0,296.718096621335,0,282.618457525969,0,557.165799230337,0,0,0,0,0,472.808884382248,0,31.6399473398924,677.267652198672,0,0,0,0,0,81.0323308855295,0,759.900001436472,0,714.353765703738,0,0,0,0,0,0.741499304771423,0,359.299310363829,0,56.8994726091623,0,1147.93570030481,39.7745317220688,0
0,0,18.5548751354218,0,39.7499133050442,0,0,0,0,0,46.4576609134674,0,56.62622615695,0,0,0,0,0,0,0,0,0,0,0,0,0,0,0,8.73549592494965,0,0,0,0,0,0,0,2.18337333202362,0,0,0,0,0,1.59972110390663,0,0,0,0,2.93309560418129,22.7531644254923,0,133.049935445189,0,11.1279694288969,0,0,0,460.368758350611,0,0,0,181.394149675965,0,0,0.4366055727005,0,0,0,0,0,0,0,330.056880250573,0,0,0,0,0,0,0,0.311809524893761,0,0,2.22601977735758,0,68.0941859483719,0,0
0,2.10537938773632,0,88.5243847519159,0,0,0,0,0,0,0,0,0,73.3370957374573,0,0,0,0,0,0,0,0,0,0,0,0,0,0,0,0,0,0,0,0,0,0,0,0,0,0,0,20.4733172506094,0,0,0,3.11500933021307,0,0,0,104.622112542391,0,53.5410625636578,0,30.2265667766333,0,0,0,472.808884382248,0,0,0,128.10775513947,0,0,0,0,0.51188001036644,0,196.428604125977,0,506.064128056169,0,1.05330049991608,0,0,0,0,0,0,0,0,0,0.23627033829689,0,60.7519728541374,1.3577606678009,0
13.8675501942635,0,28.8706635832787,0,39.0515799820423,0,0,0,77.8627629876137,0,0,0,0,0,69.8915577530861,0,0,0,0,0,0,0,0,0,0,0,0,0,15.7134705334902,0,0,0,0,0,0,0,0,0,0,0,0,0,0,0,0,0,0,0,106.833283022046,0,220.235549539328,0,0,0,104.009759426117,0,42.8106013089418,0,181.394149675965,0,0,0,0,0,0,0,0,0,0,71.8423161953688,0,69.1029837578535,0,0,0,0,0,0,0.560881495475769,0,0,0,121.166064083576,11.1635031700134,7.05773717164993,0,0
0,19.9747629314661,0,151.453548237681,0,0,0,0,0,2.68290612101555,0,0,0,0,0,28.5504840314388,0,0,0,0,0,0,0,0,0,0,0,0,0,0,0,0,0,0,0,0,0,0,0,0,0,13.0276953727007,0,0,0,0.19860252737999,0,0,0,119.46613804996,0,32.4679386019707,0,0.224681496620178,0,68.5835051238537,0,31.6399473398924,0,128.10775513947,0,0,0,0,0,0,24.1587455272675,0,94.4630021154881,0,6.6845365613699,0,0.342624515295029,0,0,0,0,0,0,0,0,0,5.11293429136276,0,9.83158609271049,0,0
0,0,0,4.91463583707809,0,36.1712136119604,0,53.3512899130583,0,0,0,357.446163803339,0,0,0,0,0,0,2.87190528213978,853.626966923475,0,0,0,0,0,0,0,0,0,0,0,0,0,0,0,619.217132180929,0,218.675343051553,0,257.636320769787,0,97.1657214313745,0,0,0,1666.84749282897,0,0,0,15.2814299762249,0,18.7084740102291,0,31.7300039380789,0,0,0,677.267652198672,0,0,0,0,0,0,0,0,0,0,0.349891185760498,0,144.055775523186,0,58.9286567941308,0,0,0,0,0,1389.47173982859,0,177.691681876779,0,174.800322234631,0,771.017460301518,6.8473989367485,0
0,0,0.632179498672485,0,30.2845611348748,0,3.25489270687103,0,0,0,9.84206134080887,0,0,0,0,0,0,0.912624977529049,31.3863458484411,0,945.732736095786,0,0,0,0,0,0,0,0,0,0,0,0,0,0,0,212.344574585557,0,72.1822678148746,0,269.629480883479,0,36.8721381276846,0,14.8686945736408,0.930935144424438,1462.46803195029,1.34282152354717,15.4073814377189,0,80.8722350075841,0,25.4649903476238,0,0,0,597.683466881514,0,0.4366055727005,0,0,0,0,0,0,0,0,0,0,0,0,0,0,90.1008259952068,0,0,0,0,0,2651.64149326086,0,485.808368861675,206.451574608684,0.138990223407745,701.579146653414,0,0
0,0,0,0,0,0,0,0,0,0,0,0,0,0,0,0,0,0,0,0,0,1672.64404678345,13.7269644737244,12.7631786763668,0,0,0,0,0,0,0,0,0,0,0,0,0,277.004993647337,0,0,0,0,0,0,0,0,0,0,0,267.933613151312,0,0,0,0,0,0,0,0,0,0,0,0,0,0,0,0,188.448539480567,0,188.487496197224,0,394.345528751612,0,0,0,0,0,0,0,0,0,343.764818310738,0,265.466939523816,26.2942187786102,0,0,0
0,0,0,0,0,0,0,0,0,0,0,0,0,0,0,0,0.929531872272491,0,0,0,0,0,2184.72833938897,0,81.7341697663069,0,39.5432459414005,0,25.5969190597534,0,0,0,0,0,0,0,0,0,168.247093096375,0,0,0,0,0,0,0,0,0,226.255740910769,0,0,0,0,0,1.59375403821468,0,0,0,0,0,0,0,0,0,0,0,0,201.332005903125,0,720.581510201097,0,707.332846730947,0,0.49583500623703,0,0,0,0,0,0,0,502.081784248352,6.34633636474609,0,10.2263244092464,0,0
0,0,0,0,0,0,0,0,0,91.7857144325972,0,0,0,0,0,17.5936846733093,0,0,0,0,0,89.7373021394014,0,109.646500095725,0,59.8267858624458,0,0,0,0,0,0,0,0,0,0,0,12.7043554931879,0,0,0,0,0,0,0,0,0,0,0,39.934580847621,0,0,0,0,0,237.627476006746,0,0,0,0.51188001036644,0,24.1587455272675,0,0,188.448539480567,0,0,0,18.1760312616825,0,2.51185917854309,0,0,0,0,0,0,0,0,0,329.668695271015,0,9.79753345251083,0,95.6383448243141,0,0
0,0,0,0,0,0,0,0,15.0207955539227,0,0,0,0,0,0,0,0,0,0,0,0,0,32.121405184269,0,21.4268491715193,0,0,0,0,0,0,0,0,0,0,0,0,0,183.950227320194,0,0,0,0,0,0,0,0,0,64.3673797398806,0,0,0,0,0,108.211414322257,0,0,0,0,0,0,0,0,0,0,201.332005903125,0,0,0,32.1909667551517,0,0,0,0,0,0,0,0,0,0,0,120.437373697758,0,0,105.562945827842,0,0
0,0,0,0,0,0,0,0,0,0,0,0,0,0,0,0,0,55.7734363675117,0,0,0,91.6904680728912,0,196.21854557097,0,202.347232192755,0,20.9167640656233,0,0,0,0,0,0,0,0,0,0,0,0,0,0,0,0,0,0,0,0,0,49.9093744307756,0,0,0,0,0,0,0,81.0323308855295,0,196.428604125977,0,94.4630021154881,0.349891185760498,0,188.487496197224,0,18.1760312616825,0,0,0,299.883072048426,0,0,0,0,0,0,0,0,0,0,0,15.1644840240479,0,1.72934567928314,0,0
0,0,0,0,0,0,0,0,5.10529756546021,0,0,0,0,0,0.329485237598419,0,0,0,0,0,0,0,71.1429575681686,0,162.031658768654,0,240.585940659046,0,3.80474525690079,0,0,0,0,0,0,0,0,0,0.674986660480499,0,0,0,0,0,0,0,0,0,3.81393955647945,0,0,0,0,0,18.4224684238434,0,0,0,0,0,71.8423161953688,0,0,0,0,720.581510201097,0,32.1909667551517,0,0,0,78.6189354658127,0,0,0,0,0,0,0,0,0,1.73788879811764,1,0,0.621012210845947,0,0
0,0,0,31.3486114889383,0,0,0,0,0,0,0,5.11070020496845,0,0,0,0,0,0,31.165736861527,0,0,91.5005091428757,0,0,0,0,0,152.259127795696,0,11,0,0,0,0,0,0,0,6.83914929628372,0,0,0,264.085568785667,0,2.34620502591133,0,47.2554268613458,0,0.301477938890457,0,73.8423390984535,0,0,0,0.195762366056442,0,0,0,759.900001436472,0,506.064128056169,0,6.6845365613699,144.055775523186,0,394.345528751612,0,2.51185917854309,0,299.883072048426,0,0,0,332.921049267054,0,0,0,0,0,0.180713295936584,0,74.6500030457973,0,7.89213936030865,0,104.465350911021,15.5280063152313,0
0,0,0,0,0,0,0,0,0,0,0,0,0.656543061137199,0,4.24923188984394,0,0,0,0,0,0,0,123.751035019755,0,0,0,0,0,160.23024982214,0,231.321074008942,0,0,0,0,0,0,0,124.546959593892,0,0,0,0,0,0,0,0,0,144.182989150286,0,0,0,0,0,0,0,186.996245324612,0,330.056880250573,0,69.1029837578535,0,0,0,0,707.332846730947,0,0,0,78.6189354658127,0,0,0,97.8063751757145,0,0,0,0,0,0,0,866.328211903572,2.09535884857178,0,1.26760792732239,0,0
0,0,0,10.3378126993775,0,0,0,0,0,0,0,31.0056819170713,0,0,0,0,0,0,22.4633722156286,0,0,0,0,0,0,0,0,5,0,65.7088421285152,0,0,0,1.20632374286652,0,0,0,98.0917551517487,0,0,0,153.614076554775,0,0.976302236318588,0,25.0398739874363,0,1.50680804252625,0,73.3631461560726,0,0,0,0,0,0,0,714.353765703738,0,1.05330049991608,0,0.342624515295029,58.9286567941308,0,0,0,0,0,0,0,332.921049267054,0,0,0,0,0,0.554008007049561,0,0.402242600917816,0,1596.99391080439,0,15.4990143105388,0,241.512023694813,15.5375138819218,0
0,0,0,0,0,0,0,0,0,0,62.6643867343664,0,0,0,0,0,0,0,0,0,50.1509852558374,0,0,0,0,0,0,0,0,0,48.0489396601915,0,0,0,0,0,0,0,166.58270393312,0,0,0,3.82331475615501,0,0,0,0,0,38.9861799180508,0,0,0,0,0,0,0,1442.4973770231,0,0,0,0,0,0,90.1008259952068,0,0.49583500623703,0,0,0,0,0,97.8063751757145,0,0,0,0,0,0,0,0,0,1339.25484326482,24.7689576148987,0,1514.47709581256,0,0.381254464387894
0,0,0,0,0,0,0,0,0,0,0,0,0,0,0,0,0,0,0,0,0,0,0,0,0,0,0,0,0,0,0,704.361789047718,12.0102504193783,51.9175278842449,0,132.314417332411,0,0,0,0,0,0,0,0,0,0,0,658.85801936686,2.17385265231133,56.4104770123959,0,0,0,0,0,0,0,0,0,0,0,0,0,0,0,0,0,0,0,0,0,0,0,0,0,0.60784924030304,518.724442690611,0,783.650768488646,0,0,0,289.148810818791,0,1.91806679964066,0,0
0,0,0,0,0,0,0,0,0,0,0,0,0,0,0,0,0,0,0,0,0,0,0,0,0,0,0,0,0,0,0,40.6883485913277,791.981051385403,0,0,0,25.4856397807598,0,0,0,0,0,0,0,0,0,0,448.960922271013,0,0,0,0,0,0,0,0,0,0,0,0,0,0,0,0,0,0,0,0,0,0,0,0,0,0,0.60784924030304,0,0,0,0,459.081133440137,0,0,275.723839834332,0,0,0,0
0,0,0,0,0,0,0,0,0,0,0,0,0,0,0,0,0,0,0,0,0,0,0,0,0,0,0,0,0,0,0,61.5883471667767,0,1549.7811704129,29.2115741968155,390.568413689733,0,79.8871668726206,0,0,0,0,0,0,0,0,0,1171.5232655853,0,30.7410410493612,0,0,0,0,0,0,0,0,0,0,0,0,0,0,0,0,0,0,0,0,0,0,0.554008007049561,0,518.724442690611,0,0,17.3106114268303,196.929998144507,0,238.242268398404,0,116.461655825377,2.25527000427246,4.73532947897911,0,0
0,0,0,0,0,0,0,0,0,0,0,0,0,0,0,0,0,0,0,0,0,0,0,0,0,0,0,0,0,0,0,0,0,344.249785333872,723.56294259429,0,34.6731775403023,0,13.7680671215057,0,0,0,0,0,0,0,0,665.662218853831,151.925006061792,0,0,0,0,0,0,0,0,0,0,0,0,0,0,0,0,0,0,0,0,0,0,0,0,0,0,0,17.3106114268303,0,0,98.8477476239204,0,174.424722924829,11.0526561439037,0,0,0,0
0,0,0,0,0,5.0929870903492,0,0.423233523964882,0,0,0,0.477449715137482,0,0,0,0,0,0,0,90.6931378394365,0,0,0,0,0,0,0,0,0,0,0,169.311526581645,0.96543937921524,148.746537238359,0,12508.5060647428,14.9257308244705,2436.44225659966,7.6977915763855,929.286098480225,5.24112445116043,219.403460919857,0,0,0,1285.08940432221,0.33807185292244,905.831729725003,44.702259555459,156.273328885436,0,0,0,0,0,0,0.325344860553741,0.741499304771423,0,0,0.560881495475769,0,1389.47173982859,0,0,0,0,0,0,0,0.180713295936584,0,0.402242600917816,0,783.650768488646,0,196.929998144507,0,0,4.11754143238068,3287.62214571983,0,1108.29376521707,10.6606366634369,1940.21761650592,7.83021855354309,0
0.265705823898315,0,0,0,35.9290417656302,0,11.9250657558441,0,0,0,0,0,0,0,0,0,0,0.49555067718029,33.1350582242012,0,804.49680365622,0,0,0,0,0,0,0,0,0,0,0,552.945248872042,0,208.605642795563,364.408796936274,14329.0744558126,0,1165.68470068276,0,815.166450403631,0,15.3372913748026,0,13.4176180660725,0,2203.5556807518,2139.06494703889,1048.69376525283,0,196.927510492504,0,5.40049886703491,0,0,0,252.449854522943,0,0.311809524893761,0,0,0,0,2651.64149326086,0,0,0,0,0,0,0,0,0,0,0,459.081133440137,0,98.8477476239204,4.11754143238068,0,0,3485.5823931545,1751.17740494758,2.38676929473877,1833.79926154017,0,2.51718878746033
0,0,0,0.75036746263504,0,0,0,0,0,0,0,4,0,0,0,0,0,0,1.21219602227211,0.514843732118607,0,54.4737809151411,0,6.13962435722351,0,0,0,6.05468836426735,0,9.1467946767807,0,0,0,525.46923866868,0,428.959790930152,0,6835.76987223327,0,13.3105661571026,0,161.908568039536,0,0,0,237.175037950277,0,1049.95225186646,0,493.922654762864,0,0,0,0,0,0,0,359.299310363829,0,0,0,0,177.691681876779,0,343.764818310738,0,329.668695271015,0,0,0,74.6500030457973,0,1596.99391080439,0,0,0,238.242268398404,0,3287.62214571983,0,0,0,353.773645535111,12.8969964981079,2288.80969391763,7.67805448174477,0
0,0,0,0,0,0,0,0,23.8088125735521,0,9.49219179153442,0,0,0,0,0,0,0,0,0,270.065458163619,0,104.845992580056,0,6.1502845287323,0,0,0,0,0,34.7928218245506,0,0,0,4.44297751784325,0,806.970291316509,78.333301782608,6550.7475887537,0,14.1382579654455,0,7.48605459928513,0,0,0,70.0363928675652,163.645980000496,644.661004111171,0,0,0,0,0,180.410074844956,0,101.141437292099,0,0,0,0,0,0,485.808368861675,0,502.081784248352,0,120.437373697758,0,1.73788879811764,0,866.328211903572,0,1339.25484326482,0,0,0,174.424722924829,0,3485.5823931545,0,0,241.147012710571,1.70963680744171,1478.28221744299,0,9.91777360439301
334.315589979291,5.65029701590538,134.42207545042,79.1540717482567,135.911624237895,177.301082998514,30.2504336833954,103.801544398069,365.089679762721,201.546641647816,37.4128717184067,175.302522867918,0,1,43.6558286547661,8.02810364961624,8702.71913304925,7779.0038928017,5248.16496664286,94.8445228040218,150.867641746998,557.293155476451,126.137986630201,23.7187936306,26.0338773131371,18.2490626275539,2.96820098161697,15.855815500021,1,1.00320196151733,71.3870389461517,394.313421905041,288.379535511136,51.414830327034,15.7025125026703,1546.39984077215,1337.31237185001,902.416326120496,430.262794971466,29.6379319578409,11.2261617034674,725.4905532673,1046.93999297172,131.118924170732,84.3833135068417,57.8894967287779,346.432838618755,3484.62304717302,363.23816268146,238.548615239561,199.028774879873,0.41308131814003,201.177162095904,226.956165581942,5.50020268559456,43.9036441892385,81.8665363714099,56.8994726091623,2.22601977735758,0.23627033829689,121.166064083576,5.11293429136276,174.800322234631,206.451574608684,265.466939523816,6.34633636474609,9.79753345251083,0,15.1644840240479,1,7.89213936030865,2.09535884857178,15.4990143105388,24.7689576148987,289.148810818791,275.723839834332,116.461655825377,11.0526561439037,1108.29376521707,1751.17740494758,353.773645535111,241.147012710571,0,2038.80426555872,3645.90055746585,13.2151563465595,129.235735744238
0,0,0,0,0,0,0,0,11.2170767784119,38.4897136688232,0,0,0,1,0,0,18.0161446332932,345.316404163837,2.62794637680054,0,0,27.8293263912201,0,0,0,0,0,0,3,0,0,0,0,1.91310858726501,0,227.626516640186,64.9353964328766,18.9303911328316,0,0,0,0,6.62378722429276,0,4.02339771389961,0,2.87255118787289,57.6051723957062,0.977719232439995,0,0,0,0,0,0,0,0,0,0,0,11.1635031700134,0,0,0.138990223407745,26.2942187786102,0,0,0,0,0,0,0,0,0,0,0,2.25527000427246,0,10.6606366634369,2.38676929473877,12.8969964981079,1.70963680744171,2038.80426555872,0,17.3944647908211,0,0
195.658852055669,128.980764970183,439.823480784893,505.526325494051,26.9880770370364,76.9754742234945,0,0.215688839554787,73.7120517790318,17.9516831636429,0.184402778744698,0,0,0,0,0,16.6611820906401,22.0265694707632,3300.9678132236,31.8847559243441,10.7668674886227,0,1.45355248451233,20.6556602269411,17.9325871765614,0,0,0,0,0,0,0.523232400417328,0,2.18170183897018,0,108.666515320539,128.375581182539,61.3029900342226,92.2819315195084,4514.52629816532,1823.0289876312,7921.67953745276,6386.25167651474,1583.93086928129,752.41053520143,4421.07569663227,5509.94609802216,429.15695028007,1373.55715470016,1053.0791566968,104.731024168432,0.412826880812645,0,0,43.1227333247662,8.0406930744648,741.811678797007,1147.93570030481,68.0941859483719,60.7519728541374,7.05773717164993,9.83158609271049,771.017460301518,701.579146653414,0,10.2263244092464,95.6383448243141,105.562945827842,1.72934567928314,0.621012210845947,104.465350911021,1.26760792732239,241.512023694813,1514.47709581256,1.91806679964066,0,4.73532947897911,0,1940.21761650592,1833.79926154017,2288.80969391763,1478.28221744299,3645.90055746585,17.3944647908211,0,845.834754563868,1480.03033414483
0,0,0,19.1561757773161,0,0,0,0,0,0,0,0,0,0,0,0,0,0,88.3862573355436,0,0,0,0,0,0,0,0,0,0,0,0,0,0,0,0,0,0,0,0,32.3327190577984,0,1739.68948860466,0,76.097825884819,0,10.2654014974833,0,0,0,5.54649150371552,0,0,0,0,0,0,0,39.7745317220688,0,1.3577606678009,0,0,6.8473989367485,0,0,0,0,0,0,0,15.5280063152313,0,15.5375138819218,0,0,0,0,0,7.83021855354309,0,7.67805448174477,0,13.2151563465595,0,845.834754563868,0,0
0,0,0,0,0,0,0,0,0,0,0,0,0,0,0,0,0.225752830505371,1.73561656475067,144.772788345814,0,0,0,0,0,0,0,0,0,0,0,0,0,0,0,0,0,0,0,0,0,33.3816336989403,0,2355.09743903577,0,4.33271771669388,0,0,0,0,0,0,0,0,0,0,0,0,0,0,0,0,0,0,0,0,0,0,0,0,0,0,0,0,0.381254464387894,0,0,0,0,0,2.51718878746033,0,9.91777360439301,129.235735744238,0,1480.03033414483,0,0
