0,0,0.268530155733689,0,0,0,0,0,0.321174329647692,0,0,0,0.405704550487173,0,0.390810401960351,0,0.437831008904859,0.281593665480614,0.347701452165639,0,0,0,0,0,0.30977585443617,0,0.239024460315704,0,0,0,0,0,0,0,0,0,0,0,0.363055719978341,0,0,0,0.31220043091213,0,0,0,0.342551043257117,0,0.33575013305755,0,0,0,0,0,0.341711517019444,0,0.337918475270271,0,0.370526374732294,0,0.315012310216349,0,0,0.356128990650177,0,0,0,0.358308464288712,0,0.32291422479532,0,0.340511680465855,0,0.446120933940013,0,0,0,0,0,0.356170788407326,0,0.366763346910477,0.304158818092915,0.318814389407635,0.39062427420283,0,0.330610722303391
0,0,0,0.181436524504707,0,0,0,0,0,0.209836729921278,0,0,0,0,0,0,0,0,0.351824930026418,0,0,0,0,0,0,0,0,0,0,0,0,0,0,0,0,0,0,0,0,0,0,0.315548923937069,0,0,0,0,0,0,0,0.171621449557798,0,0,0,0,0,0.193690581814103,0,0,0,0,0,0,0,0,0,0,0,0,0,0,0,0,0,0,0,0,0,0,0,0,0,0,0.244621708376767,0,0.254390302510646,0,0
0.268530155733689,0,0,0,0,0,0,0,0.304198296024249,0,0,0,0,0,0.269382372498512,0,0,0,0.338726729154587,0,0,0,0,0,0.303412068635225,0,0,0,0,0,0,0,0,0,0,0,0,0,0.360910914562367,0,0,0,0.304266469819205,0,0,0,0.290676546948297,0,0.328946786406248,0,0.195208855682895,0,0,0,0.249993318751935,0,0.21359545737505,0,0.316551983356476,0,0.200600182175636,0,0,0.230856958776712,0,0,0,0.305333161059721,0,0,0,0.305774350961049,0,0.414040043950081,0,0,0,0,0,0.391001028673989,0,0.352313733349244,0.290082917079445,0,0.223589066571246,0,0
0,0.181436524504707,0,0,0,0.223952445772386,0,0,0,0.161236003358313,0,0,0,0,0,0,0.273544251918793,0.335005789995193,0.286619770526886,0,0,0,0,0,0,0,0,0,0,0,0,0,0,0,0,0,0,0.319718098640442,0.369402796030045,0.284371218747563,0,0.313419772859882,0.319578936696053,0,0,0.270496140420437,0,0,0.283934414386749,0.165816410508736,0,0.236244164407253,0,0,0,0.166825784383149,0,0.272926882462974,0,0,0,0.155736151337624,0.301946572959423,0,0,0,0,0,0,0,0.323806509375572,0,0.305659898689815,0,0,0,0,0,0.304042741656303,0,0.367904374996821,0,0.249294928451882,0.305209130048752,0.249202011090717,0.298695308059009,0
0,0,0,0,0,0,0,0,0,0,0,0,0,0,0.205112896859646,0,0,0,0,0,0,0,0,0,0,0,0,0,0,0,0,0,0,0,0,0,0.249355629086494,0,0,0,0,0,0,0,0,0,0,0,0.262969762086868,0,0.190948009490967,0,0,0,0,0,0.231129920771045,0,0.25138265968904,0,0.209304919466376,0,0,0,0,0,0,0,0,0,0,0,0,0,0,0,0,0,0,0,0,0,0,0,0.286139488220215,0,0
0,0,0,0.223952445772386,0,0,0,0,0,0,0,0.250741904973984,0,0,0,0,0,0.26951476931572,0.289893105626106,0.259902241826057,0,0,0,0,0,0,0,0,0,0,0,0,0,0,0,0,0,0,0,0.281901953948869,0,0.280398253629457,0.27185919880867,0,0,0.234075337648392,0,0,0,0.280601501464844,0,0,0,0,0,0,0,0.240731215006427,0,0,0,0,0,0.328940719366074,0,0,0,0,0,0,0,0,0.285845220088959,0,0,0,0,0,0.339499101042747,0,0,0,0.24608367777847,0,0.248428177149304,0.255947142839432,0.259791061282158
0,0,0,0,0,0,0,0,0,0,0,0,0,0,0,0,0,0,0,0,0,0,0,0,0,0,0,0,0,0,0,0,0,0,0,0,0,0,0,0,0,0,0,0,0,0,0,0,0,0,0,0,0,0,0,0,0,0,0.220905508739608,0,0,0,0,0,0,0,0,0,0,0,0,0,0,0,0,0,0,0,0,0,0,0,0,0,0,0,0
0,0,0,0,0,0,0,0,0,0,0,0,0,0,0,0,0,0,0,0,0,0,0,0,0,0,0,0,0,0,0,0,0,0,0,0,0,0,0,0,0,0,0,0,0,0,0,0,0,0,0,0,0,0,0,0,0,0,0,0,0,0,0,0,0,0,0,0,0,0,0,0,0,0,0,0,0,0,0,0,0,0,0,0,0,0,0
0.321174329647692,0,0.304198296024249,0,0,0,0,0,0,0,0,0,0.351357811960307,0,0.23712890627999,0,0.164773527000632,0,0.321323029019616,0,0,0,0,0,0.232826124554799,0,0.176099601583403,0,0,0,0,0,0,0,0,0,0,0,0.257915487208689,0,0,0.309993177652359,0.285391380652412,0,0.337191462516785,0,0.328135011287836,0,0.345393202094122,0,0,0,0,0,0.215301514240762,0,0.315402090549469,0,0.331022945219694,0,0.319094676477835,0,0,0.241525888442993,0,0,0,0.290314159707395,0,0.27563573727923,0,0.357357495859878,0,0.387093504269918,0,0,0,0,0,0,0,0.315548724811011,0.242433162422474,0.194809259363899,0.295711735123268,0,0.28742662910372
0,0.209836729921278,0,0.161236003358313,0,0,0,0,0,0,0,0,0,0,0,0.200904115157969,0.169352883785408,0.174842130716728,0.206178766401375,0,0,0,0,0.165969836069088,0,0,0,0,0,0,0,0,0,0,0,0,0,0.194743037223816,0,0.300222963094711,0,0.245120679959655,0,0,0,0.147284582257271,0,0,0,0,0,0,0,0,0,0.219745974319103,0,0,0,0,0,0,0,0,0,0,0.19782821337382,0,0.15766404569149,0,0,0,0,0,0,0,0,0,0,0,0.165464088320732,0,0.209042951486664,0.19178588539362,0.246607991614762,0.20229089523063,0
0,0,0,0,0,0,0,0,0,0,0,0,0.24038664996624,0,0,0,0,0,0,0,0.269878020756934,0,0,0,0,0,0,0,0.245145731029056,0,0.282641489058733,0,0,0,0,0,0.224325754950123,0,0.258472545609518,0,0,0,0.295796513557434,0,0,0,0.244747415184975,0,0,0,0,0,0,0,0,0,0.264384953584522,0,0.217941677197814,0,0,0,0,0.336268786220781,0,0,0,0,0,0,0,0.266805232280777,0,0.351635353131728,0,0,0,0,0,0.259443886578083,0,0.269567326475412,0.331748586148024,0,0.275290614137283,0,0
0,0,0,0,0,0.250741904973984,0,0,0,0,0,0,0,0.131441174447536,0,0,0,0,0,0.260220818309223,0,0,0,0,0,0,0,0.15510959426562,0,0.173819550704733,0,0,0,0,0,0,0,0.134904745065133,0,0,0,0,0,0,0,0,0,0,0,0,0,0,0,0,0,0,0,0.240984511836009,0,0,0,0,0,0,0,0,0,0,0,0,0,0,0,0,0,0,0,0,0,0,0.108819972723722,0,0.222568279681763,0,0,0,0
0.405704550487173,0,0,0,0,0,0,0,0.351357811960307,0,0.24038664996624,0,0,0,0.237083525799993,0,0,0,0.391025841236115,0,0,0,0,0,0.336648104367433,0,0.301283657550812,0,0,0,0,0,0,0,0,0,0,0,0.408198007882036,0,0,0,0.330846965312958,0,0.350808024406433,0,0.35149097442627,0,0.355044876656881,0,0.204254743807456,0,0,0,0.377916859632189,0,0,0,0.247230096214584,0,0.258091969149453,0,0,0,0,0,0,0.382949447430274,0,0.294566008448601,0,0.309675913481485,0,0.332310746113459,0,0,0,0,0,0,0,0.384627494812012,0.326963026437067,0,0.411505066163359,0,0
0,0,0,0,0,0,0,0,0,0,0,0.131441174447536,0,0,0,0.150346174836159,0,0.145034467699516,0,0,0,0,0,0,0,0,0,0.164691932499409,0,0,0,0,0,0,0,0,0,0,0,0,0,0,0,0,0,0,0,0,0,0,0,0,0,0,0,0,0,0,0,0,0,0,0,0,0,0,0,0,0,0,0,0,0,0,0,0,0,0,0,0,0,0,0.147321554052891,0.130491006970406,0,0,0
0.390810401960351,0,0.269382372498512,0,0.205112896859646,0,0,0,0.23712890627999,0,0,0,0.237083525799993,0,0,0,0,0,0,0,0,0,0,0,0.299888255184188,0,0.242193994874304,0,0,0,0,0,0,0,0,0,0,0,0.404141595641386,0,0,0,0.281125694513321,0,0,0,0.270384848117828,0,0.314211093115084,0,0.180321061611176,0,0,0,0.298889034117262,0,0.244083693354494,0,0.234554183692999,0,0.206477317067099,0,0,0,0,0,0,0.3375856699422,0,0.278605141998392,0,0.273079333560807,0,0.295522704720497,0,0,0,0,0,0,0,0.372737169265747,0.236319527664083,0.120153168588877,0.381408941225718,0,0
0,0,0,0,0,0,0,0,0,0.200904115157969,0,0,0,0.150346174836159,0,0,0.154621139953011,0.156549262505897,0.199179098010063,0,0,0,0,0,0,0,0,0.185318797826767,0,0,0,0,0,0,0,0,0,0,0,0,0,0,0,0,0,0.237904250621796,0,0,0,0,0,0,0,0,0,0,0,0,0,0,0,0,0,0,0,0,0,0,0,0,0,0,0,0,0,0,0,0,0.301747351884842,0,0,0,0.171579361494098,0.150995065386479,0,0,0
0.437831008904859,0,0,0.273544251918793,0,0,0,0,0.164773527000632,0.169352883785408,0,0,0,0,0,0.154621139953011,0,0.179064289885759,0.287230566927717,0,0,0,0.197896740540411,0,0,0.147004634141922,0.195075422888849,0,0,0,0,0,0,0,0,0,0.348996490240097,0,0.3906820164277,0.338594285711165,0.462561339139938,0.315019433802747,0.321895752634321,0,0.35098213950793,0.305553507804871,0.343743786342063,0,0.366822224054764,0.327843710780144,0,0,0,0,0.146195475544248,0,0,0.315663546323776,0,0,0,0,0,0.353094898992115,0,0,0,0,0,0,0,0,0.314387798309326,0.361582006601726,0,0,0,0,0.356199652564769,0.36798758264901,0.3736738661925,0.379284827724883,0.179651808141155,0.134683565108045,0.372354499898948,0.311992604285479,0.34294695706449
0.281593665480614,0,0,0.335005789995193,0,0.26951476931572,0,0,0,0.174842130716728,0,0,0,0.145034467699516,0,0.156549262505897,0.179064289885759,0,0.291575049498606,0,0,0,0,0,0,0.178042444839792,0,0.143782617943294,0,0,0,0,0,0,0,0,0.381679773330688,0,0.414227134651608,0.35822220059247,0.288883894681931,0.336752872070815,0.323336456102483,0,0.329188011586666,0.30848198845273,0.348782534719607,0,0.343098941602205,0.340544370810191,0,0,0,0,0,0,0,0.340191972255707,0,0,0,0,0,0.372487892870043,0,0,0,0,0,0,0,0,0.358496795097987,0.341057738661766,0,0,0,0,0.386175033702689,0.373756910938966,0.423568001924417,0.391955954333146,0.199608046325215,0.144827959075292,0.36249047310977,0.340078856434141,0.325580894458489
0.347701452165639,0.351824930026418,0.338726729154587,0.286619770526886,0,0.289893105626106,0,0,0.321323029019616,0.206178766401375,0,0,0.391025841236115,0,0,0.199179098010063,0.287230566927717,0.291575049498606,0,0,0.317358277738094,0,0,0,0.328605890274048,0.204672053456306,0,0,0,0,0.415728181600571,0,0,0,0,0,0.374951932165358,0.309355616569519,0.422420357282345,0.371833130518245,0.303296276678642,0.297974266492492,0.245380545016602,0.35992605984211,0.2598391506407,0.298603689441314,0.356431795420101,0,0.362010603291042,0.336425645441949,0,0,0,0,0.280088603496552,0,0,0.393651889343011,0.302636136611303,0,0.302782436211904,0,0.316554069519043,0.355839080612643,0,0,0,0.305448818206787,0,0.360093424717585,0,0.351334497332573,0.391477326552073,0.358639054912694,0,0,0,0,0.418800922810474,0.387190842016249,0.510084811121367,0.401217955544855,0.262246279366267,0.247518292166353,0.387420992352705,0.307294861145411,0.304937124944324
0,0,0,0,0,0.259902241826057,0,0,0,0,0,0.260220818309223,0,0,0,0,0,0,0,0,0,0,0,0,0,0,0,0,0,0,0,0,0,0,0,0.149906888722427,0,0,0,0,0,0,0,0,0,0.272340215121706,0,0,0,0,0,0,0,0,0,0,0,0,0,0,0,0,0.23266419512885,0,0,0,0,0,0,0,0,0,0,0,0,0,0,0,0.185118367671967,0,0,0,0.255888521751019,0.269122524469188,0.293901932995711,0,0
0,0,0,0,0,0,0,0,0,0,0.269878020756934,0,0,0,0,0,0,0,0.317358277738094,0,0,0,0,0,0,0,0,0,0,0,0.328720622829029,0,0,0,0,0,0.158390172746077,0,0.344114496821984,0,0,0,0.414345643350056,0,0,0,0.378270536661148,0,0.295377105474472,0,0,0,0,0,0,0,0.287087507185436,0,0,0,0,0,0,0.277976361886241,0,0,0,0,0,0,0,0,0,0.313845092637671,0,0,0,0,0,0.255035920387766,0,0.344214031570836,0.238683398793088,0,0.254112258927906,0,0
0,0,0,0,0,0,0,0,0,0,0,0,0,0,0,0,0,0,0,0,0,0,0.104082034358495,0.43908816576004,0,0,0,0,0,0,0,0,0,0,0,0,0,0.179631397278622,0,0,0,0,0,0,0,0,0,0,0,0.124860251812558,0,0,0,0,0,0,0,0,0,0,0,0,0,0,0.218453607650996,0.146432437002659,0,0,0,0,0.46860339641571,0,0,0,0,0,0,0,0,0,0.242796751108147,0,0.160129693717184,0,0,0,0
0,0,0,0,0,0,0,0,0,0,0,0,0,0,0,0,0.197896740540411,0,0,0,0,0.104082034358495,0,0,0.370657141274172,0,0.253032207489014,0,0.161266972857808,0,0,0,0,0,0,0,0,0,0.397739734286597,0,0,0,0,0,0,0,0,0,0,0,0,0,0,0,0,0,0,0,0,0,0,0,0,0,0.106564700603485,0.300193399747937,0,0.283795192434981,0,0.195186078548431,0,0.158543712748536,0,0,0,0,0,0,0,0,0,0.501917183254227,0.233604206327603,0.252991469576955,0,0,0
0,0,0,0,0,0,0,0,0,0.165969836069088,0,0,0,0,0,0,0,0,0,0,0,0.43908816576004,0,0,0,0.174429622649307,0,0,0,0,0,0,0,0,0,0,0,0.249024568569093,0,0,0,0,0,0,0,0,0,0,0,0.299505376553797,0,0,0,0,0,0.280271724757985,0,0,0,0,0,0,0,0,0.297586965761828,0,0.281386577944842,0,0.174417768444481,0,0.380220101638274,0,0,0,0,0,0,0,0,0,0.305686773477935,0,0.244458481669426,0,0.314993221410282,0,0
0.30977585443617,0,0.303412068635225,0,0,0,0,0,0.232826124554799,0,0,0,0.336648104367433,0,0.299888255184188,0,0,0,0.328605890274048,0,0,0,0.370657141274172,0,0,0,0.233898548010906,0,0,0,0,0,0,0,0,0,0,0,0.351095115053523,0,0,0,0.366800397634506,0,0,0,0.322611331939697,0,0.305754016501358,0,0,0,0,0,0.226542174816132,0,0,0,0.355714241482995,0,0.263156373743658,0,0,0,0,0.2589349256928,0,0.299731277679197,0,0.27697380453996,0,0.282942175865173,0,0,0,0,0,0,0,0,0,0.294610884469167,0.266433849151618,0,0.313075573907958,0,0
0,0,0,0,0,0,0,0,0,0,0,0,0,0,0,0,0.147004634141922,0.178042444839792,0.204672053456306,0,0,0,0,0.174429622649307,0,0,0,0,0,0,0,0,0,0,0,0,0,0,0,0,0,0,0,0,0,0,0,0,0,0.291991651058197,0,0,0,0,0,0,0,0,0,0,0,0.180567969878515,0,0,0,0,0,0,0.179196696884279,0,0,0,0,0,0,0,0,0,0,0,0,0,0.193840213119984,0,0.306191498583013,0,0
0.239024460315704,0,0,0,0,0,0,0,0.176099601583403,0,0,0,0.301283657550812,0,0.242193994874304,0,0.195075422888849,0,0,0,0,0,0.253032207489014,0,0.233898548010906,0,0,0,0.157794401049614,0,0,0,0,0,0,0,0,0,0.384114371104674,0,0,0,0,0,0,0,0,0,0,0,0,0,0,0,0.179679468274117,0,0,0,0,0,0.198860553093255,0,0,0,0,0,0,0.305685102939606,0,0.282704710625531,0,0,0,0,0,0,0,0,0,0,0,0,0.241041759029031,0,0,0,0
0,0,0,0,0,0,0,0,0,0,0,0.15510959426562,0,0.164691932499409,0,0.185318797826767,0,0.143782617943294,0,0,0,0,0,0,0,0,0,0,0,0.185520738363266,0,0,0,0,0,0,0,0,0,0,0,0,0,0,0,0,0,0,0,0,0,0,0,0,0,0,0,0,0,0,0,0,0,0,0,0,0,0,0,0,0.281215887378422,0,0,0,0,0,0,0,0,0,0.152405634522438,0,0.14327193548282,0.147297706454992,0,0,0
0,0,0,0,0,0,0,0,0,0,0.245145731029056,0,0,0,0,0,0,0,0,0,0,0,0.161266972857808,0,0,0,0.157794401049614,0,0,0,0.167520286624922,0,0,0,0,0,0,0,0,0,0,0,0,0,0,0,0,0,0,0,0,0,0,0,0,0,0,0,0,0,0,0,0,0,0,0.156612875091063,0,0,0,0.29451862256974,0,0.253086367185068,0,0.123484389649497,0,0,0,0,0,0,0,0,0,0,0,0,0
0,0,0,0,0,0,0,0,0,0,0,0.173819550704733,0,0,0,0,0,0,0,0,0,0,0,0,0,0,0,0.185520738363266,0,0,0,0,0,0,0,0,0,0.132493115961552,0,0,0,0,0,0,0,0,0,0,0,0,0,0,0,0,0,0,0,0,0,0,0,0,0,0,0,0,0,0,0,0,0.281120233810865,0,0.231867372989655,0,0,0,0,0,0,0,0,0,0,0,0,0,0
0,0,0,0,0,0,0,0,0,0,0.282641489058733,0,0,0,0,0,0,0,0.415728181600571,0,0.328720622829029,0,0,0,0,0,0,0,0.167520286624922,0,0,0,0,0,0,0,0,0,0.134279422461987,0,0,0,0.378766022622585,0,0,0,0.295806467533112,0,0,0,0,0,0,0,0,0,0.245310519848551,0,0,0,0,0,0,0.345519265532494,0,0,0,0,0,0,0,0.11181922070682,0,0.173362010962092,0,0,0,0,0,0,0,0,0.458614021539688,0,0.310755223035812,0,0
0,0,0,0,0,0,0,0,0,0,0,0,0,0,0,0,0,0,0,0,0,0,0,0,0,0,0,0,0,0,0,0,0.272386034150863,0.330332740664736,0.34316503459757,0.221973233940926,0,0,0,0,0.5682092774482,0,0,0,0,0,0,0.459730176153847,0.526193216443062,0,0,0,0,0,0,0,0,0,0,0,0,0,0,0,0,0,0,0,0,0,0,0,0,0,0.225929045107927,0,0.315432353050948,0,0.193107624848684,0,0,0,0.251676369458437,0,0.50782134797838,0,0
0,0,0,0,0,0,0,0,0,0,0,0,0,0,0,0,0,0,0,0,0,0,0,0,0,0,0,0,0,0,0,0.272386034150863,0,0.236600327305496,0.196258500218391,0,0.15077421731419,0,0,0,0,0,0,0,0,0,0,0.304904985494954,0.252370753884316,0,0,0,0,0,0,0,0,0,0,0,0,0,0,0,0,0,0,0,0,0,0,0,0,0,0.26534466445446,0.167916559783004,0.279290712128083,0,0,0,0,0,0.153084409733613,0,0,0,0
0,0,0,0,0,0,0,0,0,0,0,0,0,0,0,0,0,0,0,0,0,0,0,0,0,0,0,0,0,0,0,0.330332740664736,0.236600327305496,0,0.395592974868485,0.244481807175492,0,0.648627737343505,0.531635074317455,0,0,0,0,0,0,0,0,0.538733586302819,0.493718842551356,0.406749057583511,0,0,0,0,0,0,0,0,0,0,0,0,0,0,0,0,0,0,0,0,0,0,0,0,0,0,0.257840696170815,0.261956378082304,0.28802253305912,0,0.335474506160463,0.414096713066101,0.45132455567389,0.565784070426705,0.501086136809102,0,0
0,0,0,0,0,0,0,0,0,0,0,0,0,0,0,0,0,0,0,0,0,0,0,0,0,0,0,0,0,0,0,0.34316503459757,0.196258500218391,0.395592974868485,0,0,0.121415369422503,0.526456758379936,0.261492669353118,0,0,0,0.417181119322777,0,0,0,0,0.578326782469687,0.500307632731524,0.487588241696358,0,0,0,0,0,0,0,0,0,0,0,0,0,0,0,0,0,0,0,0,0,0,0,0,0.341507136821747,0,0.219174390200709,0.175635689421941,0,0,0,0.485248431111827,0.289409670883805,0.503434469742788,0.494214415550232,0,0
0,0,0,0,0,0,0,0,0,0,0,0,0,0,0,0,0,0,0,0.149906888722427,0,0,0,0,0,0,0,0,0,0,0,0.221973233940926,0,0.244481807175492,0,0,0.199763613219919,0.220931158873482,0,0.272755667567253,0,0.277820453047752,0.287538033723831,0,0,0.217816384455752,0,0.395693767489048,0.201529785990715,0,0,0,0,0,0,0,0,0,0,0,0,0,0.191964408207367,0,0,0,0,0,0,0,0,0,0,0,0.217187455640389,0,0.279817068847743,0,0.263448200216779,0,0.234638731994412,0,0.275639983296394,0.420441140110294,0.243146566053232,0,0
0,0,0,0,0.249355629086494,0,0,0,0,0,0.224325754950123,0,0,0,0,0,0.348996490240097,0.381679773330688,0.374951932165358,0,0.158390172746077,0,0,0,0,0,0,0,0,0,0,0,0.15077421731419,0,0.121415369422503,0.199763613219919,0,0,0.26358405886484,0,0.230846312902276,0.37394979596138,0.282601109718623,0,0,0.202220059931278,0.222412143985853,0,0.365673795342445,0,0,0,0,0,0,0,0.295755743980408,0,0,0,0,0,0.196954995393753,0.221093957541419,0,0,0,0,0,0,0,0,0,0,0,0.149451643228531,0,0.176318347454071,0.207865102150861,0.253365142102319,0,0.261691997097315,0.298410953594563,0.225166812539101,0.212753814328326,0,0.34340297182401
0,0,0,0.319718098640442,0,0,0,0,0,0.194743037223816,0,0.134904745065133,0,0,0,0,0,0,0.309355616569519,0,0,0.179631397278622,0,0.249024568569093,0,0,0,0,0,0.132493115961552,0,0,0,0.648627737343505,0.526456758379936,0.220931158873482,0,0,0.667452796810755,0,0,0.244640151659648,0,0,0,0,0,0.654577114216273,0,0.521797952841782,0,0,0,0,0,0.280797716851036,0,0.14645367488265,0,0,0,0,0.188208002597094,0,0.257740204785503,0,0.275325936128409,0,0.374647166993883,0,0.575770725879599,0,0,0,0,0,0.277260072327949,0,0.284487489689283,0,0.268729871778949,0.707718923687935,0.46736726306297,0.660136540268743,0.448172813551365,0.21977908802884,0
0.363055719978341,0,0.360910914562367,0.369402796030045,0,0,0,0,0.257915487208689,0,0.258472545609518,0,0.408198007882036,0,0.404141595641386,0,0.3906820164277,0.414227134651608,0.422420357282345,0,0.344114496821984,0,0.397739734286597,0,0.351095115053523,0,0.384114371104674,0,0,0,0.134279422461987,0,0,0.531635074317455,0.261492669353118,0,0.26358405886484,0.667452796810755,0,0.384289965033531,0,0.349695454041163,0.341363251978351,0,0.41923501342535,0.370453953742981,0.311513109910534,0.579952045153884,0.293599825475242,0,0,0,0,0,0.336967359296978,0,0.230704082668513,0,0.376416236700782,0,0.358442985697796,0,0,0.332932566088789,0,0.323702180088826,0,0.288529578062374,0,0.319015058378379,0,0.213642355216586,0,0.2332095451653,0,0,0,0.295793242526777,0,0.339984904269914,0.124736656248569,0.308189765826115,0.49019379754974,0.562943938473686,0.295358657153944,0,0.508709478728911
0,0,0,0.284371218747563,0,0.281901953948869,0,0,0,0.300222963094711,0,0,0,0,0,0,0.338594285711165,0.35822220059247,0.371833130518245,0,0,0,0,0,0,0,0,0,0,0,0,0,0,0,0,0.272755667567253,0,0,0.384289965033531,0,0,0.353360459462309,0.358669431919747,0.42496365805467,0.349602714180946,0.269583979117329,0.358829385959185,0.288735836744308,0.375346317887306,0.240128969007956,0,0,0,0,0,0,0,0.286971124484367,0,0,0,0,0.294751352303988,0.391078531742096,0,0,0,0,0,0,0,0,0.328265082836151,0.411333938439687,0,0,0,0,0.282548391831418,0.402229450250927,0.394345943829907,0.402849690781699,0.334240628482353,0.323154460607102,0.360663582344151,0.425523266710084,0.333384197009237
0,0,0,0,0,0,0,0,0,0,0,0,0,0,0,0,0.462561339139938,0.288883894681931,0.303296276678642,0,0,0,0,0,0,0,0,0,0,0,0,0.5682092774482,0,0,0,0,0.230846312902276,0,0,0,0,0,0.30230049700137,0,0,0,0.354574559453111,0.462274844993448,0.51603994428883,0,0,0,0,0,0,0,0.236648499965668,0,0.257940612733364,0,0,0,0,0.359912067651749,0,0,0,0,0,0,0,0,0,0,0.590894795954227,0,0,0,0,0.384866738378411,0,0.192060972963061,0.297851756215096,0,0.343751837892751,0,0.348458458270345
0,0.315548923937069,0,0.313419772859882,0,0.280398253629457,0,0,0.309993177652359,0.245120679959655,0,0,0,0,0,0,0.315019433802747,0.336752872070815,0.297974266492492,0,0,0,0,0,0,0,0,0,0,0,0,0,0,0,0,0.277820453047752,0.37394979596138,0.244640151659648,0.349695454041163,0.353360459462309,0,0,0.217066040483272,0.354314386844635,0.296743825078011,0.315670095510402,0.347592586053992,0.324048202484846,0.332520866394043,0.264861150441137,0,0,0,0,0,0,0,0.319810521843119,0,0,0,0,0.322751415407528,0.364824026823044,0,0,0,0,0,0,0.365835795799891,0,0.31132728257188,0.343404137425952,0,0,0,0,0.36946413166673,0.357329196654833,0.42794105882025,0.370156935032676,0.269876769209533,0.30696425470067,0.343654345136832,0.312568317794814,0.311950842539469
0.31220043091213,0,0.304266469819205,0.319578936696053,0,0.27185919880867,0,0,0.285391380652412,0,0.295796513557434,0,0.330846965312958,0,0.281125694513321,0,0.321895752634321,0.323336456102483,0.245380545016602,0,0.414345643350056,0,0,0,0.366800397634506,0,0,0,0,0,0.378766022622585,0,0,0,0.417181119322777,0.287538033723831,0.282601109718623,0,0.341363251978351,0.358669431919747,0.30230049700137,0.217066040483272,0,0,0.283908044084393,0.321410882023146,0.315705303584359,0.312964527742237,0.332837055026847,0.253736607730389,0.273454825667774,0,0,0,0.271048787049949,0,0.308217225864725,0.315456013127071,0.320975755839582,0,0.316302882271937,0,0.333502100272612,0.36552977640916,0,0,0,0.322616895039876,0,0.313223142372934,0,0.31790845431723,0,0.341526403852384,0,0,0,0,0.374017108570446,0.328725932540127,0.387969901164373,0.362887964618698,0.2661300420545,0.274376454452674,0.299343071286943,0.297641827000512,0.309806072711945
0,0,0,0,0,0,0,0,0,0,0,0,0,0,0,0,0,0,0.35992605984211,0,0,0,0,0,0,0,0,0,0,0,0,0,0,0,0,0,0,0,0,0.42496365805467,0,0.354314386844635,0,0,0,0,0,0,0,0,0,0,0,0,0,0,0,0,0,0,0,0,0,0,0,0,0,0,0,0,0,0,0.421383500099182,0,0,0,0,0,0.392818495631218,0,0.621322870254517,0,0.331248378753662,0,0.430489148412432,0,0
0,0,0,0,0,0,0,0,0.337191462516785,0,0,0,0.350808024406433,0,0,0,0.35098213950793,0.329188011586666,0.2598391506407,0,0,0,0,0,0,0,0,0,0,0,0,0,0,0,0,0,0,0,0.41923501342535,0.349602714180946,0,0.296743825078011,0.283908044084393,0,0,0,0.344972231644925,0,0.384304919413158,0,0,0,0,0,0,0,0.318586155772209,0,0.339723452925682,0,0,0,0,0.393404097941817,0,0,0,0.327894806861877,0,0,0,0.347032725811005,0,0.369655648867289,0,0,0,0,0,0.376601794958115,0,0.406196667999029,0.270620499298258,0,0.37238547205925,0.269651770591736,0.338821787987986
0,0,0,0.270496140420437,0,0.234075337648392,0,0,0,0.147284582257271,0,0,0,0,0,0.237904250621796,0.305553507804871,0.30848198845273,0.298603689441314,0.272340215121706,0,0,0,0,0,0,0,0,0,0,0,0,0,0,0,0.217816384455752,0.202220059931278,0,0.370453953742981,0.269583979117329,0,0.315670095510402,0.321410882023146,0,0,0,0.317927688360214,0,0,0.279775990380181,0,0,0,0,0,0,0,0.314568851702309,0,0,0,0,0.301975467728066,0.312486633658409,0,0,0,0,0,0,0,0,0.329134513591898,0,0,0,0,0,0.272945337853414,0.32506287842989,0.348340559969002,0.318889111280441,0.298138161778595,0.283671787008643,0.32391683568859,0.302252604493073,0.279065780341625
0.342551043257117,0,0.290676546948297,0,0,0,0,0,0.328135011287836,0,0.244747415184975,0,0.35149097442627,0,0.270384848117828,0,0.343743786342063,0.348782534719607,0.356431795420101,0,0.378270536661148,0,0,0,0.322611331939697,0,0,0,0,0,0.295806467533112,0,0,0,0,0,0.222412143985853,0,0.311513109910534,0.358829385959185,0.354574559453111,0.347592586053992,0.315705303584359,0,0.344972231644925,0.317927688360214,0,0,0.340190396927969,0,0.258267261087894,0,0,0,0.3192443177104,0,0.329289661169802,0.343600049614906,0.336588705127889,0,0.332302593226944,0,0.339576035737991,0.342041510362878,0,0,0,0.370820045471191,0,0.302542150020599,0,0.297651016728041,0,0.295838688291036,0,0,0,0,0.38115897277991,0.266956367995242,0,0.295428531042216,0.319045137179047,0.299770021788132,0.282456268345024,0.349961344684873,0.357304663437864
0,0,0,0,0,0,0,0,0,0,0,0,0,0,0,0,0,0,0,0,0,0,0,0,0,0,0,0,0,0,0,0.459730176153847,0.304904985494954,0.538733586302819,0.578326782469687,0.395693767489048,0,0.654577114216273,0.579952045153884,0.288735836744308,0.462274844993448,0.324048202484846,0.312964527742237,0,0,0,0,0,0.436418811258143,0.340471935122227,0,0,0,0,0,0,0,0,0,0,0,0,0,0,0,0,0,0,0,0,0,0,0,0,0.568424440920353,0.216559190303087,0.37688826918602,0.266123359975142,0.327942597014563,0.33664909179012,0,0.44222265146062,0.398990956875436,0.767272525319928,0.408621993717965,0,0
0.33575013305755,0,0.328946786406248,0.283934414386749,0.262969762086868,0,0,0,0.345393202094122,0,0,0,0.355044876656881,0,0.314211093115084,0,0.366822224054764,0.343098941602205,0.362010603291042,0,0.295377105474472,0,0,0,0.305754016501358,0,0,0,0,0,0,0.526193216443062,0.252370753884316,0.493718842551356,0.500307632731524,0.201529785990715,0.365673795342445,0,0.293599825475242,0.375346317887306,0.51603994428883,0.332520866394043,0.332837055026847,0,0.384304919413158,0,0.340190396927969,0.436418811258143,0,0.364457223597948,0.205277318755786,0,0,0,0.34414686113596,0,0.313758313273772,0.269328236579895,0.327047405093152,0,0.298632699417772,0,0.315331280231476,0.314226604237848,0,0,0,0.329634236395359,0,0.338478363561826,0,0.375019704825,0,0.400234192609787,0.576625903447469,0,0,0,0.222741320729256,0.360918233186935,0.414417386054993,0.361466719537247,0.38232459267013,0.325673471604075,0.345546265160655,0.347766627868017,0.414093327133552
0,0.171621449557798,0,0.165816410508736,0,0.280601501464844,0,0,0,0,0,0,0,0,0,0,0.327843710780144,0.340544370810191,0.336425645441949,0,0,0.124860251812558,0,0.299505376553797,0,0.291991651058197,0,0,0,0,0,0,0,0.406749057583511,0.487588241696358,0,0,0.521797952841782,0,0.240128969007956,0,0.264861150441137,0.253736607730389,0,0,0.279775990380181,0,0.340471935122227,0.364457223597948,0,0,0,0,0,0,0.185787814740951,0,0.330426886677742,0,0,0,0.249327182173729,0.305615782737732,0,0.475560849071096,0,0.321404567993848,0,0.370325887110084,0,0.544398574674493,0,0.320927295007396,0,0,0,0,0,0.318701869249344,0,0.519920820002929,0,0.362314341056287,0.29358503818512,0.287139741939749,0.348517888784409,0
0,0,0.195208855682895,0,0.190948009490967,0,0,0,0,0,0,0,0.204254743807456,0,0.180321061611176,0,0,0,0,0,0,0,0,0,0,0,0,0,0,0,0,0,0,0,0,0,0,0,0,0,0,0,0.273454825667774,0,0,0,0.258267261087894,0,0.205277318755786,0,0,0,0,0,0,0,0.184058184241471,0,0.237857602890173,0,0.175606909551119,0,0,0.135077387094498,0,0,0,0,0,0,0,0.249392628669739,0,0,0,0,0,0,0,0,0,0,0,0,0.17856388805168,0,0
0,0,0,0.236244164407253,0,0,0,0,0,0,0,0,0,0,0,0,0,0,0,0,0,0,0,0,0,0,0,0,0,0,0,0,0,0,0,0,0,0,0,0,0,0,0,0,0,0,0,0,0,0,0,0,0,0,0,0,0,0.23578659594059,0,0,0,0,0,0,0,0,0,0,0,0,0,0,0,0,0,0,0,0,0,0,0,0,0,0,0,0,0
0,0,0,0,0,0,0,0,0,0,0,0,0,0,0,0,0,0,0,0,0,0,0,0,0,0,0,0,0,0,0,0,0,0,0,0,0,0,0,0,0,0,0,0,0,0,0,0,0,0,0,0,0,0,0,0,0,0,0.233881935025706,0,0,0,0,0,0,0,0,0,0,0,0,0,0,0,0,0,0,0,0,0,0,0,0,0,0,0,0
0,0,0,0,0,0,0,0,0,0,0,0,0,0,0,0,0,0,0,0,0,0,0,0,0,0,0,0,0,0,0,0,0,0,0,0,0,0,0,0,0,0,0,0,0,0,0,0,0,0,0,0,0,0,0,0,0,0,0,0,0,0,0,0,0,0,0,0,0,0,0,0,0,0,0,0,0,0,0,0,0,0,0,0,0,0,0
0.341711517019444,0,0.249993318751935,0,0,0,0,0,0.215301514240762,0,0,0,0.377916859632189,0,0.298889034117262,0,0.146195475544248,0,0.280088603496552,0,0,0,0,0,0.226542174816132,0,0.179679468274117,0,0,0,0,0,0,0,0,0,0,0,0.336967359296978,0,0,0,0.271048787049949,0,0,0,0.3192443177104,0,0.34414686113596,0,0,0,0,0,0,0,0.187583113494127,0,0.349373392824434,0,0.338096696544777,0,0,0,0,0,0,0.212880606793709,0,0.317487003711554,0,0.321203154325485,0,0,0,0,0,0,0,0,0,0.284683476609877,0.289364945061886,0,0.247103853131595,0,0
0,0.193690581814103,0,0.166825784383149,0,0,0,0,0,0.219745974319103,0,0,0,0,0,0,0,0,0,0,0,0,0,0.280271724757985,0,0,0,0,0,0,0,0,0,0,0,0,0,0.280797716851036,0,0,0,0,0,0,0,0,0,0,0,0.185787814740951,0,0,0,0,0,0,0,0,0,0,0,0,0,0,0,0,0.273730715531953,0,0,0,0,0,0,0,0,0,0,0,0,0,0.324090720700213,0,0.218202793598175,0,0.171458917585286,0,0
0.337918475270271,0,0.21359545737505,0,0.231129920771045,0,0,0,0.315402090549469,0,0.264384953584522,0,0,0,0.244083693354494,0,0,0,0,0,0.287087507185436,0,0,0,0,0,0,0,0,0,0.245310519848551,0,0,0,0,0,0.295755743980408,0,0.230704082668513,0,0.236648499965668,0,0.308217225864725,0,0.318586155772209,0,0.329289661169802,0,0.313758313273772,0,0.184058184241471,0,0,0,0.187583113494127,0,0,0,0.248481478108916,0,0.214181247404066,0,0,0.312112886801003,0,0,0,0.360307842493057,0,0.30558854341507,0,0.324579183481105,0,0.283851603435557,0,0,0,0,0,0.284298554062843,0,0,0.291513159374396,0,0.300393764576857,0,0
0,0,0,0.272926882462974,0,0.240731215006427,0,0,0,0,0,0.240984511836009,0,0,0,0,0.315663546323776,0.340191972255707,0.393651889343011,0,0,0,0,0,0,0,0,0,0,0,0,0,0,0,0,0,0,0.14645367488265,0,0.286971124484367,0,0.319810521843119,0.315456013127071,0,0,0.314568851702309,0.343600049614906,0,0.269328236579895,0.330426886677742,0,0.23578659594059,0,0,0,0,0,0,0,0,0,0,0.334149673275234,0,0,0,0,0,0,0,0.417578728052608,0,0.366371596935723,0,0,0,0,0,0.315036905308564,0,0.374837130308151,0.354304641485214,0.315546223013611,0.348220184445381,0.32211649104733,0.367312309102736,0.273521527647972
0.370526374732294,0,0.316551983356476,0,0.25138265968904,0,0.220905508739608,0,0.331022945219694,0,0.217941677197814,0,0.247230096214584,0,0.234554183692999,0,0,0,0.302636136611303,0,0,0,0,0,0.355714241482995,0,0,0,0,0,0,0,0,0,0,0,0,0,0.376416236700782,0,0.257940612733364,0,0.320975755839582,0,0.339723452925682,0,0.336588705127889,0,0.327047405093152,0,0.237857602890173,0,0.233881935025706,0,0.349373392824434,0,0.248481478108916,0,0,0,0.253050173971262,0,0,0.349673464894295,0,0,0,0.35848086298877,0,0.28489954272906,0,0.289807710336165,0,0.295824344049801,0,0,0,0,0,0,0,0.358489110388539,0.320256603401821,0.275898605585098,0.330763750406633,0,0.36181315779686
0,0,0,0,0,0,0,0,0,0,0,0,0,0,0,0,0,0,0,0,0,0,0,0,0,0,0,0,0,0,0,0,0,0,0,0,0,0,0,0,0,0,0,0,0,0,0,0,0,0,0,0,0,0,0,0,0,0,0,0,0,0.228895828127861,0,0,0,0,0,0,0.269751616395437,0,0.269940008010183,0,0,0,0,0,0,0,0,0,0,0,0,0,0,0,0
0.315012310216349,0,0.200600182175636,0,0.209304919466376,0,0,0,0.319094676477835,0,0,0,0.258091969149453,0,0.206477317067099,0,0,0,0.302782436211904,0,0,0,0,0,0.263156373743658,0,0.198860553093255,0,0,0,0,0,0,0,0,0,0,0,0.358442985697796,0,0,0,0.316302882271937,0,0,0,0.332302593226944,0,0.298632699417772,0,0.175606909551119,0,0,0,0.338096696544777,0,0.214181247404066,0,0.253050173971262,0,0,0,0,0.157663971185684,0,0,0,0.337220296979471,0,0.307224097041523,0,0.266654982541998,0,0.28204823915775,0,0,0,0,0,0,0,0.35541794576296,0.307333299917961,0,0.323412431281987,0,0
0,0,0,0.155736151337624,0,0,0,0,0,0,0,0,0,0,0,0,0,0,0,0,0,0,0,0,0,0.180567969878515,0,0,0,0,0,0,0,0,0,0,0,0,0,0,0,0,0,0,0,0,0,0,0,0.249327182173729,0,0,0,0,0,0,0,0,0,0.228895828127861,0,0,0,0,0,0,0,0,0.239919046129006,0,0,0,0,0,0,0,0,0,0,0,0,0,0,0,0,0,0
0,0,0,0.301946572959423,0,0,0,0,0,0,0,0,0,0,0,0,0,0,0.316554069519043,0.23266419512885,0,0,0,0,0,0,0,0,0,0,0,0,0,0,0,0.191964408207367,0.196954995393753,0.188208002597094,0,0.294751352303988,0,0.322751415407528,0.333502100272612,0,0,0.301975467728066,0.339576035737991,0,0.315331280231476,0.305615782737732,0,0,0,0,0,0,0,0.334149673275234,0,0,0,0,0,0,0,0,0,0,0,0,0.351088722546895,0,0.360925509741432,0,0,0,0,0,0.239628171881734,0,0.276613600996156,0,0.269679128697453,0.242638605833054,0.312436045646147,0.381513744592667,0
0.356128990650177,0,0.230856958776712,0,0,0.328940719366074,0,0,0.241525888442993,0,0.336268786220781,0,0,0,0,0,0.353094898992115,0.372487892870043,0.355839080612643,0,0.277976361886241,0,0,0,0,0,0,0,0,0,0.345519265532494,0,0,0,0,0,0.221093957541419,0,0.332932566088789,0.391078531742096,0.359912067651749,0.364824026823044,0.36552977640916,0,0.393404097941817,0.312486633658409,0.342041510362878,0,0.314226604237848,0,0.135077387094498,0,0,0,0,0,0.312112886801003,0,0.349673464894295,0,0.157663971185684,0,0,0,0,0,0,0,0,0,0,0.309679481387138,0,0.314871330967262,0,0,0,0,0.376920849084854,0.265075100550407,0,0.323829743305319,0.321161573683774,0.299411156081728,0.296264342784367,0.350305467844009,0.414059669971466
0,0,0,0,0,0,0,0,0,0,0,0,0,0,0,0,0,0,0,0,0,0.218453607650996,0.106564700603485,0.297586965761828,0,0,0,0,0,0,0,0,0,0,0,0,0,0.257740204785503,0,0,0,0,0,0,0,0,0,0,0,0.475560849071096,0,0,0,0,0,0,0,0,0,0,0,0,0,0,0,0,0.29338203402965,0,0.229335132365425,0,0.336216751961981,0,0,0,0,0,0,0,0,0,0.406611279736866,0,0.27120735189494,0,0,0,0
0,0,0,0,0,0,0,0,0,0,0,0,0,0,0,0,0,0,0,0,0,0.146432437002659,0.300193399747937,0,0.2589349256928,0,0,0,0.156612875091063,0,0,0,0,0,0,0,0,0,0.323702180088826,0,0,0,0,0,0,0,0,0,0,0,0,0,0,0,0,0,0,0,0,0,0,0,0,0,0,0,0,0.275897333398461,0,0,0,0.146641910076141,0,0,0,0,0,0,0,0,0,0.391340733014025,0.236598478532151,0.259444177150726,0,0,0
0,0,0,0,0,0,0,0,0,0.19782821337382,0,0,0,0,0,0,0,0,0,0,0,0,0,0.281386577944842,0,0,0,0,0,0,0,0,0,0,0,0,0,0.275325936128409,0,0,0,0,0,0,0,0,0,0,0,0.321404567993848,0,0,0,0,0,0.273730715531953,0,0,0,0,0,0,0,0,0.29338203402965,0,0,0,0.271027320547949,0,0.345964278493609,0,0,0,0,0,0,0,0,0,0.294370082522186,0,0,0,0.287617993753317,0,0
0.358308464288712,0,0.305333161059721,0,0,0,0,0,0.290314159707395,0,0,0,0.382949447430274,0,0.3375856699422,0,0,0,0.305448818206787,0,0,0,0.283795192434981,0,0.299731277679197,0,0.305685102939606,0,0,0,0,0,0,0,0,0,0,0,0.288529578062374,0,0,0,0.322616895039876,0,0.327894806861877,0,0.370820045471191,0,0.329634236395359,0,0,0,0,0,0.212880606793709,0,0.360307842493057,0,0.35848086298877,0,0.337220296979471,0,0,0,0,0.275897333398461,0,0,0,0.336977392843325,0,0,0,0,0,0,0,0,0,0,0,0.277999551807131,0.290195349478882,0,0.323304334053626,0,0
0,0,0,0,0,0,0,0,0,0.15766404569149,0,0,0,0,0,0,0,0,0,0,0,0,0,0.174417768444481,0,0.179196696884279,0,0,0,0,0,0,0,0,0,0,0,0.374647166993883,0,0,0,0,0,0,0,0,0,0,0,0.370325887110084,0,0,0,0,0,0,0,0,0,0.269751616395437,0,0.239919046129006,0,0,0.229335132365425,0,0.271027320547949,0,0,0,0.272762591836222,0,0,0,0,0,0,0,0,0,0.260924600892597,0,0,0,0.304611504077911,0,0
0.32291422479532,0,0,0,0,0,0,0,0.27563573727923,0,0,0,0.294566008448601,0,0.278605141998392,0,0,0,0.360093424717585,0,0,0,0.195186078548431,0,0.27697380453996,0,0.282704710625531,0,0.29451862256974,0,0,0,0,0,0,0,0,0,0.319015058378379,0,0,0,0.313223142372934,0,0,0,0.302542150020599,0,0.338478363561826,0,0,0,0,0,0.317487003711554,0,0.30558854341507,0,0.28489954272906,0,0.307224097041523,0,0,0,0,0,0,0.336977392843325,0,0,0,0.302637674400626,0,0,0,0,0,0,0,0,0,0.264130214850108,0.329133539534301,0,0.329232881506605,0,0.386973023414612
0,0,0,0.323806509375572,0,0,0,0,0,0,0,0,0,0,0,0,0,0,0,0,0,0.46860339641571,0,0.380220101638274,0,0,0,0.281215887378422,0,0.281120233810865,0,0,0,0,0,0,0,0.575770725879599,0,0,0,0.365835795799891,0,0,0,0,0,0,0,0.544398574674493,0,0,0,0,0,0,0,0.417578728052608,0,0.269940008010183,0,0,0.351088722546895,0,0.336216751961981,0,0.345964278493609,0,0.272762591836222,0,0,0,0.371568721229747,0,0,0,0,0,0,0,0.636748767586855,0,0.39037934748026,0,0.375867702744224,0,0
0.340511680465855,0,0.305774350961049,0,0,0,0,0,0.357357495859878,0,0.266805232280777,0,0.309675913481485,0,0.273079333560807,0,0,0,0.351334497332573,0,0,0,0.158543712748536,0,0.282942175865173,0,0,0,0.253086367185068,0,0.11181922070682,0,0,0,0,0,0,0,0.213642355216586,0,0,0,0.31790845431723,0,0.347032725811005,0,0.297651016728041,0,0.375019704825,0,0.249392628669739,0,0,0,0.321203154325485,0,0.324579183481105,0,0.289807710336165,0,0.266654982541998,0,0,0.309679481387138,0,0.146641910076141,0,0,0,0.302637674400626,0,0,0,0.188707745323579,0,0,0,0,0,0.345579832792282,0,0.250979356765747,0.371707685677408,0,0.3352103319433,0,0.42093114554882
0,0,0,0.305659898689815,0,0.285845220088959,0,0,0,0,0,0,0,0,0,0,0.314387798309326,0.358496795097987,0.391477326552073,0,0,0,0,0,0,0,0,0,0,0.231867372989655,0,0,0,0,0,0,0,0,0,0.328265082836151,0,0.31132728257188,0,0.421383500099182,0,0.329134513591898,0,0,0,0.320927295007396,0,0,0,0,0,0,0,0.366371596935723,0,0,0,0,0.360925509741432,0,0,0,0,0,0,0,0.371568721229747,0,0,0,0,0,0,0,0.30623933672905,0,0.293298836910363,0,0.339406863064833,0.345081821084023,0.350283240418761,0.357408944690278,0
0.446120933940013,0,0.414040043950081,0,0,0,0,0,0.387093504269918,0,0.351635353131728,0,0.332310746113459,0,0.295522704720497,0,0.361582006601726,0.341057738661766,0.358639054912694,0,0.313845092637671,0,0,0,0,0,0,0,0.123484389649497,0,0.173362010962092,0,0,0,0,0,0,0,0.2332095451653,0.411333938439687,0,0.343404137425952,0.341526403852384,0,0.369655648867289,0,0.295838688291036,0,0.400234192609787,0,0,0,0,0,0,0,0.283851603435557,0,0.295824344049801,0,0.28204823915775,0,0,0.314871330967262,0,0,0,0,0,0,0,0.188707745323579,0,0,0,0,0,0,0.363016933202744,0.327984611655391,0,0.228475436684676,0.436686356224724,0.317274633049965,0.347434871861501,0.362130105495453,0.426381461193107
0,0,0,0,0,0,0,0,0,0,0,0,0,0,0,0,0,0,0,0,0,0,0,0,0,0,0,0,0,0,0,0.225929045107927,0.26534466445446,0,0.341507136821747,0.217187455640389,0,0,0,0,0.590894795954227,0,0,0,0,0,0,0.568424440920353,0.576625903447469,0,0,0,0,0,0,0,0,0,0,0,0,0,0,0,0,0,0,0,0,0,0,0,0,0,0,0,0.311106979846954,0,0.174468636512756,0,0,0,0.201648332178593,0,0,0,0
0,0,0,0,0,0,0,0,0,0,0,0,0,0,0,0,0,0,0,0,0,0,0,0,0,0,0,0,0,0,0,0,0.167916559783004,0,0,0,0.149451643228531,0,0,0,0,0,0,0,0,0,0,0.216559190303087,0,0,0,0,0,0,0,0,0,0,0,0,0,0,0,0,0,0,0,0,0,0,0,0,0,0,0,0,0,0,0,0.258327961376269,0,0,0,0,0,0,0
0,0,0,0,0,0,0,0,0,0,0,0,0,0,0,0,0,0,0,0,0,0,0,0,0,0,0,0,0,0,0,0.315432353050948,0.279290712128083,0.257840696170815,0.219174390200709,0.279817068847743,0,0.277260072327949,0,0,0,0,0,0,0,0,0,0.37688826918602,0,0,0,0,0,0,0,0,0,0,0,0,0,0,0,0,0,0,0,0,0,0,0,0,0,0,0.311106979846954,0,0,0.301735948771238,0.32504611844952,0,0.305810276273913,0,0.18397038817814,0,0,0,0
0,0,0,0,0,0,0,0,0,0,0,0,0,0,0,0,0,0,0,0,0,0,0,0,0,0,0,0,0,0,0,0,0,0.261956378082304,0.175635689421941,0,0.176318347454071,0,0.295793242526777,0,0,0,0,0,0,0,0,0.266123359975142,0,0,0,0,0,0,0,0,0,0,0,0,0,0,0,0,0,0,0,0,0,0,0,0,0,0,0,0,0.301735948771238,0,0,0.220539160072803,0,0.300927426655871,0.172075187357572,0.265449266835868,0,0,0
0,0,0,0.304042741656303,0,0.339499101042747,0,0,0,0,0,0,0,0,0,0.301747351884842,0.356199652564769,0.386175033702689,0.418800922810474,0.185118367671967,0,0,0,0,0,0,0,0,0,0,0,0.193107624848684,0,0.28802253305912,0,0.263448200216779,0.207865102150861,0.284487489689283,0,0.282548391831418,0,0.36946413166673,0.374017108570446,0.392818495631218,0,0.272945337853414,0.38115897277991,0.327942597014563,0.222741320729256,0.318701869249344,0,0,0,0,0,0,0,0.315036905308564,0,0,0,0,0.239628171881734,0.376920849084854,0,0,0,0,0,0,0,0,0.30623933672905,0.363016933202744,0.174468636512756,0,0.32504611844952,0,0,0.3945981197887,0.334933854384642,0.4056296646595,0.348705684166009,0.346539558733211,0.327476318578602,0.459053213518441,0.349060207605362
0.356170788407326,0,0.391001028673989,0,0,0,0,0,0,0,0.259443886578083,0,0,0,0,0,0.36798758264901,0.373756910938966,0.387190842016249,0,0.255035920387766,0,0,0,0,0,0,0,0,0,0,0,0,0,0,0,0.253365142102319,0,0.339984904269914,0.402229450250927,0.384866738378411,0.357329196654833,0.328725932540127,0,0.376601794958115,0.32506287842989,0.266956367995242,0.33664909179012,0.360918233186935,0,0,0,0,0,0,0,0.284298554062843,0,0,0,0,0,0,0.265075100550407,0,0,0,0,0,0,0,0.345579832792282,0,0.327984611655391,0,0.258327961376269,0,0.220539160072803,0.3945981197887,0,0.412859171628952,0.29468849277148,0.320031397148054,0.315560041729248,0.297902090575543,0,0.403833401770244
0,0,0,0.367904374996821,0,0,0,0,0,0.165464088320732,0,0.108819972723722,0,0,0,0,0.3736738661925,0.423568001924417,0.510084811121367,0,0,0.242796751108147,0,0.305686773477935,0,0,0,0.152405634522438,0,0,0,0,0,0.335474506160463,0,0.234638731994412,0,0.268729871778949,0.124736656248569,0.394345943829907,0,0.42794105882025,0.387969901164373,0.621322870254517,0,0.348340559969002,0,0,0.414417386054993,0.519920820002929,0,0,0,0,0,0.324090720700213,0,0.374837130308151,0,0,0,0,0.276613600996156,0,0.406611279736866,0,0.294370082522186,0,0.260924600892597,0,0.636748767586855,0,0.293298836910363,0,0,0,0.305810276273913,0,0.334933854384642,0.412859171628952,0,0.387278109788895,0.320007633738823,0.373018467000553,0.443367002357682,0.532552412606233,0.3746208101511
0.366763346910477,0,0.352313733349244,0,0,0,0,0,0.315548724811011,0,0.269567326475412,0,0.384627494812012,0,0.372737169265747,0,0.379284827724883,0.391955954333146,0.401217955544855,0,0.344214031570836,0,0.501917183254227,0,0.294610884469167,0,0,0,0,0,0,0,0,0.414096713066101,0.485248431111827,0,0.261691997097315,0.707718923687935,0.308189765826115,0.402849690781699,0.192060972963061,0.370156935032676,0.362887964618698,0,0.406196667999029,0.318889111280441,0.295428531042216,0.44222265146062,0.361466719537247,0,0,0,0,0,0.284683476609877,0,0,0.354304641485214,0.358489110388539,0,0.35541794576296,0,0,0.323829743305319,0,0.391340733014025,0,0.277999551807131,0,0.264130214850108,0,0.250979356765747,0,0.228475436684676,0,0,0,0.300927426655871,0.4056296646595,0.29468849277148,0.387278109788895,0,0.465097109357702,0.449086664726094,0.307460530851427,0.354344129562378,0.438248298095383
