0,0,0.0196277447235689,0,0,0,0,0,0.0196491792165881,0,0,0,0,0,0,0,0.000279628001048418,1.70775557862678e-05,0.00292745982846367,0,0,0,0,0,6.77557833060338e-05,0,0,0,0,0,0,0,0,0,0,0,0,0,0,0,0.00413005273524506,0,0.00481469623799918,0,0,0,0.00127578691903968,0,0.0151771122925477,0,0,0,0,0,0.0084114195536035,0,9.16283172435681e-05,0,0,0,0.022913135107644,0,0,0.000501457910256752,0,0,0,0.000908475139452373,0,5.12648139521579e-05,0,0,0,0,0,0,0,0,0,0.00075663053450973,0,1.30800579942263e-05,0.000814332084588812,0,0.00996769392716402,0,0
0,0,0,0.00768583505398472,0,0,0,0,0,0.0287139979489372,0,0,0,0,0,9.08381582062222e-05,0,2.86620204061449e-05,0.000464231235620819,0,0,0,0,0,0,0,0,0,0,0,0,0,0,0,0,0,0,2.34619809894569e-06,0,0.000971546990137496,0,0.0156901627748113,0,0,0,1.54034734872093e-05,0,0,0,0.00949729972663298,0,0,0,0,0,0.0467610500379453,0,0.00391798577920775,0,0.00395306590389304,0,0.0199552098098068,1.98131786749052e-05,0,0,0,0,0,0,0,0,0,0.000112103145589102,0,0,0,0,0,0.000392333155573682,0,2.79529633837668e-05,0,0.000206473976700345,0,0.0116841358520685,0.000302770684018472,0
0.0196277447235689,0,0,0.0125783381300468,0.0183794498532618,3.74224558802221e-05,0,0,0.00704259327961566,0,0,0,0,0,0,0,0,0,0.000172839207463184,0,0,0,0,0,0,0,0,0,0,0,0,0,0,0,0,0,1.79198571002353e-05,0,0,0.00100981053488413,0.00620492703445053,0.000789900224893057,0.0206324251012506,0,0,0.000366482231567176,0.00294477054026821,0,0.00739085671171343,0.000465630051939021,0.0537927362439785,0.000209548221705982,0,0,0,0,0.000257106801346431,0.000726097095711376,0.000325141341934665,0,0.000626849328662965,0,0.00066987496691172,0.00151010304830168,0,0,0,0,0,0,9.82463179349758e-06,0,0.00133094525238296,3.68413039515598e-05,0,0,0,0,0.000126042766316514,0.000451024946184012,1.61567974898791e-05,4.58920034007875e-05,0.00010720732382304,6.31917408936947e-06,0.0433585595863582,0,0.00197084327651865
0,0.00768583505398472,0.0125783381300468,0,0.000397638494275678,0.0102101843318691,0,0,0,0.000867519584361203,0,0,0,0.000321467272617903,0,0,0,3.91866174930485e-05,0.000296362664238145,0,0,0,0,0,0,0,0,0,0,0,0,0,0,0,0,4.24050218098768e-05,0,6.35004103523641e-06,0,0.00767118054412815,0.000269610062833222,0.024210696721237,0.00030077370930673,0,0,0.0012302044745626,0.000437742969770614,0,0,0.00639247558056723,0,0.0592942668541708,0,0,0,0.00117214276700843,0.00123378898270675,0.01205374201345,0,0.00790966104659302,0,0.028970335178854,0.000709225657091084,0.000357532330039275,0,0,0,0,0,0,0,0,0.0171017436396705,0,0,0,0,0,0.00217219377177988,7.83601959788013e-05,0.000446854748558515,0,0.000266659386695028,1.99216231743681e-05,0.0509623840553175,0.00403395861639047,0
0,0,0.0183794498532618,0.000397638494275678,0,0,0,0,0,0,0,0,0,0,0,0,0,0,0,0,0.000460223417232161,0,0,0,0,0,0,0,0,0,0,0,0,0,0,0,0,0,0,0.000102651532438841,0.000141292128524571,0,0.000410283041251058,0,0,0,0.00031013144740231,0,0,0,0.00758518696142601,0,0,0,0,0,3.44806464713993e-05,0,0,0,0,0,0,7.63057437415484e-05,0,0,0,0,0,0,0,0,0,0,0,0,0,0,1.27508918298272e-05,0.000162935237081177,0,0,5.4930685965614e-06,0,0.00676314540083199,0,0
0,0,3.74224558802221e-05,0.0102101843318691,0,0,0,0,0,0.00125321645633199,0,0,0,0,0,0,0,0,0,0.0141585538893294,0,0,0,0,0,0,0,0,0,0,0,0,0,0,0,2.1174002194254e-05,0,0,0,0,0,0.000235417371426643,5.06352295299754e-05,0,0,0,3.26282448147078e-05,0,0,0,0,0.00520876923699276,0,0,0,0.0115093201900864,2.45506382754272e-05,0.000657833381010167,0,0,0,0,0.000182771481029603,0,0,0,0,0,0,0,0,0,3.06779369158416e-05,0,0,0,0,0,3.28985097636469e-05,0,0,0,0.00018268241467024,0.000155118262284053,0.012954318229214,0,0
0,0,0,0,0,0,0,0,0,0,0,0,0.0048422315376756,0,0,0,0,0,0,0,0.012311306775905,0,0,0,0,0,0,0,0,0,0,0,0,0,0,0,0,0,0,0,0,0,0,0,0,0,0,0,0,0,0,0,0,0,0,0,0,0,0.0035471117524006,0,0,0,0,0,0,0,0,0,0,0,0,0,0,0,0,0,0,0,0,0,0,0,0,0,0,0,0
0,0,0,0,0,0,0,0,0,0,0,0,0,0,0,0,0,0,0,0.00200721913237956,0,0,0,0,0,0,0,0,0,0,0,0,0,0,0,0,0,0,0,0,0,0,0,0,0,0,0,0,0,0,0,0,0,0,0,0,0,0.00186418445116557,0,0,0,0,0,0,0,0,0,0,0,0,0,0,0,0,0,0,0,0,0,0,0,0,0,0,0,0,0
0.0196491792165881,0,0.00704259327961566,0,0,0,0,0,0,0,0,0,0,0,0.0033283957429348,0,0.000957385834058265,0,0.00227603908329747,0,0,0,0,0,0.00118704197384003,0,0,0,0,0,0,0,0,0,0,0,0,0,0.000568277981389277,0,0.00019045171578482,0,0.00439322827318626,0,0,0,3.85669821454035e-05,0,0.00284153729179879,0,0.000283570577034001,0,0,0,0.0584012545983311,0,0.000105548058888132,0,0,0,0.00111273133253799,0,0,0,0,0,0,0.00192838808665048,0,0.000680810223812194,0,0,0,0,0,0,0,6.10371913724124e-05,0,9.57971374258177e-05,0,0.00117592087498196,0.00407372912641593,0,0.00647048037972763,0,0.00760919230791714
0,0.0287139979489372,0,0.000867519584361203,0,0.00125321645633199,0,0,0,0,0,0,0,0,0,0.0155584963911538,0,0.000789205173834158,0.000203448173402657,0,0,4.13756088726348e-06,0,0.0198416749273983,0,0,0,0,0,0,0,0,0,0,0,0,0,0.000595131231898718,0,0.000174278570258783,0,0.00230196487298837,1.5278901115594e-05,0,0,0,0,3.8205447963006e-05,0,0.000122384300387958,0,0.000193507546339551,0,0,0,0.0964925302881855,0,5.42323743692851e-05,0,0,0,0.00514572818009161,0,1.40666822914435e-05,0,0,0.00063961801613433,0,0,0,0,0,0,0,0,0,0,0,4.89375920449068e-05,0,0.00128981886659718,0,0.00317953534382108,0,0.0049056079784906,0,0
0,0,0,0,0,0,0,0,0,0,0,0,0.00724314148124165,0,0,0,0,0,0,0,0.0584340585672093,0,0,0,0,0,0,0,0,0,0.00350675206947813,0,0,0,0,0,0.0133929129220202,0,0.0145310614547345,0,0,0,6.16227162734826e-06,0,0,0,6.02652283824522e-05,0,0,0,0,0,0,0,0,0,0.0238550828611732,0,0.0197065076773112,0,0,0,0,0.00118100291404064,0,0,0,0,0,0,0,0,0,0.00642441336139784,0,0,0,0,0,0.000261008755007479,0,0.00220643063083011,0.00105096273649246,0,0.00021538287834549,0,0
0,0,0,0,0,0,0,0,0,0,0,0,0,0.030042034141663,0,0,0,0,0,0.037804892771245,0,0,0,0,0,0,0,0.010132292507745,0,0.000502916858529105,0,0,0,0,0,0.00793558350311157,0,0.0175558558923345,0,0,0,0,0,0,0,0,0,0,0,0,0,0,0,0,0,0,0,0.0548964991864819,0,0.0477679664257078,0,0,0.0157380740126992,0,0,0,0,0,0,0,0.000929310467920694,0,0.000286360645986861,0,0,0,0,0,0.000451783752481469,0,0.00439078571597916,0,0.00146426315300158,0,0,0,0
0,0,0,0,0,0,0.0048422315376756,0,0,0,0.00724314148124165,0,0,0,0.00654457617889798,0,0,0,0,0,0,0,0,0,0,0,0,0,0,0,0.00259077118306011,0,0,0,0,0,0,0,0,0,0,0,0,0,0,0,0,0,0,0,0,0,0,0,0,0,0,0,0.0017461945090453,0,0.00345398011492204,0,0,0,0,0,0,0,0,0,0,0,0,0.000431922999932699,0,0,0,0,0,0,0,0,0,0.000185714232552063,0,0,0
0,0,0,0.000321467272617903,0,0,0,0,0,0,0,0.030042034141663,0,0,0,0.00763193660472471,0,0,0,0,0,0,0,0,0,0,0,0,0,0,0,0,0,0,0,0,0,0,0,0,0,0,0,0,0,0,0,0,0,0,0,0.000160116125576421,0,0,0,0,0,0.00449893204325674,0,0.00369777853246121,0,0.0137223877168326,0,0,0,0,0,0,0,0,0,0,0,0,0,0,0,0,0,0,0,0,2.04762363864575e-05,5.80423466089997e-06,0.00012984142849938,0,0
0,0,0,0,0,0,0,0,0.0033283957429348,0,0,0,0.00654457617889798,0,0,0,0,0,0,0,0,0,0,0,0,0,0,0,0,0,0,0,0,0,0,0,0,0,0,0,0,0,0,0,0,0,0,0,0,0,0,0,0,0,0.00706312389236445,0,0,0,0.000731141150144853,0,0.00425300527806982,0,0,0,0,0,0,0,0,0,0,0,0,0,0,0,0,0,0,0,0,0,0,0,0,0,0
0,9.08381582062222e-05,0,0,0,0,0,0,0,0.0155584963911538,0,0,0,0.00763193660472471,0,0,0,0,0,0,0,0,0,0,0,0.000147710481542163,0,0,0,0,0,0,0,0,0,0,0,0,0,0,0,0,0,0,0,0,0,0,0,0,0,0,0,0,0,0.00334607979529848,0,0,0,0,0,0.000438310791410188,0,0,0,0,0.000237546624330459,0,0,0,0,0,0,0,0,0,0,0,0,0,0,0,0.000426223102752983,0.000166713094186281,4.0931725103369e-05,0,0
0.000279628001048418,0,0,0,0,0,0,0,0.000957385834058265,0,0,0,0,0,0,0,0,0.248544719139301,0.0805858092072231,0,0,0.000108144089601554,0.00322632453448888,7.3346462745172e-05,0.00259495313466122,0.000912229480932442,0.0287659364892798,0,0,0,0,0,0,0,0,0,0,0,0,0.00109462968016993,0.00344422538495067,0.000777525524620499,0.00212647119535213,0,0,0.000193727217777591,0.000662665243622034,0,0,0,0,0,0,0,0,0,0,0,0,0,0,0,0.00015232886038393,0.0009961308643411,0,0,0,0,7.84753355883364e-05,0,0,0,0,0,0,0,0,0,0.000381940358378257,0.00110988797897595,1.78616525588191e-05,1.46634341803047e-05,0.0241901508009326,0.00339505131821732,0.00209615515297394,2.7368021151589e-05,0.00033175379885583
1.70775557862678e-05,2.86620204061449e-05,0,3.91866174930485e-05,0,0,0,0,0,0.000789205173834158,0,0,0,0,0,0,0.248544719139301,0,0.0823319554013952,0,0,0.00103832809567531,0.000170777635476454,0.00100400586886192,0.000405299955896147,0.0101452166747795,0.000772769508726095,0,0,0,0,0,0,0,0,0,0,0,0,0.00436038538772988,0.00114485000790469,0.00237693311525129,0.000620976438173122,3.82701440900749e-05,0,0.000975612717579969,0.000200992200931598,0,0,0,0,0,0,0,0,9.96523328006163e-06,0,0,0,0,0,0,0.000640981879713791,0.000188384081140152,0,0,0.000667089407137009,0,0.00171708133187984,0,0,0,8.62174927173678e-06,0,0,0,0,0,0.00113962062285647,0.00034823349841451,3.22624540402565e-05,0,0.0214908826443706,0.00488070732342208,0.00202715550323597,0.00027264711670863,0.000111524929643657
0.00292745982846367,0.000464231235620819,0.000172839207463184,0.000296362664238145,0,0,0,0,0.00227603908329747,0.000203448173402657,0,0,0,0,0,0,0.0805858092072231,0.0823319554013952,0,0,0,0.000120317403308343,2.93257110754313e-05,0,0.000220702583740021,0.000804527406654248,0.000226152052162777,0,0,0,0,0,0,0,0,0,0,0,0,0.0666335713116377,0.0455384132204138,0.0316283838818757,0.0279368529032447,0.000974019023665181,5.32668402366597e-05,0.0129581781482639,0.0113749260001894,0,6.09718187137211e-05,3.79223509326654e-05,0,0,0,0,0,0,4.53164427721922e-05,0.00141978102097193,0,0,0,0,0.00738012797007833,0.0130198486630513,0,0,6.33098999016698e-05,0,0.000204088720073517,0,0,0,0.000851732220549028,0,0,0,0,0,0.0171997081795891,0.0131184294573121,0.00104874891072236,0.000315482499319532,0.0141618964100667,1.36717460385743e-05,0.0666364593397764,0.00638849438565377,0.00873908940763253
0,0,0,0,0,0.0141585538893294,0,0.00200721913237956,0,0,0,0.037804892771245,0,0,0,0,0,0,0,0,0,0,0,0,0,0,0,0,0,0,0,0,0,0,0,0.0110050039433748,0,0.000983978416641351,0,0,0,0,0,0,0,2.7884218072298e-05,0,0,0,0,0,0.00298024370326913,0,0,0,0,0,0.00390234397314629,0,0,0,0,0.00755458146701498,0,0,0,0,0,0,0,0,0,0,0,0,0,0,0,0.000800834873065867,0,0,0,0.000346801922173397,0,0.0048191766635453,0,0
0,0,0,0,0.000460223417232161,0,0.012311306775905,0,0,0,0.0584340585672093,0,0,0,0,0,0,0,0,0,0,0,0,0,0,0,0,0,0,0,0,0,0,0,0,0,0.00826767353594258,0,0.00229370171979266,0,8.82811699839158e-05,0,0,0,0,0,0.000241234504201607,0,6.30058965219588e-05,0,0.00226240650692198,0,0.00207869683126204,0,0,0,0.013841435204373,7.5106121909652e-06,0,0,0,0,0,0.0349808956141848,0,0,0,0,0,0,0,0,0,0,0,0,0,0,0,0.00400075293020585,0,0.000447018135029118,0.000794109055628456,0,0.0074904329095891,0,0
0,0,0,0,0,0,0,0,0,4.13756088726348e-06,0,0,0,0,0,0,0.000108144089601554,0.00103832809567531,0.000120317403308343,0,0,0,0.00819980374691464,0.000859577507216876,0,5.66023959052667e-05,0,8.37998231872916e-05,0,0,0,0,0,0,0,0,0,0.0119955276550535,0,1.27115813923046e-05,0,0,0,0,0,0,0,0.00048506097809351,0,0.000799827130651073,0,0,0,0,0,0,0,0,0,0,0,0,3.37526312929522e-06,0,0.0193200811918074,0.000696905949103101,0.000280067265897939,0,0,0,0,0,0,0,0,0,0,0,0,1.28715077549559e-05,0.00420799139543093,0,0.00172362854084277,0.000169366947834781,3.59887366146824e-05,0,0
0,0,0,0,0,0,0,0,0,0,0,0,0,0,0,0,0.00322632453448888,0.000170777635476454,2.93257110754313e-05,0,0,0.00819980374691464,0,0,0.00138041839772284,0,9.09771676148938e-05,0,0.0102462070192962,0,0,0,0,0,0,0,0,0.000118082280985213,0.00838260646567061,0,0,2.1823541003425e-05,0,0,0,0,0,0,0.00141783475478157,0,0,0,0,0,0,0,0,0,0,0,0,0,0,0,0.000136440050244033,0.0299440282970279,0,0.00187149603949916,0,0,0,0.000772838125486149,0,0,0,0,0,0,0,0,0,0.00356886559445412,0.000713693836281542,0.00012844375253176,0,0,0
0,0,0,0,0,0,0,0,0,0.0198416749273983,0,0,0,0,0,0,7.3346462745172e-05,0.00100400586886192,0,0,0,0.000859577507216876,0,0,0,0.000295879872282967,0,0,0,0,0,0,0,0,0,0,0,0.00602912931326773,0,0,0,4.46968751339804e-05,0,0,0,0,0,0.000170761140949999,0,0.00327332796930197,0,0,0,0,0,5.67954896357652e-05,0,0,0,0,0,0,0,0,0.000297540214560702,0,0.0274862343970757,0,0,0,0,0,0,0,0,0,0,0,0,0,0.00254733401015473,0,0.000263842774369425,0,0.00533482206766765,0,0
6.77557833060338e-05,0,0,0,0,0,0,0,0.00118704197384003,0,0,0,0,0,0,0,0.00259495313466122,0.000405299955896147,0.000220702583740021,0,0,0,0.00138041839772284,0,0,0,0.0513452228365876,0,0,0,0,0,0,0,0,0,0,0,0.00324525647253637,0,0,0,8.99697991152242e-06,0,0,0,1.65831938395669e-05,0,0.00148064299889261,0,0,0,0,0,0.01005387729556,0,0,0,0,0,0.000261868708523409,0,0,0,0,0.00100011992684924,0,0.0730587995417118,0,0.0172450532288032,0,0,0,0,0,0,0,0,0,0,0,4.71537984849124e-05,0.000109890113617376,0,0.00500006920208081,0,0
0,0,0,0,0,0,0,0,0,0,0,0,0,0,0,0.000147710481542163,0.000912229480932442,0.0101452166747795,0.000804527406654248,0,0,5.66023959052667e-05,0,0.000295879872282967,0,0,0,0.000231635640375316,0,0,0,0,0,0,0,0,0,0,0,0,0,0,0,0,0,0,0,0,0,0,0,0,0,0,0,0,0,0,0,0,0,0,0,0,0,0,0.0317770425109239,0,0.00164886414126789,0,0,0,0,0,0,0,0,0,0,0,0,0,0.000135644193951897,0,1.72549715232236e-05,0,0
0,0,0,0,0,0,0,0,0,0,0,0,0,0,0,0,0.0287659364892798,0.000772769508726095,0.000226152052162777,0,0,0,9.09771676148938e-05,0,0.0513452228365876,0,0,0,0,0,0,0,0,0,0,0,0,0,0,0,2.3466091478174e-05,0,0,0,0,0,0,0,0,0,0,0,0,0,0,0,0,0,0,0,0,0,5.91611882732636e-05,0,0,0,0,0.00203067202377746,0,0,0,0,0,0,0,0,0,0,0,0,0,0,0.000195330692732058,0,0,0,0
0,0,0,0,0,0,0,0,0,0,0,0.010132292507745,0,0,0,0,0,0,0,0,0,8.37998231872916e-05,0,0,0,0.000231635640375316,0,0,0,0.0446172088389157,0,0,0,0,0,0,0,0.0027307351147121,0,0,0,0,0,0,0,0,0,0,0,0,0,0,0,0,0,0,0,0,0,0.00633238877701804,0,0,0,0,0,0,0,0,0,0,0.0222851120253778,0,2.90151962065812e-05,0,0,0,0,0,0,0,0,0,4.47219507893136e-06,0,0,0,0
0,0,0,0,0,0,0,0,0,0,0,0,0,0,0,0,0,0,0,0,0,0,0.0102462070192962,0,0,0,0,0,0,0,0.00208265857450434,0,0,0,0,0,0,0,2.1910293251092e-05,0,0,0,0,0,0,0,0,0,0,0,0,0,0,0,0,0,0,0,0,0,0,0,0,0,0,0.000149282886683649,0,0,0,0,0,0.00509971312139832,0,0,0,0,0,0,0,0,0,0,0,0,0,0,0
0,0,0,0,0,0,0,0,0,0,0,0.000502916858529105,0,0,0,0,0,0,0,0,0,0,0,0,0,0,0,0.0446172088389157,0,0,0,0,0,0,0,0,0,0.00142484912000714,0,0,0,0,0,0,0,0,0,0,0,0,0,0,0,0,0,0,0,0,0,0,0,0,0,0,0,0,0,0,0,0,0.0226322924647662,0,0.0100377317388266,0,0,0,0,0,0,0,6.86150068323678e-05,0,5.72777869213728e-05,0,0,0,0
0,0,0,0,0,0,0,0,0,0,0.00350675206947813,0,0.00259077118306011,0,0,0,0,0,0,0,0,0,0,0,0,0,0,0,0.00208265857450434,0,0,0,0,0,0,0,0,0,0,0,0,0,0,0,0,0,0,0,0,0,0,0,0,0,0,0,0,0,0.00257986733740725,0,0,0,0,0,0,0,0,0,0,0,0,0,0,0.0131323180893565,0,0,0,0,0,0,0,0,0.0001556781039531,0,0,0,0
0,0,0,0,0,0,0,0,0,0,0,0,0,0,0,0,0,0,0,0,0,0,0,0,0,0,0,0,0,0,0,0,0.141236155803279,9.16422286536545e-05,0,0.00319427182718433,0.000589762514453175,0,0,0,0,0,0,0,0,0,0,0.0574543733505423,0,0.000102737676699587,0,0,0,0,0,0,0,0,0,0,0,0,0,0,0,0,0,0,0,0,0,0,0,0,0.00770947656333865,0.0645891439443313,0.000169760592019091,0.000193985749474978,0.00311738536898501,0.000742269884130237,0,0,7.26583149084892e-05,0,0,0,0
0,0,0,0,0,0,0,0,0,0,0,0,0,0,0,0,0,0,0,0,0,0,0,0,0,0,0,0,0,0,0,0.141236155803279,0,0.000650264635119219,0,0.000378517789753237,0.000106966745079262,0,0,0,0,0,0,0,0,0,0,0.162794477549001,0,0,0,0,0,0,0,0,0,0,0,0,0,0,0,0,0,0,0,0,0,0,0,0,0,0,0.00243060945156599,0.0382378797107725,0.00251220222257668,0,4.26409192254614e-05,0.00194133923251785,0,0,0.000470014977131693,0,0,0,0
0,0,0,0,0,0,0,0,0,0,0,0,0,0,0,0,0,0,0,0,0,0,0,0,0,0,0,0,0,0,0,9.16422286536545e-05,0.000650264635119219,0,0.259128314141147,0.00408182968518423,0,0.00292195570662774,0.00213878857038841,0,0,0,0,0,0,0,0,0.105659525947982,0.000616730146833856,0,0,0,0,0,0,0,0,0,0,0,0,0,0,0,0,0,0,0,0,0,0,0,0,0,2.75820064367036e-05,0.000101944858037521,0.0408559119525652,0.159340333196159,0.000263640165476287,0,0.0182422860903929,0.00198401898188741,0.000311462263914203,0,0,0,0
0,0,0,0,0,0,0,0,0,0,0,0,0,0,0,0,0,0,0,0,0,0,0,0,0,0,0,0,0,0,0,0,0,0.259128314141147,0,1.0523048331379e-05,0.00703415578727798,0,0.00134477081543606,0,0,0,0,0,0,0,0,0.253720200177065,0,0.000641066651329954,0,0,0,0,0,0,0,0,0,0,0,0,0,0,0,0,0,0,0,0,0,0,0,0,0,0,0.0509814290235834,0.102011553047889,0,0.000127169169670703,0,0.0181562230965618,0.000225035491520337,0,0,0,0
0,0,0,4.24050218098768e-05,0,2.1174002194254e-05,0,0,0,0,0,0.00793558350311157,0,0,0,0,0,0,0,0.0110050039433748,0,0,0,0,0,0,0,0,0,0,0,0.00319427182718433,0.000378517789753237,0.00408182968518423,1.0523048331379e-05,0,0.00298454604441043,0.0143365606137576,0,7.33737865453265e-05,0,1.49622501851622e-06,0,0,0,0.000188700605483472,0,0,0,1.87655209804968e-06,0,0,0,0,0,0,0,0.00464015636151511,0,0,0,0,0.0203881709394695,0,0,0,0,0,0,0,1.48375317462858e-06,0,1.29403778557067e-05,0,0.00443219441990422,0,0.00185023224404765,0,0.0179876998056589,0.00090257134543606,0.000613323247179352,0,0.000752102205996325,2.01112497832303e-05,0.00122682435476287,0,0
0,0,1.79198571002353e-05,0,0,0,0,0,0,0,0.0133929129220202,0,0,0,0,0,0,0,0,0,0.00826767353594258,0,0,0,0,0,0,0,0,0,0,0.000589762514453175,0.000106966745079262,0,0.00703415578727798,0.00298454604441043,0,0,0.0141391632796198,0,0,0,1.33400455425862e-05,0,0,0,0.000644683390294627,0,0,0,0,0,0,0,0,0,0.00380374005855171,0,0,0,0,0,0,0.00507087166081145,0,0,0,0,0,0,0,0,0,0,0,0.000185559438999893,0,0.00466403644794036,9.30199359256561e-05,0.0218193692344882,0,0.00171393781653884,0.000784507478654727,7.95174855738878e-06,0.00149987673073142,0,0
0,2.34619809894569e-06,0,6.35004103523641e-06,0,0,0,0,0,0.000595131231898718,0,0.0175558558923345,0,0,0,0,0,0,0,0.000983978416641351,0,0.0119955276550535,0.000118082280985213,0.00602912931326773,0,0,0,0.0027307351147121,0,0.00142484912000714,0,0,0,0.00292195570662774,0,0.0143365606137576,0,0,0.000793275174627506,0,0,8.12640469134587e-06,0,0,0,0,0,0.00419767659493067,0,0.00560379223532501,0,0,0,0,0,0.000476101157133331,0,0.0105573197674831,0,0,0,0,0.00396147210699405,0,0.00346158040020886,0,0.00335878324112855,0,0,0,0.00088195878989077,0,6.21165909760366e-05,0,0,0,0.00127065923298929,0,0.00889792678709937,0,0.050210588802566,0.00124319658023562,0.00075895657681508,9.87273026900441e-07,0.000879554556904433,4.70856614973778e-05,0
0,0,0,0,0,0,0,0,0.000568277981389277,0,0.0145310614547345,0,0,0,0,0,0,0,0,0,0.00229370171979266,0,0.00838260646567061,0,0.00324525647253637,0,0,0,2.1910293251092e-05,0,0,0,0,0.00213878857038841,0.00134477081543606,0,0.0141391632796198,0.000793275174627506,0,0,0,0,0,0,0,0,4.275414500938e-06,0.00041373284896303,0.010257416313157,0,0,0,0,0,0.0018411621945379,0,0.00939699033551601,0,0,0,0,0,0,0.00131678274584677,0,0.00173572257127883,0,0.0114284660515353,0,0,0,2.16617673586553e-05,0,0,0,0,0,0.00162067903629073,0,0.00550211136968753,0,0.0476319808858493,0.000797793064833134,0,0.00248750316089499,0,0
0,0.000971546990137496,0.00100981053488413,0.00767118054412815,0.000102651532438841,0,0,0,0,0.000174278570258783,0,0,0,0,0,0,0.00109462968016993,0.00436038538772988,0.0666335713116377,0,0,1.27115813923046e-05,0,0,0,0,0,0,0,0,0,0,0,0,0,7.33737865453265e-05,0,0,0,0,0.00146264458051168,0.163970272867222,0.000247738375620808,0.00281199403507783,0,0.0104031427944209,0.000430913627801352,0.000208243296822766,0,0.0166029098640309,0,0.000241428786583089,0,0,0,0,0.000396964860927548,0.000113923398191948,0,0,0,0,0.0105346661052665,0.000328881986812749,0,0,0,0,0,0,0,0,0.000660176549823579,0,0,0,0,0,0.0065439491291386,0.000168407966315485,0.000162843088680744,0,0.00154581962574227,4.28672443406535e-05,0.0377562682188491,0.0192047237013997,0
0.00413005273524506,0,0.00620492703445053,0.000269610062833222,0.000141292128524571,0,0,0,0.00019045171578482,0,0,0,0,0,0,0,0.00344422538495067,0.00114485000790469,0.0455384132204138,0,8.82811699839158e-05,0,0,0,0,0,2.3466091478174e-05,0,0,0,0,0,0,0,0,0,0,0,0,0.00146264458051168,0,0.000299494927003538,0.13216635950636,0,0.00149738950312398,0.000269584144210971,0.00701968363176839,0,0.00605687113268198,0,0,0,0,0,0,0,0.000355871846679711,8.11833871312644e-05,0,0,0,0,7.93737467334192e-05,0.0196581746680514,0,0,0,0,0,0,0,0,0.000215726378307111,2.98504659581927e-05,0,0,0,0,0.000116209389890514,0.00758586606506397,1.22408087729602e-05,0.000932782284138342,0.00146119331656791,5.57917413477418e-05,0.0330992496111626,0.000288984777988866,0.0184374813304505
0,0.0156901627748113,0.000789900224893057,0.024210696721237,0,0.000235417371426643,0,0,0,0.00230196487298837,0,0,0,0,0,0,0.000777525524620499,0.00237693311525129,0.0316283838818757,0,0,0,2.1823541003425e-05,4.46968751339804e-05,0,0,0,0,0,0,0,0,0,0,0,1.49622501851622e-06,0,8.12640469134587e-06,0,0.163970272867222,0.000299494927003538,0,0.0136299097524091,0.000870244913145658,0,0.00733159604291188,7.27407708950358e-05,4.53994956925666e-05,3.9086835418103e-05,0.024059132369434,0,0.000315910234839748,0,0,0,0.000212612582217708,0.000164058661318261,0.0093511850765724,0,2.54565748854922e-05,0,2.05558176525218e-05,0.0212765776441211,0.000303812547479954,0,0,0,0,0,0,0,0,0.00996231959341003,0,0,0,0,0,0.00952748510061328,8.71916384594776e-05,0.000455934762102072,0,0.00730471460255307,0.000350794416908959,0.111407925316746,0.0371784668724434,3.00586338043161e-05
0.00481469623799918,0,0.0206324251012506,0.00030077370930673,0.000410283041251058,5.06352295299754e-05,0,0,0.00439322827318626,1.5278901115594e-05,6.16227162734826e-06,0,0,0,0,0,0.00212647119535213,0.000620976438173122,0.0279368529032447,0,0,0,0,0,8.99697991152242e-06,0,0,0,0,0,0,0,0,0,0,0,1.33400455425862e-05,0,0,0.000247738375620808,0.13216635950636,0.0136299097524091,0,0,0.00205725897054094,1.30054800625376e-05,0.0119165565440458,0.000249178780236036,0.00612671395129669,4.13709018028488e-05,8.70835516887972e-06,1.15828810778263e-05,0,0,1.7179929514448e-05,0,0.00572633841624836,0.000132172646473218,0,0,0,0,2.07071502099925e-05,0.01726215762158,0,0,0,0,0,0,0,0,0.000138145961592605,0.000573569911767804,0,0,0,0,7.51997335054216e-05,0.0118517084411294,1.5716417947376e-05,0.000356835993794343,0.00846321453585362,0.000590330586389387,0.11063821993067,0,0.0754016918282202
0,0,0,0,0,0,0,0,0,0,0,0,0,0,0,0,0,3.82701440900749e-05,0.000974019023665181,0,0,0,0,0,0,0,0,0,0,0,0,0,0,0,0,0,0,0,0,0.00281199403507783,0,0.000870244913145658,0,0,0,0.000206951448538231,0,0,0,0,0,0,0,0,0,0,0,0,0,0,0,0,0.000450558581055403,0,0,0,0,0,0,0,0,0,0,0,0,0,0,0,0.000108394409195711,0,0,0,7.61478352023514e-05,0,0.000916214207036586,0.00161031891738501,0
0,0,0,0,0,0,0,0,0,0,0,0,0,0,0,0,0,0,5.32668402366597e-05,0,0,0,0,0,0,0,0,0,0,0,0,0,0,0,0,0,0,0,0,0,0.00149738950312398,0,0.00205725897054094,0,0,0,4.49862226447146e-05,0,0,0,0,0,0,0,0,0,0,0,0,0,0,0,0,0.000362152005702026,0,0,0,0,0,0,0,0,0,0,0,0,0,0,0,4.3965518408821e-05,0,0,0.000468505924526444,4.16285090165018e-06,0.00202541493421406,0,0
0,1.54034734872093e-05,0.000366482231567176,0.0012302044745626,0,0,0,0,0,0,0,0,0,0,0,0,0.000193727217777591,0.000975612717579969,0.0129581781482639,2.7884218072298e-05,0,0,0,0,0,0,0,0,0,0,0,0,0,0,0,0.000188700605483472,0,0,0,0.0104031427944209,0.000269584144210971,0.00733159604291188,1.30054800625376e-05,0.000206951448538231,0,0,1.09846992529415e-05,0,0,0.000203968606578591,0,1.62693395050565e-05,0,0,0,0,0.000170794378924371,0.00265986196462664,0,0,0,0,0.0530321574238392,2.44797650994971e-05,0,0,0,0,0,0,0,0,0.00805069911193252,0,0,0,0,0,0.00831238854456073,1.79172004927462e-05,0.00353871289449958,0,0.000905856553509558,0.000101846264304293,0.0321874340823075,0.000463810045439339,0
0.00127578691903968,0,0.00294477054026821,0.000437742969770614,0.00031013144740231,3.26282448147078e-05,0,0,3.85669821454035e-05,0,6.02652283824522e-05,0,0,0,0,0,0.000662665243622034,0.000200992200931598,0.0113749260001894,0,0.000241234504201607,0,0,0,1.65831938395669e-05,0,0,0,0,0,0,0,0,0,0,0,0.000644683390294627,0,4.275414500938e-06,0.000430913627801352,0.00701968363176839,7.27407708950358e-05,0.0119165565440458,0,4.49862226447146e-05,1.09846992529415e-05,0,0,0.000247074495102746,4.66684574902572e-05,0,3.58879374417951e-05,0,0,0,0,0.000589149972442296,0.000176627381498217,0,0,0,0,3.37136158173503e-05,0.0776840367622414,0,0,0,0,0,0,0,0,0.000100334914058839,0,0,0,0,0,5.08989533848284e-05,0.0102766719306193,5.84377673426488e-06,0.000859393220333449,0.000550043897399728,4.56571840547777e-05,0.0212677551307421,0,0.000385850636254218
0,0,0,0,0,0,0,0,0,3.8205447963006e-05,0,0,0,0,0,0,0,0,0,0,0,0.00048506097809351,0,0.000170761140949999,0,0,0,0,0,0,0,0.0574543733505423,0.162794477549001,0.105659525947982,0.253720200177065,0,0,0.00419767659493067,0.00041373284896303,0.000208243296822766,0,4.53994956925666e-05,0.000249178780236036,0,0,0,0,0,0.139203398260346,0.0675429849433115,0,0,0,0,0,0,0,0,0,0,0,0,0,0,0.000227063168991125,0,0.00126194149926017,0,0,0,0,0,0,0,0.0663865883477028,0.0643399057403535,0.0003906540659446,0.037546354682728,0.00498316293490246,0.011690344933575,0.0105647200032142,0.00510392829470865,0.00400412071980963,0,0.0352715932986125,0,0
0.0151771122925477,0,0.00739085671171343,0,0,0,0,0,0.00284153729179879,0,0,0,0,0,0,0,0,0,6.09718187137211e-05,0,6.30058965219588e-05,0,0.00141783475478157,0,0.00148064299889261,0,0,0,0,0,0,0,0,0.000616730146833856,0,0,0,0,0.010257416313157,0,0.00605687113268198,3.9086835418103e-05,0.00612671395129669,0,0,0,0.000247074495102746,0.139203398260346,0,0.0205174842139062,0,0,0,0,0.00215013253614518,0,0.000195640788201529,0,0,0,0.000634574001303937,0,0,7.16497721858772e-05,0,0.0017673950766666,0,0.0108748513464084,0,0.00119700273653131,0,0.0013113195324813,0,0.000326913170715407,0,0,0,0,1.62796681359217e-05,0.00215256918921259,0,0.00924037604671414,0.00283799122018592,1.22674671890625e-05,0.0160758581204714,0,0
0,0.00949729972663298,0.000465630051939021,0.00639247558056723,0,0,0,0,0,0.000122384300387958,0,0,0,0,0,0,0,0,3.79223509326654e-05,0,0,0.000799827130651073,0,0.00327332796930197,0,0,0,0,0,0,0,0.000102737676699587,0,0,0.000641066651329954,1.87655209804968e-06,0,0.00560379223532501,0,0.0166029098640309,0,0.024059132369434,4.13709018028488e-05,0,0,0.000203968606578591,4.66684574902572e-05,0.0675429849433115,0.0205174842139062,0,0,2.11973583122548e-05,0,0,0,0.00206918228647783,4.26772963650567e-05,0.00714036940543261,0,0.000152881564762633,0,0.00176311382535298,1.94176851180203e-05,0,0.00160209793583285,0,0.00984698137191324,0,0.000222561897169878,0,0.000671073509461566,0,0.00716684310978101,0,0,3.51118151410076e-05,0,0.000111758109410577,0.00188670702063614,9.32059776669052e-06,0.00343076320036016,0,0.00451560638685191,0.000186941703350574,0.037044317359881,0.000213974211708701,0
0,0,0.0537927362439785,0,0.00758518696142601,0,0,0,0.000283570577034001,0,0,0,0,0,0,0,0,0,0,0,0.00226240650692198,0,0,0,0,0,0,0,0,0,0,0,0,0,0,0,0,0,0,0,0,0,8.70835516887972e-06,0,0,0,0,0,0,0,0,0,0,0,0,0,0.0113513509462421,0,0.00182293104256873,0,0.0171806883236707,0,0,0,0,0,0,0,0,0,0,0,0,0,0,0,0,0,0,0,0,0,0,0,0.00950552272748336,0,0
0,0,0.000209548221705982,0.0592942668541708,0,0.00520876923699276,0,0,0,0.000193507546339551,0,0,0,0.000160116125576421,0,0,0,0,0,0.00298024370326913,0,0,0,0,0,0,0,0,0,0,0,0,0,0,0,0,0,0,0,0.000241428786583089,0,0.000315910234839748,1.15828810778263e-05,0,0,1.62693395050565e-05,3.58879374417951e-05,0,0,2.11973583122548e-05,0,0,0,0.000205592106794938,0,0.00401400654089976,2.47135760056312e-05,0.0285405640452489,0,0.000192413735671908,0,0,0,0,0,0,0,0,0,0,0,0,0.000547909328878346,0,0,0,0,0,3.94410217706597e-05,1.91408649080594e-06,2.13408577590392e-05,0,6.94549592827455e-05,0.000204930101900018,0.00989468134495375,0,0
0,0,0,0,0,0,0,0,0,0,0,0,0,0,0,0,0,0,0,0,0.00207869683126204,0,0,0,0,0,0,0,0,0,0,0,0,0,0,0,0,0,0,0,0,0,0,0,0,0,0,0,0,0,0,0,0,0,0,0,0,0,0,0,0,0,0,0,0,0,0,0,0,0,0,0,0,0,0,0,0,0,0,0,0,0,0,0,0,0,0
0,0,0,0,0,0,0,0,0,0,0,0,0,0,0,0,0,0,0,0,0,0,0,0,0,0,0,0,0,0,0,0,0,0,0,0,0,0,0,0,0,0,0,0,0,0,0,0,0,0,0,0.000205592106794938,0,0,0,0,0,0.0105027029949415,0,0,0,0,0,0,0,0,0,0,0,0,0,0,0,0,0,0,0,0,0,0,0,0,0,0,0,0,0
0.0084114195536035,0,0,0,0,0,0,0,0.0584012545983311,0,0,0,0,0,0.00706312389236445,0,0,0,0,0,0,0,0,0,0.01005387729556,0,0,0,0,0,0,0,0,0,0,0,0,0,0.0018411621945379,0,0,0,1.7179929514448e-05,0,0,0,0,0,0.00215013253614518,0,0,0,0,0,0,0,0,0,0,0,0.0312117190553753,0,0,0,0,0,0,0.0582980386069954,0,0.00264215673348101,0,0,0,0,0,0,0,5.41975675528959e-05,0,0,0,0.00421836369597383,5.77089541807102e-05,0,0.00177233337950049,0,0.000178867658171607
0,0.0467610500379453,0,0.00117214276700843,0,0.0115093201900864,0,0,0,0.0964925302881855,0,0,0,0,0,0.00334607979529848,0,9.96523328006163e-06,0,0,0,0,0,5.67954896357652e-05,0,0,0,0,0,0,0,0,0,0,0,0,0,0.000476101157133331,0,0,0,0.000212612582217708,0,0,0,0,0,0,0,0.00206918228647783,0,0.00401400654089976,0,0,0,0,0,0,0,0,0,0.0401718148332101,0,0,0,0,0.0730453277288985,0,0,0,0,0,0,0,0,0,0,0,2.00691329781946e-06,0,0.0011134103057085,0,7.55164404586438e-05,0,0.00363428177254129,0.000271675001712199,0
9.16283172435681e-05,0,0.000257106801346431,0.00123378898270675,3.44806464713993e-05,2.45506382754272e-05,0,0,0.000105548058888132,0,0.0238550828611732,0,0,0,0,0,0,0,4.53164427721922e-05,0,0.013841435204373,0,0,0,0,0,0,0,0,0,0,0,0,0,0,0,0.00380374005855171,0,0.00939699033551601,0.000396964860927548,0.000355871846679711,0.000164058661318261,0.00572633841624836,0,0,0.000170794378924371,0.000589149972442296,0,0.000195640788201529,4.26772963650567e-05,0.0113513509462421,2.47135760056312e-05,0,0,0,0,0,0.000178822604138424,0.000148092047744848,0,0,0,6.34133074564506e-05,0.0149964249504192,0,0,0,0,0,0,5.62672106639399e-06,0,0.000319421006899123,0.00176634243373007,0,0,0,0,2.45063722816878e-05,0.00026682766133929,4.50235706480394e-05,0.00152218822354166,0.000464066947133672,0,0.0216530448127822,0,0.000268929337827877
0,0.00391798577920775,0.000726097095711376,0.01205374201345,0,0.000657833381010167,0,0.00186418445116557,0,5.42323743692851e-05,0,0.0548964991864819,0,0.00449893204325674,0,0,0,0,0.00141978102097193,0.00390234397314629,7.5106121909652e-06,0,0,0,0,0,0,0,0,0,0,0,0,0,0,0.00464015636151511,0,0.0105573197674831,0,0.000113923398191948,8.11833871312644e-05,0.0093511850765724,0.000132172646473218,0,0,0.00265986196462664,0.000176627381498217,0,0,0.00714036940543261,0,0.0285405640452489,0,0.0105027029949415,0,0,0.000178822604138424,0,0,0.0173738355749253,0,0.000860757951257069,0.00819299389968719,5.13478051017071e-05,0,0,0,0,0,0,0.0183570220280945,0,0.049088684889116,0,0,0,0,0,0.000183097325291245,2.45425944038642e-05,7.0665856112952e-05,2.83193188697525e-06,0.000680688116397895,1.01375904584925e-05,0.0355294266537234,0.00408067577619442,0
0,0,0.000325141341934665,0,0,0,0.0035471117524006,0,0,0,0.0197065076773112,0,0.0017461945090453,0,0.000731141150144853,0,0,0,0,0,0,0,0,0,0,0,0,0,0,0,0.00257986733740725,0,0,0,0,0,0,0,0,0,0,0,0,0,0,0,0,0,0,0,0.00182293104256873,0,0,0,0,0,0.000148092047744848,0,0,0,0.00341967982174242,0,0,0,0,0,0,0,0,0,0,0,0,0,0,0,0,0,0,0,0,0,2.50347945255864e-05,0,0,0,0
0,0.00395306590389304,0,0.00790966104659302,0,0,0,0,0,0,0,0.0477679664257078,0,0.00369777853246121,0,0,0,0,0,0,0,0,0,0,0,0,0,0.00633238877701804,0,0,0,0,0,0,0,0,0,0,0,0,0,2.54565748854922e-05,0,0,0,0,0,0,0,0.000152881564762633,0,0.000192413735671908,0,0,0,0,0,0.0173738355749253,0,0,0,0.00594245029578956,0,0,0,0,0,0,0,0,0,0,0,0,0,0,0,0,0,0,0,0,0,0,0.000530628632730797,0,0
0.022913135107644,0,0.000626849328662965,0,0,0,0,0,0.00111273133253799,0,0,0,0.00345398011492204,0,0.00425300527806982,0,0,0,0,0,0,0,0,0,0.000261868708523409,0,0,0,0,0,0,0,0,0,0,0,0,0,0,0,0,0,0,0,0,0,0,0,0.000634574001303937,0,0.0171806883236707,0,0,0,0.0312117190553753,0,0,0,0.00341967982174242,0,0,0,0,0,0,0,0,0.00681763992933781,0,0.00229972262886347,0,0,0,0,0,0,0,0,0,0,0,0,0,0,0.000170316171080548,0,0
0,0.0199552098098068,0,0.028970335178854,0,0,0,0,0,0.00514572818009161,0,0,0,0.0137223877168326,0,0.000438310791410188,0,0,0,0,0,0,0,0,0,0,0,0,0,0,0,0,0,0,0,0,0,0,0,0,0,2.05558176525218e-05,0,0,0,0,0,0,0,0.00176311382535298,0,0,0,0,0,0.0401718148332101,0,0.000860757951257069,0,0.00594245029578956,0,0,0,0,0,0,0,0,0.0011004463158315,0,0,0,0,0,0,0,0,0,0,0,0,0,0,0,8.89207487975505e-05,0,0
0,1.98131786749052e-05,0.00066987496691172,0.000709225657091084,0,0.000182771481029603,0,0,0,0,0,0.0157380740126992,0,0,0,0,0.00015232886038393,0.000640981879713791,0.00738012797007833,0.00755458146701498,0,3.37526312929522e-06,0,0,0,0,5.91611882732636e-05,0,0,0,0,0,0,0,0,0.0203881709394695,0,0.00396147210699405,0,0.0105346661052665,7.93737467334192e-05,0.0212765776441211,2.07071502099925e-05,0.000450558581055403,0,0.0530321574238392,3.37136158173503e-05,0,0,1.94176851180203e-05,0,0,0,0,0,0,6.34133074564506e-05,0.00819299389968719,0,0,0,0,0,0.000102834491484417,0,0,0,0,0,0,1.11378970921445e-05,0,0.00824359929939199,0,0,0,0,0,0.0103086131740016,1.01146322816647e-05,0.00453898653898266,0,0.000325925182912337,2.25966971134314e-06,0.02407432538354,0.000164408431797029,1.02025980357181e-05
0.000501457910256752,0,0.00151010304830168,0.000357532330039275,7.63057437415484e-05,0,0,0,0,1.40666822914435e-05,0.00118100291404064,0,0,0,0,0,0.0009961308643411,0.000188384081140152,0.0130198486630513,0,0.0349808956141848,0,0,0,0,0,0,0,0,0,0,0,0,0,0,0,0.00507087166081145,0,0.00131678274584677,0.000328881986812749,0.0196581746680514,0.000303812547479954,0.01726215762158,0,0.000362152005702026,2.44797650994971e-05,0.0776840367622414,0,7.16497721858772e-05,0,0,0,0,0,0,0,0.0149964249504192,5.13478051017071e-05,0,0,0,0,0.000102834491484417,0,0,0,0,0,0,0,0,0,0.000129432112824631,0.000105787968580323,0,0,0,0,5.61550495769901e-05,0.0125400068060189,3.12474244128962e-06,0.00342185535179803,0.000814660889187703,7.8191286028184e-06,0.0479347851017887,0,0.00058187535196531
0,0,0,0,0,0,0,0,0,0,0,0,0,0,0,0,0,0,0,0,0,0.0193200811918074,0.000136440050244033,0.000297540214560702,0,0,0,0,0,0,0,0,0,0,0,0,0,0.00346158040020886,0,0,0,0,0,0,0,0,0,0.000227063168991125,0,0.00160209793583285,0,0,0,0,0,0,0,0,0,0,0,0,0,0,0,0,0.00290411884625693,0,0.00769295066885252,0,0.00276914821769826,0,0,0,0,0,0,0,0,0,0.00548473007416939,0,0.000252146217166702,1.022573269438e-05,9.27161932834202e-06,0,0
0,0,0,0,0,0,0,0,0,0,0,0,0,0,0,0,0,0,0,0,0,0.000696905949103101,0.0299440282970279,0,0.00100011992684924,0,0,0,0.000149282886683649,0,0,0,0,0,0,0,0,0,0.00173572257127883,0,0,0,0,0,0,0,0,0,0.0017673950766666,0,0,0,0,0,0,0,0,0,0,0,0,0,0,0,0,0,0,0.00115492291202148,0,0.00544459660968198,0,0.003419524279903,0,0,0,0,0,0,0,0,0,0.00439862800050481,0,0,0,0,0
0,0,0,0,0,0,0,0,0,0.00063961801613433,0,0,0,0,0,0.000237546624330459,0,0.000667089407137009,6.33098999016698e-05,0,0,0.000280067265897939,0,0.0274862343970757,0,0.0317770425109239,0,0,0,0,0,0,0,0,0,0,0,0.00335878324112855,0,0,0,0,0,0,0,0,0,0.00126194149926017,0,0.00984698137191324,0,0,0,0,0,0.0730453277288985,0,0,0,0,0,0,0,0,0.00290411884625693,0,0,0,0.00453657794882337,0,0,0,0,0,0,0,0,0,0,0,0.00853852897935096,0,0.000475486699473702,0,0.0153785906437628,0,0
0.000908475139452373,0,0,0,0,0,0,0,0.00192838808665048,0,0,0,0,0,0,0,0,0,0,0,0,0,0.00187149603949916,0,0.0730587995417118,0,0.00203067202377746,0,0,0,0,0,0,0,0,0,0,0,0.0114284660515353,0,0,0,0,0,0,0,0,0,0.0108748513464084,0,0,0,0,0,0.0582980386069954,0,0,0,0,0,0.00681763992933781,0,0,0,0,0.00115492291202148,0,0,0,0.00991267761495007,0,0,0,0,0,0,0,0,0,0,0,0.00618619344526225,8.42843382997671e-06,0,0.00299729343955799,0,0
0,0,0,0,0,0,0,0,0,0,0,0,0,0,0,0,7.84753355883364e-05,0.00171708133187984,0.000204088720073517,0,0,0,0,0,0,0.00164886414126789,0,0,0,0,0,0,0,0,0,0,0,0,0,0,0,0,0,0,0,0,0,0,0,0.000222561897169878,0,0,0,0,0,0,0,0,0,0,0,0.0011004463158315,0,0,0.00769295066885252,0,0.00453657794882337,0,0,0,0.00223687243068577,0,0,0,0,0,0,0,0,0,0,0,0.000183476871374676,0,0,0,0
5.12648139521579e-05,0,0,0,0,0,0,0,0.000680810223812194,0,0,0,0,0,0,0,0,0,0,0,0,0,0,0,0.0172450532288032,0,0,0,0,0,0,0,0,0,0,0,0,0,0,0,0,0,0,0,0,0,0,0,0.00119700273653131,0,0,0,0,0,0.00264215673348101,0,0,0,0,0,0.00229972262886347,0,0,0,0,0.00544459660968198,0,0.00991267761495007,0,0,0,0.00456266994349212,0,0,0,0,0,0,0,0,0,0,0,0,4.93089074807438e-05,0,0
0,0,9.82463179349758e-06,0,0,0,0,0,0,0,0,0.000929310467920694,0,0,0,0,0,0,0,0,0,0,0,0,0,0,0,0.0222851120253778,0,0.0226322924647662,0,0,0,0,0,1.48375317462858e-06,0,0.00088195878989077,0,0,0,0,0,0,0,0,0,0,0,0.000671073509461566,0,0,0,0,0,0,5.62672106639399e-06,0.0183570220280945,0,0,0,0,1.11378970921445e-05,0,0.00276914821769826,0,0,0,0.00223687243068577,0,0,0,0.00380284875120091,0,0,0,0,0,1.12388725971193e-06,0,0.00246007519959891,0,5.95886697067621e-06,1.11344625111087e-05,0.000986614320928886,0,0
0,0,0,0,0,0,0,0,0,0,0,0,0,0,0,0,0,0,0,0,0,0,0.000772838125486149,0,0,0,0,0,0.00509971312139832,0,0,0,0,0,0,0,0,0,2.16617673586553e-05,0,0,0,0,0,0,0,0,0,0.0013113195324813,0,0,0,0,0,0,0,0,0,0,0,0,0,0,0,0,0.003419524279903,0,0,0,0.00456266994349212,0,0,0,0.00226426420070998,0,0,0,0,0,0,0,0.000140372510147249,1.1999975413346e-05,5.61472870685975e-06,0,0,0
0,0.000112103145589102,0.00133094525238296,0.0171017436396705,0,3.06779369158416e-05,0,0,0,0,0,0.000286360645986861,0,0,0,0,0,8.62174927173678e-06,0.000851732220549028,0,0,0,0,0,0,0,0,2.90151962065812e-05,0,0.0100377317388266,0,0,0,0,0,1.29403778557067e-05,0,6.21165909760366e-05,0,0.000660176549823579,0.000215726378307111,0.00996231959341003,0.000138145961592605,0,0,0.00805069911193252,0.000100334914058839,0,0,0.00716684310978101,0,0.000547909328878346,0,0,0,0,0.000319421006899123,0.049088684889116,0,0,0,0,0.00824359929939199,0.000129432112824631,0,0,0,0,0,0,0.00380284875120091,0,0,0,0,0,0,0,0.000321045969910625,2.06838854370936e-05,0.00461623424264497,4.31253425786974e-06,0.000292355721470069,1.07870602915004e-05,0.0268732322709278,0.0032825173528061,0
0,0,3.68413039515598e-05,0,0,0,0,0,0,0,0.00642441336139784,0,0.000431922999932699,0,0,0,0,0,0,0,0,0,0,0,0,0,0,0,0,0,0.0131323180893565,0,0,0,0,0,0,0,0,0,2.98504659581927e-05,0,0.000573569911767804,0,0,0,0,0,0.000326913170715407,0,0,0,0,0,0,0,0.00176634243373007,0,0,0,0,0,0,0.000105787968580323,0,0,0,0,0,0,0,0.00226426420070998,0,0,0,0,0,0,0,1.95718104853014e-06,0,0.00375423714676748,0.000485014109866534,0,0.00169591209893586,0,0.000368456019088017
0,0,0,0,0,0,0,0,0,0,0,0,0,0,0,0,0,0,0,0,0,0,0,0,0,0,0,0,0,0,0,0.00770947656333865,0.00243060945156599,2.75820064367036e-05,0,0.00443219441990422,0,0,0,0,0,0,0,0,0,0,0,0.0663865883477028,0,0,0,0,0,0,0,0,0,0,0,0,0,0,0,0,0,0,0,0,0,0,0,0,0,0,0,0.000659207258737889,0.0468032181801706,0,0.00236848080770121,0,0,0,4.1581683944969e-06,0,0,0,0
0,0,0,0,0,0,0,0,0,0,0,0,0,0,0,0,0,0,0,0,0,0,0,0,0,0,0,0,0,0,0,0.0645891439443313,0.0382378797107725,0.000101944858037521,0,0,0.000185559438999893,0,0,0,0,0,0,0,0,0,0,0.0643399057403535,0,3.51118151410076e-05,0,0,0,0,0,0,0,0,0,0,0,0,0,0,0,0,0,0,0,0,0,0,0,0,0.000659207258737889,0,0,0.0702497101245657,0,0.0017918976498338,0,0,0.0010660484138006,0,0,0,0
0,0,0,0,0,0,0,0,0,0,0,0,0,0,0,0,0,0,0,0,0,0,0,0,0,0,0,0,0,0,0,0.000169760592019091,0.00251220222257668,0.0408559119525652,0.0509814290235834,0.00185023224404765,0,0.00127065923298929,0,0,0,0,0,0,0,0,0,0.0003906540659446,0,0,0,0,0,0,0,0,0,0,0,0,0,0,0,0,0,0,0,0,0,0,0,0,0,0,0.0468032181801706,0,0,0.0263777651778919,7.95304549683351e-06,0,0.0105144737178834,0,0.00115524135765783,0,0,0,0
0,0,0,0,0,0,0,0,6.10371913724124e-05,0,0,0,0,0,0,0,0,0,0,0,0,0,0,0,0,0,0,0,0,0,0,0.000193985749474978,0,0.159340333196159,0.102011553047889,0,0.00466403644794036,0,0.00162067903629073,0,0,0,0,0,0,0,0,0.037546354682728,0,0.000111758109410577,0,0,0,0,5.41975675528959e-05,0,0,0,0,0,0,0,0,0,0,0,0,0,0,0,0,0,0,0,0,0.0702497101245657,0.0263777651778919,0,0,0.00979820480520625,0,0.00892802659423774,0.000640642232886531,0,0,0,0
