0,0,0.00723752355387607,0,0,0,0,0,0.0136213366159387,3.2882664729009e-05,0,0,0,0,0,0,1.21972035083668e-05,0,0.000147995813858346,0,0,0,0,0,0,0,0,0,0,0,0,0,0,0,0,0,3.39405898726528e-06,2.61208454263969e-05,0,0,0.000332709528412359,1.01480299338476e-05,0.00286341863998719,0,0,0,0,3.23160788306396e-05,0.0390804358824,0,0.000199615738028367,0,0,0,0.00903497809579715,0,6.36487163206776e-05,0,0,0,0.00127128307973272,0,0,0,0,0,0,0,0,0,0,0,0,3.12266115875932e-05,0,0,0,0,7.78478684898684e-06,4.06815024070847e-05,1.04264227477365e-05,2.042432455855e-05,0.000849476449407019,0,0.00831312946970574,0,0
0,0,0,0.0379352503781193,0,9.59856932436498e-05,0,0,0,0.0990931163098713,0,0,0,0,0,0.000841050523126568,0,0,2.19483145726118e-05,0,0,0,0,0,0,0,0,0,0,0,0,0,0,0,0,0,0,0,0,0,0,0.00287690596447609,0,7.88112190775072e-05,0,0,0,5.65874094113758e-05,2.21726034039804e-05,0.00305849697044059,0,0,0,0,0,0.142395961530912,0,0,0,0,0,0.013340635345724,0,0,0,0,0.00240612280321222,0,0,0,0,0,0,0,0,0,0,0,3.76902284979347e-05,0,0,0,0.000782889144880975,0,0.00143994876434546,0.000105582546073256,0
0.00723752355387607,0,0,0,0,0,0,0,0.00574707875630678,0,0,0,0,0,0,0,0,0,3.6152016142542e-05,0,0,0,0,0,0,0,0,0,0,0,0,0,0,0,0,0,0,0,0,0,0.000525119561881448,0,0.00181723711750273,0,0,0,0.00016739116742142,0,0.00739364363424507,0,0.00180221317684818,0,0,0,0.000512509486502943,0,0.000701442946705347,0,0.00161245105508848,0,0,0,0,0.000331240620679738,0,0,0,0,0,0,0,0,0,8.56392043471193e-05,0,0,0,0,0,1.40850152190191e-05,0,1.76699967338689e-05,0.000163006387530444,0,0.00796606629075487,0,0.000881680271259796
0,0.0379352503781193,0,0,0,0.0626068507188845,0,0,0,0.0593655878877671,0,0,0,0,0,0,5.80597699105875e-05,0,0.000373109246846494,9.95836118161519e-05,0,0,0,0,0,0,0,0,0,0,0,0,0,0,0,2.32355614665904e-06,0,0,0,0.00117933651686911,0,0.00449340555046181,6.85758919725574e-06,6.91474232067764e-05,0,0.000167444668615103,0,0.000398504545558362,0.000301834317225657,0.00530815403128591,0.000155674299871164,0.0416477973505886,0,0,0,0.059742389145126,0,0.000506578815192877,0,0,0,0.00249420209311653,0,2.38766868293507e-05,0,0,0,0,0,0,0,0,0.00135410284310713,0,0,0,0,0,0.000127823119132228,0,5.84274161241137e-05,0,0.000299111196782878,9.03036980928561e-06,0.0207421957991998,0.00313638266078512,0
0,0,0,0,0,0,0.000354000946064061,0,0,0,0.000220251705117729,0,0,0,0.000377465330529958,0,0,0,0,0,0.0104645126010245,0,0,0,0,0,0,0,0,0,0,0,0,0,0,0,2.27919232852944e-05,0,0,0,0,0,0.000105732979427887,0,0,0,0,0,0.00025269035040772,0,0.232637746461262,0,0,0,0,0,0.000854362379356669,0,0,0,0.00360074305199598,0,0,0.00304652254418004,0,0,0,0,0,0,0,0,0,0,0,0,0,0,0,1.8076545764371e-06,0,0,0.000899177714683745,0,0.0045607983628191,0,0
0,9.59856932436498e-05,0,0.0626068507188845,0,0,0,0.000503111478586744,0,0,0,0.000104886105014943,0,0,0,0,0,0,0,0.0244485466928723,0,0,0,0,0,0,0,0,0,0,0,0,0,0,0,0,0,0,0,0,0,9.32106847409214e-05,0,0,0,0,0,7.1947763137974e-05,0,0.00060417315845304,0,0.0827559397193729,0,0,0,0,0,0,0,0,0,0.000817214698885266,0.000470597994842122,0,0,0,0,0,0,0,0,0,1.59600104803733e-05,0,0,0,0,0,1.12814062242987e-06,0,0,0,0.00414138180584532,0.000665879583264889,0.00906592892586432,0,0
0,0,0,0,0.000354000946064061,0,0,0,0,0,0.00273101873142691,0,0.000134740066417329,0,0,0,0,0,0,0,0.000392676502246787,0,0,0,0,0,0,0,0,0,0,0,0,0,0,0,0.000254545624573187,0,0,0,0,0,0,0,0,0,0,0,0,0,0.00130585377883039,0,0.0692863412591747,0,0,0,0.00809949357266695,0,0,0,0,0,0,0,0,0,0,0,0,0,0,0,0,0,0,0,0,0,0,3.9259586835591e-05,0,0,0.000375003582499539,0,0,0,0
0,0,0,0,0,0.000503111478586744,0,0,0,0,0,0.00252995419057572,0,0.00248342538680606,0,0,0,0,0,0,0,0,0,0,0,0,0,0,0,0,0,0,0,0,0,0,0,0,0,0,0,0,0,0,0,0,0,0,0,0,0,0.0178373548230697,0,0.0733618632298123,0,0,0,0.00423244046265765,0,0.0133260736137903,0,0,0.000431437492309917,0,0,0,0,0,0,0,0,0,0,0,0,0,0,0,0,0,0,0,0.00178070886843624,4.38155814076503e-05,0,0,0
0.0136213366159387,0,0.00574707875630678,0,0,0,0,0,0,0,0,0,0,0,0.0259925956931345,0,0.00302773434270833,4.28825025735437e-05,0.00139239368010036,0,0,0,0,0,0.00575604435611629,0,0.000357445174170398,0,0,0,0,0,0,0,0,0,0,0,0.000980026946181049,0,0,0,0.000700279212979141,0,0,0,0,0,0.00327984561262875,0,0.00440313301347327,0,0,0,0.149089802695985,0,0,0,0,0,0.0169238712244147,0,0,0,0,0,0,0.000103885356084178,0,0,0,0,0,0,0,0,0,0,1.41656309605922e-05,1.6542875102635e-06,0,0.000580953104802848,0.00208970270791853,3.59375638281451e-06,0.00662515389070848,0,0
3.2882664729009e-05,0.0990931163098713,0,0.0593655878877671,0,0,0,0,0,0,0,0,0,0,0,0.00200285327372442,0,0.000451739781380898,0.000350022194952986,0,0,7.78216696054913e-05,0,0.00635935125572624,0,0,0,0,0,0,0,0,0,0,0,0,0,0.00237121268437839,0,4.18426950071621e-05,8.15448293951743e-05,0.00631398742781376,5.15680756138868e-05,0,0,0,0,3.96670479087045e-05,5.60898207466703e-05,0.000848716334130126,0,0,0,0,0,0.106385915059672,0,0,0,0,0,0.0031080377942408,0,9.99675542620712e-06,0,0,0.00392646752650205,0,0,0,0,0,2.16562035253338e-05,0,0,0,0.000116986240187291,0,9.10266214288667e-06,0,0.000931337347215583,0,0.00784909445766969,5.24825397252247e-05,0.00875134465083486,0.00279345094399353,0
0,0,0,0,0.000220251705117729,0,0.00273101873142691,0,0,0,0,0,0.0388273027398731,0,0,0,0,0,0,0,0.0377868059559442,0,0,0,0,0,0,0,0.00243512406975443,0,2.11023861081053e-05,0,0,0,0,0,0.00126237721886891,0,0.0179271048598762,0,0,0,0,0,0,0,0.000214590369372679,0,0,0,0.000816331706318623,0,0.0106032138017093,0,0,0,0.104872172016987,0,0.00283842938045246,0,0,0,0,0.00548530941161296,0,0,0,0,0,0,0,0.0002694243798846,0,0,0,0,0,0,0,0.000304163152806667,0,0.00615321298700828,0.000972733565257781,0,0.000242028790274034,0,0
0,0,0,0,0,0.000104886105014943,0,0.00252995419057572,0,0,0,0,0,0.0456037785204475,0,0,0,0,0,0.0421423621685974,0,0,0,0,0,0,0,0,0,0.011545214590578,0,0,0,0,0,0.00186491032532453,0,0.0172535663736153,0,0,0,0,0,0,0,0,0,0,0,0,0,0,0,0.00700526654308138,0,0,0,0.15234510601403,0,0.028287006795019,0,0,0.028207284404357,0,0,0,0,0,0,0,0.000233422219594626,0,0.0189099333840011,0,0,0,0,0,0.00301416952016861,0,0.00582110996390396,0,0.000914411510492212,0,0.000695023464824158,0,0
0,0,0,0,0,0,0.000134740066417329,0,0,0,0.0388273027398731,0,0,0,0.0022405593229982,0,0,0,0,0,0,0,0,0,0,0,0,0,0,0,0,0,0,0,0,0,0,0,0,0,0,0,0,0,0,0,0,0,0,0,0,0,0.00298018679226894,0,0,0,0.0263479890103662,0,0.0171405570936108,0,0.000296714707290773,0,0,0,0,0,0,0,0,0,0,0,0,0,0,0,0,0,0,0,0,0,0.000808770943748773,0,0,0,0
0,0,0,0,0,0,0,0.00248342538680606,0,0,0,0.0456037785204475,0,0,0,0,0,0,0,0,0,0,0,0,0,0,0,0.000805143460176991,0,0.000110585301888984,0,0,0,0,0,0,0,0,0,0,0,0,0,0,0,0,0,0,0,0,0,0.0014784827624111,0,0.000982509533603904,0,0,0,0.0209893620598403,0,0.142245979413219,0,0.0604335331390288,0,0,0,0,0,0,0,0,0,0,0,0,0,0,0,0,0,0,0,0,0.00251125225484159,0.00160044430413671,0,0,0
0,0,0,0,0.000377465330529958,0,0,0,0.0259925956931345,0,0,0,0.0022405593229982,0,0,0,0.0016395373189292,0,0,0,0,0,0,0,0,0,0.0157105623528323,0,0.00107120481628328,0,0,0,0,0,0,0,0,0,0,0,0,0,0,0,0,0,0,0,0,0,0.000823897880975156,0,0,0,0.0321836759007475,0,0,0,0.00503933882586727,0,0.00363809878194101,0,0,0,0,0,0,0,0,0.00400469754821966,0,0,0,0,0,0,0,0,0,0,0,0,0.00074254992598191,7.8303476087557e-06,0,0,0
0,0.000841050523126568,0,0,0,0,0,0,0,0.00200285327372442,0,0,0,0,0,0,0,0.000505633850225585,0,0,0,0,0,0,0,0,0,0,0,0,0,0,0,0,0,0,0,0,0,0,0,0,0,0,0,0,0,0,0,0,0,0.00222394433359621,0,0,0,0.0158199342376529,0,0,0,0.000614624073376899,0,0.155509088599467,0,0,0,0,0,0,0,0,0,0,0,0,0,0,0,0,0,0,0,0,0.000109339026857562,0,0,0,0
1.21972035083668e-05,0,0,5.80597699105875e-05,0,0,0,0,0.00302773434270833,0,0,0,0,0,0.0016395373189292,0,0,0.118338521744842,0.0436821784666286,0,1.89727502689259e-05,0,0.00225228200754291,0.000135799734508142,0.00528213514473624,0,0.0164735838640802,0,0.000430715383289773,0,0,0,0,0,0,8.59288268864756e-05,0,0,0,0.000872459259849361,0.00171394280228284,0.0011295148630743,0.00136759559123971,0.000599090991246395,0,0.000284271169438864,0.000455814504018884,5.20769096228639e-05,0,9.48529521776624e-06,0,0,0,0,0,0,0.000127809782207949,1.97953037153339e-05,0,0,0.000596923222352366,0,5.90741586093501e-05,0.000634450095668294,0,3.81181018382611e-05,0,0,0,0.0068795886726031,0,0,2.01797814109051e-05,0.000130777618377346,0,0,0,0,0.0013218967872911,0.00107697282607703,7.75148336710528e-05,0.000305037021736326,0.0225277554988335,0.00060400019429863,0.00396962011816762,0.000422126589150573,0.00035947430473069
0,0,0,0,0,0,0,0,4.28825025735437e-05,0.000451739781380898,0,0,0,0,0,0.000505633850225585,0.118338521744842,0,0.0550017646476133,0,0,0.00259786587592283,5.7792331034966e-05,0.00553638025208932,0.00103497271593571,0.029501294995108,0.000118081389667547,0,0,0,0,0,0,0,0,2.04521040856343e-06,0,0,0,0.00039365687218757,0.000638099705642404,0.000988020593088091,0.000355316641741681,0.000295630785865508,0,8.90757358801438e-06,7.7821954347864e-05,0,0,0,0,0,0,0,0,5.62356098551297e-05,0.000135217564195174,0,0,0,0,1.75320402468968e-05,4.72127762160241e-05,0.000222987081864055,0,0,0.00181385260068436,0,0.00176486552301982,0.000234670062253848,0,0,3.96244433350504e-05,3.73153427883465e-05,0,0,0,0,0.000432592847138271,0.000363480014552868,3.07717314995704e-05,0.000128796066069166,0.0249731424500439,0.00220246328046847,0.0014595301494902,0.000160134114919241,0.000401134379737488
0.000147995813858346,2.19483145726118e-05,3.6152016142542e-05,0.000373109246846494,0,0,0,0,0.00139239368010036,0.000350022194952986,0,0,0,0,0,0,0.0436821784666286,0.0550017646476133,0,0,2.64472622849435e-05,0,0,6.5479444064783e-05,0.000295202554712168,0,0.000107098528817925,0,0,0,0,0,0,0,0,0.000195078832724263,3.36474716119659e-05,5.23056242463576e-06,1.41642772781375e-05,0.0137409177887209,0.017311325540768,0.027924540664382,0.0102026948134267,0.00887207897113605,0,0.00165929094199425,0.00602555824659238,0.000249960367899593,1.86037218813506e-05,0.000548227941288664,4.66370033461909e-05,6.63587649089598e-06,0,0,0,5.94038211977285e-06,0.00162628237054918,0.000535301523135332,0,0,0,0,0.00141977311363027,0.00464360756172009,0,0,0,0,0,5.088541028521e-05,0,0,0.00122997267294375,0.00225944518282449,0,0,0,0,0.00990918129974882,0.00982093087012218,0.00122389851862076,0.00278379305645291,0.0161636686486557,0.000152948727086993,0.0400737542480313,0.0186380798246952,0.00667808799841283
0,0,0,9.95836118161519e-05,0,0.0244485466928723,0,0,0,0,0,0.0421423621685974,0,0,0,0,0,0,0,0,0,0,0,0,0,0,0,0,0,0,0,0,0,0,0,0.00821970783082631,0,0.00680694664336496,0,0,0,0.000110102244792317,0,0,0,0,0,0,0,0,0,0,0,0,0,0,0,0.00233362913581037,0,0,0,0,0.0953316383588378,0,0,0,0,0,0,0,0,0,0,0,0,0,0,0,0.00622194700204135,0,0.00182053333593374,0,0.000846223753801057,9.71903212832015e-06,0.00825534441869188,0,0
0,0,0,0,0.0104645126010245,0,0.000392676502246787,0,0,0,0.0377868059559442,0,0,0,0,0,1.89727502689259e-05,0,2.64472622849435e-05,0,0,0,0,0,0,0,0,0,0,0,0,0,0,0,0,0,0.0045595654213161,0,0.00401009537716853,0,0.000369743761253743,0,0.000146850076570317,0,0,0,0.000205721638283044,0,0.000285665335644601,0,0.00168287137576526,0,0.00641655940236438,0,0,0,0.00442973465346866,0,0,0,0,0,0,0.0309459825067291,0,0,0,0,0,0,0,0,0,0.000787236112752837,0,0,0,0,0,0.00878112507191828,0,0.004341841287419,0.002632039372643,8.04538857135669e-06,0.00470076794662547,0,0
0,0,0,0,0,0,0,0,0,7.78216696054913e-05,0,0,0,0,0,0,0,0.00259786587592283,0,0,0,0,0.0100936405985428,0.00966424905584065,0,0.00416869094213571,0,0.00420531943712973,0,0,0,0,0,0,0,0,0,0.0154900070920381,5.22629265765687e-05,0,0,0,0,0,0,0,0,0.000113011967654759,7.83930505080996e-06,0.00485829343426123,0,0,0,0,0,0,0,0,0,0,0,0,0,0,0.223844386545446,0.00685731701814044,0.00277958480553112,0,0,0,0.0132838935736117,0,0,0,0,0,0,0,0,0,0.019067016624784,0.0022905128764244,0.0052493168420234,0.00138249015292627,1.30825837137307e-05,0,0
0,0,0,0,0,0,0,0,0,0,0,0,0,0,0,0,0.00225228200754291,5.7792331034966e-05,0,0,0,0.0100936405985428,0,0,0.00584958077844874,0,0.0045612643981448,0,0.00378500013519977,0,0,0,0,0,0,0,0,9.95885965425533e-05,0.0124588013527397,0,9.36335718450937e-06,0,5.24992448314626e-06,0,0,0,0,0,0.00717837491053534,0,0,0,0,0,0,0,0,0,0,0,0,0,0,0,7.10931528604113e-05,0.23804168537418,0,0.0100907367774758,0,0.00765264962418196,0,0.00549336710321812,0,0,0,0,0,0,0,0,0,0.0181140015765068,0.00282417573608488,0.000489069767409229,0.000185257213238632,0,0
0,0,0,0,0,0,0,0,0,0.00635935125572624,0,0,0,0,0,0,0.000135799734508142,0.00553638025208932,6.5479444064783e-05,0,0,0.00966424905584065,0,0,0,0.158365033771522,0,0,0,0,0,0,0,0,0,0,0,0.0119154514483867,0,0,0,0,0,0,0,0,0,0,0,0,0,0,0,0,0,0.00256765146417345,0,0,0,0,0,0,0,0,0.00779123278575709,0,0.186747531697345,0,0.0112160626485064,0,0,0,0,0,0,0,0.00131884194762928,0,0,0,0.0135107082260062,0,0.00138430362473108,0,0.00166212179890997,0,0
0,0,0,0,0,0,0,0,0.00575604435611629,0,0,0,0,0,0,0,0.00528213514473624,0.00103497271593571,0.000295202554712168,0,0,0,0.00584958077844874,0,0,0,0.0616795187378565,0,0,0,0,0,0,0,0,0,0,0,0.00238173688564241,0,0,0,1.46704663413844e-05,0,0,0,0,0,0.00628855739739987,0,0,0,0,0,0.00104079024672861,0,0,0,0,0,0,0,0,1.86535086145473e-05,0,0.00119728732607423,0,0.0800610538705096,0,0.0317910908470074,0,0,0,0,0,0,0,0,2.77212935666969e-05,0,0,0.0028301619015883,0.000471554088282041,0,0.00110020154554393,0,0
0,0,0,0,0,0,0,0,0,0,0,0,0,0,0,0,0,0.029501294995108,0,0,0,0.00416869094213571,0,0.158365033771522,0,0,0,0.00677863377187929,0,0,0,0,0,0,0,0,0,0,0,0,0,0,0,0,0,0,0,0,0,2.74078101923545e-05,0,0,0,0,0,0.000136265801308606,0,0,0,0.00400733929633359,0,0.00872608864975893,0,0,0.0189106589837444,0,0.086826263607157,0,0.0428093889157234,0,0.00490842702223074,0,0,0,0,0,0,0,0,0,0,0,0.000262603716565344,0,0,0,0
0,0,0,0,0,0,0,0,0.000357445174170398,0,0,0,0,0,0.0157105623528323,0,0.0164735838640802,0.000118081389667547,0.000107098528817925,0,0,0,0.0045612643981448,0,0.0616795187378565,0,0,0,0.00511776086517664,0,0,0,0,0,0,0,0,0,0,0,0,0,0,0,0,0,0,0,0.000593630650835766,0,0,0,0,0,0.00197339360032432,0,0,0,0,0,0.000152099346059627,0,0,0,0,3.01679994600219e-05,0,0.288431593626755,0,0.0639334686623129,0,0,0,0,0,0,0,0,0,0,0,1.88457536440499e-05,0.00297634928941255,0,0,0,0
0,0,0,0,0,0,0,0,0,0,0,0,0,0.000805143460176991,0,0,0,0,0,0,0,0.00420531943712973,0,0,0,0.00677863377187929,0,0,0,0.0928402609542292,0,0,0,0,0,0,0,0.000743620033900995,0,0,0,0,0,0,0,0,0,0,0,0,0,0,0,0,0,0,0,0,0,0.0072591057270945,0,0.000914393609740369,0,0,0.00107154671090241,0,0,0,0.0315583001415866,0,0.13661818421898,0,0.00732629428593306,0,0,0,0,0,0,0,1.65203236974776e-05,0,0.000661054585772088,1.86768679668603e-05,0,0,0
0,0,0,0,0,0,0,0,0,0,0.00243512406975443,0,0,0,0.00107120481628328,0,0.000430715383289773,0,0,0,0,0,0.00378500013519977,0,0,0,0.00511776086517664,0,0,0,0.097657650172857,0,0,0,0,0,0,0,0.00210843582575236,0,0,0,0,0,0,0,0,0,0,0,0,0,0,0,0,0,0.000749298417059744,0,5.54446669411846e-05,0,0,0,0,0,0,0,0,0,0,0,0,0.0269363026014847,0,0.147811697540539,0,0,0,0,0,0,0,0.00108891993261306,0.00106614802435196,0,0,0,0
0,0,0,0,0,0,0,0,0,0,0,0.011545214590578,0,0.000110585301888984,0,0,0,0,0,0,0,0,0,0,0,0,0,0.0928402609542292,0,0,0,0,0,0,0,0,0,0.0105896910551376,0,0,0,0,0,0,0,0,0,0,0,0,0,0,0,0,0,0,0,0.00263359361149584,0,0.00565174824177127,0,0,0,0,0,0,0,0,0,0,0.0602393499404156,0,0.0898086298351518,0,0,0,0,0,0,0,0.00542171594698723,0,0.000241093696776305,0,0,0,0
0,0,0,0,0,0,0,0,0,0,2.11023861081053e-05,0,0,0,0,0,0,0,0,0,0,0,0,0,0,0,0,0,0.097657650172857,0,0,0,0,0,0,0,0,0,0.00173784104768723,0,0,0,0,0,0,0,0,0,0,0,0,0,0,0,0,0,0,0,0,0,0,0,0,0,0,0,0,0,0,0,0,0.00583235596237932,0,0.0466892234469758,0,0,0,0,0,0,0,0.00105900991321187,0.000155774793949363,0,0,0,0
0,0,0,0,0,0,0,0,0,0,0,0,0,0,0,0,0,0,0,0,0,0,0,0,0,0,0,0,0,0,0,0,0.155103463614531,0.00201826097541483,0.00146529504232235,0.00801120233383135,0,0,0,0,0,0,0,0,0,0,0,0.134916794749207,0,0,0,0,0,0,0,0,0,0,0,0,0,0,0,0,0,0,0,0,0,0,0,0,0,0,0.0719420836380069,0.11118763272373,0,0.000826942491748313,0.00975338060317914,0,0,0,0.000314685905865503,0,0,0,0
0,0,0,0,0,0,0,0,0,0,0,0,0,0,0,0,0,0,0,0,0,0,0,0,0,0,0,0,0,0,0,0.155103463614531,0,0.000518713079185387,0.00319088379584375,0.00108684315834395,0.00340670742497811,0,0,0,0,0,0,0,0,0,0,0.0222839597891207,9.44370485181281e-05,8.42440893714736e-05,0,0,0,0,0,0,0,0,0,0,0,0,0,0,0,0,0,0,0,0,0,0,0,0,0.156332501397313,0.46914700324941,0,0.00356522387600926,0.000716711713973564,0.00751844955721741,0,0,0.000340525499133048,0,0,0,0
0,0,0,0,0,0,0,0,0,0,0,0,0,0,0,0,0,0,0,0,0,0,0,0,0,0,0,0,0,0,0,0.00201826097541483,0.000518713079185387,0,0.143415183804022,0.00144446229317855,8.5304672234128e-05,0.00321682467446366,0.000148139610349895,0,0,0,3.33616919831557e-05,0,0,0,0,0.258427070429772,0.000501855076508055,0.00082731650045585,0,0,0,0,0,0,0,0,0,0,0,0,0,0,0,0,0,0,0,0,0,0,0,0,0.00317487577554299,0.000911456984669086,0.0954017285330644,0.126707627385736,0.00702715000234485,0,0.0038669186636047,0,0.000996766258556729,6.62101076431532e-06,1.32106607589159e-05,0,0
0,0,0,0,0,0,0,0,0,0,0,0,0,0,0,0,0,0,0,0,0,0,0,0,0,0,0,0,0,0,0,0.00146529504232235,0.00319088379584375,0.143415183804022,0,0,0.0108602056722619,0.000239100772929503,0.00985881292961722,0,0,0,0,0,0,0,0,0.147469734482143,0.000218728274513661,6.68289237322919e-05,0,0,0,0,0,0,0,0,0,0,0,0,0,0,0,0,0,0,0,0,0,0,0,0,0,0.00042741140477864,0.0751319347343461,0.103725875989068,0,0.00255100781456908,0,0.00414023628680369,0.00120740221102927,0.000196853761903875,0,0,0
0,0,0,2.32355614665904e-06,0,0,0,0,0,0,0,0.00186491032532453,0,0,0,0,8.59288268864756e-05,2.04521040856343e-06,0.000195078832724263,0.00821970783082631,0,0,0,0,0,0,0,0,0,0,0,0.00801120233383135,0.00108684315834395,0.00144446229317855,0,0,0.0102277013679762,0.0186009813584032,0.000356488981145695,0.000146306134239106,2.62664495094794e-06,0.000198775282448313,0,2.75973593755541e-05,0,0.000929969037516123,0,0.00073536514114384,8.57358209657805e-05,0.000595645773913747,0,0,0,0,0,0,0,1.26981676991542e-06,0,0,0,0,0.0123893199676955,0,0,0,0,0,0,0,0,0,2.66819435497281e-06,0,0.00612765488490898,0.000101399901738444,0.00230542435142505,0,0.128695563360702,0.00855869876791568,0.00240890310017876,0,0.00308171998509195,0.000805964789694571,0.002360051206862,2.84144985578908e-05,1.38055786464766e-05
3.39405898726528e-06,0,0,0,2.27919232852944e-05,0,0.000254545624573187,0,0,0,0.00126237721886891,0,0,0,0,0,0,0,3.36474716119659e-05,0,0.0045595654213161,0,0,0,0,0,0,0,0,0,0,0,0.00340670742497811,8.5304672234128e-05,0.0108602056722619,0.0102277013679762,0,8.21422638527659e-05,0.0225954845075813,0,2.37533891682213e-05,5.3044417513005e-06,2.17754065021393e-05,0,0,0,3.33067187836302e-05,0.000464374430038144,0.000293372124805351,5.12264877060878e-05,0,0,0,0,0,0,0.000118776372813259,0,0,0,0,0,0,0.00556403351358237,0,0,0,0,0,0,0,0,0,2.27749031108648e-06,2.5269503169699e-05,0.00303260678880525,0.000485270827506274,0.0113173803655026,0.00401812960538554,0.106782838819598,0,0.00271173552174765,0.00828293030502233,0.00392468942658863,0.00223409787424333,0,0
2.61208454263969e-05,0,0,0,0,0,0,0,0,0.00237121268437839,0,0.0172535663736153,0,0,0,0,0,0,5.23056242463576e-06,0.00680694664336496,0,0.0154900070920381,9.95885965425533e-05,0.0119154514483867,0,0,0,0.000743620033900995,0,0.0105896910551376,0,0,0,0.00321682467446366,0.000239100772929503,0.0186009813584032,8.21422638527659e-05,0,0.00720283772152949,0,0,6.98313754025784e-05,8.38463901074679e-05,0,0,0,0,0.0152037378268278,0.00011008868355472,0.00465220265789656,0,0,0,0,0,6.26591345213288e-05,7.46111203048455e-06,0.00517527870050368,0,0,0,0,0.00312117793162225,0,0.0143803368824285,5.766820922221e-05,0.00403540131529604,0,0,0,0.00233978166666205,0,0.0159421404723828,0,0,0,0.0052957364890978,0.00105037345713242,0.0145181790967001,4.17156298341696e-05,0.184655981985991,0.00897208300866708,0.00511494732459626,0.000793756564464777,0.00158111180237667,0,0
0,0,0,0,0,0,0,0,0.000980026946181049,0,0.0179271048598762,0,0,0,0,0,0,0,1.41642772781375e-05,0,0.00401009537716853,5.22629265765687e-05,0.0124588013527397,0,0.00238173688564241,0,0,0,0.00210843582575236,0,0.00173784104768723,0,0,0.000148139610349895,0.00985881292961722,0.000356488981145695,0.0225954845075813,0.00720283772152949,0,0,2.31073487414195e-05,0,2.21273985871876e-05,0,0,0,3.64241861103883e-06,0.00956575321907428,0.016051439656307,0,0,0,0,0,0.00435452610172784,0,0.000364227094834231,0,0,0,0,0,0,0.000448141629589303,7.32914494501675e-05,0.00913869954394567,0,0.00483490765006432,0,0,0,0.00149526119085871,0,0.000199280573616462,0,0,0,0.00752095616203189,0.000403762510133027,0.0164038237082416,0.00439682812680818,0.165676987331529,0.00858045635334274,0.000165586787352342,0.00323963024784709,0,0
0,0,0,0.00117933651686911,0,0,0,0,0,4.18426950071621e-05,0,0,0,0,0,0,0.000872459259849361,0.00039365687218757,0.0137409177887209,0,0,0,0,0,0,0,0,0,0,0,0,0,0,0,0,0.000146306134239106,0,0,0,0,0.000459903069613087,0.0347475849220108,0.000137757580270936,0.00867660547429576,0,0.00586686414738707,0.000162719293085298,0.00295039413655158,0,0.0366798634033303,0,5.65869490103887e-05,0,0,0,5.56536569947218e-05,5.24331194319289e-05,0.000258465813738408,0,0,0,2.38755412267616e-05,0.0220212573968628,0.000107839806443862,0,0,0,0,0,0,0,0,0.000319824046244977,0.000268171543200643,0,0,0,0,0.00813579584869838,0.000154847378913486,0.000523100449390639,3.92192394284752e-05,0.000692706844985851,2.03892459477791e-05,0.0413161266661266,0.00709553240715585,0
0.000332709528412359,0,0.000525119561881448,0,0,0,0,0,0,8.15448293951743e-05,0,0,0,0,0,0,0.00171394280228284,0.000638099705642404,0.017311325540768,0,0.000369743761253743,0,9.36335718450937e-06,0,0,0,0,0,0,0,0,0,0,0,0,2.62664495094794e-06,2.37533891682213e-05,0,2.31073487414195e-05,0.000459903069613087,0,0.000720123525894049,0.0341816945028402,0.000237926773545951,0.000128501680460772,0.000106730236974828,0.0147452551442819,0,0.0121306134612409,0,0.000130366222170943,0,0,0,0.00014971572550009,0,0.00122112452929675,0,0.000160337140098232,0,0,0,3.99483523875272e-05,0.0245185167622952,0,0,0,0,0,0,0,0,0.000171647860847189,0.00111206447613977,0,0,0,0,0.000268226351755203,0.0115740764348375,4.13462270541808e-06,0.00167550886255519,0.00156227117603801,2.79466545444539e-05,0.0245125825036967,0.000499385086620624,0.0196984268167611
1.01480299338476e-05,0.00287690596447609,0,0.00449340555046181,0,9.32106847409214e-05,0,0,0,0.00631398742781376,0,0,0,0,0,0,0.0011295148630743,0.000988020593088091,0.027924540664382,0.000110102244792317,0,0,0,0,0,0,0,0,0,0,0,0,0,0,0,0.000198775282448313,5.3044417513005e-06,6.98313754025784e-05,0,0.0347475849220108,0.000720123525894049,0,0.0134526201734258,0.00299850201917742,1.32078008680144e-05,0.00337866599243577,0.000142752920483109,0.00307820570799078,0.000128395860896371,0.00612928214592235,0,0.000237317697413765,0,0,0,0.000609111673635426,5.24268013330202e-05,0.00602491206716339,0,0,0,2.43358644141427e-05,0.00284391919441036,0.000195284882002345,1.46403379722507e-05,0,0.000283741438446113,0,0,0,0,0,0.0161417979448354,0.0001595303871194,0,0,3.81895236193394e-05,0,0.0108460619200023,0.000351218642617498,0.000870891487620685,0.000201483270838361,0.00500339850729543,0.000108900828964262,0.121019082314765,0.0678546163821911,0.000230963167066719
0.00286341863998719,0,0.00181723711750273,6.85758919725574e-06,0.000105732979427887,0,0,0,0.000700279212979141,5.15680756138868e-05,0,0,0,0,0,0,0.00136759559123971,0.000355316641741681,0.0102026948134267,0,0.000146850076570317,0,5.24992448314626e-06,0,1.46704663413844e-05,0,0,0,0,0,0,0,0,3.33616919831557e-05,0,0,2.17754065021393e-05,8.38463901074679e-05,2.21273985871876e-05,0.000137757580270936,0.0341816945028402,0.0134526201734258,0,0.000117874381693043,0.000433591518648458,0.000107293922367026,0.00403137443688077,0.00437296180964582,0.0165956130317253,0.00019820975109316,0.000867644673348873,0,0,0,0.000381245508055241,1.67107700273349e-05,0.025910855634565,0,8.56690526102532e-05,0,0,0,1.65405132145332e-05,0.0188533138548792,1.20427255228157e-05,3.81174240530923e-05,0,3.64968218506383e-05,0,0,0,0,3.8754194160519e-05,0.0100402752794656,0,0,7.93900581941549e-05,0,0.000141777043497036,0.0142170067881735,0.000160437498389517,0.00308877531855235,0.00412690274308395,3.9674166597795e-05,0.10220959626019,0.00041823840614487,0.0455553611188368
0,7.88112190775072e-05,0,6.91474232067764e-05,0,0,0,0,0,0,0,0,0,0,0,0,0.000599090991246395,0.000295630785865508,0.00887207897113605,0,0,0,0,0,0,0,0,0,0,0,0,0,0,0,0,2.75973593755541e-05,0,0,0,0.00867660547429576,0.000237926773545951,0.00299850201917742,0.000117874381693043,0,0,0.00013360918905591,0,8.70548399347672e-05,0,0.000162348235736159,0,0,0,0,0,0,0,2.46619775002478e-05,0,0,0,0,0.000772806092681179,0,0,0,0,0,0,0,0,0,0.000312705342630001,0,0,0,0,0,0.00245947619656697,4.96760311008139e-05,0.000529661448702115,0,0.000266380006991236,0,0.00460841962554338,0.00413650603549854,0
0,0,0,0,0,0,0,0,0,0,0,0,0,0,0,0,0,0,0,0,0,0,0,0,0,0,0,0,0,0,0,0,0,0,0,0,0,0,0,0,0.000128501680460772,1.32078008680144e-05,0.000433591518648458,0,0,0,0,0,0,0,0,0,0,0,0,0,0,0,0,0,0,0,0,7.52880695980933e-05,0,0,0,0,0,0,0,0,0,0,0,0,0,0,0,1.44962963863607e-05,0,0,0,0,0.000733438790800793,0,0
0,0,0,0.000167444668615103,0,0,0,0,0,0,0,0,0,0,0,0,0.000284271169438864,8.90757358801438e-06,0.00165929094199425,0,0,0,0,0,0,0,0,0,0,0,0,0,0,0,0,0.000929969037516123,0,0,0,0.00586686414738707,0.000106730236974828,0.00337866599243577,0.000107293922367026,0.00013360918905591,0,0,6.33407596553515e-05,0.000534972882607756,0.000239688312294902,0.00229994024267748,0,1.48166561933663e-05,0,0,0,0,3.76165799895328e-05,0.000702615127657642,0,0,0,0,0.0738525614224437,3.9188276383779e-05,0,0,0,0,0,0,0,0,0.00217629247626831,0,0,0,0,0,0.0122601197819062,5.68752517288108e-06,0.00330220287120517,0,0.000383630948681957,3.03564049509212e-05,0.0364674814118409,0.000250571499649919,0
0,0,0.00016739116742142,0,0,0,0,0,0,0,0.000214590369372679,0,0,0,0,0,0.000455814504018884,7.7821954347864e-05,0.00602555824659238,0,0.000205721638283044,0,0,0,0,0,0,0,0,0,0,0,0,0,0,0,3.33067187836302e-05,0,3.64241861103883e-06,0.000162719293085298,0.0147452551442819,0.000142752920483109,0.00403137443688077,0,0,6.33407596553515e-05,0,1.00452147725144e-05,0.000721794953666318,0,6.45080786762391e-05,0,0,0,1.63672749217057e-05,0,0.00250930938817234,0,2.318082112291e-05,0,0,0,7.27927812564358e-05,0.0092013173865543,0,0,0,0,0,0,0,0,2.48840801631634e-05,0.00104794884046949,0,0,0,0,0.000103678441842791,0.00553896437869444,1.53333771768389e-05,0.00139798566452514,0.000373506967548811,1.41988326402821e-05,0.0117755415004439,0.00013393781155913,0.0003969632536159
3.23160788306396e-05,5.65874094113758e-05,0,0.000398504545558362,0,7.1947763137974e-05,0,0,0,3.96670479087045e-05,0,0,0,0,0,0,5.20769096228639e-05,0,0.000249960367899593,0,0,0.000113011967654759,0,0,0,0,0,0,0,0,0,0.134916794749207,0.0222839597891207,0.258427070429772,0.147469734482143,0.00073536514114384,0.000464374430038144,0.0152037378268278,0.00956575321907428,0.00295039413655158,0,0.00307820570799078,0.00437296180964582,8.70548399347672e-05,0,0.000534972882607756,1.00452147725144e-05,0,0.142449316543535,0.0472060549368729,0,0,0,0,0,6.80177712771785e-05,0,0,0,0,0,0,2.7372091282001e-05,4.69513925367167e-05,2.67724081452194e-05,3.4054888161153e-05,0,0.00011645459332705,0,0,0,0,6.75916111892122e-06,0,0.358484547819471,0.317602375052821,0.0936778536447075,0.0159169932168543,0.00710660411393339,0.0140853715999367,0.011311667690229,0.0006540055546841,0.00708137837174046,2.71034740892341e-06,0.0210523854155704,3.60463231046972e-05,1.4604038663206e-05
0.0390804358824,2.21726034039804e-05,0.00739364363424507,0.000301834317225657,0.00025269035040772,0,0,0,0.00327984561262875,5.60898207466703e-05,0,0,0,0,0,0,0,0,1.86037218813506e-05,0,0.000285665335644601,7.83930505080996e-06,0.00717837491053534,0,0.00628855739739987,0,0.000593630650835766,0,0,0,0,0,9.44370485181281e-05,0.000501855076508055,0.000218728274513661,8.57358209657805e-05,0.000293372124805351,0.00011008868355472,0.016051439656307,0,0.0121306134612409,0.000128395860896371,0.0165956130317253,0,0,0.000239688312294902,0.000721794953666318,0.142449316543535,0,0.00374597442410536,0.000896676983029825,0,0,0,0.00637537312207913,3.85530739057099e-05,0.000664830073071715,0,0.000392727778285411,0,0.00697318553973743,0,1.13555040767878e-05,0.00526477030170283,0,0.012902103880843,0,0.0178349546258841,0,0.00178436631712955,0,0.00295233144543952,0,0.000404895379304801,5.21075780700298e-05,0.000255961339740945,6.77864919549145e-05,0,2.80713146530968e-06,0.00390566281871313,6.80055026861806e-05,0.011177154646332,0.00341750757829883,4.65854381896291e-06,0.0338063248106114,5.4839018811443e-05,9.20888996042693e-05
0,0.00305849697044059,0,0.00530815403128591,0,0.00060417315845304,0,0,0,0.000848716334130126,0,0,0,0,0,0,9.48529521776624e-06,0,0.000548227941288664,0,0,0.00485829343426123,0,0,0,2.74078101923545e-05,0,0,0,0,0,0,8.42440893714736e-05,0.00082731650045585,6.68289237322919e-05,0.000595645773913747,5.12264877060878e-05,0.00465220265789656,0,0.0366798634033303,0,0.00612928214592235,0.00019820975109316,0.000162348235736159,0,0.00229994024267748,0,0.0472060549368729,0.00374597442410536,0,0,0.000154791159765614,0,0,0,0.00273961370206918,0,0.0021096712358582,0,0,0,1.30660852584884e-05,0.000220339861209429,0,0.00467094332184646,0,0.0033869791345545,0,0.0142507934911953,0,0.00503928225626379,0,0.00232230169037545,0,0,2.73901322440861e-05,0.00272841823281881,0,0.00348915175301012,3.36803270880676e-06,0.000670440291337931,0,0.00150535652776957,1.81986782352102e-05,0.0286709539420781,0.000771050279330598,0
0.000199615738028367,0,0.00180221317684818,0.000155674299871164,0.232637746461262,0,0.00130585377883039,0,0.00440313301347327,0,0.000816331706318623,0,0,0,0.000823897880975156,0,0,0,4.66370033461909e-05,0,0.00168287137576526,0,0,0,0,0,0,0,0,0,0,0,0,0,0,0,0,0,0,0,0.000130366222170943,0,0.000867644673348873,0,0,0,6.45080786762391e-05,0,0.000896676983029825,0,0,0,0,0,0.013686280710633,0,0.0161688931978521,0,0.000129966468261568,0,0.00690304000087118,0,0,0.00366937398346131,0,0,0,0,0,0,0,0,0,0,0,0,0,0,0,2.23053709979129e-05,0,7.68708972133597e-06,0.0009167065909331,0,0.00682110991884606,0,0
0,0,0,0.0416477973505886,0,0.0827559397193729,0,0.0178373548230697,0,0,0,0,0,0.0014784827624111,0,0.00222394433359621,0,0,6.63587649089598e-06,0,0,0,0,0,0,0,0,0,0,0,0,0,0,0,0,0,0,0,0,5.65869490103887e-05,0,0.000237317697413765,0,0,0,1.48166561933663e-05,0,0,0,0.000154791159765614,0,0,0,0.00179739130441524,0,0,0,0.000151823799822827,0,0.00623565458639339,0,0.00671554561117543,0,0,0,0,0,0,0,0,0,0,7.10425598260522e-05,0,0,0,0,0,2.7578880992222e-05,0,0,0,0.0014831075767721,0,0.00173753953358858,9.32008285433571e-05,0
0,0,0,0,0,0,0.0692863412591747,0,0,0,0.0106032138017093,0,0.00298018679226894,0,0,0,0,0,0,0,0.00641655940236438,0,0,0,0,0,0,0,0,0,0,0,0,0,0,0,0,0,0,0,0,0,0,0,0,0,0,0,0,0,0,0,0,0,0,0,0.0516706723663374,0,0,0,0,0,0,4.06660071398269e-05,0,0,0,0,0,0,0,0,0,0,0,0,0,0,0,0,0,0,0.000655617442674016,0,0,0,0
0,0,0,0,0,0,0,0.0733618632298123,0,0,0,0.00700526654308138,0,0.000982509533603904,0,0,0,0,0,0,0,0,0,0,0,0,0,0,0,0,0,0,0,0,0,0,0,0,0,0,0,0,0,0,0,0,0,0,0,0,0,0.00179739130441524,0,0,0,0,0,0.0144483739418145,0,0,0,0,0.000976254777550392,0,0,0,0,0,0,0,0,0,0,0,0,0,0,0,0,0,0,0,0.000481225286829692,0,0,0,0
0.00903497809579715,0,0.000512509486502943,0,0,0,0,0,0.149089802695985,0,0,0,0,0,0.0321836759007475,0,0,0,0,0,0,0,0,0,0.00104079024672861,0,0.00197339360032432,0,0,0,0,0,0,0,0,0,0,0,0.00435452610172784,0,0.00014971572550009,0,0.000381245508055241,0,0,0,1.63672749217057e-05,0,0.00637537312207913,0,0.013686280710633,0,0,0,0,0,5.28946725636924e-05,0,0,0,0.0338183845076926,0,0,8.69749346203014e-05,0,0,0,0.0424320491558328,0,0.000967819942161441,0,0,0,0,0,0,0,0,0,0,0,0.00578198736972137,0.00029141851871505,0,0.000834761741635692,0,0
0,0.142395961530912,0,0.059742389145126,0,0,0,0,0,0.106385915059672,0,0,0,0,0,0.0158199342376529,0,5.62356098551297e-05,5.94038211977285e-06,0,0,0,0,0.00256765146417345,0,0.000136265801308606,0,0,0,0,0,0,0,0,0,0,0,6.26591345213288e-05,0,5.56536569947218e-05,0,0.000609111673635426,1.67107700273349e-05,0,0,0,0,6.80177712771785e-05,3.85530739057099e-05,0.00273961370206918,0,0,0,0,0,0,0,5.86682731458393e-05,0,0,0,0.0492876045210801,0,0,0,0,0.0989531369989777,0,0,0,0,0,0.000135675358247569,0,0,0,0,0,1.38454886265794e-05,0,8.51467499897889e-05,0,0.000601803936072968,1.32551750145214e-06,0.00389515860047453,0,0
6.36487163206776e-05,0,0.000701442946705347,0,0.000854362379356669,0,0.00809949357266695,0,0,0,0.104872172016987,0,0.0263479890103662,0,0,0,0.000127809782207949,0.000135217564195174,0.00162628237054918,0,0.00442973465346866,0,0,0,0,0,0,0,0.000749298417059744,0,0,0,0,0,0,0,0.000118776372813259,7.46111203048455e-06,0.000364227094834231,5.24331194319289e-05,0.00122112452929675,5.24268013330202e-05,0.025910855634565,0,0,3.76165799895328e-05,0.00250930938817234,0,0.000664830073071715,0,0.0161688931978521,0,0.0516706723663374,0,5.28946725636924e-05,0,0,0,0.0304116854707487,0,0,0,2.11514014606935e-05,0.022871244999786,0,0,0,0,0,0,0,0.00102043319150636,0,0.0200739125720578,0,0,0,0,2.49779242220379e-05,0.000361099147395263,0,0.000307037378027347,0.00176342334353622,1.32931432864301e-05,0.0320333111449402,0.000195177628393783,0.00409680738358799
0,0,0,0.000506578815192877,0,0,0,0.00423244046265765,0,0,0,0.15234510601403,0,0.0209893620598403,0,0,1.97953037153339e-05,0,0.000535301523135332,0.00233362913581037,0,0,0,0,0,0,0,0,0,0.00263359361149584,0,0,0,0,0,1.26981676991542e-06,0,0.00517527870050368,0,0.000258465813738408,0,0.00602491206716339,0,2.46619775002478e-05,0,0.000702615127657642,0,0,0,0.0021096712358582,0,0.000151823799822827,0,0.0144483739418145,0,5.86682731458393e-05,0,0,0,0.00377793592441335,0,4.35423119816228e-05,0.0046860890446569,9.62848742351893e-05,0,0,0,0,0,0,4.84214615426026e-05,0,0.048450359883474,2.68981581481567e-05,0,0,0,0,0.000114016247706796,1.38004436823876e-06,0.0017652600550275,1.05248192820974e-05,0.000545963739919657,3.50519016942199e-06,0.0141117124915314,0.0023266576030137,0
0,0,0.00161245105508848,0,0,0,0,0,0,0,0.00283842938045246,0,0.0171405570936108,0,0.00503933882586727,0,0,0,0,0,0,0,0,0,0,0,0,0,5.54446669411846e-05,0,0,0,0,0,0,0,0,0,0,0,0.000160337140098232,0,8.56690526102532e-05,0,0,0,2.318082112291e-05,0,0.000392727778285411,0,0.000129966468261568,0,0,0,0,0,0.0304116854707487,0,0,0,0.000190368483302717,0,0,0,0,0,0,0,0,0,0,0,0,2.53569759516871e-05,0,0,0,0,0,0,0,0,0.00119035700829135,0.000337348798706581,0.00164829910924691,0,0
0,0,0,0,0,0,0,0.0133260736137903,0,0,0,0.028287006795019,0,0.142245979413219,0,0.000614624073376899,0,0,0,0,0,0,0,0,0,0.00400733929633359,0,0.0072591057270945,0,0.00565174824177127,0,0,0,0,0,0,0,0,0,0,0,0,0,0,0,0,0,0,0,0,0,0.00623565458639339,0,0,0,0,0,0.00377793592441335,0,0,0,0.0137299937614857,0,0,0,0,0,0,0.00040274010595244,0,4.52673048130237e-05,0,0,0,0,0,0,0,0,0,0,0,0.00081662184796877,0.000675926789463302,0,0,0
0.00127128307973272,0,0,0,0.00360074305199598,0,0,0,0.0169238712244147,0,0,0,0.000296714707290773,0,0.00363809878194101,0,0.000596923222352366,0,0,0,0,0,0,0,0,0,0.000152099346059627,0,0,0,0,0,0,0,0,0,0,0,0,0,0,0,0,0,0,0,0,0,0.00697318553973743,0,0.00690304000087118,0,0,0,0.0338183845076926,0,0,0,0.000190368483302717,0,0,0,0,0,0,0,0,0.000340106392250602,0,0.0031961551735752,0,0,0,0,0,0,0,0,0,0,0,0,6.83823855058706e-05,0,0,0,0
0,0.013340635345724,0,0.00249420209311653,0,0.000817214698885266,0,0,0,0.0031080377942408,0,0,0,0.0604335331390288,0,0.155509088599467,0,1.75320402468968e-05,0,0,0,0,0,0,0,0.00872608864975893,0,0.000914393609740369,0,0,0,0,0,0,0,0,0,0,0,2.38755412267616e-05,0,2.43358644141427e-05,0,0,0,0,0,0,0,1.30660852584884e-05,0,0.00671554561117543,0,0,0,0.0492876045210801,0,4.35423119816228e-05,0,0.0137299937614857,0,0,0,0,0,0,0,0,0.026451193826131,0,0,0,2.30274777390775e-05,0,0,0,0,0,3.56219212329361e-06,3.1766044112814e-05,0,0,0.000450370708218558,0,0.000160221581451622,0,0
0,0,0,0,0,0.000470597994842122,0,0.000431437492309917,0,0,0,0.028207284404357,0,0,0,0,5.90741586093501e-05,4.72127762160241e-05,0.00141977311363027,0.0953316383588378,0,0,0,0,0,0,0,0,0,0,0,0,0,0,0,0.0123893199676955,0,0.00312117793162225,0,0.0220212573968628,3.99483523875272e-05,0.00284391919441036,1.65405132145332e-05,0.000772806092681179,0,0.0738525614224437,7.27927812564358e-05,2.7372091282001e-05,1.13555040767878e-05,0.000220339861209429,0,0,0,0.000976254777550392,0,0,2.11514014606935e-05,0.0046860890446569,0,0,0,0,0,1.28823842745763e-05,0,0,0,0,0,0,0,0,0.000600753611074922,8.92656376725882e-06,0,0,0,0,0.0206071516423359,1.60527960356295e-05,0.00260227119155405,1.05770200027147e-05,0.00108960489513003,1.6574972629819e-05,0.0263548561506289,0.000156428080276884,0
0,0,0.000331240620679738,2.38766868293507e-05,0.00304652254418004,0,0,0,0,9.99675542620712e-06,0.00548530941161296,0,0,0,0,0,0.000634450095668294,0.000222987081864055,0.00464360756172009,0,0.0309459825067291,0,0,0,1.86535086145473e-05,0,0,0,0,0,0,0,0,0,0,0,0.00556403351358237,0,0.000448141629589303,0.000107839806443862,0.0245185167622952,0.000195284882002345,0.0188533138548792,0,7.52880695980933e-05,3.9188276383779e-05,0.0092013173865543,4.69513925367167e-05,0.00526477030170283,0,0.00366937398346131,0,4.06660071398269e-05,0,8.69749346203014e-05,0,0.022871244999786,9.62848742351893e-05,0,0,0,0,1.28823842745763e-05,0,0,0,0,0,0,0,0,0,7.15988964614198e-06,0.00830174295806897,0,0,0,0,9.66645946933031e-05,0.0269439929883327,0,0.0148238246437408,0.00206442606866604,2.42879932578315e-05,0.0381044926916188,0,0.000644839216142183
0,0,0,0,0,0,0,0,0,0,0,0,0,0,0,0,0,0,0,0,0,0.223844386545446,7.10931528604113e-05,0.00779123278575709,0,0.0189106589837444,0,0.00107154671090241,0,0,0,0,0,0,0,0,0,0.0143803368824285,7.32914494501675e-05,0,0,1.46403379722507e-05,1.20427255228157e-05,0,0,0,0,2.67724081452194e-05,0,0.00467094332184646,0,0,0,0,0,0,0,0,0,0,0,0,0,0,0,6.71838651903349e-05,0.00943885525606286,0,0,0,0.0147381344476539,0,0,0,0,0,1.53641161596257e-05,0,0,0,0.0129269451628964,0.00022726085274032,0.00211263665377659,0.000248010075068114,3.20215715854224e-05,0,0
0,0,0,0,0,0,0,0,0,0,0,0,0,0,0,0,3.81181018382611e-05,0,0,0,0,0.00685731701814044,0.23804168537418,0,0.00119728732607423,0,3.01679994600219e-05,0,0,0,0,0,0,0,0,0,0,5.766820922221e-05,0.00913869954394567,0,0,0,3.81174240530923e-05,0,0,0,0,3.4054888161153e-05,0.012902103880843,0,0,0,0,0,0,0,0,0,0,0,0,0,0,0,6.71838651903349e-05,0,0,0.00161839024718405,0,0.00332492689984162,0,0.0092734145743322,0,0,0,0,0,0,0,0,0,0.0147272938457076,0.002214595347065,4.81314212115348e-05,0.00112119907325602,0,0
0,0.00240612280321222,0,0,0,0,0,0,0,0.00392646752650205,0,0,0,0,0,0,0,0.00181385260068436,0,0,0,0.00277958480553112,0,0.186747531697345,0,0.086826263607157,0,0,0,0,0,0,0,0,0,0,0,0.00403540131529604,0,0,0,0.000283741438446113,0,0,0,0,0,0,0,0.0033869791345545,0,0,0,0,0,0.0989531369989777,0,0,0,0,0,0,0,0,0.00943885525606286,0,0,0,0.0242604873735639,0,0,0,0,0,0,0,0.000185579152671432,0,0,0,0.011374190567966,0,0.000628251470743999,6.37542329389915e-06,0.00102827239572797,0,0
0,0,0,0,0,0,0,0,0.000103885356084178,0,0,0,0,0,0,0,0,0,0,0,0,0,0.0100907367774758,0,0.0800610538705096,0,0.288431593626755,0,0,0,0,0,0,0,0,0,0,0,0.00483490765006432,0,0,0,3.64968218506383e-05,0,0,0,0,0.00011645459332705,0.0178349546258841,0,0,0,0,0,0.0424320491558328,0,0,0,0,0,0.000340106392250602,0,0,0,0,0.00161839024718405,0,0,0,0.0620837782437878,0,0,0,0,0,0,0,0,0,0,7.76405686630995e-06,0.00639912503587092,5.88530148893342e-06,0,0.0103831502898885,0,0
0,0,0,0,0,0,0,0,0,0,0,0,0,0,0,0,0,0.00176486552301982,0,0,0,0,0,0.0112160626485064,0,0.0428093889157234,0,0.0315583001415866,0,0,0,0,0,0,0,0,0,0,0,0,0,0,0,0,0,0,0,0,0,0.0142507934911953,0,0,0,0,0,0,0,0,0,0.00040274010595244,0,0.026451193826131,0,0,0,0,0.0242604873735639,0,0,0,0.0245395145933503,0,0,0,0,0,0,0,0,0,0,0,0.000249025417020324,0,0,0,0
