0,59.3174076080322,10.3062737924712,0,0,0,0,0,5.0737795042686,0,0,0,0,0,0,0,7.87400215322321,29.706672668457,12.4661409729405,0,0,0,0,0,0,0,0,0,0,0,0,0,0,43.8083953857422,0,0,55.4204933529808,42.1455011782439,15.6421230005664,0,34.0416334533691,43.2647981643677,32.8938130405214,0,0,0,29.4524971280779,31.7146631298643,11.8755900652512,56.3241901397705,0,0,0,0,6.63571082235693,70.1667137145996,20.4338104541485,0,19.323263168335,0,20.3470427773216,0,0,32.2083174387614,0,0,54.4445734024048,0,0,0,0,21.85986328125,0,24.7796585506863,0,0,0,0,0,36.554544024034,47.1253998096173,36.6831823610792,14.6612672096974,39.168025970459,12.6918776912191,0,46.2670555114746
59.3174076080322,0,0,3.8530829779307,0,0,0,0,0,6.95855352770198,0,0,0,0,0,0,28.9143905639648,35.8341655731201,26.0402116434915,0,0,0,0,0,0,0,0,0,0,0,0,0,0,0,0,56.2441787719727,0,19.3634517987569,43.9738141377767,39.1157050132751,0,24.3669884829115,48.852222442627,0,0,40.9502601623535,0,30.1309164220637,0,9.22978059137077,0,0,0,0,0,7.2123781468801,0,15.8824098110199,0,3.90285871426264,0,5.49365091323853,31.9617080688477,0,0,0,0,0,0,0,14.9050776163737,0,28.1547698974609,0,0,0,0,0,38.0826736450195,0,27.4520539408145,46.5893783569336,14.2617589027727,0,15.8403469227212,0,0
10.3062737924712,0,0,0,0,0,0,0,20.7394491434097,0,0,0,0,0,0,0,0,0,86.0688161849976,0,0,0,0,0,28.6755676269531,0,0,0,0,0,0,0,0,0,0,0,60.9935869489397,0,27.1520494981246,0,48.8382574717204,37.5363235473633,33.7323041121165,0,0,0,39.657837677002,0,10.533464413655,0,0,0,0,0,5.96711651484172,0,21.0737191980535,0,9.98021952311198,0,5.46509394645691,0,0,26.5226306915283,0,0,0,0,0,0,0,23.4512119293213,0,28.2170429229736,0,0,0,0,0,52.3873462677002,0,39.9190968600186,20.087122147282,28.4766502380371,24.423021049865,0,40.8656568527222
0,3.8530829779307,0,0,0,0,0,0,0,15.8640823187651,0,0,0,0,0,0,0,0,26.3400192260742,0,0,0,0,0,0,0,0,0,0,0,0,0,0,0,0,31.4341239929199,0,59.4529053370158,0,37.1804828643799,0,30.7857396819375,0,0,0,31.5267300605774,0,0,0,14.3422884745676,0,4.00357294082642,0,0,0,8.47374207323248,0,6.80878512012331,0,5.63081208428184,0,6.92613335323568,25.1223635673523,0,0,0,0,0,0,0,29.3517967224121,0,32.3996422661675,0,0,0,0,0,40.4785482743207,0,36.6881371906825,0,19.2290044329887,24.5303471088409,13.845151871293,0,0
0,0,0,0,0,0,2.83946466445923,0,2.90388536453247,0,0,0,0,0,0,0,0,0,0,0,0,0,0,0,0,0,0,0,0,0,0,0,0,0,0,0,0,0,0,0,0,0,0,0,0,0,0,0,0,0,3.32767526882921,0,0,0,0,0,0,0,0,0,0,0,0,0,0,0,0,0,0,0,0,0,0,0,0,0,0,0,0,0,0,0,0,0,0,0,0
0,0,0,0,0,0,0,0,0,4.20897340774536,0,0,0,0,0,2.88601726293564,0,0,0,0,0,0,0,0,0,0,0,0,0,0,0,0,0,0,0,0,0,0,0,46.7738742828369,0,37.8656489236014,0,0,0,42.478401184082,0,0,0,0,0,5.73651658302826,0,0,0,0,0,0,0,0,0,0,18.0554780960083,0,0,0,0,0,0,0,0,0,0,0,0,0,0,0,113.540687561035,0,0,0,7.75808945916734,21.4501538806491,33.3301610151927,0,0
0,0,0,0,2.83946466445923,0,0,0,0,0,0,0,2.94861033088283,0,0,0,0,0,0,0,14.9971256256104,0,0,0,0,0,0,0,0,0,0,0,0,0,0,0,0,0,0,0,0,0,0,0,0,0,0,0,0,0,3.20738467303189,0,3.9647833279201,0,0,0,4.82604106267293,0,3.5927910606982,0,0,0,0,15.2156060536702,0,0,0,0,0,0,0,0,0,0,0,0,0,0,0,0,0,0,0,0,0,0,0
0,0,0,0,0,0,0,0,0,0,0,3.83068600296974,0,0,0,0,0,0,0,0,0,0,0,0,0,0,0,0,0,0,0,0,0,0,0,0,0,0,0,0,0,0,0,0,0,0,0,0,0,0,0,2.83695340156555,0,2.99222483418205,0,0,0,3.58343154589335,0,2.84394043370297,0,0,0,0,0,0,0,0,0,0,0,0,0,0,0,0,0,0,0,0,0,0,0,0,0,0,0
5.0737795042686,0,20.7394491434097,0,2.90388536453247,0,0,0,0,0,0,0,0,0,2.88675560342505,0,0,0,50.2489709854126,0,36.2605628967285,0,0,0,3.18350052833557,0,3.53679201554279,0,0,0,0,0,0,0,0,0,68.6620407104492,0,7.63474943902757,0,49.7705154418945,0,17.2908022295345,0,0,0,0,0,17.3031144698461,0,0,0,0,0,4.90301787514874,0,19.9066551381891,0,0,0,4.0728317955707,0,0,0,0,0,0,4.62346084912618,0,0,0,18.9018081029256,0,19.7661273710189,0,0,0,0,0,55.8003191266741,0,9.28209495544434,13.0702559418148,3.54561867978838,20.2432621755098,0,0
0,6.95855352770198,0,15.8640823187651,0,4.20897340774536,0,0,0,0,0,0,0,0,0,3.68918844783713,0,61.6589126586914,44.4739837646484,0,0,0,0,6.95986939879025,0,0,0,0,0,0,0,0,0,0,0,23.0926310221354,0,13.4805126496029,0,0,0,16.098318476426,107.053314208984,0,0,0,0,49.1078643798828,0,13.3622685250618,0,0,0,0,0,6.49821830555428,0,19.0830708742142,0,19.3686695098877,0,4.63937446552438,32.3877067565918,0,34.0618686676025,0,7.12588709029392,0,3.26756417751312,0,20.169172445933,0,20.2501380102975,0,0,0,0,0,0,0,13.5115709444424,0,7.90822641578786,6.45361188465987,11.2738707386856,0,0
0,0,0,0,0,0,0,0,0,0,0,0,3.51970166819436,0,0,0,0,0,0,0,4.48377856429742,0,0,0,0,0,0,0,0,0,7.05281899478644,0,0,0,0,0,3.96625825716615,0,5.532657323906,0,0,0,0,0,0,0,0,0,0,0,0,0,0,0,0,0,7.4224936836346,0,3.82779306217758,0,0,0,0,0,0,0,0,0,0,0,0,9.55881707244944,0,7.90428723727062,0,0,0,0,0,7.64102134023394,0,7.40847672072668,3.59087953567505,5.07616138458252,14.7498979568481,0,0
0,0,0,0,0,0,0,3.83068600296974,0,0,0,0,0,3.48020262455722,0,0,0,0,0,6.73647645698197,0,0,0,0,0,0,0,0,0,11.1786254644394,0,0,0,0,0,4.20543366588958,0,6.82649328679691,0,0,0,0,0,0,0,0,0,0,0,0,0,5.29082250595093,0,0,0,0,0,5.63813023634091,0,2.97194948061457,0,0,7.18557298183441,0,0,0,0,0,0,0,2.88057009379069,0,8.1135529161902,0,0,0,0,0,4.12720090548197,0,8.51133749922928,0,4.8270522980885,3.07710640771048,0,0,0
0,0,0,0,0,0,2.94861033088283,0,0,0,3.51970166819436,0,0,0,3.97453031464229,0,0,0,0,0,0,0,0,0,0,0,3.76816283166409,0,3.92805028642927,0,0,0,0,0,0,0,0,0,0,0,0,0,0,0,0,0,0,0,0,0,0,0,0,0,0,0,0,0,3.42959359731122,0,3.38457805193388,0,0,0,0,0,0,0,0,5.6547145476708,0,2.9238155228751,0,0,0,0,0,0,0,0,0,0,3.56600962471716,3.06090781976888,0,0,0
0,0,0,0,0,0,0,0,0,0,0,3.48020262455722,0,0,0,3.1790105899175,0,0,0,0,0,0,0,0,0,0,0,4.15474823982485,0,0,0,0,0,0,0,0,0,0,0,0,0,0,0,0,0,0,0,0,0,0,0,0,0,0,0,0,0,3.97204216321309,0,3.40359507767133,0,3.49741174957969,0,0,0,0,0,0,0,0,3.05662931714739,0,0,0,0,0,0,0,0,0,0,0,3.49121315948299,3.30807663077739,0,0,0
0,0,0,0,0,0,0,0,2.88675560342505,0,0,0,3.97453031464229,0,0,0,0,0,0,0,0,0,0,0,0,0,3.52455615997314,0,0,0,0,0,0,0,0,0,0,0,0,0,0,0,0,0,0,0,0,0,0,0,0,0,0,0,4.21770763397217,0,0,0,0,0,3.31119595302476,0,0,0,0,0,0,0,0,4.45093060864343,0,0,0,0,0,0,0,0,0,0,0,0,2.99317867557208,0,0,0,0
0,0,0,0,0,2.88601726293564,0,0,0,3.68918844783713,0,0,0,3.1790105899175,0,0,41.2481670379639,8.15846290126924,56.7248344421387,0,0,0,0,0,0,0,0,0,0,0,0,0,0,0,0,0,0,0,0,0,0,0,0,0,0,0,0,0,0,0,0,0,0,0,0,3.30506634712219,0,0,0,3.509934425354,0,3.88778575292357,0,0,0,0,0,0,0,0,0,0,0,0,0,0,0,0,0,0,0,0,3.64198355961183,3.49430635240343,0,0,0
7.87400215322321,28.9143905639648,0,0,0,0,0,0,0,0,0,0,0,0,0,41.2481670379639,0,21.7745738162293,16.7702179517583,0,0,26.2966908216476,13.3982445664839,44.0548596382141,7.82965224722157,46.6967606014676,7.4781123879668,0,2.90374556758948,0,0,0,0,0,0,101.380302429199,82.6624944586503,104.177066802979,87.7188892364502,80.416908825145,68.9288538614909,65.6781509074759,47.3265041783754,0,0,75.5526434580485,71.2602900063119,0,59.8088576275369,77.8130416870117,0,0,0,0,0,0,44.8151073455811,0,0,0,0,0,75.6639251708984,74.4763471815321,39.3783168792725,0,0,8.5933895111084,0,0,0,42.6013298034668,68.5252469380697,49.8080960845947,0,0,97.1223335266113,0,88.6957888970008,74.0033356637666,81.1533702305385,65.8094352568039,12.4436695575254,7.50726771187247,62.8490387777264,61.3743880135672,47.2294420762496
29.706672668457,35.8341655731201,0,0,0,0,0,0,0,61.6589126586914,0,0,0,0,0,8.15846290126924,21.7745738162293,0,21.3581808634448,0,0,13.4401947830034,27.8981870015462,10.7730962144838,0,9.92224213822747,35.9710807800293,9.08970832824707,0,0,0,0,0,0,0,89.6318967525776,103.242701212565,102.395020484924,102.61706161499,67.8844309586745,71.8424957538473,51.9935774526574,62.9293873034025,0,0,63.9576899441806,70.8982839082417,0,80.0410936143663,62.5853165520562,0,0,0,0,0,0,65.3850574493408,0,0,0,139.60107421875,3.1645712852478,73.662201139662,74.6929397583008,4.24062690590367,0,3.37003064155579,0,2.85825762152672,0,0,0,57.8973183808503,85.6810281541612,0,0,93.8992284138997,98.8821029663086,77.3173991375499,90.8205237960815,66.3088209525399,77.24032274882,14.6211782042328,5.9874154789171,59.6771708145685,48.0259032930647,57.9564050038656
12.4661409729405,26.0402116434915,86.0688161849976,26.3400192260742,0,0,0,0,50.2489709854126,44.4739837646484,0,0,0,0,0,56.7248344421387,16.7702179517583,21.3581808634448,0,0,0,48.8680553436279,36.3764190673828,46.1615715026855,0,39.0058403015137,40.6205749511719,0,0,0,0,0,0,0,0,79.1552564126474,81.2438406510787,82.2134324709574,72.5628215171195,52.4363617819644,58.9919200323324,31.3401649742384,40.7599286101395,0,8.33571815490723,47.9735628644997,48.3627157638612,69.5556297302246,57.3652495997293,46.2514888431715,119.394004821777,0,0,0,103.639154434204,0,37.6671297285292,27.4887755257743,68.2611293792725,0,33.2204322814941,99.5446624755859,53.8278736174107,54.3680997952258,0,0,0,0,0,0,25.4427444458008,30.9439659118652,37.3897150665966,45.687742966872,0,0,82.8402352766557,87.3663673400879,59.1222216219414,62.0384256988464,52.8444149145559,58.7035674406529,13.3760635170499,34.7254941122873,44.1728011907809,40.9398513570562,40.9957327007574
0,0,0,0,0,0,0,0,0,0,0,6.73647645698197,0,0,0,0,0,0,0,0,0,0,0,0,0,0,0,0,0,22.6116504669189,0,0,0,0,0,5.62946127694546,0,6.13040322006726,0,0,0,38.2998727162679,0,0,0,0,0,0,0,0,0,0,0,0,0,0,0,3.32894863806614,0,0,0,0,5.97221913127338,0,0,0,0,0,0,0,0,0,11.6224848031998,0,0,0,0,0,8.71863833133211,0,14.5138094348292,0,10.2750747956251,23.1314797401428,9.15073643624783,0,0
0,0,0,0,0,0,14.9971256256104,0,36.2605628967285,0,4.48377856429742,0,0,0,0,0,0,0,0,0,0,0,0,0,0,0,0,0,0,0,0,0,0,0,0,0,4.75997589769818,0,5.02688545690742,0,0,0,44.902468363444,0,0,0,13.4310817718506,0,0,0,10.5907117008458,0,10.5679526149102,0,26.5188827514648,0,4.72055817726586,0,15.5204895826486,0,19.0572913487752,0,0,5.11766505074862,0,0,0,0,0,0,0,0,0,0,0,0,0,0,0,5.47740663141699,0,11.1374003673211,12.4537308917326,22.5987815856934,9.85983982792607,0,0
0,0,0,0,0,0,0,0,0,0,0,0,0,0,0,0,26.2966908216476,13.4401947830034,48.8680553436279,0,0,0,3.2429352543009,6.2068402012103,0,5.7531946954273,0,4.42113329088965,0,0,0,0,0,0,0,0,0,6.33061320129512,0,0,0,59.1967658996582,0,0,0,0,0,0,0,4.9237712139779,0,0,0,0,0,0,0,0,0,0,0,0,0,0,4.39687572957609,3.09305050969124,9.7432943162593,0,5.77241497773391,0,4.07118272781372,0,0,0,0,0,13.8204288482666,0,97.7723236083984,0,8.76211944305697,0,4.46078451865893,3.52069152823604,0,0,0
0,0,0,0,0,0,0,0,0,0,0,0,0,0,0,0,13.3982445664839,27.8981870015462,36.3764190673828,0,0,3.2429352543009,0,0,5.41168378640528,0,3.99838267053877,0,3.66968710381876,0,0,0,0,0,0,0,0,0,5.25307499035431,0,0,0,0,0,0,0,0,29.735107421875,4.22959057883461,0,0,0,0,0,0,0,0,0,0,0,0,0,0,0,0,4.15177140756192,0,5.68113539093419,0,5.93454565320696,0,4.04137236581129,0,0,0,0,0,0,0,0,30.5891189575195,8.47787355877342,4.42471598106551,3.58209010902986,0,0,0
0,0,0,0,0,0,0,0,0,6.95986939879025,0,0,0,0,0,0,44.0548596382141,10.7730962144838,46.1615715026855,0,0,6.2068402012103,0,0,0,3.73827605945308,0,0,0,0,0,0,0,0,0,0,0,6.67092177883338,0,0,0,0,0,0,0,0,0,0,0,5.05206552081638,0,0,0,0,0,4.2517100742885,0,16.1881103515625,0,0,0,4.63487411428381,0,0,5.90305502598102,0,5.30155790156766,0,3.7892493380143,0,0,0,0,0,0,0,16.3224282264709,0,0,0,9.13769197300689,0,5.2285867086271,26.1300735473633,0,0,0
0,0,28.6755676269531,0,0,0,0,0,3.18350052833557,0,0,0,0,0,0,0,7.82965224722157,0,0,0,0,0,5.41168378640528,0,0,0,4.25547285682854,0,0,0,0,0,0,0,0,0,0,0,4.82929081141703,0,0,0,0,0,0,0,0,0,12.5753806432088,0,0,0,0,0,3.17991384088177,0,0,0,0,0,0,0,0,0,0,5.94966050970788,0,4.31007876109194,0,3.47336164604534,0,0,0,0,0,0,0,0,0,0,0,9.18352949619293,4.68618159678896,0,22.640251159668,0,0
0,0,0,0,0,0,0,0,0,0,0,0,0,0,0,0,46.6967606014676,9.92224213822747,39.0058403015137,0,0,5.7531946954273,0,3.73827605945308,0,0,0,4.13559837036944,0,0,0,0,0,0,0,0,0,0,0,0,0,70.984504699707,0,0,0,0,0,0,0,0,0,0,0,0,0,0,0,0,0,0,0,3.72813024429175,0,0,2.94760513305664,0,3.17477321624756,0,3.13136947154999,0,0,0,0,0,0,0,0,0,117.90983581543,0,0,0,7.32703090747197,6.33336003621419,0,0,0
0,0,0,0,0,0,0,0,3.53679201554279,0,0,0,3.76816283166409,0,3.52455615997314,0,7.4781123879668,35.9710807800293,40.6205749511719,0,0,0,3.99838267053877,0,4.25547285682854,0,0,0,2.9585907459259,0,0,0,0,0,0,0,0,0,0,0,0,0,0,0,0,0,0,0,0,0,0,0,0,0,0,0,0,0,0,0,0,0,0,0,0,0,0,2.94631814956665,0,4.20294795621116,0,4.2456941318512,0,0,0,0,0,0,0,0,0,0,4.02303241623772,3.34725066118462,0,0,0
0,0,0,0,0,0,0,0,0,0,0,0,0,4.15474823982485,0,0,0,9.08970832824707,0,0,0,4.42113329088965,0,0,0,4.13559837036944,0,0,0,6.99978665484498,0,0,0,0,0,0,0,4.43214961664001,0,0,0,0,0,0,0,0,0,0,0,0,0,0,0,0,0,0,0,0,0,3.13392511435917,0,0,0,0,3.66974322846595,0,0,0,3.45909859152401,0,5.53483151244739,0,13.9325709342957,0,0,0,0,0,0,0,7.06712901592255,0,4.5043167166177,3.42217656728384,0,0,0
0,0,0,0,0,0,0,0,0,0,0,0,3.92805028642927,0,0,0,2.90374556758948,0,0,0,0,0,3.66968710381876,0,0,0,2.9585907459259,0,0,0,2.86912964246212,0,0,0,0,0,0,0,3.82259470682878,0,0,0,0,0,0,0,0,0,0,0,0,0,0,0,0,0,0,0,3.79702698907187,0,0,0,0,0,0,5.10325116437414,0,0,0,2.95735740661621,0,4.32620417018492,0,0,0,0,0,0,0,0,0,3.47991120815277,4.88032032668426,3.7546083182364,0,0,0
0,0,0,0,0,0,0,0,0,0,0,11.1786254644394,0,0,0,0,0,0,0,22.6116504669189,0,0,0,0,0,0,0,6.99978665484498,0,0,0,0,0,0,0,0,0,5.91746943760805,0,0,0,0,0,0,0,0,0,0,0,0,0,0,0,0,0,0,0,14.4450073242188,0,0,0,0,0,0,0,0,0,0,0,0,5.19969411807902,0,5.58539774831136,0,0,0,0,0,0,0,8.41346747428179,0,5.48918598997894,3.16660435240844,0,0,0
0,0,0,0,0,0,0,0,0,0,7.05281899478644,0,0,0,0,0,0,0,0,0,0,0,0,0,0,0,0,0,2.86912964246212,0,0,0,0,0,0,0,0,0,3.48286357907688,0,0,0,0,0,0,0,0,0,0,0,0,0,0,0,0,0,8.03048666885921,0,0,0,0,0,0,0,0,0,0,0,0,0,0,4.8420851709282,0,5.47185459382394,0,0,0,0,0,0,0,5.20401953614276,3.05479803008418,0,0,0,0
0,0,0,0,0,0,0,0,0,0,0,0,0,0,0,0,0,0,0,0,0,0,0,0,0,0,0,0,0,0,0,0,7.91286274622072,3.38263659043746,0,9.59057621448598,10.3863709313529,0,0,0,0,0,0,0,0,0,0,4.91592359958796,0,3.17287826538086,0,0,0,0,0,0,0,0,0,0,0,0,0,0,0,0,0,0,0,0,0,0,0,0,3.22796572860406,6.52881474678333,0,0,13.276335530259,22.9610948880514,0,0,2.91729791959127,0,6.95626735687256,0,0
0,0,0,0,0,0,0,0,0,0,0,0,0,0,0,0,0,0,0,0,0,0,0,0,0,0,0,0,0,0,0,7.91286274622072,0,0,0,0,4.52460857997976,0,0,0,0,0,0,0,0,0,0,4.16644246757913,0,0,0,0,0,0,0,0,0,0,0,0,0,0,0,0,0,0,0,0,0,0,0,0,0,0,7.67400538921356,3.66818023622036,0,3.43579815682911,0,8.07041284860658,0,0,2.75036203861237,0,14.974817276001,0,0
43.8083953857422,0,0,0,0,0,0,0,0,0,0,0,0,0,0,0,0,0,0,0,0,0,0,0,0,0,0,0,0,0,0,3.38263659043746,0,0,7.54956595505834,3.47257739595566,0,4.94780850982666,10.5498751982011,0,0,17.6948645909627,0,0,0,0,0,5.75209187030897,25.4316701889038,0,0,0,0,0,0,0,0,0,0,0,0,0,0,0,0,0,0,0,0,0,0,0,0,0,0,0,4.13051430407848,4.47635431585131,6.01022483593176,0,5.37140370408694,18.6624539782492,4.37913958671245,5.13426658842299,8.3891506989797,0,0
0,0,0,0,0,0,0,0,0,0,0,0,0,0,0,0,0,0,0,0,0,0,0,0,0,0,0,0,0,0,0,0,0,7.54956595505834,0,0,3.68759737587392,13.5081428124354,5.08208011902261,0,0,0,17.579602877299,0,0,0,0,4.91140197050896,0,0,0,0,0,0,0,0,0,0,0,0,0,0,0,0,0,0,0,0,0,0,0,0,0,0,0,0,7.42659401844859,3.54276041847425,0,6.41658906456378,9.33387851715088,4.3137970216134,5.43987562617318,3.42962767396654,0,0,0
0,56.2441787719727,0,31.4341239929199,0,0,0,0,0,23.0926310221354,0,4.20543366588958,0,0,0,0,101.380302429199,89.6318967525776,79.1552564126474,5.62946127694546,0,0,0,0,0,0,0,0,0,0,0,9.59057621448598,0,3.47257739595566,0,0,3.87018995484812,12.8195543611856,18.2952471246253,85.3155378453872,0,49.5591249034238,109.932342529297,0,0,50.7908195570896,107.643109639486,5.06820501825389,0,36.8632946014404,0,21.6373753054389,0,0,0,21.7402000427246,0,12.8794632565741,0,20.2608852386475,0,23.9749831390381,11.3042402909352,111.602752685547,0,0,0,0,0,0,59.283317565918,0,71.2945841275729,0,6.1744992518312,0,11.1664832486604,0,6.27248358696698,7.80981275101298,14.7435706081227,22.5313694584236,8.41564546709542,3.74060664574305,19.0766347046995,43.4211330991803,0
55.4204933529808,0,60.9935869489397,0,0,0,0,0,68.6620407104492,0,3.96625825716615,0,0,0,0,0,82.6624944586503,103.242701212565,81.2438406510787,0,4.75997589769818,0,0,0,0,0,0,0,0,0,0,10.3863709313529,4.52460857997976,0,3.68759737587392,3.87018995484812,0,0,9.99152755257437,0,72.3038941559039,93.7670192718506,52.2695070003641,0,0,0,46.5274979389844,7.75969528940927,42.5134608268738,0,21.5190469011848,0,0,0,41.1792481740316,0,8.25493818340879,0,23.1845878932787,0,45.5692018866539,0,0,9.54834838559149,0,0,0,0,0,0,0,0,0,70.738535563151,5.25607730067054,4.05429882283481,0,5.92861714397748,12.7039457287705,6.81465231332401,0,12.8653129952676,8.35879185030865,8.25080171268656,24.4961707764942,0,47.4975454611856
42.1455011782439,19.3634517987569,0,59.4529053370158,0,0,0,0,0,13.4805126496029,0,6.82649328679691,0,0,0,0,104.177066802979,102.395020484924,82.2134324709574,6.13040322006726,0,6.33061320129512,0,6.67092177883338,0,0,0,4.43214961664001,0,5.91746943760805,0,0,0,4.94780850982666,13.5081428124354,12.8195543611856,0,0,12.4600207016836,50.6225318908691,0,35.6741350650787,0,0,0,61.8472480390264,0,8.48132723361727,26.9142682817247,9.13696042375457,0,0,0,0,0,13.7086029296019,0,9.06978266947978,0,29.6854057312012,0,68.6137008666992,17.7267422123461,0,6.50767321164727,32.2386016845703,12.1081640300628,34.0650911331177,0,0,77.6489944458008,0,6.38627425481103,0,0,0,8.32621076038906,15.5859642028809,14.675888787003,0,7.26608137757063,21.2881167326735,6.61793791081395,4.99451365610109,17.2767236202289,47.804554679177,0
15.6421230005664,43.9738141377767,27.1520494981246,0,0,0,0,0,7.63474943902757,0,5.532657323906,0,0,0,0,0,87.7188892364502,102.61706161499,72.5628215171195,0,5.02688545690742,0,5.25307499035431,0,4.82929081141703,0,0,0,3.82259470682878,0,3.48286357907688,0,0,10.5498751982011,5.08208011902261,18.2952471246253,9.99152755257437,12.4600207016836,0,0,65.0226526260376,26.9793453216553,28.1721555578298,0,0,0,43.9696760422144,11.4176212392846,8.57611106186551,37.0749992370605,0,0,0,0,12.3518821716309,51.4763145446777,10.9625035051403,0,56.0544465382894,0,41.5942451477051,0,0,13.0719680038658,0,5.89385884038057,41.6570472717285,5.8616938299834,0,0,0,5.26969360901897,0,7.51721957633769,0,0,10.0492406376338,6.82162925312873,24.8789156745462,12.7256594556733,14.8345456279692,6.09405780942834,5.56199873270713,4.50130703175654,14.9191553621065,0,44.9602944510324
0,39.1157050132751,0,37.1804828643799,0,46.7738742828369,0,0,0,0,0,0,0,0,0,0,80.416908825145,67.8844309586745,52.4363617819644,0,0,0,0,0,0,0,0,0,0,0,0,0,0,0,0,85.3155378453872,0,50.6225318908691,0,0,0,20.3340940576186,70.1664752960205,0,0,31.9827366089553,90.425422668457,3.58898333708445,0,6.83626255224336,0,34.8672383626302,0,0,0,54.8935050964355,0,40.6563322884696,0,36.5184097290039,0,47.376920580864,33.5407767560747,86.2174453735352,0,0,0,0,0,0,41.3056221008301,0,58.1072264451247,98.4567896525065,0,0,0,0,15.4759654663944,103.098361968994,55.9020158052444,0,40.5961176930812,30.078914642334,11.7512451658951,35.61310227712,76.1861419677734
34.0416334533691,0,48.8382574717204,0,0,0,0,0,49.7705154418945,0,0,0,0,0,0,0,68.9288538614909,71.8424957538473,58.9919200323324,0,0,0,0,0,0,0,0,0,0,0,0,0,0,0,0,0,72.3038941559039,0,65.0226526260376,0,0,79.698169708252,23.2084817170978,0,0,133.21760559082,17.3407900171256,0,19.9409117017473,0,47.44603402274,0,0,0,44.0650662231445,0,45.9792063677752,0,46.9857827425003,0,48.9258572260539,0,137.970779418945,24.7940421971408,0,0,0,0,0,0,54.819637298584,42.8327364240374,0,39.6367401440938,0,0,0,0,103.431854248047,10.9130382122685,94.6677322387695,57.2553853210138,46.114145841354,0,13.363566560431,0,31.4538164383326
43.2647981643677,24.3669884829115,37.5363235473633,30.7857396819375,0,37.8656489236014,0,0,0,16.098318476426,0,0,0,0,0,0,65.6781509074759,51.9935774526574,31.3401649742384,38.2998727162679,0,59.1967658996582,0,0,0,70.984504699707,0,0,0,0,0,0,0,17.6948645909627,0,49.5591249034238,93.7670192718506,35.6741350650787,26.9793453216553,20.3340940576186,79.698169708252,0,14.7872193585463,13.1722657839457,0,26.8688355674428,68.3409690856934,14.7128000723965,37.4432873725891,19.316902745035,0,0,0,0,0,41.7417706606681,0,21.2983780840169,43.8368225097656,30.7205105758295,0,40.891772883279,27.4535415514778,0,0,0,31.5232257843018,0,22.6071287790934,0,22.585153428335,0,18.9737191842977,0,0,0,56.459459066391,0,30.5512190851997,86.1718969726563,27.1287484440322,70.2938348982069,16.8681929405599,26.7752413749695,17.2181335359097,17.80618255348,9.19351468980312
32.8938130405214,48.852222442627,33.7323041121165,0,0,0,0,0,17.2908022295345,107.053314208984,0,0,0,0,0,0,47.3265041783754,62.9293873034025,40.7599286101395,0,44.902468363444,0,0,0,0,0,0,0,0,0,0,0,0,0,17.579602877299,109.932342529297,52.2695070003641,0,28.1721555578298,70.1664752960205,23.2084817170978,14.7872193585463,0,18.2265887790256,8.85875129699707,77.3482389450073,24.3401979752566,10.942635972854,16.7707765975301,39.7903974056244,44.1201254451976,0,0,0,43.1968120465176,0,20.0349410037472,0,43.0127322809483,0,43.510822460446,0,79.6336161295573,27.3848657472036,0,0,0,35.6099119186401,0,0,0,16.4483877333584,69.1399869918823,16.4983327410868,0,0,0,50.9866352081299,95.4378496252972,27.6859292910048,78.0439044952393,33.4393330436242,19.9920826667336,38.5793590545654,18.0786865635761,9.55000689294603,11.765832567215
0,0,0,0,0,0,0,0,0,0,0,0,0,0,0,0,0,0,0,0,0,0,0,0,0,0,0,0,0,0,0,0,0,0,0,0,0,0,0,0,0,13.1722657839457,18.2265887790256,0,0,0,0,0,0,0,0,0,0,0,0,0,0,0,0,0,0,0,0,0,0,0,0,0,0,0,0,0,0,0,0,0,0,0,0,0,0,0,11.3623796463013,0,0,0,0
0,0,0,0,0,0,0,0,0,0,0,0,0,0,0,0,0,0,8.33571815490723,0,0,0,0,0,0,0,0,0,0,0,0,0,0,0,0,0,0,0,0,0,0,0,8.85875129699707,0,0,0,0,0,0,0,0,0,0,0,0,0,0,0,0,0,0,0,0,0,0,0,0,0,0,0,0,0,0,0,0,0,0,0,0,0,0,0,8.20111628941127,0,54.9733085632324,0,0
0,40.9502601623535,0,31.5267300605774,0,42.478401184082,0,0,0,0,0,0,0,0,0,0,75.5526434580485,63.9576899441806,47.9735628644997,0,0,0,0,0,0,0,0,0,0,0,0,0,0,0,0,50.7908195570896,0,61.8472480390264,0,31.9827366089553,133.21760559082,26.8688355674428,77.3482389450073,0,0,0,74.0497894287109,0,0,48.6365613301595,0,16.6057777404785,0,0,0,0,0,36.2309969536802,0,38.5708917890276,0,47.2803764343262,8.53789605999558,0,0,0,0,0,45.191593170166,0,40.636957185609,0,42.7637159966586,0,0,0,96.2708943684896,0,26.1503347794191,97.1725254058838,40.8164859159669,0,38.2101306646643,0,24.5092575069581,58.059540612357,0
29.4524971280779,0,39.657837677002,0,0,0,0,0,0,0,0,0,0,0,0,0,71.2602900063119,70.8982839082417,48.3627157638612,0,13.4310817718506,0,0,0,0,0,0,0,0,0,0,0,0,0,0,107.643109639486,46.5274979389844,0,43.9696760422144,90.425422668457,17.3407900171256,68.3409690856934,24.3401979752566,0,0,74.0497894287109,0,0,41.7845147814069,0,40.9629993438721,0,0,0,43.692816734314,0,42.0294105529785,0,42.1187694549561,0,35.4763190620824,0,0,9.89907651327958,0,0,0,0,0,0,0,38.7161426544189,0,41.9847081778706,0,0,0,0,96.2413368225098,27.8833053308098,89.9316177368164,35.9918024677406,39.6343016215733,0,25.04655486654,106.904777526855,49.0885360240936
31.7146631298643,30.1309164220637,0,0,0,0,0,0,0,49.1078643798828,0,0,0,0,0,0,0,0,69.5556297302246,0,0,0,29.735107421875,0,0,0,0,0,0,0,0,4.91592359958796,4.16644246757913,5.75209187030897,4.91140197050896,5.06820501825389,7.75969528940927,8.48132723361727,11.4176212392846,3.58898333708445,0,14.7128000723965,10.942635972854,0,0,0,0,0,5.85946839126732,5.34596216776959,0,0,0,0,28.0988765716553,41.8678597344293,63.4473762512207,0,0,43.903751373291,0,48.2806256612142,0,0,0,28.7224407196045,23.7292296091716,25.1617307662964,0,0,0,0,0,76.1068420410156,5.08053228723028,8.61408641770922,4.66723828819633,5.00601033224677,7.07477626812859,7.79844616448493,14.0217501538865,11.5504846498855,8.33271489841871,3.28194932937622,8.63769146208744,0,11.7412462234497
11.8755900652512,0,10.533464413655,0,0,0,0,0,17.3031144698461,0,0,0,0,0,0,0,59.8088576275369,80.0410936143663,57.3652495997293,0,0,0,4.22959057883461,0,12.5753806432088,0,0,0,0,0,0,0,0,25.4316701889038,0,0,42.5134608268738,26.9142682817247,8.57611106186551,0,19.9409117017473,37.4432873725891,16.7707765975301,0,0,0,41.7845147814069,5.85946839126732,0,9.98281878408264,74.6689300537109,0,0,0,13.3622179627419,44.7345962524414,7.68097062316942,0,11.6309886351534,0,11.2597246932983,0,0,31.775089263916,0,3.50409192559104,0,9.04047433535258,0,0,0,14.3901114183314,0,20.4175002436305,0,0,0,5.04146954218547,89.7030639648438,17.6682241471286,38.3976622990199,8.95340750325014,20.2305317863403,0,14.1928231081761,0,21.1013717909117
56.3241901397705,9.22978059137077,0,14.3422884745676,0,0,0,0,0,13.3622685250618,0,0,0,0,0,0,77.8130416870117,62.5853165520562,46.2514888431715,0,0,4.9237712139779,0,5.05206552081638,0,0,0,0,0,0,0,3.17287826538086,0,0,0,36.8632946014404,0,9.13696042375457,37.0749992370605,6.83626255224336,0,19.316902745035,39.7903974056244,0,0,48.6365613301595,0,5.34596216776959,9.98281878408264,0,0,0,0,0,50.3458423614502,10.2720617528232,0,23.5448267518428,0,24.3252067227049,0,26.197560108625,28.9933548911673,0,6.00753650777151,0,8.42054675720834,0,8.31434245753041,0,10.5254901708949,0,18.6878945018934,72.4150390625,0,0,26.3279007502965,0,30.4249003025202,81.3054733276367,11.2840419787168,55.0015487670898,20.386184040856,46.2144673665365,9.58871117305137,13.3206478754679,0
0,0,0,0,3.32767526882921,0,3.20738467303189,0,0,0,0,0,0,0,0,0,0,0,119.394004821777,0,10.5907117008458,0,0,0,0,0,0,0,0,0,0,0,0,0,0,0,21.5190469011848,0,0,0,47.44603402274,0,44.1201254451976,0,0,0,40.9629993438721,0,74.6689300537109,0,0,0,3.43917977809906,0,2.84650468826294,0,5.63121216744184,0,3.20033584063566,0,0,0,0,8.45867366532781,0,0,0,0,0,0,0,0,0,37.8075853983561,0,0,0,0,0,22.8568570137024,0,45.2442035675049,19.7872180190741,31.4809598922729,11.6362168390783,0,44.6035766601562
0,0,0,4.00357294082642,0,5.73651658302826,0,2.83695340156555,0,0,0,5.29082250595093,0,0,0,0,0,0,0,0,0,0,0,0,0,0,0,0,0,0,0,0,0,0,0,21.6373753054389,0,0,0,34.8672383626302,0,0,0,0,0,16.6057777404785,0,0,0,0,0,0,0,3.32489539317365,0,0,0,3.51856995867444,0,2.74509525299072,0,0,8.91185716152191,0,0,0,0,0,0,0,0,0,0,0,0,0,0,0,23.5478178171011,0,0,0,18.1262726665284,33.9614610671997,9.60934852576647,0,0
0,0,0,0,0,0,3.9647833279201,0,0,0,0,0,0,0,0,0,0,0,0,0,10.5679526149102,0,0,0,0,0,0,0,0,0,0,0,0,0,0,0,0,0,0,0,0,0,0,0,0,0,0,0,0,0,3.43917977809906,0,0,0,0,0,5.05262264143985,0,4.06443405151367,0,0,0,0,10.4269590821377,0,0,0,0,0,0,0,0,0,0,0,0,0,0,0,0,0,0,2.78331833084424,2.95317764282227,0,0,0
0,0,0,0,0,0,0,2.99222483418205,0,0,0,0,0,0,0,0,0,0,0,0,0,0,0,0,0,0,0,0,0,0,0,0,0,0,0,0,0,0,0,0,0,0,0,0,0,0,0,0,0,0,0,3.32489539317365,0,0,0,0,0,3.80180046840381,0,0,0,0,0,0,0,0,0,0,0,0,0,0,0,0,0,0,0,0,0,0,0,0,3.07472006976604,0,0,0,0
6.63571082235693,0,5.96711651484172,0,0,0,0,0,4.90301787514874,0,0,0,0,0,4.21770763397217,0,0,0,103.639154434204,0,26.5188827514648,0,0,0,3.17991384088177,0,0,0,0,0,0,0,0,0,0,0,41.1792481740316,0,12.3518821716309,0,44.0650662231445,0,43.1968120465176,0,0,0,43.692816734314,28.0988765716553,13.3622179627419,50.3458423614502,2.84650468826294,0,0,0,0,0,30.2999750773112,0,21.2475929260254,0,4.22842217015696,0,0,29.227911233902,0,0,0,5.74258331360061,0,0,0,0,0,32.8717000749376,0,0,0,0,0,59.4099098841349,48.2049446105957,8.54988944033782,30.9518627686934,0,28.2257618191195,0,40.4174842834473
70.1667137145996,7.2123781468801,0,8.47374207323248,0,0,0,0,0,6.49821830555428,0,0,0,0,0,3.30506634712219,0,0,0,0,0,0,0,4.2517100742885,0,0,0,0,0,0,0,0,0,0,0,21.7402000427246,0,13.7086029296019,51.4763145446777,54.8935050964355,0,41.7417706606681,0,0,0,0,0,41.8678597344293,44.7345962524414,10.2720617528232,0,0,0,0,0,0,0,30.3894672393799,0,0,0,6.49932636371584,0,0,0,0,8.01571751965417,0,0,0,0,0,35.004358291626,0,0,0,0,0,0,0,13.1814855713918,51.56502978007,19.0707646557158,15.284987231335,23.189610135728,0,0
20.4338104541485,0,21.0737191980535,0,0,0,4.82604106267293,0,19.9066551381891,0,7.4224936836346,0,0,0,0,0,44.8151073455811,65.3850574493408,37.6671297285292,0,4.72055817726586,0,0,0,0,0,0,0,0,0,8.03048666885921,0,0,0,0,0,8.25493818340879,0,10.9625035051403,0,45.9792063677752,0,20.0349410037472,0,0,0,42.0294105529785,63.4473762512207,7.68097062316942,0,5.63121216744184,0,5.05262264143985,0,30.2999750773112,0,0,0,3.69375156067513,0,27.9399075508118,0,0,5.00537895016264,0,0,0,0,0,0,0,8.94120492004767,0,7.7311526091734,0,0,0,0,0,32.3219546918516,52.4458923339844,11.7395334960588,22.4897446047585,32.1593452453613,9.16176212681543,0,15.7478613853455
0,15.8824098110199,0,6.80878512012331,0,0,0,3.58343154589335,0,19.0830708742142,0,5.63813023634091,0,3.97204216321309,0,0,0,0,27.4887755257743,3.32894863806614,0,0,0,16.1881103515625,0,0,0,0,0,14.4450073242188,0,0,0,0,0,12.8794632565741,0,9.06978266947978,0,40.6563322884696,0,21.2983780840169,0,0,0,36.2309969536802,0,0,0,23.5448267518428,0,3.51856995867444,0,3.80180046840381,0,30.3894672393799,0,0,0,5.1312944392237,0,5.85890080058385,9.27569672170576,0,0,0,0,0,14.9487726739112,0,9.47036269262139,0,8.77726885647556,0,0,0,0,0,42.7169933319092,0,15.4592195766073,0,19.4584790056134,28.7003889083862,9.31615810503101,0,0
19.323263168335,0,9.98021952311198,0,0,0,3.5927910606982,0,0,0,3.82779306217758,0,3.42959359731122,0,0,0,0,0,68.2611293792725,0,15.5204895826486,0,0,0,0,0,0,0,3.79702698907187,0,0,0,0,0,0,0,23.1845878932787,0,56.0544465382894,0,46.9857827425003,43.8368225097656,43.0127322809483,0,0,0,42.1187694549561,0,11.6309886351534,0,3.20033584063566,0,4.06443405151367,0,21.2475929260254,0,3.69375156067513,0,0,0,3.53726043401065,0,0,9.4847729696947,0,0,0,0,0,0,0,21.48965883255,0,34.9164583542768,0,0,0,0,0,31.8876635811546,0,43.0008303324381,14.9669656334343,3.0423499584198,13.6719296970507,0,49.496337890625
0,3.90285871426264,0,5.63081208428184,0,0,0,2.84394043370297,0,19.3686695098877,0,2.97194948061457,0,3.40359507767133,0,3.509934425354,0,0,0,0,0,0,0,0,0,0,0,3.13392511435917,0,0,0,0,0,0,0,20.2608852386475,0,29.6854057312012,0,36.5184097290039,0,30.7205105758295,0,0,0,38.5708917890276,0,43.903751373291,0,24.3252067227049,0,2.74509525299072,0,0,0,0,0,5.1312944392237,0,0,0,5.21994712490302,15.0229061883071,0,0,0,0,69.828987121582,10.480018977548,0,6.80272716091525,0,28.6129639148712,0,0,0,0,0,47.238748550415,0,28.9116005897522,60.6498222351074,17.6232991218567,7.50381759234837,16.4857577081561,0,0
20.3470427773216,0,5.46509394645691,0,0,0,0,0,4.0728317955707,0,0,0,3.38457805193388,0,3.31119595302476,0,0,139.60107421875,33.2204322814941,0,19.0572913487752,0,0,0,0,0,0,0,0,0,0,0,0,0,0,0,45.5692018866539,0,41.5942451477051,0,48.9258572260539,0,43.510822460446,0,0,0,35.4763190620824,0,11.2597246932983,0,0,0,0,0,4.22842217015696,0,27.9399075508118,0,3.53726043401065,0,0,0,0,19.1244136946542,0,0,0,0,0,5.82454225186552,0,28.811803817749,0,33.5284110175239,0,0,0,0,0,53.4289586684283,0,45.957127053397,33.5391587938581,34.9791984558105,29.1092208074187,0,45.5243282318115
0,5.49365091323853,0,6.92613335323568,0,0,0,0,0,4.63937446552438,0,0,0,3.49741174957969,0,3.88778575292357,0,3.1645712852478,99.5446624755859,0,0,0,0,4.63487411428381,0,3.72813024429175,0,0,0,0,0,0,0,0,0,23.9749831390381,0,68.6137008666992,0,47.376920580864,0,40.891772883279,0,0,0,47.2803764343262,0,48.2806256612142,0,26.197560108625,0,0,0,0,0,6.49932636371584,0,5.85890080058385,0,5.21994712490302,0,0,9.26669692993164,0,0,0,0,0,7.51702878890136,0,18.1792821633188,0,33.434103504304,0,0,0,0,0,47.2497553825378,0,38.7022212800525,0,25.1016121764242,32.1420681476593,22.2889921872321,0,0
0,31.9617080688477,0,25.1223635673523,0,18.0554780960083,0,0,0,32.3877067565918,0,7.18557298183441,0,0,0,0,75.6639251708984,73.662201139662,53.8278736174107,5.97221913127338,0,0,0,0,0,0,0,0,0,0,0,0,0,0,0,11.3042402909352,0,17.7267422123461,0,33.5407767560747,137.970779418945,27.4535415514778,79.6336161295573,0,0,8.53789605999558,0,0,0,28.9933548911673,0,8.91185716152191,0,0,0,0,0,9.27569672170576,0,15.0229061883071,0,9.26669692993164,0,83.6340026855469,0,0,0,0,19.7889270782471,0,23.3712355215338,0,18.966181800479,0,0,0,0,0,16.3461778124202,89.8079605102539,19.2763224057202,84.1555328369141,27.8555836407643,0,11.7650112758263,41.7568511962891,61.9052925109863
32.2083174387614,0,26.5226306915283,0,0,0,15.2156060536702,0,0,0,0,0,0,0,0,0,74.4763471815321,74.6929397583008,54.3680997952258,0,5.11766505074862,0,0,0,0,0,0,0,0,0,0,0,0,0,0,111.602752685547,9.54834838559149,0,13.0719680038658,86.2174453735352,24.7940421971408,0,27.3848657472036,0,0,0,9.89907651327958,0,31.775089263916,0,8.45867366532781,0,10.4269590821377,0,29.227911233902,0,5.00537895016264,0,9.4847729696947,0,19.1244136946542,0,83.6340026855469,0,0,0,0,0,0,0,0,0,0,17.4775656812331,0,0,0,0,100.53609975179,14.5412097543125,0,14.5814556019358,33.0992192633123,0,10.0040484245245,0,43.6339126586914
0,0,0,0,0,0,0,0,0,34.0618686676025,0,0,0,0,0,0,39.3783168792725,4.24062690590367,0,0,0,4.39687572957609,0,5.90305502598102,0,2.94760513305664,0,3.66974322846595,0,0,0,0,0,0,0,0,0,6.50767321164727,0,0,0,0,0,0,0,0,0,0,0,6.00753650777151,0,0,0,0,0,0,0,0,0,0,0,0,0,0,0,0,7.34466706060465,0,4.51875550621434,0,5.51202140154538,0,0,0,0,0,0,0,0,0,7.12108621302339,48.0502777099609,5.99766398440896,6.24595899330942,0,0,0
0,0,0,0,0,0,0,0,0,0,0,0,0,0,0,0,0,0,0,0,0,3.09305050969124,4.15177140756192,0,5.94966050970788,0,0,0,5.10325116437414,0,0,0,0,0,0,0,0,32.2386016845703,5.89385884038057,0,0,0,0,0,0,0,0,28.7224407196045,3.50409192559104,0,0,0,0,0,0,0,0,0,0,0,0,0,0,0,0,0,0,4.84352829049809,0,4.12976317426523,0,3.48215981883619,0,0,0,0,0,0,0,0,26.9692910512288,4.92043864834693,4.94714593766509,4.49224158746225,0,0,0
54.4445734024048,0,0,0,0,0,0,0,0,7.12588709029392,0,0,0,0,0,0,0,3.37003064155579,0,0,0,9.7432943162593,0,5.30155790156766,0,3.17477321624756,0,0,0,0,0,0,0,0,0,0,0,12.1081640300628,41.6570472717285,0,0,31.5232257843018,0,0,0,0,0,23.7292296091716,0,8.42054675720834,0,0,0,0,0,8.01571751965417,0,0,0,0,0,0,0,0,7.34466706060465,0,0,0,8.04811236828188,0,0,0,0,0,0,0,19.7701606750488,0,0,0,8.2515708391483,40.5904591878255,15.0974326972608,25.7743396759033,9.05699070890745,0,0
0,0,0,0,0,0,0,0,4.62346084912618,0,0,0,0,0,0,0,8.5933895111084,0,0,0,0,0,5.68113539093419,0,4.31007876109194,0,2.94631814956665,0,0,0,0,0,0,0,0,0,0,34.0650911331177,5.8616938299834,0,0,0,35.6099119186401,0,0,0,0,25.1617307662964,9.04047433535258,0,0,0,0,0,5.74258331360061,0,0,0,0,69.828987121582,0,0,0,0,0,4.84352829049809,0,0,0,3.33567887544632,0,0,0,0,0,0,0,0,0,0,0,4.41040337562561,9.12923033464523,0,18.5136888980865,0,0
0,0,0,0,0,0,0,0,0,3.26756417751312,0,0,0,0,0,0,0,2.85825762152672,0,0,0,5.77241497773391,0,3.7892493380143,0,3.13136947154999,0,3.45909859152401,0,0,0,0,0,0,0,0,0,0,0,0,0,22.6071287790934,0,0,0,45.191593170166,0,0,0,8.31434245753041,0,0,0,0,0,0,0,14.9487726739112,0,10.480018977548,0,7.51702878890136,19.7889270782471,0,4.51875550621434,0,8.04811236828188,0,0,0,5.93153840725062,0,0,0,0,0,0,0,0,0,11.9338739940098,0,4.37320097143,0,13.5206733400171,0,0
0,0,0,0,0,0,0,0,0,0,0,0,5.6547145476708,0,4.45093060864343,0,0,0,0,0,0,0,5.93454565320696,0,3.47336164604534,0,4.20294795621116,0,2.95735740661621,0,0,0,0,0,0,0,0,0,0,0,0,0,0,0,0,0,0,0,0,0,0,0,0,0,0,0,0,0,0,0,5.82454225186552,0,0,0,0,4.12976317426523,0,3.33567887544632,0,0,0,3.47747970510412,0,0,0,0,0,0,0,0,0,0,2.73767185211182,0,0,0,0
0,14.9050776163737,0,29.3517967224121,0,0,0,0,0,20.169172445933,0,2.88057009379069,0,3.05662931714739,0,0,0,0,25.4427444458008,0,0,4.07118272781372,0,0,0,0,0,5.53483151244739,0,5.19969411807902,0,0,0,0,0,59.283317565918,0,77.6489944458008,0,41.3056221008301,54.819637298584,22.585153428335,0,0,0,40.636957185609,0,0,0,10.5254901708949,0,0,0,0,0,0,0,9.47036269262139,0,6.80272716091525,0,18.1792821633188,23.3712355215338,0,5.51202140154538,0,0,0,5.93153840725062,0,0,0,11.2883726034733,0,0,0,0,0,57.4581052992079,0,14.7810062495145,0,11.9806664282421,6.03046879319332,18.7364814302378,0,0
21.85986328125,0,23.4512119293213,0,0,0,0,0,18.9018081029256,0,9.55881707244944,0,2.9238155228751,0,0,0,42.6013298034668,0,30.9439659118652,0,0,0,4.04137236581129,0,0,0,4.2456941318512,0,4.32620417018492,0,4.8420851709282,0,0,0,0,0,0,0,5.26969360901897,0,42.8327364240374,0,16.4483877333584,0,0,0,38.7161426544189,0,14.3901114183314,0,0,0,0,0,0,0,8.94120492004767,0,21.48965883255,0,28.811803817749,0,0,0,0,3.48215981883619,0,0,0,3.47747970510412,0,0,0,4.18092684035606,0,0,0,0,0,45.9884982638889,0,5.00628891547521,8.66612874100742,3.74964442918467,13.6697372275014,0,0
0,28.1547698974609,0,32.3996422661675,0,0,0,0,0,20.2501380102975,0,8.1135529161902,0,0,0,0,68.5252469380697,57.8973183808503,37.3897150665966,11.6224848031998,0,0,0,0,0,0,0,13.9325709342957,0,5.58539774831136,0,0,0,0,0,71.2945841275729,0,6.38627425481103,0,58.1072264451247,0,18.9737191842977,69.1399869918823,0,0,42.7637159966586,0,0,0,18.6878945018934,0,0,0,0,0,35.004358291626,0,8.77726885647556,0,28.6129639148712,0,33.434103504304,18.966181800479,0,0,0,0,0,0,0,11.2883726034733,0,0,0,0,0,0,0,57.7927618541163,92.235097249349,11.6579483997496,84.1738357543945,22.1150853913824,12.667774438858,21.6603451926133,0,64.6770858764648
24.7796585506863,0,28.2170429229736,0,0,0,0,0,19.7661273710189,0,7.90428723727062,0,0,0,0,0,49.8080960845947,85.6810281541612,45.687742966872,0,0,0,0,0,0,0,0,0,0,0,5.47185459382394,0,0,0,0,0,70.738535563151,0,7.51721957633769,98.4567896525065,39.6367401440938,0,16.4983327410868,0,0,0,41.9847081778706,76.1068420410156,20.4175002436305,72.4150390625,37.8075853983561,0,0,0,32.8717000749376,0,7.7311526091734,0,34.9164583542768,0,33.5284110175239,0,0,17.4775656812331,0,0,0,0,0,0,0,4.18092684035606,0,0,0,0,0,0,0,47.9223514610613,0,6.68942685181444,22.689368763561,0,12.085257760956,0,30.5760548909505
0,0,0,0,0,0,0,0,0,0,0,0,0,0,0,0,0,0,0,0,0,0,0,0,0,0,0,0,0,0,0,3.22796572860406,7.67400538921356,0,0,6.1744992518312,5.25607730067054,0,0,0,0,0,0,0,0,0,0,5.08053228723028,0,0,0,0,0,0,0,0,0,0,0,0,0,0,0,0,0,0,0,0,0,0,0,0,0,0,0,4.27386729947982,5.64799322150474,0,6.91250291318376,5.07136976718903,0,0,2.93598132446164,0,0,0,0
0,0,0,0,0,0,0,0,0,0,0,0,0,0,0,0,0,0,0,0,0,0,0,0,0,0,0,0,0,0,0,6.52881474678333,3.66818023622036,0,0,0,4.05429882283481,0,0,0,0,0,0,0,0,0,0,8.61408641770922,0,0,0,0,0,0,0,0,0,0,0,0,0,0,0,0,0,0,0,0,0,0,0,0,0,0,4.27386729947982,0,0,6.92298401036161,17.1812561580113,4.57307997033207,0,0,2.8412321465356,0,0,0,0
0,0,0,0,0,0,0,0,0,0,0,0,0,0,0,0,97.1223335266113,93.8992284138997,82.8402352766557,0,0,13.8204288482666,0,16.3224282264709,0,0,0,0,0,0,0,0,0,4.13051430407848,7.42659401844859,11.1664832486604,0,8.32621076038906,10.0492406376338,0,0,56.459459066391,0,0,0,96.2708943684896,0,4.66723828819633,0,26.3279007502965,0,0,0,0,0,0,0,0,0,0,0,0,0,0,0,0,19.7701606750488,0,0,0,0,0,0,0,5.64799322150474,0,0,5.7406179489628,12.5110011470758,35.6674385070801,6.96628119907893,11.3395193815231,7.53986151123047,7.81910320123037,38.4507846832275,47.3132820129395,0
0,0,0,0,0,0,0,0,0,0,0,0,0,0,0,0,0,98.8821029663086,87.3663673400879,0,0,0,0,0,0,0,0,0,0,0,0,0,3.43579815682911,4.47635431585131,3.54276041847425,0,5.92861714397748,15.5859642028809,6.82162925312873,0,0,0,50.9866352081299,0,0,0,0,5.00601033224677,5.04146954218547,0,0,0,0,0,0,0,0,0,0,0,0,0,0,0,0,0,0,0,0,0,0,0,0,0,0,6.92298401036161,5.7406179489628,0,0,7.5944569905599,0,6.27090080424336,6.89892750497787,4.70835709571838,0,0,0
