0,0,38.2803069204092,0,0,0,0,0,107.583875894547,0,0,0,0,0,0,0,0,0,0,0,0,0,0,0,0,0,0,0,0,0,0,0,0,0,0,0,0,0,0,0,0.151708289980888,0,31.4298367649317,0,0,0.11978916823864,0,0,279.497024014592,0,0,0,0,0,29.2543067932129,0,1.03837415575981,0,0,0,0,0,0,1.90878300368786,0,0,0,0,0,0,0,0,0,0,0,0,0,0,0,0,0,0,248.709417670965,0,513.62052616477,0,0
0,0,0,429.589714154601,0,4.89142063260078,0,0,0,380.959648221731,0,0,0,0,0,4.50357209146023,0,0,1.57555183023214,0,0,0,0,0,0,0,0,0,0,0,0,0,0,0,0,0,0,0,0,0,0,25.5332347154617,0,0,0,0,0,0.16242741048336,0,589.442479088902,0,14.0469723641872,0,0,0,852.865820899606,0,6.37365248799324,0,5.4694150686264,0,182.52739584446,0.219796821475029,0.115747816860676,0,0,0,0,0,0,0,0,0.316041886806488,0,0,0,0,0,0,0.755505084991455,0,0,37.666695535183,0,181.2846917063,0,0
38.2803069204092,0,0,0,3.17526173591614,0,0,0,0,0,0,0,0,0,0,0,0,0,0.483109652996063,0,0.267003893852234,0,0,0,0,0,0,0,0,0,0,0,0,0,0,0,6.81003478169441,0,0,0.449614495038986,0,0.155389219522476,85.4095428138971,0,0,0.193663224577904,0,0,165.384363055229,0,0,0,0,0,0,0,0.517855644226074,0,0,0,0,0,0.22661130875349,4.05824510753155,0,0,0,0,0,0,0,0,0,0,0,0,0,0,0.779531762003899,28.794090628624,0,0,325.090118199587,0,638.408418983221,0,0.296250402927399
0,429.589714154601,0,0,0,29.9745291769505,0,0,0,49.0715106725693,0,0.967565417289734,0,0,0,0.950755953788757,0,0,0,3.34638047218323,0,0,0,0,0,0,0,0,0,0,0,0,0,0,0,0,0,0,0,0,0,1.30733585357666,0,0,0,0,0,0.194906577467918,0,330.853631407022,0,73.5294352769852,0,0,0,24.300113350153,0,15.4608311504126,0,94.446710601449,0,57.1277452111244,3.15122199058533,0,0,0,0,0,0,0,0,0,0,0,0,0,0,0,0,0,0,0,93.7030376642942,0,174.120213121176,0,0
0,0,3.17526173591614,0,0,0,0,0,42.7117187976837,0,0,0,0,0,0,0,0,0,0,0,15.7416546344757,0,0,0,0,0,0,0,0,0,0,0,0,0,0,0,0,0,0,0,0,0,0,0,0,0,0,0,0,0,248.690365672112,0,0,0,148.202143162489,0,0,0,0,0,0,0,0,0,0,0,0,0,0,0,0,0,0,0,0,0,0,0,0,0,0,0,615.335278987885,37.7896418273449,0,0,0
0,4.89142063260078,0,29.9745291769505,0,0,0,0,0,1,0,6.98830425739288,0,28.1620370149612,0,0,0,0,0,36.7337347269058,0,0,0,0,0,0,0,0,0,0,0,0,0,0,0,0,0,0,0,0,0,0,0,0,0,0,0,0,0,0,0,310.428029537201,0,28.1286569535732,0,0,0,2.25868225097656,0,1.53529059886932,0,0,0,0,0,0,0,0,0,0,0,0,0,0,0,0,0,0,0,0,0,0,186.717333912849,0,5.90234053134918,0,0
0,0,0,0,0,0,0,0,0,0,0,0,0,0,0,0,0,0,0,0,0,0,0,0,0,0,0,0,0,0,0,0,0,0,0,0,1,0,0,0,0,0,0,0,0,0,0,0,0,0,0,0,351.32351398468,0,0,0,10.3750939369202,0,0,0,0,0,0,0,0,0,0,0,0,0,0,0,0,0,0,0,0,0,0,0,0,0,266.016731709242,0,0,0,0
0,0,0,0,0,0,0,0,0,0,0,15.0610239505768,0,142.100820183754,0,0,0,0,0,4.52659380435944,0,0,0,0,0,0,0,0,0,0,0,0,0,0,0,0,0,0,0,0,0,0,0,0,0,0,0,0,0,0,0,0,0,358.52601274848,0,0,0,257.887867927551,0,49.242481470108,0,0,1.57952010631561,0,0,0,0,0,0,0,0,0,0,0,0,0,0,0,0,0,0,0,167.171377837658,0,0,0,0
107.583875894547,0,0,0,42.7117187976837,0,0,0,0,0,0,0,0,0,93.1753451526165,0,0,0,0,0,0,0,0,0,5.79281854629517,0,0.962535917758942,0,0,0,0,0,0,0,0,0,0,0,1.22725284099579,0,0,0,0,0,0,0,0,0,0,0,16.3387773036957,0,0,0,555.501374512911,0,0,0,0,0,6.33938086032867,0,0,0,0,0,0,11.4171950370073,0,0,0,0,0,0,0,0,0,0,0,0,0,0,1987.92468912154,393.273232996464,34.1614509224892,0,0
0,380.959648221731,0,49.0715106725693,0,1,0,0,0,0,0,0,0,0,0,73.0915229320526,0,0,0,0,0,0,0,17.9125657081604,0,0,0,0,0,0,0,0,0,0,0,0,0,3.14196640253067,0,0,0,0,0,0,0,0,0,0,0,9.90271872282028,0,0,0,0,0,750.273253560066,0,0,0,0,0,11.4969182610512,0,0,0,0,2.27415037155151,0,0,0,0,0,0,0,0,0,0,0,0,0,0,0,215.71083804965,7.89990615844727,16.202370762825,0,0
0,0,0,0,0,0,0,0,0,0,0,0,83.0627547502518,0,0,0,0,0,0,0,1178.32348531485,0,0,0,0,0,0,0,0,0,0,0,0,0,0,0,243.290500342846,0,1382.22100888193,0,0,0,0,0,0,0,0,0,0,0,0,0,195.052622795105,0,0,0,2792.4222317934,0,806.080727905035,0,0,0,0,195.066160798073,0,0,0,0,0,0,0,0,0,0,0,0,0,0,0,35.5647464394569,0,206.823362439871,263.201835930347,0,0,0,0
0,0,0,0.967565417289734,0,6.98830425739288,0,15.0610239505768,0,0,0,0,0,2.9302659034729,0,0,0,0,0,157.466649606824,0,0,0,0,0,0,0,19.4080379009247,0,56.0472209453583,0,0,0,0,0,0,0,397.691977620125,0,0,0,37.298358425498,0,0,0,5.52425469458103,0,0,0,2.6818679869175,0,24.1843739748001,0,6.09737280011177,0,0,0,1273.74891103804,0,4,0,0,914.443225383759,0.415622055530548,0,0,0,0,0,0,0,0,11.118846654892,0,0,0,0,0,0,0,21.2823524475098,0,784.932155489922,0,183.870309635997,4.42645615339279,0
0,0,0,0,0,0,0,0,0,0,83.0627547502518,0,0,0,0,0,0,0,0,0,0,0,0,0,0,0,0,0,0,0,0,0,0,0,0,0,0,0,0,0,0,0,0,0,0,0,0,0,0,0,0,0,0,0,0,0,23.1155631542206,0,233.227100849152,0,0,0,0,0,0,0,0,0,0,0,0,0,0,0,0,0,0,0,0,0,0,0,172.228729724884,0,0,0,0
0,0,0,0,0,28.1620370149612,0,142.100820183754,0,0,0,2.9302659034729,0,0,0,12.691282749176,0,0,0,0,0,0,0,0,0,0,0,6.45673656463623,0,0,0,0,0,0,0,0,0,0,0,0,0,0,0,0,0,0,0,0,0,0,0,81.5879373550415,0,0,0,0,0,8.33285319805145,0,449.659250915051,0,20.7773071229458,0,0,0,0,0,0,0,0,308.621028423309,0,0,0,0,0,0,0,0,0,0,0,380.786470025778,181.235793560743,0,0,0
0,0,0,0,0,0,0,0,93.1753451526165,0,0,0,0,0,0,0,0,0,0,0,0,0,0,0,0,0,0,0,0,0,0,0,0,0,0,0,0,0,0,0,0,0,0,0,0,0,0,0,0,0,0,0,0,0,2.31132982671261,0,0,0,0,0,106.243778496981,0,0,0,0,0,0,0,0,0,0,0,0,0,0,0,0,0,0,0,0,0,287.876547515392,2,0,0,0
0,4.50357209146023,0,0.950755953788757,0,0,0,0,0,73.0915229320526,0,0,0,12.691282749176,0,0,0,17.7289016544819,0,0,0,8.86640979349613,0,6.24819542467594,0,36.9288022071123,0,0,0,0,0,0,0,0,0,0,0,0,0,0,0,0,0,0,0,0,0,0,0,0,0,0,0,0,0,4.40317183732986,0,0,0,142.139055192471,0,228.949787914753,0,0,0.753118455410004,0,0.819199770689011,0,21.5305700600147,0,0,0,0,0,0,0,0,0,0,0,0,0,525.498602002859,123.258176445961,1.40705412626266,0,0
0,0,0,0,0,0,0,0,0,0,0,0,0,0,0,0,0,7207.46373260766,3387.86338952184,0,0,63.4400576800108,2319.33814256638,23.4423968791962,37.7786158323288,0.326254606246948,1766.12705598772,0,5.30261969566345,0,0,0,0,0,0,0,0,0,0,3.74276620149612,0,1.62477687001228,23.1449441239238,0,0,9.80878862738609,53.0827274397016,0,0,0,0,0,0,0,0,0,0,0,0,0,0,0,5.16059331595898,1.3009038195014,0.542761951684952,65.2550810575485,0,0,0.268758445978165,81.2482325732708,0,0,0,0,0,0,0,0,13.3178741335869,2.69081497937441,0,0,11562.9347895756,36.2645746767521,39.5797776728868,1.59776036441326,0
0,0,0,0,0,0,0,0,0,0,0,0,0,0,0,17.7289016544819,7207.46373260766,0,3022.99362051487,0,0,2487.81232224405,8.42961075901985,499.434724718332,1.09343087673187,3247.7464569509,0.800109088420868,5.09880304336548,0,0,0,0,0,0,0,0,0,0,0,18.2295935899019,0.33900623768568,31.6909741908312,26.3715847581625,0,0,41.222556181252,40.9435258358717,0,0,0,0,0,0,0,0,0,0,0,0,0,0,0,15.5487595200539,14.1385987401009,135.845590859652,0,40.2897530049086,0,999.487485669553,0,0,0,0,0,0,0,0,0,124.44776340574,5.18865808099508,0,0,9119.85304414481,536.478324234486,70.7263925001025,13.9869771972299,0
0,1.57555183023214,0.483109652996063,0,0,0,0,0,0,0,0,0,0,0,0,0,3387.86338952184,3022.99362051487,0,0,0,45.5961772948503,59.3899642974138,14.1687951087952,0,4.52710115909576,14.7339571118355,0,0,0,0,0,0,0,0,0,0,0,0,317.310927815735,178.718782678246,724.818096272647,729.594467662275,3.78914654254913,0,895.618273876607,1363.75355827808,0,0.29238349199295,4.85712230205536,0,0,0,0,0,0,0.905800372362137,0,0,0,0,0,447.907361112535,648.757974244654,0,0,0,0,1.92398118972778,0,0,0,0,0,0,0,0,0,2040.51486191154,1007.60998828709,4.3241054713726,23.3144201487303,2182.78952542692,0,2845.64035657793,92.7101962193847,64.52684058249
0,0,0,3.34638047218323,0,36.7337347269058,0,4.52659380435944,0,0,0,157.466649606824,0,0,0,0,0,0,0,0,0,0,0,0,0,0,0,0,0,0,0,0,0,0,0,801.198395043612,0,453.148762762547,0,0,0,15.8349773287773,0,0,0,2.52279213070869,0,0,0,0,0,25.7802157402039,0,38.7362636327744,0,0,0,165.741999238729,0,0,0,0,2663.54794465005,0,0,0,0,0,0,0,0,0,8.01955235004425,0,0,0,0,0,99.4336890876293,0,226.433010682464,0,295.730124175549,0,23.2861783802509,0,0
0,0,0.267003893852234,0,15.7416546344757,0,0,0,0,0,1178.32348531485,0,0,0,0,0,0,0,0,0,0,0,0,0,0,0,0,0,0,0,0,0,0,0,0,0,914.988116204739,0,50.3946370482445,0,0,0,0,0,0,0,0,0,2.38810348510742,0,0,0,0,0,0,0,612.380757465959,0,0,0,0,0,0,1741.73914965987,0,0,0,0,0,0,0,0,0,0,0,0,0,0,0,75.5098001211882,0,0,1229.7582719028,3.77501082420349,81.5391036421061,0,0
0,0,0,0,0,0,0,0,0,0,0,0,0,0,0,8.86640979349613,63.4400576800108,2487.81232224405,45.5961772948503,0,0,0,428.246920406818,320.316683441401,0,1294.59299108386,0,333.723002403975,0,0,0,0,0,0,0,0,0,271.272432997823,0,0.123465314507484,0,1.9827961102128,0.293469548225403,0,0,2.83973968029022,0.260323494672775,0,0,10.6968603134155,0,0,0,0,0,0,0,0,0,0,0,0,0.543431766331196,0,5688.40635065734,35.263620659709,135.857798039913,0,1129.83964976668,0,150.617988869548,0,0,0,0,0,0,0,5.75666678696871,0,320.116591319442,0,4414.02835768461,2026.21812474728,2.74118395894766,0.508533149957657,0
0,0,0,0,0,0,0,0,0,0,0,0,0,0,0,0,2319.33814256638,8.42961075901985,59.3899642974138,0,0,428.246920406818,0,0,49.387344956398,0,408.007753059268,0,142.554010406137,0,0,0,0,0,0,0,0,0,488.668141081929,0,0,0,0.619705319404602,0,0,0,0,0,199.219936013222,0,0,0,0,0,0,0,0,0,0,0,0,0,0,0,55.333579942584,8574.27040307224,0,5.59807872772217,0.565818727016449,93.0379236340523,0,2,0,0,0,0,0,0,3.00657653808594,0,0,43.7989252060652,3030.95497873425,2194.1378544569,0.603625476360321,0,0
0,0,0,0,0,0,0,0,0,17.9125657081604,0,0,0,0,0,6.24819542467594,23.4423968791962,499.434724718332,14.1687951087952,0,0,320.316683441401,0,0,0,78.6457004398108,0,0,0,0,0,0,0,0,0,0,0,67.3767488002777,0,0,0,3.19276714324951,0,0,0,0,0,0,0,16.0027394294739,0,0,0,0,0,5.09671491384506,0,0,0,0,0,0,0,0,112.074733942747,0,594.641296669841,0,28.6117263734341,0,0,0,0,0,0,0,0,0,1.57371842861176,1.04139947891235,0,0,547.335943296552,0,0,0,0
0,0,0,0,0,0,0,0,5.79281854629517,0,0,0,0,0,0,0,37.7786158323288,1.09343087673187,0,0,0,0,49.387344956398,0,0,0,8.77713340520859,0,0,0,0,0,0,0,0,0,0,0,70.215743303299,0,0,0,0,0,0,0,0,0,117.095436930656,0,0,0,0,0,0.957273423671722,0,0,0,0,0,0,0,0,0,0,21.3542597293854,0,491.175772428513,0,0.96184891462326,0,0,0,0,0,0,0,0,0,0,0,50.1165650486946,158.146655738354,45.535273194313,0,0,0
0,0,0,0,0,0,0,0,0,0,0,0,0,0,0,36.9288022071123,0.326254606246948,3247.7464569509,4.52710115909576,0,0,1294.59299108386,0,78.6457004398108,0,0,0,83.2102360725403,0,0,0,0,0,0,0,0,0,0,0,0,0,0,0,0,0,0,0,0,0,0,0,0,0,0,0,12.6280246376991,0,0,0,0,0,0,0,0,487.759638443589,0,29.5549663603306,0,1269.54007276893,0,12.9164124727249,0,0,0,0,0,0,0,0.18354757130146,0,0,0,982.587976738811,0.665513157844543,0.437529563903809,0,0
0,0,0,0,0,0,0,0,0.962535917758942,0,0,0,0,0,0,0,1766.12705598772,0.800109088420868,14.7339571118355,0,0,0,408.007753059268,0,8.77713340520859,0,0,0,250.375770270824,0,0,0,0,0,0,0,0,0,0,0,0,0,0,0,0,0,0,0,0,0,0,0,0,0,2.93351626396179,0,0,0,0,0,0,0,0,0,0,226.429437786341,0,6.63806939125061,0,656.371080234647,0,14.3687174916267,0,0,0,0,0,0,0,0,0,0,1049.00168865919,5.92057219147682,0,0,0
0,0,0,0,0,0,0,0,0,0,0,19.4080379009247,0,6.45673656463623,0,0,0,5.09880304336548,0,0,0,333.723002403975,0,0,0,83.2102360725403,0,0,0,217.005547881126,0,0,0,0,0,0,0,0,0,0,0,0,0,0,0,0,0,0,0,0,0,0,0,0,0,0,0,27.0936918258667,0,0,0,0,0,0,83.5972858071327,0,0,0,65.2600069046021,0,498.601378083229,0,12.1812992095947,0,0,0,0,0,0,0,0,0,213.847793132067,74.4982114434242,0,0,0
0,0,0,0,0,0,0,0,0,0,0,0,0,0,0,0,5.30261969566345,0,0,0,0,0,142.554010406137,0,0,0,250.375770270824,0,0,0,70.3669014573097,0,0,0,0,0,0,0,130.769375622272,0,0,0,0,0,0,0,0,0,0,0,0,0,0,0,0,0,0,0,0,0,0,0,0,0,0,9.64933916926384,0,0,0,13.3583514392376,0,507.088652879,0,185.966114997864,0,0,0,0,0,0,0,0,75.8208200037479,51.5114786922932,0,0,0
0,0,0,0,0,0,0,0,0,0,0,56.0472209453583,0,0,0,0,0,0,0,0,0,0,0,0,0,0,0,217.005547881126,0,0,0,0,0,0,0,0,0,0.899101793766022,0,0,0,0,0,0,0,0.943115890026093,0,0,0,0,0,0,0,0,0,0,0,22.9343233108521,0,0,0,0,1.4494823217392,0,0,0,0,0,0,0,0,0,1288.41840565205,0,0,0,0,0,0,0,0,0,181.661572515965,0,1.43336392939091,0,0
0,0,0,0,0,0,0,0,0,0,0,0,0,0,0,0,0,0,0,0,0,0,0,0,0,0,0,0,70.3669014573097,0,0,0,0,0,0,0,0,0,0,0,0,0,0,0,0,0,0,0,0,0,0,0,0,0,0,0,0,0,0,0,0,0,0,0,0,0,0,0,0,0,0,1,0,655.481276929379,0,0,0,0,0,0,0,0,204.661347270012,0,0,0,0
0,0,0,0,0,0,0,0,0,0,0,0,0,0,0,0,0,0,0,0,0,0,0,0,0,0,0,0,0,0,0,0,8.1800222992897,33.5649087429047,0,14.6990888118744,0,0,0,0,0,0,0,0,0,0,0,239.524619393051,0,0,0,0,0,0,0,0,0,0,0,0,0,0,0,0,0,0,0,0,0,0,0,0,0,0,397.586234502494,0,18.424862191081,0,227.614073872566,0,0,0,248.773119449615,0,0,0,0
0,0,0,0,0,0,0,0,0,0,0,0,0,0,0,0,0,0,0,0,0,0,0,0,0,0,0,0,0,0,0,8.1800222992897,0,0,79.2163123041391,0,3,0,0,0,0,0,0,0,0,0,0,437.760991945863,41.7913305163383,0,0,0,0,0,0,0,0,0,0,0,0,0,0,0,0,0,0,0,0,0,0,0,0,0,0,461.861215025187,0,80.3515440449119,0,3,0,0,46.3823041319847,0,0,0,0
0,0,0,0,0,0,0,0,0,0,0,0,0,0,0,0,0,0,0,0,0,0,0,0,0,0,0,0,0,0,0,33.5649087429047,0,0,616.935175597668,1604.33737260103,0,24.6859385967255,9.72281569242477,0,0,0,0,0,0,0,0,2641.18993763626,0,9.78044074773788,0,0,0,0,0,0,0,0,0,0,0,0,0,0,0,0,0,0,0,0,0,0,0,0,116.820941627026,0,2325.0638089329,398.862824499607,711.882809460163,0,171.590788707137,4.17638090252876,1208.92435476184,5.2519793510437,0,0,0
0,0,0,0,0,0,0,0,0,0,0,0,0,0,0,0,0,0,0,0,0,0,0,0,0,0,0,0,0,0,0,0,79.2163123041391,616.935175597668,0,0,1111.7887327373,4.42915630340576,461.377929598093,0,0,0,0,0,0,0,0,2016.98179794848,156.524018287659,0,0,0,0,0,0,0,0,0,0,0,0,0,0,0,0,0,0,0,0,0,0,0,0,0,0,27.4149910360575,65.4430693984032,1487.08192601055,0,679.5437053442,0,1564.2760861069,1080.47454893589,51.3238468766212,0,0,0
0,0,0,0,0,0,0,0,0,0,0,0,0,0,0,0,0,0,0,801.198395043612,0,0,0,0,0,0,0,0,0,0,0,14.6990888118744,0,1604.33737260103,0,0,69.1964945197105,1525.70589230955,0,0,0,0,0,0,0,2.45755413174629,0,0,0,0,0,0,0,0,0,0,0,0,0,0,0,0,1178.86837691069,0,0,0,0,0,0,0,0,0,0,0,209.302282780409,0,471.129845440388,0,9606.98203572631,0,84.6589775532484,0,2542.99307834357,4.97867274284363,186.402087748051,0,0
0,0,6.81003478169441,0,0,0,1,0,0,0,243.290500342846,0,0,0,0,0,0,0,0,0,914.988116204739,0,0,0,0,0,0,0,0,0,0,0,3,0,1111.7887327373,69.1964945197105,0,3.11517554521561,1548.11828134954,0,0,0,0,0,0,0,0,0.356220543384552,11.339945346117,0,0,0,0,0,0,0,24.4170164614916,0,0,0,0,0,0,1680.86756896973,0,0,0,0,0,0,0,0,0,0,0,71.4666095972061,0,563.745191007853,0,10129.1529945582,0,170.863686814904,5895.44600498676,308.520154058933,182.09395994246,0,0
0,0,0,0,0,0,0,0,0,3.14196640253067,0,397.691977620125,0,0,0,0,0,0,0,453.148762762547,0,271.272432997823,0,67.3767488002777,0,0,0,0,0,0.899101793766022,0,0,0,24.6859385967255,4.42915630340576,1525.70589230955,3.11517554521561,0,246.988906741142,0.413643687963486,0,27.2164406776428,0,0,0,8.24400952458382,0,0,0,153.973451152444,0,0,0,0,0,13.237793892622,0,0,0,0,0,0,413.174479544163,0,279.590943574905,0,126.442559316754,0,0,0,14.6918432116508,0,0,0,0,0,244.014270663261,0,602.613543540239,0,6807.14951463044,18.1721786260605,2828.99213524163,110.608290210366,219.964104145765,11.9731117784977,0
0,0,0,0,0,0,0,0,1.22725284099579,0,1382.22100888193,0,0,0,0,0,0,0,0,0,50.3946370482445,0,488.668141081929,0,70.215743303299,0,0,0,130.769375622272,0,0,0,0,9.72281569242477,461.377929598093,0,1548.11828134954,246.988906741142,0,0,0,0,0,0,0,0,0,239.627919524908,793.204662844539,0,0,0,0,0,75.4807606488466,0,292.622580215335,0,0,0,0,0,0,181.46680316329,0,54.4758791923523,0,198.692137807608,0,0,0,81.6670370101929,0,26.7131414115429,0,0,0,476.705067098141,0,1036.61174409091,2.79514175653458,6964.53386552632,2722.19004924595,248.336617097259,14.9564200639725,0,0
0,0,0.449614495038986,0,0,0,0,0,0,0,0,0,0,0,0,0,3.74276620149612,18.2295935899019,317.310927815735,0,0,0.123465314507484,0,0,0,0,0,0,0,0,0,0,0,0,0,0,0,0.413643687963486,0,0,0.120468929409981,1336.48083811998,7.11024333536625,0.695199310779572,0,56.9424328356981,10.3439904227853,0,0,265.870550200343,0,0,0,0,0,0,0,0,0,0,0,0,218.901216581464,4.12295246869326,0,0,0,0,0,0,0,0,0,0,0,0,0,0,234.042854867876,3.26070277392864,34.2791866958141,0.278705775737762,94.1440079733729,0,2374.235306032,34.1152075752616,0.123308606445789
0.151708289980888,0,0,0,0,0,0,0,0,0,0,0,0,0,0,0,0,0.33900623768568,178.718782678246,0,0,0,0,0,0,0,0,0,0,0,0,0,0,0,0,0,0,0,0,0.120468929409981,0,5.60876620560884,252.677682675421,0,0,5.19015516340733,98.7097766548395,0,0.138692125678062,0,0,0,0,0,0,0,0,0,0,0,0,0,1.33704792708158,40.8650354668498,0,0,0,0,0,0,0,0,0,0.118709437549114,0,0,0,0,1.04345424473286,380.933849006891,0,0,47.0442561805248,0,403.77332316339,0,4.56465254724026
0,25.5332347154617,0.155389219522476,1.30733585357666,0,0,0,0,0,0,0,37.298358425498,0,0,0,0,1.62477687001228,31.6909741908312,724.818096272647,15.8349773287773,0,1.9827961102128,0,3.19276714324951,0,0,0,0,0,0,0,0,0,0,0,0,0,27.2164406776428,0,1336.48083811998,5.60876620560884,0,68.5826158449054,33.3954827561975,0.169910535216331,463.72678026557,15.9714388549328,7.46411992609501,0,774.214005790651,0,0,0,0,0,0.513234913349152,0,1131.2666388303,0,0,0,0,1124.37952301651,11.143393471837,0,0,0,0,0,0,0,0,23.1804563999176,0,0,0,0,0,2054.49683605134,4.42138564959168,297.685777582228,0,1025.18305554986,0,6131.53408275545,422.593310110271,0
31.4298367649317,0,85.4095428138971,0,0,0,0,0,0,0,0,0,0,0,0,0,23.1449441239238,26.3715847581625,729.594467662275,0,0,0.293469548225403,0.619705319404602,0,0,0,0,0,0,0,0,0,0,0,0,0,0,0,0,7.11024333536625,252.677682675421,68.5826158449054,0,0,0,17.3596180304885,993.573063679039,0,269.76340842247,0,0,0,0,0,0,0,19.2269665002823,0,0,0,0,0,19.4726603999734,1552.27047144622,0,0,0,0,0,0,0,0,0,2.90493109822273,0,0,0,0,26.0703620016575,1172.5202562809,0,41.5620334967971,1665.77925819904,0,5616.72820466757,0,544.90787923336
0,0,0,0,0,0,0,0,0,0,0,0,0,0,0,0,0,0,3.78914654254913,0,0,0,0,0,0,0,0,0,0,0,0,0,0,0,0,0,0,0,0,0.695199310779572,0,33.3954827561975,0,0,0,0,0,0,0,5.5251901447773,0,0,0,0,0,0,0,0,0,0,0,0,0,0,0,0,0,0,0,0,0,0,0,0,0,0,0,0,0.554008863866329,0,0,0,2.01131139695644,0,10.2993360757828,0,0
0,0,0,0,0,0,0,0,0,0,0,0,0,0,0,0,0,0,0,0,0,0,0,0,0,0,0,0,0,0,0,0,0,0,0,0,0,0,0,0,0,0.169910535216331,0,0,0,0,0.179826945066452,0,0,0,0,0,0,0,0,0,0,0,0,0,0,0,0,0,0,0,0,0,0,0,0,0,0,0,0,0,0,0,0.756982356309891,1.84068685770035,0,0,0,0,2.57799249887466,0,0
0.11978916823864,0,0.193663224577904,0,0,0,0,0,0,0,0,5.52425469458103,0,0,0,0,9.80878862738609,41.222556181252,895.618273876607,2.52279213070869,0,2.83973968029022,0,0,0,0,0,0,0,0.943115890026093,0,0,0,0,0,2.45755413174629,0,8.24400952458382,0,56.9424328356981,5.19015516340733,463.72678026557,17.3596180304885,0,0,0,105.704247094691,0,0,8.1207694336772,0,0,0,0,0,0,0,3.17647576332092,0,0,0,0,1105.37551984936,64.904876947403,0,0,0,0,0,0,0,0,2.20626291632652,0,0,0,0,0,1177.07612881809,28.9564426764846,112.6743093431,0,194.311029747128,0,1085.38159073889,9.21099338680506,0.165696024894714
0,0,0,0,0,0,0,0,0,0,0,0,0,0,0,0,53.0827274397016,40.9435258358717,1363.75355827808,0,0,0.260323494672775,0,0,0,0,0,0,0,0,0,0,0,0,0,0,0,0,0,10.3439904227853,98.7097766548395,15.9714388549328,993.573063679039,0,0.179826945066452,105.704247094691,0,0,2.66994550824165,0,0,0,0,0,0,0,0,0,0,0,0,0,43.4515227377415,913.751158513129,0,0,0,0,0,0,0,0,0,0,0,0,0,0,56.9581806361675,2915.15831641108,1.06821849942207,45.7165401279926,525.983422968537,0,766.273551627994,0,6.72856632620096
0,0.16242741048336,0,0.194906577467918,0,0,0,0,0,0,0,0,0,0,0,0,0,0,0,0,0,0,0,0,0,0,0,0,0,0,0,239.524619393051,437.760991945863,2641.18993763626,2016.98179794848,0,0.356220543384552,0,239.627919524908,0,0,7.46411992609501,0,0,0,0,0,0,2114.48672930896,919.003050491214,0,0,0,0,0,0,0,0,0,0,0,0,0,0,0,0,0,0,0,0,0,0,0,0,675.223854035139,225.197005443275,1809.58074629307,1439.84444946796,130.984749704599,317.264052987099,5.73716941475868,42.201911598444,1108.05265530944,14.278412103653,368.26431697607,0,0
279.497024014592,0,165.384363055229,0,0,0,0,0,0,0,0,0,0,0,0,0,0,0,0.29238349199295,0,2.38810348510742,0,199.219936013222,0,117.095436930656,0,0,0,0,0,0,0,41.7913305163383,0,156.524018287659,0,11.339945346117,0,793.204662844539,0,0.138692125678062,0,269.76340842247,0,0,0,2.66994550824165,2114.48672930896,0,0,0,0,0,0,0,0,7.55115854740143,0,0,0,0,0,0,17.1790231093764,0,0,0,9.78529731929302,0,0,0,0,0,0.215616092085838,0,22.9838744997978,0,234.301156818867,0,533.035613454878,0,1154.78790213168,417.94878834486,0,1019.87880715728,0,0
0,589.442479088902,0,330.853631407022,0,0,0,0,0,9.90271872282028,0,2.6818679869175,0,0,0,0,0,0,4.85712230205536,0,0,10.6968603134155,0,16.0027394294739,0,0,0,0,0,0,0,0,0,9.78044074773788,0,0,0,153.973451152444,0,265.870550200343,0,774.214005790651,0,5.5251901447773,0,8.1207694336772,0,919.003050491214,0,0,0,3.06052708625793,0,0,0,2.60286997258663,0,126.795229807496,0,205.886685982347,0,63.0412039458752,15.9402889162302,0,0,0,49.0171156227589,0,0,0,271.692356467247,0,1.8868128657341,0,0,0,40.477385610342,0,122.543507449329,0,1537.43275357783,0,580.139884158969,0,1682.57247856259,8.65028980374336,0
0,0,0,0,248.690365672112,0,0,0,16.3387773036957,0,0,0,0,0,0,0,0,0,0,0,0,0,0,0,0,0,0,0,0,0,0,0,0,0,0,0,0,0,0,0,0,0,0,0,0,0,0,0,0,0,0,0,93.3217570781708,0,62.6258935332298,0,125.242521286011,0,0,0,1,0,0,15.158923625946,0,0,0,0,0,0,0,0,0,0,0,0,0,0,0,0,0,0,57.8177674114704,0.357736259698868,0,0,0
0,14.0469723641872,0,73.5294352769852,0,310.428029537201,0,0,0,0,0,24.1843739748001,0,81.5879373550415,0,0,0,0,0,25.7802157402039,0,0,0,0,0,0,0,0,0,0,0,0,0,0,0,0,0,0,0,0,0,0,0,0,0,0,0,0,0,3.06052708625793,0,0,0,0,0,0,0,2.21860015392303,0,310.224696964025,0,2.25706577301025,0,0,0,0,0,0,0,0,0,0,0,0,0,0,0,0,0,0,0,0,189.670311927795,0,23.2178746461868,0,0
0,0,0,0,0,0,351.32351398468,0,0,0,195.052622795105,0,0,0,0,0,0,0,0,0,0,0,0,0,0,0,0,0,0,0,0,0,0,0,0,0,0,0,0,0,0,0,0,0,0,0,0,0,0,0,93.3217570781708,0,0,0,0,0,189.741710305214,0,97.9221849441528,0,0,0,0,0,0,0,0,0,0,0,0,0,0,0,0,0,0,0,0,0,0,0,0.957154601812363,0,0,0,0
0,0,0,0,0,28.1286569535732,0,358.52601274848,0,0,0,6.09737280011177,0,0,0,0,0,0,0,38.7362636327744,0,0,0,0,0,0,0,0,0,0,0,0,0,0,0,0,0,0,0,0,0,0,0,0,0,0,0,0,0,0,0,0,0,0,0,0,0,0,0,0,0,0,0,0,0,0,0,0,0,0,0,0,0,0,0,0,0,0,0,0,0,0,131.796461701393,7.4792483150959,52.7697768807411,0,0
29.2543067932129,0,0,0,148.202143162489,0,0,0,555.501374512911,0,0,0,0,0,2.31132982671261,0,0,0,0,0,0,0,0,0,0.957273423671722,0,2.93351626396179,0,0,0,0,0,0,0,0,0,0,0,75.4807606488466,0,0,0,0,0,0,0,0,0,0,0,62.6258935332298,0,0,0,0,0,0,0,0,0,5.97665667533875,0,0,0,0,0,0,10.2859003245831,0,0,0,0,0,0,0,0,0,0,0,0,0,6.61339774727821,221.258059777319,23.6399701982737,0,0,0
0,852.865820899606,0,24.300113350153,0,0,0,0,0,750.273253560066,0,0,0,0,0,4.40317183732986,0,0,0,0,0,0,0,5.09671491384506,0,12.6280246376991,0,0,0,0,0,0,0,0,0,0,0,13.237793892622,0,0,0,0.513234913349152,0,0,0,0,0,0,0,2.60286997258663,0,0,0,0,0,0,0,0,0,0,0,21.7318910062313,0,0,0,0,103.31000995636,0,0,0,0,0,0,0,0,0,0,0,0,0,1.05204428732395,0,323.035390526056,0,61.5850007683039,0,0
1.03837415575981,0,0.517855644226074,0,0,0,10.3750939369202,0,0,0,2792.4222317934,0,23.1155631542206,0,0,0,0,0,0.905800372362137,0,612.380757465959,0,0,0,0,0,0,0,0,0,0,0,0,0,0,0,24.4170164614916,0,292.622580215335,0,0,0,19.2269665002823,0,0,0,0,0,7.55115854740143,0,125.242521286011,0,189.741710305214,0,0,0,0,0,281.26318436861,0,0,0,0,620.031905442476,0,0,0,0,0,0,0,0,0,180.995156526566,0,0,0,0,0,19.5427707582712,0,49.849955201149,190.383369743824,0,477.966949433088,0,8.45145791769028
0,6.37365248799324,0,15.4608311504126,0,2.25868225097656,0,257.887867927551,0,0,0,1273.74891103804,0,8.33285319805145,0,0,0,0,0,165.741999238729,0,0,0,0,0,0,0,27.0936918258667,0,22.9343233108521,0,0,0,0,0,0,0,0,0,0,0,1131.2666388303,0,0,0,3.17647576332092,0,0,0,126.795229807496,0,2.21860015392303,0,0,0,0,0,0,0,21.2343569993973,0,4.01704370975494,723.29795666039,0.482402414083481,0,0,0,0,0,0,0,0,199.153979375958,0,0,0,0,0,0,0,0,0,93.050259783864,0,907.924479082227,3.80958104133606,0
0,0,0,0,0,0,0,0,0,0,806.080727905035,0,233.227100849152,0,0,0,0,0,0,0,0,0,0,0,0,0,0,0,0,0,0,0,0,0,0,0,0,0,0,0,0,0,0,0,0,0,0,0,0,0,0,0,97.9221849441528,0,0,0,281.26318436861,0,0,0,0,0,0,0,0,0,0,0,0,0,0,0,0,0,0,0,0,0,0,0,0,0,100.303948163986,0,0,0,0
0,5.4694150686264,0,94.446710601449,0,1.53529059886932,0,49.242481470108,0,0,0,4,0,449.659250915051,0,142.139055192471,0,0,0,0,0,0,0,0,0,0,0,0,0,0,0,0,0,0,0,0,0,0,0,0,0,0,0,0,0,0,0,0,0,205.886685982347,0,310.224696964025,0,0,0,0,0,21.2343569993973,0,0,0,375.389527797699,3.51546448469162,0,0,0,0,0,0,0,0,0,0,0,0,0,0,0,0,0,0,0,678.801819860935,73.4014939069748,64.6469443142414,0,0
0,0,0,0,0,0,0,0,6.33938086032867,0,0,0,0,0,106.243778496981,0,0,0,0,0,0,0,0,0,0,0,0,0,0,0,0,0,0,0,0,0,0,0,0,0,0,0,0,0,0,0,0,0,0,0,1,0,0,0,5.97665667533875,0,0,0,0,0,0,0,0,0,0,0,0,0,0,0,0,0,0,0,0,0,0,0,0,0,0,0,129.953812152147,0,0,0,0
0,182.52739584446,0,57.1277452111244,0,0,0,0,0,11.4969182610512,0,0,0,20.7773071229458,0,228.949787914753,0,0,0,0,0,0,0,0,0,0,0,0,0,0,0,0,0,0,0,0,0,0,0,0,0,0,0,0,0,0,0,0,0,63.0412039458752,0,2.25706577301025,0,0,0,21.7318910062313,0,4.01704370975494,0,375.389527797699,0,0,0,0,0,0,0,0,5,0,0,0,0,0,0,0,0,0,0,0,0,0,84.0406885147095,0,5.87667265534401,0,0
0,0.219796821475029,0.22661130875349,3.15122199058533,0,0,0,1.57952010631561,0,0,0,914.443225383759,0,0,0,0,5.16059331595898,15.5487595200539,447.907361112535,2663.54794465005,0,0.543431766331196,0,0,0,0,0,0,0,1.4494823217392,0,0,0,0,0,1178.86837691069,0,413.174479544163,0,218.901216581464,1.33704792708158,1124.37952301651,19.4726603999734,0,0,1105.37551984936,43.4515227377415,0,0,15.9402889162302,0,0,0,0,0,0,0,723.29795666039,0,3.51546448469162,0,0,0,8.29885751008987,0,0,0,0,0,0,0,0,36.7560815811157,0,0,0,0,0,2288.57472658157,4.02427381277084,2561.1071324721,0.298344254493713,342.494292981923,0,935.420389987528,236.979919992387,0
1.90878300368786,0.115747816860676,4.05824510753155,0,0,0,0,0,0,0,195.066160798073,0.415622055530548,0,0,0,0,1.3009038195014,14.1385987401009,648.757974244654,0,1741.73914965987,0,0,0,0,0,0,0,0,0,0,0,0,0,0,0,1680.86756896973,0,181.46680316329,4.12295246869326,40.8650354668498,11.143393471837,1552.27047144622,0,0,64.904876947403,913.751158513129,0,17.1790231093764,0,15.158923625946,0,0,0,0,0,620.031905442476,0.482402414083481,0,0,0,0,8.29885751008987,0,0,0,0,0,0,0,0,0,0,0.613964796066284,0,0,0,0,21.1366970837116,1117.52432154864,0.24214331060648,374.516647532582,1024.09803708643,0,1506.17013736814,0,564.403397761285
0,0,0,0,0,0,0,0,0,0,0,0,0,0,0,0.753118455410004,0.542761951684952,135.845590859652,0,0,0,5688.40635065734,55.333579942584,112.074733942747,0,487.759638443589,0,83.5972858071327,0,0,0,0,0,0,0,0,0,279.590943574905,0,0,0,0,0,0,0,0,0,0,0,0,0,0,0,0,0,0,0,0,0,0,0,0,0,0,0,1.18897125124931,15.1234003007412,0,482.351948931813,0,675.934011757374,0,0,0,0,0,0,0,0,0,389.429150283337,0,426.105742961168,193.781207606196,0,0,0
0,0,0,0,0,0,0,0,0,0,0,0,0,0,0,0,65.2550810575485,0,0,0,0,35.263620659709,8574.27040307224,0,21.3542597293854,0,226.429437786341,0,9.64933916926384,0,0,0,0,0,0,0,0,0,54.4758791923523,0,0,0,0,0,0,0,0,0,0,0,0,0,0,0,0,0,0,0,0,0,0,0,0,0,1.18897125124931,0,0,0,0,94.0553741753101,0,3,0,0,0,0,0,0,0,0,0,371.776305571198,1048.47808291018,187.488965451717,0,0,0
0,0,0,0,0,0,0,0,0,2.27415037155151,0,0,0,0,0,0.819199770689011,0,40.2897530049086,0,0,0,135.857798039913,0,594.641296669841,0,29.5549663603306,0,0,0,0,0,0,0,0,0,0,0,126.442559316754,0,0,0,0,0,0,0,0,0,0,0,49.0171156227589,0,0,0,0,0,103.31000995636,0,0,0,0,0,0,0,0,15.1234003007412,0,0,0,5.99507367610931,0,108.534641742706,0,0,0,0,0,0,0,0,0,36.408524915576,0,37.8313883692026,0,185.285275682807,0,0
0,0,0,0,0,0,0,0,11.4171950370073,0,0,0,0,0,0,0,0,0,0,0,0,0,5.59807872772217,0,491.175772428513,0,6.63806939125061,0,0,0,0,0,0,0,0,0,0,0,198.692137807608,0,0,0,0,0,0,0,0,0,9.78529731929302,0,0,0,0,0,10.2859003245831,0,0,0,0,0,0,0,0,0,0,0,0,0,0,0,0,0,0,0,0,0,0,0,0,0,0,163.498252078891,333.859922289848,0.194850072264671,43.9578564763069,0,0
0,0,0,0,0,0,0,0,0,0,0,0,0,0,0,21.5305700600147,0.268758445978165,999.487485669553,1.92398118972778,0,0,1129.83964976668,0.565818727016449,28.6117263734341,0,1269.54007276893,0,65.2600069046021,0,0,0,0,0,0,0,0,0,0,0,0,0,0,0,0,0,0,0,0,0,0,0,0,0,0,0,0,0,0,0,0,0,5,0,0,482.351948931813,0,5.99507367610931,0,0,0,9.86704754829407,0,0,0,0,0,0,0,0,0,0,0,259.456118628383,2.3066640496254,0,0,0
0,0,0,0,0,0,0,0,0,0,0,0,0,0,0,0,81.2482325732708,0,0,0,0,0,93.0379236340523,0,0.96184891462326,0,656.371080234647,0,13.3583514392376,0,0,0,0,0,0,0,0,0,0,0,0,0,0,0,0,0,0,0,0,0,0,0,0,0,0,0,0,0,0,0,0,0,0,0,0,94.0553741753101,0,0,0,0,0,0,0,0,0,0,0,0,0,0,0,0,292.622256040573,0,0,0,0
0,0,0,0,0,0,0,0,0,0,0,0,0,308.621028423309,0,0,0,0,0,0,0,150.617988869548,0,0,0,12.9164124727249,0,498.601378083229,0,0,0,0,0,0,0,0,0,14.6918432116508,0,0,0,0,0,0,0,0,0,0,0,271.692356467247,0,0,0,0,0,0,0,0,0,0,0,0,0,0,675.934011757374,0,108.534641742706,0,9.86704754829407,0,0,0,0,0,0,0,0,0,0,0,113.162319287658,0,10.433914899826,0,0,0,0
0,0,0,0,0,0,0,0,0,0,0,0,0,0,0,0,0,0,0,0,0,0,2,0,0,0,14.3687174916267,0,507.088652879,0,1,0,0,0,0,0,0,0,81.6670370101929,0,0,0,0,0,0,0,0,0,0,0,0,0,0,0,0,0,0,0,0,0,0,0,0,0,0,3,0,0,0,0,0,0,0,75.4947007596493,0,0,0,0,0,0,0,231.12965759635,77.9313269555569,0,0,0,0
0,0.316041886806488,0,0,0,0,0,0,0,0,0,11.118846654892,0,0,0,0,0,0,0,8.01955235004425,0,0,0,0,0,0,0,12.1812992095947,0,1288.41840565205,0,0,0,0,0,0,0,0,0,0,0,23.1804563999176,0,0,0,2.20626291632652,0,0,0,1.8868128657341,0,0,0,0,0,0,0,199.153979375958,0,0,0,0,36.7560815811157,0,0,0,0,0,0,0,0,0,0,0,0,0,0,0,0,0,1.3918673992157,0,0,0,199.183898031712,4.45498925447464,0
0,0,0,0,0,0,0,0,0,0,0,0,0,0,0,0,0,0,0,0,0,0,0,0,0,0,0,0,185.966114997864,0,655.481276929379,0,0,0,0,0,0,0,26.7131414115429,0,0.118709437549114,0,2.90493109822273,0,0,0,0,0,0.215616092085838,0,0,0,0,0,0,0,180.995156526566,0,0,0,0,0,0,0.613964796066284,0,0,0,0,0,0,0,75.4947007596493,0,0,0,0,0,0,0,0,0,23.8693346977234,21.0183865725994,0,41.7465033382177,0,1.28649570047855
0,0,0,0,0,0,0,0,0,0,0,0,0,0,0,0,0,0,0,0,0,0,0,0,0,0,0,0,0,0,0,397.586234502494,0,116.820941627026,0,209.302282780409,0,0,0,0,0,0,0,0,0,0,0,675.223854035139,0,0,0,0,0,0,0,0,0,0,0,0,0,0,0,0,0,0,0,0,0,0,0,0,0,0,0,0,27.5905522108078,0,0,0,0,0,73.4324385225773,0,0,0,0
0,0,0,0,0,0,0,0,0,0,0,0,0,0,0,0,0,0,0,0,0,0,0,0,0,0,0,0,0,0,0,0,461.861215025187,0,27.4149910360575,0,71.4666095972061,0,0,0,0,0,0,0,0,0,0,225.197005443275,22.9838744997978,0,0,0,0,0,0,0,0,0,0,0,0,0,0,0,0,0,0,0,0,0,0,0,0,0,0,0,0,170.019884318113,0,388.540287598968,0,0,30.6093924939632,0,0,0,0
0,0,0,0,0,0,0,0,0,0,0,0,0,0,0,0,0,0,0,0,0,0,0,0,0,0,0,0,0,0,0,18.424862191081,0,2325.0638089329,65.4430693984032,471.129845440388,0,244.014270663261,0,0,0,0,0,0,0,0,0,1809.58074629307,0,40.477385610342,0,0,0,0,0,0,0,0,0,0,0,0,0,0,0,0,0,0,0,0,0,0,0,0,27.5905522108078,0,0,11.1709553003311,769.904107123613,0,350.739351570606,0,556.346369564533,0,0,0,0
0,0,0,0,0,0,0,0,0,0,0,0,0,0,0,0,0,0,0,0,0,0,0,0,0,0,0,0,0,0,0,0,80.3515440449119,398.862824499607,1487.08192601055,0,563.745191007853,0,476.705067098141,0,0,0,0,0,0,0,0,1439.84444946796,234.301156818867,0,0,0,0,0,0,0,0,0,0,0,0,0,0,0,0,0,0,0,0,0,0,0,0,0,0,170.019884318113,11.1709553003311,0,0,1384.27211640775,0,1810.69223962724,345.69599801302,29.3345200419426,0,0,0
0,0,0.779531762003899,0,0,0,0,0,0,0,0,0,0,0,0,0,13.3178741335869,124.44776340574,2040.51486191154,99.4336890876293,0,5.75666678696871,3.00657653808594,1.57371842861176,0,0.18354757130146,0,0,0,0,0,227.614073872566,0,711.882809460163,0,9606.98203572631,0,602.613543540239,0,234.042854867876,1.04345424473286,2054.49683605134,26.0703620016575,0.554008863866329,0.756982356309891,1177.07612881809,56.9581806361675,130.984749704599,0,122.543507449329,0,0,0,0,0,0,0,0,0,0,0,0,2288.57472658157,21.1366970837116,0,0,0,0,0,0,0,0,0,0,0,0,769.904107123613,0,0,9.50693003088236,885.794925928116,0.348856009542942,1260.08909454942,0,2888.48869381845,569.20611384511,0.298949733376503
0,0.755505084991455,28.794090628624,0,0,0,0,0,0,0,35.5647464394569,0,0,0,0,0,2.69081497937441,5.18865808099508,1007.60998828709,0,75.5098001211882,0,0,1.04139947891235,0,0,0,0,0,0,0,0,3,0,679.5437053442,0,10129.1529945582,0,1036.61174409091,3.26070277392864,380.933849006891,4.42138564959168,1172.5202562809,0,1.84068685770035,28.9564426764846,2915.15831641108,317.264052987099,533.035613454878,0,0,0,0,0,0,0,19.5427707582712,0,0,0,0,0,4.02427381277084,1117.52432154864,0,0,0,0,0,0,0,0,0,0,0,388.540287598968,0,1384.27211640775,9.50693003088236,0,0,434.330237001181,2561.84063950181,7.14851045608521,3859.66293854266,0.0762759074568748,117.186834789813
0,0,0,0,0,0,0,0,0,0,0,21.2823524475098,0,0,0,0,0,0,4.3241054713726,226.433010682464,0,320.116591319442,0,0,0,0,0,0,0,0,0,0,0,171.590788707137,0,84.6589775532484,0,6807.14951463044,2.79514175653458,34.2791866958141,0,297.685777582228,0,0,0,112.6743093431,1.06821849942207,5.73716941475868,0,1537.43275357783,0,0,0,0,0,1.05204428732395,0,0,0,0,0,0,2561.1071324721,0.24214331060648,389.429150283337,0,36.408524915576,0,0,0,113.162319287658,0,1.3918673992157,0,0,0,350.739351570606,0,885.794925928116,0,0,0,125.764206781983,1.87870985269547,792.516370944679,80.3963676691055,0
0,0,0,0,0,0,0,0,0,0,206.823362439871,0,0,0,0,0,0,0,23.3144201487303,0,0,0,43.7989252060652,0,50.1165650486946,0,0,0,0,0,0,0,0,4.17638090252876,1564.2760861069,0,170.863686814904,18.1721786260605,6964.53386552632,0.278705775737762,0,0,41.5620334967971,0,0,0,45.7165401279926,42.201911598444,1154.78790213168,0,0,0,0,0,6.61339774727821,0,49.849955201149,0,0,0,0,0,0.298344254493713,374.516647532582,0,371.776305571198,0,163.498252078891,0,0,0,231.12965759635,0,23.8693346977234,0,0,0,1810.69223962724,0.348856009542942,434.330237001181,0,0,1266.35714820027,3.1936836540699,95.6507569551468,0,7.90425485372543
248.709417670965,37.666695535183,325.090118199587,93.7030376642942,615.335278987885,186.717333912849,266.016731709242,167.171377837658,1987.92468912154,215.71083804965,263.201835930347,784.932155489922,172.228729724884,380.786470025778,287.876547515392,525.498602002859,11562.9347895756,9119.85304414481,2182.78952542692,295.730124175549,1229.7582719028,4414.02835768461,3030.95497873425,547.335943296552,158.146655738354,982.587976738811,1049.00168865919,213.847793132067,75.8208200037479,181.661572515965,204.661347270012,248.773119449615,46.3823041319847,1208.92435476184,1080.47454893589,2542.99307834357,5895.44600498676,2828.99213524163,2722.19004924595,94.1440079733729,47.0442561805248,1025.18305554986,1665.77925819904,2.01131139695644,0,194.311029747128,525.983422968537,1108.05265530944,417.94878834486,580.139884158969,57.8177674114704,189.670311927795,0.957154601812363,131.796461701393,221.258059777319,323.035390526056,190.383369743824,93.050259783864,100.303948163986,678.801819860935,129.953812152147,84.0406885147095,342.494292981923,1024.09803708643,426.105742961168,1048.47808291018,37.8313883692026,333.859922289848,259.456118628383,292.622256040573,10.433914899826,77.9313269555569,0,21.0183865725994,73.4324385225773,30.6093924939632,556.346369564533,345.69599801302,1260.08909454942,2561.84063950181,125.764206781983,1266.35714820027,0,10693.2150461972,4530.97581708431,66.2218134179711,103.057859532535
0,0,0,0,37.7896418273449,0,0,0,393.273232996464,7.89990615844727,0,0,0,181.235793560743,2,123.258176445961,36.2645746767521,536.478324234486,0,0,3.77501082420349,2026.21812474728,2194.1378544569,0,45.535273194313,0.665513157844543,5.92057219147682,74.4982114434242,51.5114786922932,0,0,0,0,5.2519793510437,51.3238468766212,4.97867274284363,308.520154058933,110.608290210366,248.336617097259,0,0,0,0,0,0,0,0,14.278412103653,0,0,0.357736259698868,0,0,7.4792483150959,23.6399701982737,0,0,0,0,73.4014939069748,0,0,0,0,193.781207606196,187.488965451717,0,0.194850072264671,2.3066640496254,0,0,0,0,0,0,0,0,29.3345200419426,0,7.14851045608521,1.87870985269547,3.1936836540699,10693.2150461972,0,1.69516217708588,0,0
513.62052616477,181.2846917063,638.408418983221,174.120213121176,0,5.90234053134918,0,0,34.1614509224892,16.202370762825,0,183.870309635997,0,0,0,1.40705412626266,39.5797776728868,70.7263925001025,2845.64035657793,23.2861783802509,81.5391036421061,2.74118395894766,0.603625476360321,0,0,0.437529563903809,0,0,0,1.43336392939091,0,0,0,0,0,186.402087748051,182.09395994246,219.964104145765,14.9564200639725,2374.235306032,403.77332316339,6131.53408275545,5616.72820466757,10.2993360757828,2.57799249887466,1085.38159073889,766.273551627994,368.26431697607,1019.87880715728,1682.57247856259,0,23.2178746461868,0,52.7697768807411,0,61.5850007683039,477.966949433088,907.924479082227,0,64.6469443142414,0,5.87667265534401,935.420389987528,1506.17013736814,0,0,185.285275682807,43.9578564763069,0,0,0,0,199.183898031712,41.7465033382177,0,0,0,0,2888.48869381845,3859.66293854266,792.516370944679,95.6507569551468,4530.97581708431,1.69516217708588,0,719.70421846211,720.706605449319
0,0,0,0,0,0,0,0,0,0,0,4.42645615339279,0,0,0,0,1.59776036441326,13.9869771972299,92.7101962193847,0,0,0.508533149957657,0,0,0,0,0,0,0,0,0,0,0,0,0,0,0,11.9731117784977,0,34.1152075752616,0,422.593310110271,0,0,0,9.21099338680506,0,0,0,8.65028980374336,0,0,0,0,0,0,0,3.80958104133606,0,0,0,0,236.979919992387,0,0,0,0,0,0,0,0,0,4.45498925447464,0,0,0,0,0,569.20611384511,0.0762759074568748,80.3963676691055,0,66.2218134179711,0,719.70421846211,0,0
0,0,0.296250402927399,0,0,0,0,0,0,0,0,0,0,0,0,0,0,0,64.52684058249,0,0,0,0,0,0,0,0,0,0,0,0,0,0,0,0,0,0,0,0,0.123308606445789,4.56465254724026,0,544.90787923336,0,0,0.165696024894714,6.72856632620096,0,0,0,0,0,0,0,0,0,8.45145791769028,0,0,0,0,0,0,564.403397761285,0,0,0,0,0,0,0,0,0,1.28649570047855,0,0,0,0,0.298949733376503,117.186834789813,0,7.90425485372543,103.057859532535,0,720.706605449319,0,0
