0,0,22.3789978027344,0,15.9919452667236,0,0,0,4.92876418777134,0,0,0,0,0,4.64248085021973,0,8.89751029014587,0,13.2233411845039,0,0,0,0,0,0,0,0,0,0,0,0,0,0,0,0,0,0,0,0,0,28.2082511901855,0,15.2999892031893,0,0,0,12.4188480377197,0,6.16523646663975,0,16.7829896291097,0,0,0,3.9647572314153,0,0,0,0,0,5.46405274971672,0,0,0,0,0,0,0,0,3.4367667833964,0,0,0,0,0,0,0,0,0,35.6754285812378,0,0,9.88450422720476,0,13.1060607216575,0,69.3997344970703
0,0,0,8.02035253445307,0,0,0,0,0,7.57413598210358,0,0,0,0,0,5.46929059709821,0,0,13.7965031095913,0,0,0,0,11.5842191201669,0,0,0,0,0,0,0,0,0,0,0,0,0,19.9515371322632,0,42.9816570281982,53.0226573944092,15.5222192334487,0,0,0,0,45.6771297454834,0,0,7.12263630754579,0,0,0,0,0,6.64821435241739,0,17.7428956031799,0,0,0,5.37801866645292,0,61.7846527099609,0,0,4.13500331234686,0,0,0,0,0,0,0,0,0,0,0,0,57.3909034729004,28.4300842285156,0,10.0130060605354,0,14.2202931783085,0,41.7729606628418
22.3789978027344,0,0,58.6853271484375,0,0,0,0,8.94943406184514,0,0,0,0,0,0,0,54.6633224487305,0,0,0,0,0,0,0,0,0,0,0,0,0,0,0,0,0,0,0,0,0,0,0,36.4348987851824,67.3045291900635,26.1827258692578,0,0,51.3176441192627,31.9225597381592,0,35.2044564952021,90.8887481689453,8.89772990319581,0,0,0,0,0,25.7139615730421,73.1431884765625,6.12221654256185,0,7.324466475734,0,0,25.3167751312256,0,0,0,0,0,0,0,0,0,29.6443814364347,0,0,0,0,0,51.3168811798096,0,33.5045890808105,29.3996753077353,21.4858983357747,26.6141318250483,0,19.8844945040616
0,8.02035253445307,58.6853271484375,0,0,8.76492079761293,0,0,0,18.4289598817175,0,0,0,0,0,4.65098730723063,98.0171783447266,67.759651184082,22.4627734964544,6.95717620849609,0,0,0,24.9170276641846,0,0,0,0,0,0,0,0,0,0,0,18.0886859893799,0,33.0995826721191,0,36.7788535817464,44.7106946309408,37.5010396029572,57.9865139552525,0,0,31.6919308944985,41.4848664252313,0,36.278751373291,18.1561896244105,67.897580464681,6.34561516071417,0,0,0,4.15422102161076,64.0266624450684,25.725097003736,0,3.33275789480943,0,4.74787371825582,46.4194208780924,55.3661422729492,0,0,81.9779586791992,0,0,0,0,0,30.943359375,70.3875045776367,0,0,0,0,52.162144574252,86.3758799235026,56.3862543106079,0,21.2606168752179,26.7423324584961,24.6500439989457,19.0793611526489,64.7104339599609
15.9919452667236,0,0,0,0,0,3.1033279129437,0,5.83870087623596,0,0,0,0,0,0,0,0,0,0,0,0,0,0,0,0,0,0,0,0,0,0,0,0,0,0,0,0,0,0,0,45.5411529541016,79.4034957885742,56.9377555847168,0,0,0,0,0,0,0,4.56370740722526,0,0,0,11.8144092559814,0,17.3268163204193,0,0,0,0,0,0,16.0922832489014,0,0,0,0,0,0,0,0,0,0,0,0,0,0,0,0,0,0,4.3818171646284,0,13.8261453291949,0,0
0,0,0,8.76492079761293,0,0,0,2.94840804735819,0,3.05151468515396,0,0,0,0,0,0,0,0,0,2.95338487625122,0,0,0,0,0,0,0,0,0,0,0,0,0,0,0,0,0,0,0,43.1272144317627,0,49.8847103118896,0,0,0,0,0,0,0,0,0,4.18097571877037,0,3.2990601460139,0,0,0,4.46277245283127,0,0,0,0,0,0,0,0,0,0,0,0,0,0,0,0,0,0,0,0,0,0,0,0,3.69682594186045,6.19609192439488,8.61235375476606,0,0
0,0,0,0,3.1033279129437,0,0,0,0,0,3.240953485171,0,0,0,0,0,0,0,0,0,0,0,0,0,0,0,0,0,0,0,0,0,0,0,0,0,0,0,0,0,0,0,0,0,0,0,0,0,0,0,0,0,3.81526725075462,0,0,0,5.37273694436942,0,0,0,0,0,0,8.38640508055687,0,0,0,0,0,0,0,0,0,0,0,0,0,0,0,0,0,0,3.16130468559265,0,0,0,0
0,0,0,0,0,2.94840804735819,0,0,0,0,0,0,0,0,0,0,0,0,0,0,0,0,0,0,0,0,0,0,0,0,0,0,0,0,0,0,0,0,0,0,0,0,0,0,0,0,0,0,0,0,0,2.95316779613495,0,3.07272296481662,0,0,0,2.74870610237122,0,3.32049134882485,0,0,0,0,0,0,0,0,0,0,0,0,0,0,0,0,0,0,0,0,0,0,2.7309205532074,0,0,0,0
4.92876418777134,0,8.94943406184514,0,5.83870087623596,0,0,0,0,0,0,0,0,0,3.31753296984567,0,3.23668630917867,0,4.05106454425388,0,0,0,0,0,3.99072072399196,0,3.60927302837372,0,0,0,0,0,0,0,0,0,0,0,0,0,0,0,6.03750994500149,0,0,0,0,0,3.08467184503873,0,7.4133419381441,0,0,0,4.50740764556675,0,26.0588655471802,0,0,0,3.91474586240413,0,0,0,0,0,0,4.71708709162635,0,3.72697402335502,0,0,0,0,0,0,0,0,0,0,0,3.05304789543152,4.78856424691612,0,6.27080414066576,0,4.97297540307045
0,7.57413598210358,0,18.4289598817175,0,3.05151468515396,0,0,0,0,0,0,0,0,0,4.70229966462548,0,2.92952815123967,14.3575561387198,0,0,0,0,6.97735107329584,0,4.13915333151817,0,0,0,0,0,0,0,20.6275005340576,0,0,0,10.5070728879226,0,0,0,18.3586495637894,95.5035171508789,0,0,0,61.7240142822266,0,0,18.6196864980918,0,4.27241116231031,0,0,0,4.93344668718142,0,21.5989907692219,0,23.9284753799438,0,5.70259125831679,19.9119186401367,0,0,0,6.38135691562972,0,3.48439483120017,0,0,0,0,0,0,0,22.823316192627,0,40.6586443583171,0,13.9917631291631,0,10.0859637314494,5.88759565353394,13.5127814838528,7.08140964508057,0
0,0,0,0,0,0,3.240953485171,0,0,0,0,0,2.89354093869527,0,0,0,0,0,0,0,3.06267730907727,0,0,0,0,0,0,0,0,0,2.71187090873718,0,0,0,0,0,2.94239124229976,0,3.35861139048159,0,0,0,0,0,0,0,0,0,0,0,0,0,4.20796163620487,0,0,0,4.5926634793568,0,2.9585445523262,0,0,0,0,3.92793572866,0,0,0,0,0,0,0,0,0,2.9619551897049,0,0,0,0,0,14.9671274622281,0,3.88466451619122,2.88802447915077,0,0,0,0
0,0,0,0,0,0,0,0,0,0,0,0,0,2.93129544355431,0,0,0,0,0,3.06411532331104,0,0,0,0,0,0,0,2.84972274303436,0,4.02419829167394,0,0,0,0,0,3.77466122239037,0,4.10711392816508,0,0,0,0,0,0,0,0,0,0,0,0,0,0,0,0,0,0,0,5.65294799548129,0,3.1554763931589,0,0,3.37316393852234,0,0,0,0,0,0,0,0,0,4.62194368798854,0,0,0,0,0,0,0,0,0,3.08678926978,0,0,0,0
0,0,0,0,0,0,0,0,0,0,2.89354093869527,0,0,0,2.74651670455933,0,0,0,0,0,0,0,0,0,0,0,0,0,3.38898706436157,0,0,0,0,0,0,0,0,0,0,0,0,0,0,0,0,0,0,0,0,0,0,0,0,0,0,0,3.23276828229427,0,2.99246576710751,0,0,0,0,0,0,0,0,0,0,0,0,0,0,0,0,0,0,0,0,0,0,0,3.18648803276828,4.36618339709747,0,0,0
0,0,0,0,0,0,0,0,0,0,0,2.93129544355431,0,0,0,4.47807671946864,0,0,0,0,0,0,0,0,0,2.85525095462799,0,2.88545950253805,0,0,0,0,0,0,0,0,0,0,0,0,0,0,0,0,0,0,0,0,0,0,0,0,0,0,0,0,0,0,0,3.16930970541883,0,4.0839104950428,0,0,0,0,0,0,4.16024883588155,0,2.8857626914978,0,0,0,0,0,0,0,0,0,0,0,3.46669391674154,3.21660218920027,0,0,0
4.64248085021973,0,0,0,0,0,0,0,3.31753296984567,0,0,0,2.74651670455933,0,0,0,6.66722301384071,53.6817226409912,0,0,0,0,0,0,0,0,5.26310229301453,0,0,0,0,0,0,0,0,0,0,0,0,0,0,0,0,0,0,0,0,0,4.44188621044159,0,4.32033794266837,0,0,0,3.96947877671984,0,0,0,2.87943794177129,0,3.22244988692986,0,0,0,0,0,0,0,0,0,0,0,0,0,0,0,0,0,0,0,0,0,4.26773538512568,0,0,0,0
0,5.46929059709821,0,4.65098730723063,0,0,0,0,0,4.70229966462548,0,0,0,4.47807671946864,0,0,0,0,0,0,0,0,0,6.59684013326963,0,3.59474096298218,0,0,0,0,0,0,0,0,0,0,0,0,0,0,0,0,0,0,0,0,0,0,0,0,0,3.61756438679165,0,0,0,6.54469829223774,0,0,0,0,0,3.74223620953155,0,0,0,0,6.69291547366551,0,3.54926347010063,0,0,0,0,0,0,0,0,0,0,0,27.0003700256348,0,5.35761416201689,4.21758114814758,0,0,0
8.89751029014587,0,54.6633224487305,98.0171783447266,0,0,0,0,3.23668630917867,0,0,0,0,0,6.66722301384071,0,0,22.6143198088194,25.909391052446,0,0,41.7355480194092,11.5134942616735,34.7338394391335,18.7316947155877,0,4.11969896420738,0,0,0,0,0,0,0,0,0,154.025848388672,0,0,74.3054316511778,67.4861277161742,68.9017575700706,55.2160874526128,38.2761325836182,0,65.9233573987646,61.4275652805221,0,0,0,73.7930946350098,0,0,0,27.3514006819044,0,68.6173526218959,0,0,0,16.1890379985174,0,64.3753662109375,74.573098046439,0,14.8993490839005,37.232171643864,21.1147663271105,0,5.82567274570465,0,0,0,81.1135075887044,0,0,0,0,80.5062871615092,73.0966658086488,85.0582784016927,100.445484161377,16.6057761441399,5.75962331245418,63.6862000488255,58.542526548559,50.2594913641612
0,0,0,67.759651184082,0,0,0,0,0,2.92952815123967,0,0,0,0,53.6817226409912,0,22.6143198088194,0,24.3864905779484,0,0,22.8357797842759,0,16.509536426809,36.2787435054779,6.51555821706923,0,3.80945348739624,0,0,0,0,0,0,0,0,0,0,0,73.1759286305261,79.0435379270523,59.3853823873732,69.5972047742906,64.1611175537109,0,70.8462458841162,75.0006286180936,0,0,0,0,0,0,0,0,0,75.3515205383301,68.4330863952637,0,0,66.6430816650391,0,62.7034778594971,94.918446858724,0,0,23.5019240465717,24.6603326797485,4.08143586582608,0,0,0,0,0,0,0,0,0,83.413267780551,84.483347869873,78.3577084011502,82.7441024780273,12.6918744205392,8.51333019640942,69.1326836376655,49.8684684351871,70.4019844055176
13.2233411845039,13.7965031095913,0,22.4627734964544,0,0,0,0,4.05106454425388,14.3575561387198,0,0,0,0,0,0,25.909391052446,24.3864905779484,0,0,0,48.4485410054525,0,31.3305578231812,25.7096138795217,0,0,0,0,0,0,0,0,0,0,0,84.1800079345703,0,78.7520217895508,46.1951527230745,45.6315473004916,23.159358231291,29.8491974578309,26.1370791636015,10.2093448638916,42.565027592721,40.7457502524841,0,13.6557411466326,41.0126765569051,0,0,0,0,0,0,41.6208333795721,29.3054202397664,0,0,0,0,47.5408806800842,54.1827365831397,0,22.584056854248,38.7774875525272,20.7191516757011,0,0,0,0,37.0460805892944,29.673225402832,0,0,0,0,50.6966057587962,52.0450855871036,38.2630245947713,43.8830412910098,15.3378680623438,27.2119233894348,33.9439761955232,19.149737041565,24.9028500443367
0,0,0,6.95717620849609,0,2.95338487625122,0,0,0,0,0,3.06411532331104,0,0,0,0,0,0,0,0,0,0,0,0,0,0,0,0,0,0,0,0,0,0,0,6.25309474309285,0,3.37845993571811,0,0,0,0,0,0,0,16.4060039520264,0,0,0,0,0,6.00753909349442,0,5.70782375335693,0,0,0,3.98141276836395,0,0,0,0,3.86155804695442,0,0,0,0,0,0,0,0,0,0,0,0,0,0,0,7.45695020357768,0,0,0,15.4323180715243,15.1245826085409,3.91410734640301,0,0
0,0,0,0,0,0,0,0,0,0,3.06267730907727,0,0,0,0,0,0,0,0,0,0,0,0,0,0,0,0,0,0,0,0,0,0,0,0,0,4.09996261248848,0,3.61759533802,0,0,0,0,0,0,0,0,0,0,0,12.1025931040446,0,0,0,0,0,3.10484621922175,0,0,0,0,0,0,5.00519365181188,0,0,0,0,0,0,0,0,0,0,0,0,0,0,0,3.39971639696232,0,6.24297837416331,8.54700483697833,21.4378172556559,4.73540054814199,0,0
0,0,0,0,0,0,0,0,0,0,0,0,0,0,0,0,41.7355480194092,22.8357797842759,48.4485410054525,0,0,0,6.40280999281468,4.15260203623436,0,3.82483865781264,0,0,0,0,0,0,0,0,0,0,0,5.40666492327846,0,0,0,0,0,0,0,0,0,0,0,3.64871317187682,0,0,0,0,0,0,0,0,0,0,0,0,0,0,4.21357449354926,0,9.89674639701843,0,5.20701484680176,0,0,0,0,0,0,0,16.7915207055899,0,0,0,6.82835737132962,0,4.5482905856834,3.68345955212911,0,0,0
0,0,0,0,0,0,0,0,0,0,0,0,0,0,0,0,11.5134942616735,0,0,0,0,6.40280999281468,0,0,5.44663713055272,0,0,0,0,0,0,0,0,0,0,0,0,0,3.88374618459339,0,0,0,32.5723152160645,0,0,0,0,19.109504699707,5.13385215783731,0,0,0,0,0,0,0,0,0,0,0,0,0,0,0,5.11858665943146,3.71566710432807,0,4.80727746874787,0,0,0,0,0,0,0,0,0,0,0,0,0,4.60773390617923,3.87126780756944,6.76652407646179,0,0,0
0,11.5842191201669,0,24.9170276641846,0,0,0,0,0,6.97735107329584,0,0,0,0,0,6.59684013326963,34.7338394391335,16.509536426809,31.3305578231812,0,0,4.15260203623436,0,0,0,3.94929154044703,0,0,0,0,0,0,0,0,0,0,0,7.94658205457913,0,0,0,33.2806250254313,0,0,0,0,63.145881652832,0,0,16.7954721634205,0,0,0,0,0,4.92963264480052,0,23.1314879826137,0,24.3354892730713,0,10.6342198952385,0,0,5.76178361382335,0,4.73577703919593,0,3.09356872950281,0,0,0,0,0,0,0,20.7251385734195,0,0,85.8883285522461,9.59831376233937,0,5.72635710600026,3.46806121298245,11.8150633237301,54.8898506164551,0
0,0,0,0,0,0,0,0,3.99072072399196,0,0,0,0,0,0,0,18.7316947155877,36.2787435054779,25.7096138795217,0,0,0,5.44663713055272,0,0,0,3.5824275235872,0,0,0,0,0,0,0,0,0,0,0,5.86145601421595,0,42.8632164001465,0,19.3229555487633,0,0,0,67.2342147827148,21.9352706562389,5.66493733467594,0,0,0,0,0,4.15921886572197,0,0,0,0,0,6.95317316055298,0,0,0,0,0,0,4.3441835517455,0,3.47686428357573,0,0,0,0,0,0,0,19.6048431396484,0,62.4795570373535,0,7.57680295217757,6.69784805021206,4.21952533721924,9.08125912592961,0,6.50906721750895
0,0,0,0,0,0,0,0,0,4.13915333151817,0,0,0,2.85525095462799,0,3.59474096298218,0,6.51555821706923,0,0,0,3.82483865781264,0,3.94929154044703,0,0,0,6.62493761380513,0,0,0,0,0,0,0,0,0,0,0,0,0,0,0,0,0,0,0,0,0,0,0,0,0,0,0,3.58708190917969,0,0,0,0,0,5.87574843565623,0,0,5.11670764245485,0,4.20870529943042,0,3.69725625159332,0,3.71863504818508,0,0,0,0,0,0,0,0,0,0,0,4.94124445319176,3.47867607233817,0,0,0
0,0,0,0,0,0,0,0,3.60927302837372,0,0,0,0,0,5.26310229301453,0,4.11969896420738,0,0,0,0,0,0,0,3.5824275235872,0,0,0,3.38623547554016,0,0,0,0,0,0,0,0,0,0,0,0,0,0,0,0,0,0,0,0,0,0,0,0,0,4.79221337371402,0,0,0,0,0,0,0,0,0,0,3.81092262268066,0,3.92323724294113,0,3.79146459269425,0,0,0,0,0,0,0,0,0,0,0,0,4.49557106494904,3.6930171251297,0,0,0
0,0,0,0,0,0,0,0,0,0,0,2.84972274303436,0,2.88545950253805,0,0,0,3.80945348739624,0,0,0,0,0,0,0,6.62493761380513,0,0,0,2.75125455856323,0,0,0,0,0,0,0,0,0,0,0,0,0,0,0,0,0,0,0,0,0,0,0,0,0,0,0,0,0,2.75052332878113,0,0,0,0,2.87073089281718,0,0,0,6.85689510128455,0,3.29210520680271,0,0,0,0,0,0,0,0,0,0,0,2.84987604618073,3.69939613342285,0,0,0
0,0,0,0,0,0,0,0,0,0,0,0,3.38898706436157,0,0,0,0,0,0,0,0,0,0,0,0,0,3.38623547554016,0,0,0,3.01563285309591,0,0,0,0,0,0,0,0,0,0,0,0,0,0,0,0,0,0,0,0,0,0,0,0,0,0,0,2.75063443183899,0,0,0,0,0,0,0,0,0,0,0,0,3.68926965970935,0,0,0,0,0,0,0,0,0,0,3.60289490222931,4.64095211029053,0,0,0
0,0,0,0,0,0,0,0,0,0,0,4.02419829167394,0,0,0,0,0,0,0,0,0,0,0,0,0,0,0,2.75125455856323,0,0,0,0,0,0,0,0,0,3.67115543532546,0,0,0,0,0,0,0,0,0,0,0,0,0,0,0,0,0,0,0,3.40041870127122,0,0,0,0,0,0,0,0,0,0,0,0,0,0,4.42054912698178,0,0,0,0,0,0,0,4.07615774869919,0,0,0,0,0,0
0,0,0,0,0,0,0,0,0,0,2.71187090873718,0,0,0,0,0,0,0,0,0,0,0,0,0,0,0,0,0,3.01563285309591,0,0,0,0,0,0,0,0,0,3.02781041229472,0,0,0,0,0,0,0,0,0,0,0,0,0,0,0,0,0,5.17028150955836,0,0,0,0,0,0,0,0,0,0,0,0,0,0,2.74977660179138,0,0,0,0,0,0,0,0,0,3.09731709467222,0,0,0,0,0
0,0,0,0,0,0,0,0,0,0,0,0,0,0,0,0,0,0,0,0,0,0,0,0,0,0,0,0,0,0,0,0,4.75965407154816,4.16505761146545,0,2.91418174166738,0,0,0,0,0,0,0,0,0,0,0,9.81480233715689,0,0,0,0,0,0,0,0,0,0,0,0,0,0,0,0,0,0,0,0,0,0,0,0,0,0,8.69453632166343,9.69203968582866,3.01003082593282,0,3.16554164886475,0,0,0,3.25040505535301,0,0,0,0
0,0,0,0,0,0,0,0,0,0,0,0,0,0,0,0,0,0,0,0,0,0,0,0,0,0,0,0,0,0,0,4.75965407154816,0,2.74346327781677,4.28325017151883,0,2.86557748317718,0,0,0,0,0,0,0,0,0,0,7.12919525451982,0,0,0,0,0,0,0,0,0,0,0,0,0,0,0,0,0,0,0,0,0,0,0,0,0,0,3.98264977412608,14.8548676574185,3.14598955759188,5.61098048216317,0,16.6294147491455,0,0,2.9000768661499,0,0,0,0
0,0,0,0,0,0,0,0,0,20.6275005340576,0,0,0,0,0,0,0,0,0,0,0,0,0,0,0,0,0,0,0,0,0,4.16505761146545,2.74346327781677,0,6.88141638515606,3.96155049250676,0,3.93683427256587,7.22386390129022,0,0,0,0,0,0,0,0,6.07487858919362,17.0571949822562,0,0,0,0,0,0,0,0,0,0,0,0,0,0,0,0,0,0,26.2429485321045,0,0,0,0,0,0,4.42221954690308,0,4.72022986804296,4.51957246131367,4.20892969299765,0,4.2851917494291,4.10483635847385,3.98898277547624,0,0,0,0
0,0,0,0,0,0,0,0,0,0,0,0,0,0,0,0,0,0,0,0,0,0,0,0,0,0,0,0,0,0,0,0,4.28325017151883,6.88141638515606,0,0,3.73098216056824,6.20406486276995,2.99131981788143,0,0,0,0,0,0,0,0,5.294458091224,0,12.1444336175919,0,0,0,0,0,0,0,0,0,0,0,0,0,0,0,0,0,0,0,0,0,0,0,0,0,5.8183127546603,3.47184038830695,4.14668294539281,0,2.93684693177541,0,3.46995049158732,3.76393692758348,0,0,0,0
0,0,0,18.0886859893799,0,0,0,0,0,0,0,3.77466122239037,0,0,0,0,0,0,0,6.25309474309285,0,0,0,0,0,0,0,0,0,0,0,2.91418174166738,0,3.96155049250676,0,0,3.29559171597163,5.14830660310566,0,22.6866855621338,0,38.8005523681641,0,0,0,0,0,3.30121256411076,0,22.5933074951172,0,0,0,0,0,0,0,6.96554510934012,0,0,0,0,4.8221802104782,0,0,0,0,0,0,0,0,0,0,0,3.05964660121683,0,3.30481958389282,2.9603385925293,6.07603042826803,3.83098927964555,7.22619285858594,0,6.12805356800143,5.63669186830521,19.3177881329973,0,0
0,0,0,0,0,0,0,0,0,0,2.94239124229976,0,0,0,0,0,154.025848388672,0,84.1800079345703,0,4.09996261248848,0,0,0,0,0,0,0,0,0,0,0,2.86557748317718,0,3.73098216056824,3.29559171597163,0,0,4.5680505391374,0,19.1798102458318,0,55.5534753799438,0,0,111.051048278809,52.3979175567627,0,22.8571565151215,0,0,0,0,0,0,0,10.4238512739539,0,0,0,0,0,0,8.68197666822806,0,0,0,0,0,0,0,0,0,0,0,4.30021358380275,0,4.05940701539003,3.33606557095988,5.95349697561308,0,5.98568114695896,5.15757277999261,7.33277405930694,17.1255747960391,0,0
0,19.9515371322632,0,33.0995826721191,0,0,0,0,0,10.5070728879226,0,4.10711392816508,0,0,0,0,0,0,0,3.37845993571811,0,5.40666492327846,0,7.94658205457913,0,0,0,0,0,3.67115543532546,0,0,0,3.93683427256587,6.20406486276995,5.14830660310566,0,0,5.91122704630445,44.4881439208984,0,22.941228241079,0,0,0,15.8846509379725,0,6.34884411162653,22.7470417022705,6.88364479758523,0,0,0,0,0,9.64092564582825,0,3.61450908920183,0,0,0,0,14.6816552856754,0,6.05906168543035,0,8.83916353839755,28.149040222168,0,0,0,0,3.55449859301249,0,0,0,9.93415961414576,0,5.112670152723,0,5.7857372189885,4.05367873278531,6.75665157078765,5.68474864959717,25.0902716732025,11.6365273793538,0
0,0,0,0,0,0,0,0,0,0,3.35861139048159,0,0,0,0,0,0,0,78.7520217895508,0,3.61759533802,0,3.88374618459339,0,5.86145601421595,0,0,0,0,0,3.02781041229472,0,0,7.22386390129022,2.99131981788143,0,4.5680505391374,5.91122704630445,0,0,0,0,27.8239098191261,0,0,0,50.827205657959,6.70422333026483,7.35947896604129,0,0,0,0,0,10.4848716890111,0,3.74732327461243,0,0,0,0,0,0,12.4121215045452,0,5.45556415977512,0,8.66712457516341,0,0,0,0,0,0,0,0,0,6.90460767784739,0,7.19873145670741,3.21505745974454,5.74493055027764,6.15556460552428,4.06824841499329,8.07256929818974,0,0
0,42.9816570281982,0,36.7788535817464,0,43.1272144317627,0,0,0,0,0,0,0,0,0,0,74.3054316511778,73.1759286305261,46.1951527230745,0,0,0,0,0,0,0,0,0,0,0,0,0,0,0,0,22.6866855621338,0,44.4881439208984,0,0,76.871169912404,18.9552936481126,63.4145843364574,32.9731648763021,0,14.0701700901483,52.3934392929077,8.08459885915121,0,6.68055880977715,0,0,0,0,0,0,50.899040222168,47.69045914544,0,0,0,0,7.38611211762371,91.4694976806641,0,0,0,0,0,0,0,0,0,81.3269271850586,0,0,0,0,18.6134129376972,93.1574731222013,30.7206626588648,87.2927551269531,35.3146813482987,80.2511711120605,12.6741988773346,27.9481053531918,60.1614555358887
28.2082511901855,53.0226573944092,36.4348987851824,44.7106946309408,45.5411529541016,0,0,0,0,0,0,0,0,0,0,0,67.4861277161742,79.0435379270523,45.6315473004916,0,0,0,0,0,42.8632164001465,0,0,0,0,0,0,0,0,0,0,0,19.1798102458318,0,0,76.871169912404,0,62.9633348825816,19.8947296817861,0,26.7572362082345,71.1779377425926,20.618641627483,0,6.58221642746519,0,49.6499554027211,0,0,0,0,0,46.5151226456101,50.1750106811523,0,0,0,0,0,12.4837379016966,0,0,0,0,0,0,0,0,0,53.9423039754232,0,0,0,0,86.4644322713216,19.1299856988127,80.9242744445801,58.2285149892171,51.10945073426,46.7628236917349,18.6663091258892,69.4392041293058,26.2669373565775
0,15.5222192334487,67.3045291900635,37.5010396029572,79.4034957885742,49.8847103118896,0,0,0,18.3586495637894,0,0,0,0,0,0,68.9017575700706,59.3853823873732,23.159358231291,0,0,0,0,33.2806250254313,0,0,0,0,0,0,0,0,0,0,0,38.8005523681641,0,22.941228241079,0,18.9552936481126,62.9633348825816,0,11.4311684522822,17.3812451984571,14.3292841911316,23.9737074913089,50.6247673463286,21.882154027621,57.4109446207682,16.1835033509466,89.9030939737956,0,0,0,0,25.7183524767558,59.3716049194336,23.8310209145913,0,23.3530439800686,0,0,24.5221746035985,87.7179908752441,0,0,28.9219541736678,79.0386123657227,0,0,0,0,0,0,0,0,0,0,26.1198221771587,73.6885358315927,37.0337332936076,150.982513427734,18.2518473628664,48.4640960693359,17.4054110896596,12.7990310939323,44.5882090109366
15.2999892031893,0,26.1827258692578,57.9865139552525,56.9377555847168,0,0,0,6.03750994500149,95.5035171508789,0,0,0,0,0,0,55.2160874526128,69.5972047742906,29.8491974578309,0,0,0,32.5723152160645,0,19.3229555487633,0,0,0,0,0,0,0,0,0,0,0,55.5534753799438,0,27.8239098191261,63.4145843364574,19.8947296817861,11.4311684522822,0,56.1357069015503,18.383409909713,56.867498961362,23.5733943077234,17.9288455070333,12.351208632524,0,53.3697365814785,0,0,0,0,0,22.602652293166,0,28.6822289579055,0,33.5248988758434,0,0,28.0521953301183,0,37.3760623931885,0,22.0997937202454,0,0,0,0,0,37.7539586667661,0,0,0,0,76.9360215447166,26.4654273758235,66.0415107727051,35.7027339470096,22.7267294972526,37.6509948398756,16.4828334035396,46.0169777472814,12.6315477716537
0,0,0,0,0,0,0,0,0,0,0,0,0,0,0,0,38.2761325836182,64.1611175537109,26.1370791636015,0,0,0,0,0,0,0,0,0,0,0,0,0,0,0,0,0,0,0,0,32.9731648763021,0,17.3812451984571,56.1357069015503,0,0,23.5865510749817,0,0,0,0,0,0,0,0,0,0,0,0,0,0,0,0,0,0,0,0,0,0,0,0,0,0,0,0,0,0,0,0,34.7279174202367,63.8415279388428,27.4636573791504,54.1980094909668,17.2983813462434,0,31.1941430443212,30.2009207407633,37.2356948852539
0,0,0,0,0,0,0,0,0,0,0,0,0,0,0,0,0,0,10.2093448638916,0,0,0,0,0,0,0,0,0,0,0,0,0,0,0,0,0,0,0,0,0,26.7572362082345,14.3292841911316,18.383409909713,0,0,0,22.9412602015904,0,13.0750198364258,0,0,0,0,0,0,0,34.933219909668,0,0,0,0,0,0,32.7441317240397,0,0,0,0,0,0,0,0,0,0,0,0,0,0,0,35.0976418177287,0,0,10.5837916646685,0,23.3858661140714,0,0
0,0,51.3176441192627,31.6919308944985,0,0,0,0,0,0,0,0,0,0,0,0,65.9233573987646,70.8462458841162,42.565027592721,16.4060039520264,0,0,0,0,0,0,0,0,0,0,0,0,0,0,0,0,111.051048278809,15.8846509379725,0,14.0701700901483,71.1779377425926,23.9737074913089,56.867498961362,23.5865510749817,0,0,52.7351493472145,0,27.6019306182861,33.6463808579878,0,0,0,0,0,0,62.0963770548503,30.7231618902656,0,0,0,0,9.55092744602532,97.6994209289551,0,0,0,0,0,0,35.841724395752,0,34.8977470397949,93.0588760375977,0,0,0,0,23.7634247249631,85.8626672643176,16.8510580965915,0,45.1526721195474,63.4860725402832,19.7616830258818,45.6735275179841,61.3003616333008
12.4188480377197,45.6771297454834,31.9225597381592,41.4848664252313,0,0,0,0,0,61.7240142822266,0,0,0,0,0,0,61.4275652805221,75.0006286180936,40.7457502524841,0,0,0,0,63.145881652832,67.2342147827148,0,0,0,0,0,0,0,0,0,0,0,52.3979175567627,0,50.827205657959,52.3934392929077,20.618641627483,50.6247673463286,23.5733943077234,0,22.9412602015904,52.7351493472145,0,0,37.0279887517293,18.7507152557373,49.563138961792,0,0,0,0,0,29.2905102996826,46.7374000549316,0,0,0,0,49.5073939236728,12.2267246791219,0,0,0,51.5552597045898,0,0,0,0,0,31.8240057138296,0,0,0,0,78.4128982256044,24.3481680741212,59.8729629516602,14.8098210849645,47.0604802032687,39.6095902919769,22.4121432063396,60.2888712882996,40.409751171019
0,0,0,0,0,0,0,0,0,0,0,0,0,0,0,0,0,0,0,0,0,0,19.109504699707,0,21.9352706562389,0,0,0,0,0,0,9.81480233715689,7.12919525451982,6.07487858919362,5.294458091224,3.30121256411076,0,6.34884411162653,6.70422333026483,8.08459885915121,0,21.882154027621,17.9288455070333,0,0,0,0,0,8.87872478978925,7.70585524521622,0,0,0,0,0,0,0,0,0,0,0,0,0,0,0,27.4667654037476,20.3860891660055,21.9195037841797,0,0,0,0,0,0,9.47745463184844,7.20920674345889,5.67343023171027,5.90594725079007,9.06189453686383,27.3055868546168,11.7259935992105,12.7541404167811,6.43540647460106,0,18.5786913595758,0,0
6.16523646663975,0,35.2044564952021,36.278751373291,0,0,0,0,3.08467184503873,0,0,0,0,0,4.44188621044159,0,0,0,13.6557411466326,0,0,0,5.13385215783731,0,5.66493733467594,0,0,0,0,0,0,0,0,17.0571949822562,0,0,22.8571565151215,22.7470417022705,7.35947896604129,0,6.58221642746519,57.4109446207682,12.351208632524,0,13.0750198364258,27.6019306182861,37.0279887517293,8.87872478978925,0,7.83810909030624,43.725079498291,0,0,0,5.22171660072832,0,31.7743270825117,0,9.50652408599854,0,4.60370121747255,0,0,37.3968599955241,0,5.36557924822441,0,6.69370631267536,0,0,0,0,0,0,0,4.68146466867044,0,0,0,7.90195356128372,0,7.03315167935168,12.0767065477401,26.7518130711147,14.9071173559863,0,45.6156616210938
0,7.12263630754579,90.8887481689453,18.1561896244105,0,0,0,0,0,18.6196864980918,0,0,0,0,0,0,0,0,41.0126765569051,0,0,3.64871317187682,0,16.7954721634205,0,0,0,0,0,0,0,0,0,0,12.1444336175919,22.5933074951172,0,6.88364479758523,0,6.68055880977715,0,16.1835033509466,0,0,0,33.6463808579878,18.7507152557373,7.70585524521622,7.83810909030624,0,0,0,0,0,0,8.74598873916425,0,9.89930845797062,0,2.73030729293823,0,3.62012028694153,13.4659013748169,0,4.12574609065305,0,8.52570431111223,0,3.59679558060386,0,0,0,0,0,0,11.0602811925551,0,0,7.85442928031639,0,6.46930969862967,0,9.75820120249087,21.3023338317871,16.5472220791711,17.0699346065521,54.8609924316406
16.7829896291097,0,8.89772990319581,67.897580464681,4.56370740722526,0,0,0,7.4133419381441,0,0,0,0,0,4.32033794266837,0,73.7930946350098,0,0,0,12.1025931040446,0,0,0,0,0,0,0,0,0,0,0,0,0,0,0,0,0,0,0,49.6499554027211,89.9030939737956,53.3697365814785,0,0,0,49.563138961792,0,43.725079498291,0,0,0,3.98841173946857,0,7.79270968172285,0,8.83584373431768,0,4.56408231833885,0,4.02088018085646,0,66.0800933837891,12.4027678332962,0,0,0,0,0,0,0,0,0,40.8622398376465,0,0,0,0,0,93.8738327026367,0,43.8559303283691,7.02924372168148,40.2776298522949,12.7616659128284,0,43.7454784393311
0,0,0,6.34561516071417,0,4.18097571877037,0,2.95316779613495,0,4.27241116231031,0,0,0,0,0,3.61756438679165,0,0,0,6.00753909349442,0,0,0,0,0,0,0,0,0,0,0,0,0,0,0,0,0,0,0,0,0,0,0,0,0,0,0,0,0,0,0,0,0,3.88924074172974,0,2.999680519104,0,5.12370400347261,0,3.45612796942393,0,4.14033861160278,0,0,0,0,0,0,0,0,0,0,0,0,0,0,0,0,0,0,0,0,3.51493727844373,0,7.80132414882344,0,0
0,0,0,0,0,0,3.81526725075462,0,0,0,4.20796163620487,0,0,0,0,0,0,0,0,0,0,0,0,0,0,0,0,0,0,0,0,0,0,0,0,0,0,0,0,0,0,0,0,0,0,0,0,0,0,0,3.98841173946857,0,0,0,0,0,5.21874311103903,0,0,0,0,0,0,8.4448218596609,0,0,0,0,0,0,0,0,0,0,0,0,0,0,0,0,0,0,2.91379441934473,0,0,0,0
0,0,0,0,0,3.2990601460139,0,3.07272296481662,0,0,0,0,0,0,0,0,0,0,0,5.70782375335693,0,0,0,0,0,0,0,0,0,0,0,0,0,0,0,0,0,0,0,0,0,0,0,0,0,0,0,0,0,0,0,3.88924074172974,0,0,0,0,0,0,0,0,0,0,0,0,0,0,0,0,0,0,0,0,0,0,0,0,0,0,0,0,0,0,0,0,0,0,0
3.9647572314153,0,0,0,11.8144092559814,0,0,0,4.50740764556675,0,0,0,0,0,3.96947877671984,0,27.3514006819044,0,0,0,0,0,0,0,4.15921886572197,0,4.79221337371402,0,0,0,0,0,0,0,0,0,0,0,10.4848716890111,0,0,0,0,0,0,0,0,0,5.22171660072832,0,7.79270968172285,0,0,0,0,0,0,0,0,0,4.65554802058875,0,0,0,0,0,0,4.83071237811661,0,4.72109898714952,0,0,0,0,0,0,0,22.9686222076416,0,0,0,7.50558456767195,6.06061643267435,0,3.62988348007202,0,0
0,6.64821435241739,0,4.15422102161076,0,0,0,0,0,4.93344668718142,0,0,0,0,0,6.54469829223774,0,0,0,0,0,0,0,4.92963264480052,0,3.58708190917969,0,0,0,0,0,0,0,0,0,0,0,9.64092564582825,0,0,0,25.7183524767558,0,0,0,0,0,0,0,8.74598873916425,0,2.999680519104,0,0,0,0,0,0,0,0,0,6.98506104817162,0,0,0,0,5.13273021453305,0,0,0,0,0,0,0,0,0,24.6836547851562,0,0,0,9.50409133738072,0,6.33701827551456,0,7.37917151738857,0,0
0,0,25.7139615730421,64.0266624450684,17.3268163204193,0,5.37273694436942,0,26.0588655471802,0,4.5926634793568,0,3.23276828229427,0,0,0,68.6173526218959,75.3515205383301,41.6208333795721,0,3.10484621922175,0,0,0,0,0,0,0,0,0,5.17028150955836,0,0,0,0,0,10.4238512739539,0,3.74732327461243,50.899040222168,46.5151226456101,59.3716049194336,22.602652293166,0,34.933219909668,62.0963770548503,29.2905102996826,0,31.7743270825117,0,8.83584373431768,0,5.21874311103903,0,0,0,0,0,4.4998626835859,0,7.43383543034817,0,0,9.34061164209143,0,0,0,0,0,0,0,2.84478203455607,0,10.2553339874657,0,0,0,0,79.9794692993164,45.3439537426373,0,33.9195995330811,22.3512722869073,42.4375771416558,14.273451948283,0,18.5035545791405
0,17.7428956031799,73.1431884765625,25.725097003736,0,4.46277245283127,0,2.74870610237122,0,21.5989907692219,0,5.65294799548129,0,0,0,0,0,68.4330863952637,29.3054202397664,3.98141276836395,0,0,0,23.1314879826137,0,0,0,0,0,3.40041870127122,0,0,0,0,0,6.96554510934012,0,3.61450908920183,0,47.69045914544,50.1750106811523,23.8310209145913,0,0,0,30.7231618902656,46.7374000549316,0,0,9.89930845797062,0,5.12370400347261,0,0,0,0,0,0,0,4.05104751613259,0,3.57358625619718,6.67754653438268,0,0,0,0,0,0,0,6.25005978345871,0,3.9962978654265,0,0,0,0,0,44.1235819729892,0,0,0,15.5053856090495,0,11.2082656161978,30.0671792984009,0
0,0,6.12221654256185,0,0,0,0,0,0,0,2.9585445523262,0,2.99246576710751,0,2.87943794177129,0,0,0,0,0,0,0,0,0,0,0,0,0,2.75063443183899,0,0,0,0,0,0,0,0,0,0,0,0,0,28.6822289579055,0,0,0,0,0,9.50652408599854,0,4.56408231833885,0,0,0,0,0,4.4998626835859,0,0,0,5.29009384077948,0,0,0,0,0,0,0,0,0,0,3.42914799281529,0,0,0,0,0,0,0,0,0,0,2.99838098164262,0,23.6717674020049,0,29.4554138183594
0,0,0,3.33275789480943,0,0,0,3.32049134882485,0,23.9284753799438,0,3.1554763931589,0,3.16930970541883,0,0,0,0,0,0,0,0,0,24.3354892730713,0,0,0,2.75052332878113,0,0,0,0,0,0,0,0,0,0,0,0,0,23.3530439800686,0,0,0,0,0,0,0,2.73030729293823,0,3.45612796942393,0,0,0,0,0,4.05104751613259,0,0,0,3.16153809428215,0,0,0,0,0,0,3.96851299769843,0,0,0,0,0,0,0,0,0,0,0,0,0,4.07312704649839,4.29073853418231,21.2899206706456,0,0
5.46405274971672,0,7.324466475734,0,0,0,0,0,3.91474586240413,0,0,0,0,0,3.22244988692986,0,16.1890379985174,66.6430816650391,0,0,0,0,0,0,6.95317316055298,0,0,0,0,0,0,0,0,0,0,0,0,0,0,0,0,0,33.5248988758434,0,0,0,0,0,4.60370121747255,0,4.02088018085646,0,0,0,4.65554802058875,0,7.43383543034817,0,5.29009384077948,0,0,0,0,0,0,0,0,7.35001981258392,0,0,0,0,0,0,0,0,0,0,0,0,0,0,4.23237168498156,0,27.3477540810903,0,0
0,5.37801866645292,0,4.74787371825582,0,0,0,0,0,5.70259125831679,0,0,0,4.0839104950428,0,3.74223620953155,0,0,0,0,0,0,0,10.6342198952385,0,5.87574843565623,0,0,0,0,0,0,0,0,0,0,0,0,0,0,0,0,0,0,0,0,0,0,0,3.62012028694153,0,4.14033861160278,0,0,0,6.98506104817162,0,3.57358625619718,0,3.16153809428215,0,0,0,0,0,0,5.63060230408272,0,3.41335828534238,0,0,0,0,0,0,0,0,0,0,0,0,0,14.5426462491353,0,8.31419801712036,0,0
0,0,0,46.4194208780924,0,0,0,0,0,19.9119186401367,0,3.37316393852234,0,0,0,0,64.3753662109375,62.7034778594971,47.5408806800842,3.86155804695442,0,0,0,0,0,0,0,0,0,0,0,0,0,0,0,4.8221802104782,0,14.6816552856754,0,7.38611211762371,0,24.5221746035985,0,0,0,9.55092744602532,49.5073939236728,0,0,13.4659013748169,66.0800933837891,0,0,0,0,0,0,6.67754653438268,0,0,0,0,0,84.0178604125977,0,0,0,0,0,0,10.535756111145,0,10.8295261333515,0,0,0,0,0,7.42688164156488,0,10.102949993742,0,16.3508054608697,0,12.102531263309,51.210578918457,0
0,61.7846527099609,25.3167751312256,55.3661422729492,16.0922832489014,0,8.38640508055687,0,0,0,3.92793572866,0,0,0,0,0,74.573098046439,94.918446858724,54.1827365831397,0,5.00519365181188,0,0,0,0,0,0,0,0,0,0,0,0,0,0,0,8.68197666822806,0,12.4121215045452,91.4694976806641,12.4837379016966,87.7179908752441,28.0521953301183,0,32.7441317240397,97.6994209289551,12.2267246791219,0,37.3968599955241,0,12.4027678332962,0,8.4448218596609,0,0,0,9.34061164209143,0,0,0,0,0,84.0178604125977,0,0,0,0,0,0,0,0,0,0,15.8639683405558,0,0,0,0,88.5592193603516,14.0742570639781,0,13.3031260424617,30.4890922114253,33.2209190368652,14.4813359692093,65.1788578033447,35.4809935887655
0,0,0,0,0,0,0,0,0,0,0,0,0,0,0,0,0,0,0,0,0,4.21357449354926,5.11858665943146,5.76178361382335,0,5.11670764245485,0,2.87073089281718,0,0,0,0,0,0,0,0,0,6.05906168543035,0,0,0,0,0,0,0,0,0,0,0,4.12574609065305,0,0,0,0,0,0,0,0,0,0,0,0,0,0,0,0,4.93354585306927,0,6.58051532534926,0,5.86174154281616,0,0,0,0,0,0,0,0,0,7.02047487467167,0,5.90393957190626,2.96547424793243,0,0,0
0,0,0,0,0,0,0,0,0,0,0,0,0,0,0,0,14.8993490839005,0,22.584056854248,0,0,0,3.71566710432807,0,0,0,3.81092262268066,0,0,0,0,0,0,0,0,0,0,0,5.45556415977512,0,0,0,37.3760623931885,0,0,0,0,27.4667654037476,5.36557924822441,0,0,0,0,0,0,0,0,0,0,0,0,0,0,0,0,0,0,4.37151722180641,0,3.36960167151231,0,0,0,0,0,0,0,0,0,0,0,5.97541041775151,5.077664705033,7.40329790115356,27.7106151580811,0,0
0,4.13500331234686,0,81.9779586791992,0,0,0,0,0,6.38135691562972,0,0,0,0,0,6.69291547366551,37.232171643864,23.5019240465717,38.7774875525272,0,0,9.89674639701843,0,4.73577703919593,0,4.20870529943042,0,0,0,0,0,0,0,0,0,0,0,8.83916353839755,0,0,0,28.9219541736678,0,0,0,0,0,20.3860891660055,0,8.52570431111223,0,0,0,0,0,5.13273021453305,0,0,0,0,0,5.63060230408272,0,0,4.93354585306927,0,0,0,4.46706425532317,0,3.99569225311279,0,0,0,0,0,20.3021714346749,0,0,96.0563354492188,7.53494173179629,0,9.69917893044336,5.17783279908009,6.73750616203655,0,0
0,0,0,0,0,0,0,0,4.71708709162635,0,0,0,0,0,0,0,21.1147663271105,24.6603326797485,20.7191516757011,0,0,0,4.80727746874787,0,4.3441835517455,0,3.92323724294113,0,0,0,0,0,0,26.2429485321045,0,0,0,28.149040222168,8.66712457516341,0,0,79.0386123657227,22.0997937202454,0,0,0,51.5552597045898,21.9195037841797,6.69370631267536,0,0,0,0,0,4.83071237811661,0,0,0,0,0,7.35001981258392,0,0,0,0,4.37151722180641,0,0,0,3.82409742143419,0,0,0,0,0,0,0,20.7246747970581,0,70.6807422637939,0,8.24964033207904,6.22401100831014,0,8.1754078118488,0,9.89399635791779
0,0,0,0,0,0,0,0,0,3.48439483120017,0,0,0,4.16024883588155,0,3.54926347010063,0,4.08143586582608,0,0,0,5.20701484680176,0,3.09356872950281,0,3.69725625159332,0,6.85689510128455,0,0,0,0,0,0,0,0,0,0,0,0,0,0,0,0,0,0,0,0,0,3.59679558060386,0,0,0,0,0,0,0,0,0,3.96851299769843,0,3.41335828534238,0,0,6.58051532534926,0,4.46706425532317,0,0,0,3.8078583365395,0,0,0,0,0,0,0,0,0,0,0,3.81883343897368,0,0,0,0
3.4367667833964,0,0,0,0,0,0,0,3.72697402335502,0,0,0,0,0,0,0,5.82567274570465,0,0,0,0,0,0,0,3.47686428357573,0,3.79146459269425,0,0,0,0,0,0,0,0,0,0,0,0,0,0,0,0,0,0,0,0,0,0,0,0,0,0,0,4.72109898714952,0,0,0,0,0,0,0,0,0,0,3.36960167151231,0,3.82409742143419,0,0,0,0,0,0,0,0,0,0,0,70.8613739013672,0,0,3.15968418121338,0,0,0,0
0,0,0,0,0,0,0,0,0,0,0,0,0,2.8857626914978,0,0,0,0,0,0,0,0,0,0,0,3.71863504818508,0,3.29210520680271,0,0,0,0,0,0,0,0,0,0,0,0,0,0,0,0,0,35.841724395752,0,0,0,0,0,0,0,0,0,0,0,6.25005978345871,0,0,0,0,10.535756111145,0,5.86174154281616,0,3.99569225311279,0,3.8078583365395,0,0,0,0,0,0,0,0,0,0,0,3.00546029495866,0,0,0,9.68536615371704,0,0
0,0,0,0,0,0,0,0,0,0,0,0,0,0,0,0,0,0,0,0,0,0,0,0,0,0,0,0,3.68926965970935,0,2.74977660179138,0,0,0,0,0,0,0,0,0,0,0,0,0,0,0,0,0,0,0,0,0,0,0,0,0,2.84478203455607,0,3.42914799281529,0,0,0,0,0,0,0,0,0,0,0,0,0,0,2.91070079803467,0,0,0,0,0,0,0,4.2826052019673,2.9585382938385,0,0,0,0
0,0,0,30.943359375,0,0,0,0,0,0,0,4.62194368798854,0,0,0,0,0,0,37.0460805892944,0,0,0,0,0,0,0,0,0,0,4.42054912698178,0,0,0,0,0,0,0,3.55449859301249,0,0,0,0,0,0,0,34.8977470397949,0,0,0,0,0,0,0,0,0,0,0,3.9962978654265,0,0,0,0,10.8295261333515,0,0,0,0,0,0,0,0,0,0,0,0,0,0,0,0,0,3.20693881034851,0,44.5254135131836,0,10.9240266171897,0,0
0,0,29.6443814364347,70.3875045776367,0,0,0,0,0,0,2.9619551897049,0,0,0,0,0,81.1135075887044,0,29.673225402832,0,0,0,0,0,0,0,0,0,0,0,0,0,0,0,0,0,0,0,0,81.3269271850586,53.9423039754232,0,37.7539586667661,0,0,93.0588760375977,31.8240057138296,0,0,0,40.8622398376465,0,0,0,0,0,10.2553339874657,0,0,0,0,0,0,15.8639683405558,0,0,0,0,0,0,0,2.91070079803467,0,0,0,0,0,0,107.426025390625,52.1191165230491,0,4.44701194763184,24.3366721397222,0,19.5362448953092,0,20.2150321006775
0,0,0,0,0,0,0,0,0,0,0,0,0,0,0,0,0,0,0,0,0,0,0,0,0,0,0,0,0,0,0,8.69453632166343,3.98264977412608,4.42221954690308,0,3.05964660121683,0,0,0,0,0,0,0,0,0,0,0,9.47745463184844,0,0,0,0,0,0,0,0,0,0,0,0,0,0,0,0,0,0,0,0,0,0,0,0,0,0,0,15.7148818288531,9.06290470621266,0,7.91554286900689,0,0,0,3.28506156414916,0,0,0,0
0,0,0,0,0,0,0,0,0,0,0,0,0,0,0,0,0,0,0,0,0,0,0,0,0,0,0,0,0,0,0,9.69203968582866,14.8548676574185,0,5.8183127546603,0,4.30021358380275,0,0,0,0,0,0,0,0,0,0,7.20920674345889,4.68146466867044,11.0602811925551,0,0,0,0,0,0,0,0,0,0,0,0,0,0,0,0,0,0,0,0,0,0,0,0,15.7148818288531,0,0,8.72554248989674,0,4.4990080484685,0,0,3.015305519104,0,0,0,0
0,0,0,0,0,0,0,0,0,22.823316192627,0,0,0,0,0,0,0,0,0,0,0,16.7915207055899,0,20.7251385734195,0,0,0,0,0,0,0,3.01003082593282,3.14598955759188,4.72022986804296,3.47184038830695,3.30481958389282,0,9.93415961414576,0,0,0,0,0,0,0,0,0,5.67343023171027,0,0,0,0,0,0,0,24.6836547851562,0,0,0,0,0,0,0,0,0,0,20.3021714346749,0,0,0,0,0,0,0,9.06290470621266,0,0,4.61295409897464,6.01623160797253,0,7.2423913717482,0,4.09038543056797,0,0,0,0
0,0,0,0,0,0,0,0,0,0,0,0,0,0,0,0,0,0,0,0,0,0,0,0,19.6048431396484,0,0,0,0,0,0,0,5.61098048216317,4.51957246131367,4.14668294539281,2.9603385925293,4.05940701539003,0,6.90460767784739,0,0,0,0,0,0,0,0,5.90594725079007,0,0,0,0,0,0,22.9686222076416,0,0,0,0,0,0,0,0,0,0,0,0,20.7246747970581,0,0,0,0,0,0,0,8.72554248989674,4.61295409897464,0,0,4.51413114775311,0,10.6795703290339,2.99238110269819,0,0,0,0
0,0,0,52.162144574252,0,0,0,0,0,40.6586443583171,0,0,0,0,0,0,80.5062871615092,83.413267780551,50.6966057587962,7.45695020357768,0,0,0,0,0,0,0,0,0,0,0,3.16554164886475,0,4.20892969299765,0,6.07603042826803,3.33606557095988,5.112670152723,0,18.6134129376972,86.4644322713216,26.1198221771587,76.9360215447166,34.7279174202367,0,23.7634247249631,78.4128982256044,9.06189453686383,0,7.85442928031639,0,0,0,0,0,0,79.9794692993164,44.1235819729892,0,0,0,0,7.42688164156488,88.5592193603516,0,0,0,0,0,0,0,0,0,107.426025390625,7.91554286900689,0,6.01623160797253,0,0,97.9844462294732,5.47238567244276,128.425491333008,41.8624168378839,106.415000915527,33.8883120731175,31.88974595884,72.0734823015001
35.6754285812378,57.3909034729004,51.3168811798096,86.3758799235026,0,0,0,0,0,0,14.9671274622281,0,0,0,0,0,73.0966658086488,84.483347869873,52.0450855871036,0,3.39971639696232,0,0,85.8883285522461,62.4795570373535,0,0,0,0,0,0,0,16.6294147491455,0,2.93684693177541,3.83098927964555,5.95349697561308,0,7.19873145670741,93.1574731222013,19.1299856988127,73.6885358315927,26.4654273758235,63.8415279388428,35.0976418177287,85.8626672643176,24.3481680741212,27.3055868546168,7.90195356128372,0,93.8738327026367,0,0,0,0,0,45.3439537426373,0,0,0,0,0,0,14.0742570639781,0,0,96.0563354492188,70.6807422637939,0,70.8613739013672,0,0,0,52.1191165230491,0,4.4990080484685,0,4.51413114775311,97.9844462294732,0,85.160405476888,5.99884625981145,43.9414291126864,25.3972388192227,32.0496280886059,67.3026385307312,32.6156366661731
0,28.4300842285156,0,56.3862543106079,0,0,0,0,0,13.9917631291631,0,0,0,0,0,27.0003700256348,85.0582784016927,78.3577084011502,38.2630245947713,0,0,6.82835737132962,0,9.59831376233937,0,0,0,0,0,4.07615774869919,0,0,0,4.2851917494291,0,7.22619285858594,0,5.7857372189885,3.21505745974454,30.7206626588648,80.9242744445801,37.0337332936076,66.0415107727051,27.4636573791504,0,16.8510580965915,59.8729629516602,11.7259935992105,0,6.46930969862967,0,0,0,0,0,9.50409133738072,0,0,0,0,0,0,10.102949993742,0,7.02047487467167,0,7.53494173179629,0,0,0,3.00546029495866,0,3.20693881034851,0,0,0,7.2423913717482,0,5.47238567244276,85.160405476888,0,4.20508802638334,16.7134970955093,0,9.59638982059071,27.1815568378993,0
0,0,33.5045890808105,0,0,0,0,0,3.05304789543152,0,3.88466451619122,0,0,0,0,0,100.445484161377,82.7441024780273,43.8830412910098,0,6.24297837416331,0,4.60773390617923,0,7.57680295217757,0,0,0,0,0,3.09731709467222,0,0,4.10483635847385,3.46995049158732,0,5.98568114695896,4.05367873278531,5.74493055027764,87.2927551269531,58.2285149892171,150.982513427734,35.7027339470096,54.1980094909668,0,0,14.8098210849645,12.7541404167811,7.03315167935168,0,43.8559303283691,0,0,0,7.50558456767195,0,33.9195995330811,0,0,0,0,0,0,13.3031260424617,0,5.97541041775151,0,8.24964033207904,0,0,0,4.2826052019673,0,4.44701194763184,0,0,0,10.6795703290339,128.425491333008,5.99884625981145,4.20508802638334,0,10.6784247651543,0,8.33684022696513,0,21.4256404240926
9.88450422720476,10.0130060605354,29.3996753077353,21.2606168752179,4.3818171646284,3.69682594186045,3.16130468559265,2.7309205532074,4.78856424691612,10.0859637314494,2.88802447915077,3.08678926978,3.18648803276828,3.46669391674154,4.26773538512568,5.35761416201689,16.6057761441399,12.6918744205392,15.3378680623438,15.4323180715243,8.54700483697833,4.5482905856834,3.87126780756944,5.72635710600026,6.69784805021206,4.94124445319176,4.49557106494904,2.84987604618073,3.60289490222931,0,0,3.25040505535301,2.9000768661499,3.98898277547624,3.76393692758348,6.12805356800143,5.15757277999261,6.75665157078765,6.15556460552428,35.3146813482987,51.10945073426,18.2518473628664,22.7267294972526,17.2983813462434,10.5837916646685,45.1526721195474,47.0604802032687,6.43540647460106,12.0767065477401,9.75820120249087,7.02924372168148,3.51493727844373,2.91379441934473,0,6.06061643267435,6.33701827551456,22.3512722869073,15.5053856090495,2.99838098164262,4.07312704649839,4.23237168498156,14.5426462491353,16.3508054608697,30.4890922114253,5.90393957190626,5.077664705033,9.69917893044336,6.22401100831014,3.81883343897368,3.15968418121338,0,2.9585382938385,44.5254135131836,24.3366721397222,3.28506156414916,3.015305519104,4.09038543056797,2.99238110269819,41.8624168378839,43.9414291126864,16.7134970955093,10.6784247651543,0,5.66420591831207,24.2857383586605,26.4113635122776,21.349318092846
