0,64.1220703125,5.92842077205056,0,0,0,0,0,8.48201009105234,0,0,0,0,0,0,0,30.9004502729936,40.43360496521,6.75820749110364,0,0,60.187328338623,0,0,0,0,0,0,0,0,0,0,0,46.6580200195312,0,0,0,47.0427867344448,20.0087795257568,0,48.5965067545573,61.2919883728027,22.5001475872138,0,0,0,0,39.1561410210349,4.87780242179757,0,0,0,0,0,6.01632408438058,0,25.0353059768677,0,0,0,2.74393534660339,0,56.6977844238281,0,0,0,54.1920967102051,0,0,0,0,0,0,32.1052578820123,0,0,48.7371959686279,0,53.5099296569824,34.238672145362,48.8723068237305,34.0848702517423,9.93403470425205,27.9624547958374,5.69645440332306,0,0
64.1220703125,0,0,7.42437923327088,0,0,0,0,0,3.90352222824097,0,0,0,0,0,3.79758191108704,0,0,69.8982925415039,0,0,0,0,10.6611296218119,0,0,0,0,0,0,0,0,0,0,56.9819030761719,0,0,18.4002356494931,48.5589922736673,47.6690800189972,0,22.5799827302917,0,0,0,0,0,40.6549760818481,53.9586133321126,10.3924475574493,0,0,0,0,0,4.3478086233139,0,0,0,0,0,3.21526473760605,106.54190826416,0,0,0,6.200230457566,0,2.9516270160675,0,0,0,18.8075329173695,0,0,0,0,45.0627784729004,49.8889538235135,0,29.1248669624329,54.4332462946574,23.1783693679195,0,16.9370535008223,94.3242492675781,0
5.92842077205056,0,0,0,16.4624520710536,0,0,0,8.69916860068717,0,0,0,0,0,0,0,63.6145133972168,0,46.8549408912659,0,0,0,0,0,0,0,0,0,0,0,0,0,0,0,0,0,24.4149570465088,0,0,0,38.2499154408773,0,26.1312677439521,0,0,0,15.7851363328787,48.6757484436035,10.4921532573316,40.0607776641846,6.79817390441895,0,0,0,4.05841928261977,0,13.1114232809647,0,5.93861103057861,0,0,0,0,17.3993008786982,0,0,0,0,0,0,0,25.0731344223022,0,28.4136093067673,0,0,0,0,0,52.8232977390289,78.2556991577148,38.7078337669373,25.8867899721319,0,11.0897867931165,0,18.9438108205795
0,7.42437923327088,0,0,62.2468109130859,6.54365555445353,0,0,0,6.86395221948624,0,0,0,0,0,0,74.8710479736328,0,40.8355693817139,0,0,0,0,0,0,0,0,0,0,0,0,0,0,0,0,0,0,0,0,37.8374822480338,0,40.9674389178936,0,0,0,20.8738430630077,0,54.1380767822266,0,15.4263115372082,0,0,0,0,0,8.57043848910802,0,12.4990301892801,0,7.5458866082705,0,7.51020711421967,26.8476582402768,0,0,0,0,0,0,0,0,0,29.9747362296674,0,0,0,0,0,36.8050063678197,0,37.6410904514546,0,28.3736724941819,0,13.6350043980165,27.079532623291,0
0,0,16.4624520710536,62.2468109130859,0,0,0,0,4.21588468551636,0,0,0,0,0,0,0,75.1647338867188,121.594909667969,59.7636464436849,0,6.64278661729905,0,0,0,0,0,0,0,0,0,0,0,0,0,0,0,29.1887372145782,0,0,54.1523151397705,39.2611956596375,0,46.2516190338135,0,0,0,17.2047670642335,53.6331097529485,46.6442670704406,45.7445840835571,3.89191010366676,0,0,0,65.7932052612305,0,33.1986860387466,0,22.5419108072917,0,0,0,0,8.88776713924985,0,0,0,0,0,0,0,0,0,43.3853933811188,0,0,0,63.213809967041,0,23.8152030467987,90.7283096313477,59.3731227450901,12.7471471884955,0,21.0933778643959,0,50.5550270080566
0,0,0,6.54365555445353,0,0,0,0,0,3.73057389658365,0,0,0,0,0,0,0,0,47.2197303771973,5.22100293743718,0,0,0,0,0,0,0,0,0,0,0,0,0,0,0,26.0574171759866,0,0,0,38.9593185424805,0,41.1176565469029,0,0,0,21.7167508723372,0,55.2972717285156,0,40.9531124516537,0,4.08509745794473,0,0,0,4.46201809945997,0,20.0727568626404,0,2.94908905029297,0,7.24935993147485,12.9005939920743,0,0,0,0,0,0,0,0,0,43.6181690216064,0,0,0,0,0,28.1285752887967,0,43.952375793457,0,5.45918843693334,0,21.0291442662564,0,0
0,0,0,0,0,0,0,0,0,0,0,0,0,0,0,0,0,0,0,0,0,0,0,0,0,0,0,0,0,0,0,0,0,0,0,0,0,0,0,0,0,0,0,0,0,0,0,0,0,0,0,0,2.85603702068329,0,0,0,0,0,0,0,0,0,0,0,0,0,0,0,0,0,0,0,0,0,0,0,0,0,0,0,0,0,0,0,0,0,0
0,0,0,0,0,0,0,0,0,0,0,0,0,0,0,0,0,0,0,0,0,0,0,0,0,0,0,0,0,0,0,0,0,0,0,0,0,0,0,0,0,0,0,0,0,0,0,0,0,0,0,3.07359421253204,0,2.9169741806231,0,0,0,0,0,0,0,0,0,0,0,0,0,0,0,0,0,0,0,0,0,0,0,0,0,0,0,0,0,0,0,0,0
8.48201009105234,0,8.69916860068717,0,4.21588468551636,0,0,0,0,0,0,0,0,0,7.33543308188276,0,14.5940828414106,38.7338262445786,8.90534436208767,0,0,0,0,0,0,0,5.27464663982391,0,0,0,0,0,0,0,0,0,0,0,5.50676055908203,54.3688735961914,77.2134552001953,0,30.1790527647192,0,0,0,24.2762012481689,0,38.0073146820068,46.1820182800293,4.59185205187116,0,0,0,5.69690195751786,0,37.7330841064453,0,0,0,3.14747170342339,0,0,0,0,0,0,2.96653079986572,0,33.3456497192383,0,0,0,40.5405597686768,0,0,0,0,56.5448520884794,54.0474987030029,82.4421005249023,7.95376972791528,8.01351920891646,10.8466632101271,11.5630942319186,0,0
0,3.90352222824097,0,6.86395221948624,0,3.73057389658365,0,0,0,0,0,0,0,0,0,7.43000806229455,42.6819417741564,12.2756630115295,11.0989282271441,0,0,0,0,6.26696224018019,0,6.33835617701213,0,0,0,0,0,0,0,0,47.1415634155273,0,0,9.83543422647598,47.8701200485229,44.5019022623698,0,20.97480233389,50.3915557861328,0,0,21.4926659266154,0,0,50.997127532959,14.5462865248705,0,3.2360106309255,0,0,0,5.56343628143699,0,23.7978263696035,0,0,0,4.76203878514178,30.7767152786255,0,0,0,5.37884683609009,0,0,0,21.7769265174866,0,28.058963394165,0,0,0,0,0,45.0867057213416,0,44.6338176727295,60.1400108337402,5.5835946408358,2.96204972267151,23.0927575641665,10.0153549950698,0
0,0,0,0,0,0,0,0,0,0,0,0,2.74344835281372,0,0,0,0,0,0,0,4.1551985074339,0,0,0,0,0,0,0,0,0,7.39234113693237,0,0,0,0,0,2.77695312102636,0,3.47132096409798,0,0,0,0,0,0,0,0,0,0,0,0,0,0,0,0,0,3.76416443804136,0,0,0,0,0,0,6.59118747711182,0,0,0,0,0,0,0,0,0,3.9282386302948,0,0,0,0,0,2.7451263666153,0,3.4716205813668,2.74257302284241,0,0,0,0
0,0,0,0,0,0,0,0,0,0,0,0,0,2.81701363216747,0,0,0,0,0,3.19354834815654,0,0,0,0,0,0,0,0,0,4.08467874276011,0,0,0,0,0,3.47825043375899,0,3.70140703560151,0,0,0,0,0,0,0,19.8012504577637,0,0,0,0,0,0,0,0,0,0,0,3.82535066521766,0,0,0,0,9.80324113368988,0,0,0,0,0,0,0,0,0,9.40317879532868,0,0,0,0,0,18.3860403696696,0,6.650405122855,0,3.53370330713492,0,0,0,0
0,0,0,0,0,0,0,0,0,0,2.74344835281372,0,0,0,2.96182933346979,0,0,0,0,0,0,0,0,0,0,0,0,0,2.82876052856445,0,0,0,0,0,0,0,0,0,0,0,0,0,0,0,0,0,0,0,0,0,0,0,0,0,0,0,3.5917786359787,0,3.51553538080418,0,0,0,0,0,0,0,0,0,0,0,0,2.95950245857239,0,0,0,0,0,0,0,0,0,0,2.93994377056758,2.9525294303894,0,0,0
0,0,0,0,0,0,0,0,0,0,0,2.81701363216747,0,0,0,2.88505814625667,0,0,0,0,0,0,0,0,0,0,0,3.1584910530793,0,0,0,0,0,0,0,0,0,0,0,0,0,0,0,0,0,0,0,0,0,0,0,2.98933048248291,0,0,0,0,0,0,0,3.99085791046555,0,4.54290526563471,0,0,0,0,0,0,0,0,3.40775366804817,0,0,0,0,0,0,0,0,0,0,0,4.0586025799022,2.94411956469218,0,0,0
0,0,0,0,0,0,0,0,7.33543308188276,0,0,0,2.96182933346979,0,0,0,14.573832188394,50.7043942042759,53.3381118774414,0,0,0,0,0,0,0,6.27294541767665,0,0,0,0,0,0,0,0,0,0,0,0,0,0,0,0,0,0,0,0,0,0,0,0,0,0,0,0,0,0,0,3.4486496397244,0,3.10202370584011,0,0,0,0,0,0,0,0,0,0,0,0,0,0,0,0,0,0,0,0,0,9.89553873292331,0,0,0,0
0,3.79758191108704,0,0,0,0,0,0,0,7.43000806229455,0,0,0,2.88505814625667,0,0,0,11.875936627388,0,0,0,0,0,0,0,0,0,0,0,0,0,0,0,0,0,0,0,0,0,0,0,0,0,0,0,0,0,0,0,2.7431468963623,0,6.33044219017029,0,0,0,7.55235926061869,0,0,0,6.54532246589661,0,4.40021174243002,0,0,0,0,0,0,0,0,0,0,0,0,0,0,0,0,0,0,0,0,11.1793002287547,3.21660210536076,0,0,0
30.9004502729936,0,63.6145133972168,74.8710479736328,75.1647338867188,0,0,0,14.5940828414106,42.6819417741564,0,0,0,0,14.573832188394,0,0,22.3858353460294,24.8427425460698,0,0,56.0289942423503,0,0,0,50.8453754425049,13.1270792782307,0,0,0,0,0,0,0,0,0,0,0,0,74.0192910271722,61.8436806585196,65.6564787709436,48.9119836909989,43.0796604156494,0,68.4273812143426,68.6567627756219,0,0,0,95.0691833496094,0,0,0,0,0,62.662938117981,80.124142964681,69.9565200805664,0,12.6768554907579,0,80.4636202494303,72.8910079956055,0,0,0,0,37.722252368927,12.0271107904549,92.0748062133789,0,78.0686445565059,60.3932096208845,0,0,0,0,76.1076908773846,65.9929762259993,77.0238616408371,60.8262229311293,17.412754443508,14.0565184718723,57.38857310613,60.8127976585837,43.7432722288465
40.43360496521,0,0,0,121.594909667969,0,0,0,38.7338262445786,12.2756630115295,0,0,0,0,50.7043942042759,11.875936627388,22.3858353460294,0,21.3263266144231,0,0,17.4857577057772,0,7.45318856732599,0,13.0983537458906,47.9085922241211,0,0,0,0,0,0,0,0,0,0,0,0,64.2826015299017,75.4809834498056,54.7917621307766,65.131027155909,34.3497765858968,0,58.8945800236293,68.3009147644043,0,0,0,0,0,0,0,0,85.1586685180664,74.7887783050537,72.7345678541395,0,0,0,0,71.9771841543692,86.1172747404679,0,0,0,0,3.86696600272517,35.8387703895569,0,0,62.967259014354,80.8422437207452,0,0,0,0,70.2201909100244,80.818061938231,64.2488350792351,79.4629773179146,18.3467174419305,7.22327929602237,58.9842928324132,45.6004284381866,62.6357594540245
6.75820749110364,69.8982925415039,46.8549408912659,40.8355693817139,59.7636464436849,47.2197303771973,0,0,8.90534436208767,11.0989282271441,0,0,0,0,53.3381118774414,0,24.8427425460698,21.3263266144231,0,0,0,69.1325912475586,0,0,0,52.1982841491699,31.2378246307373,0,0,0,0,0,0,0,0,0,0,0,0,47.5195865691847,47.5616058800514,43.8869517336626,37.6462722857014,13.596926088844,0,47.7586431218617,30.7448121070862,0,65.4546534220378,81.4453115463257,75.4890022277832,0,0,0,54.8184471130371,61.677848815918,46.6251406377676,46.2174634933472,0,44.0087585449219,0,0,45.4633160303998,50.9433301972949,0,0,0,0,43.0129890441895,30.1981323242188,79.8946533203125,0,41.3597845616548,42.8833033860619,0,0,0,0,49.337082929874,48.5541394266491,49.5107483596288,48.6247124471471,15.6897870440232,19.8719039205777,31.5975354643389,37.345977415837,33.8992297206393
0,0,0,0,0,5.22100293743718,0,0,0,0,0,3.19354834815654,0,0,0,0,0,0,0,0,0,0,0,0,0,0,0,0,0,0,0,0,0,0,0,3.40050168208827,0,3.34561124214759,0,34.9487915039062,0,37.3665783405304,0,0,0,20.6770191192627,0,0,0,54.6555633544922,0,7.71990762438093,0,0,0,0,0,3.55144264717256,0,0,0,0,5.0788601783284,0,0,0,0,0,0,0,0,0,42.1850929260254,0,0,0,0,0,8.4861095681855,0,4.06618316968282,0,7.90658222380139,0,12.396634649586,0,0
0,0,0,0,6.64278661729905,0,0,0,0,0,4.1551985074339,0,0,0,0,0,0,0,0,0,0,0,0,0,0,0,0,0,0,0,0,0,0,0,0,0,3.23718400699336,0,4.00317679433262,0,0,0,0,0,0,0,7.79860591888428,0,0,0,4.65303652426776,0,0,0,0,0,3.389967687428,0,0,0,0,0,0,4.74431176004665,0,0,0,0,0,0,0,0,0,4.94699792861938,0,0,0,0,0,5.93905489072732,0,3.81734980208964,3.9621563361863,7.59981060028076,4.69795835775042,0,0
60.187328338623,0,0,0,0,0,0,0,0,0,0,0,0,0,0,0,56.0289942423503,17.4857577057772,69.1325912475586,0,0,0,3.50992454883557,4.39885188328504,0,4.12236550992185,0,2.84689235687256,0,0,0,0,0,0,43.0182215372721,0,0,4.13884102263384,42.9887878417969,0,0,0,0,0,0,0,0,26.033501625061,47.0700718561808,5.86745918790499,0,0,0,0,0,0,0,0,0,0,0,0,0,0,4.705257949371,0,3.82704397837321,0,0,0,3.14653587341309,0,0,0,0,0,0,0,0,0,7.82224351632303,46.9377128601074,4.31222698736297,4.11905010016459,48.7245931625366,0,0
0,0,0,0,0,0,0,0,0,0,0,0,0,0,0,0,0,0,0,0,0,3.50992454883557,0,0,3.30933264406716,0,0,0,2.80592555999756,0,0,0,0,0,0,0,0,0,3.79150058049236,0,0,0,0,0,0,0,0,30.9714279174805,8.62303228406019,0,0,0,0,0,0,0,0,0,0,0,0,0,0,0,4.63713923874109,5.81340262472724,0,8.44037628173828,0,3.1672728061676,0,3.15105819702148,0,0,0,0,0,0,0,0,0,4.09825393888685,5.95400087194724,6.7026956948367,0,0,0
0,10.6611296218119,0,0,0,0,0,0,0,6.26696224018019,0,0,0,0,0,0,0,7.45318856732599,0,0,0,4.39885188328504,0,0,0,6.96396821677083,0,0,0,0,0,0,0,0,0,0,0,6.92237923940023,0,0,0,11.3038869397394,0,0,0,0,0,0,41.5376167297363,20.8008397420247,0,0,0,0,0,10.9145375156403,0,22.2939100265503,0,0,0,8.32207517190413,0,0,5.86191117464666,0,6.12486486725076,0,7.13927811262559,0,0,0,22.0913467407227,0,0,0,0,0,0,0,7.01164336399535,0,7.42352801799774,0,12.2654272317886,10.8541570687905,0
0,0,0,0,0,0,0,0,0,0,0,0,0,0,0,0,0,0,0,0,0,0,3.30933264406716,0,0,0,0,0,0,0,0,0,0,0,0,0,0,0,4.33363146384557,0,0,0,0,0,0,0,0,0,4.01247072219849,0,0,0,0,0,2.85154056549072,0,0,0,0,0,0,0,0,0,0,0,0,3.60675833731481,0,3.1654155254364,0,0,0,0,0,0,0,0,0,0,0,5.71668020884196,4.26275510787964,0,3.39648239787032,0,0
0,0,0,0,0,0,0,0,0,6.33835617701213,0,0,0,0,0,0,50.8453754425049,13.0983537458906,52.1982841491699,0,0,4.12236550992185,0,6.96396821677083,0,0,0,2.80544781684875,0,0,0,0,0,0,0,0,0,0,0,0,0,0,0,0,0,0,0,0,0,0,0,0,0,0,0,0,0,0,0,4.94292932748795,0,0,0,0,5.41580798982204,0,8.89376484637229,0,5.03213231448821,0,4.21064039071401,0,0,0,0,0,0,0,0,0,0,0,8.98223514967067,0,0,0,0
0,0,0,0,0,0,0,0,5.27464663982391,0,0,0,0,0,6.27294541767665,0,13.1270792782307,47.9085922241211,31.2378246307373,0,0,0,0,0,0,0,0,0,0,0,0,0,0,0,0,0,0,0,0,0,0,0,0,0,0,0,0,0,0,0,0,0,0,0,0,0,0,0,0,0,0,0,0,0,0,0,0,0,0,2.97568629004739,0,0,0,0,0,0,0,0,84.0215072631836,0,0,0,12.6260265361431,27.8949394226074,0,0,0
0,0,0,0,0,0,0,0,0,0,0,0,0,3.1584910530793,0,0,0,0,0,0,0,2.84689235687256,0,0,0,2.80544781684875,0,0,0,6.64858403958772,0,0,0,0,0,0,0,4.37651105673916,0,0,0,0,0,0,0,0,0,0,0,0,0,0,0,0,0,0,0,0,0,3.00054615736008,0,0,0,0,3.04515008585794,0,0,0,3.19430129902036,0,3.87125211135267,0,16.8556733396318,0,0,0,0,0,0,0,5.49073158204556,0,3.02019175828672,2.96435613632202,0,0,0
0,0,0,0,0,0,0,0,0,0,0,0,2.82876052856445,0,0,0,0,0,0,0,0,0,2.80592555999756,0,0,0,0,0,0,0,3.04858431625366,0,0,0,0,0,0,0,3.70554269996344,0,0,0,0,0,0,0,0,0,0,0,0,0,0,0,0,0,0,0,3.06354951858521,0,0,0,0,0,0,4.44041204452515,0,0,0,0,0,3.44205775107929,0,4.21675109863281,0,0,0,0,0,0,0,3.37237829632229,3.10596060752869,2.79037675857544,0,0,0
0,0,0,0,0,0,0,0,0,0,0,4.08467874276011,0,0,0,0,0,0,0,0,0,0,0,0,0,0,0,6.64858403958772,0,0,0,0,0,0,0,0,0,4.88712733619067,0,0,0,0,0,0,0,0,0,0,0,0,0,0,0,0,0,0,0,5.05320144547775,0,0,0,0,0,0,0,0,0,0,0,0,2.948086977005,0,6.84629027648279,0,0,0,0,0,0,0,3.06846114248037,0,4.50971897443136,0,0,0,0
0,0,0,0,0,0,0,0,0,0,7.39234113693237,0,0,0,0,0,0,0,0,0,0,0,0,0,0,0,0,0,3.04858431625366,0,0,0,0,0,0,0,0,0,3.22144029107233,0,0,0,0,0,0,0,0,0,0,0,0,0,0,0,0,0,0,0,0,0,0,0,0,0,0,0,0,0,0,0,0,4.21793746948242,0,2.95502324537797,0,0,0,0,0,0,0,3.72638416614662,2.98576010727301,2.9590117931366,0,0,0
0,0,0,0,0,0,0,0,0,0,0,0,0,0,0,0,0,0,0,0,0,0,0,0,0,0,0,0,0,0,0,0,7.89165250072329,13.2945361067267,0,6.23248067718965,2.95685315132141,0,0,0,0,0,0,0,0,0,0,5.69785951860474,0,0,0,0,0,0,0,0,0,0,0,0,0,0,0,0,0,0,0,0,0,0,0,0,0,0,6.31080488915656,12.3067722955499,17.1601000027731,0,4.36374158091313,18.4483402570089,0,0,4.21406605822095,0,0,0,0
0,0,0,0,0,0,0,0,0,0,0,0,0,0,0,0,0,0,0,0,0,0,0,0,0,0,0,0,0,0,0,7.89165250072329,0,2.9788095553716,0,0,3.09463568414108,0,0,0,0,0,0,0,0,0,0,6.66074779350197,0,0,0,0,0,0,0,0,0,0,0,0,0,0,0,0,0,0,0,0,0,0,0,0,0,0,8.36702764458336,4.19103167389833,8.9428642988205,3.9762125202779,0,3.6838302703227,0,0,3.26987037867525,0,0,0,0
46.6580200195312,0,0,0,0,0,0,0,0,0,0,0,0,0,0,0,0,0,0,0,0,0,0,0,0,0,0,0,0,0,0,13.2945361067267,2.9788095553716,0,4.07474306611233,4.0586316600824,0,4.6073457149301,21.1424166174496,0,0,0,28.4033737182617,0,0,0,0,7.2680608544604,28.8409747274298,9.8906397819519,0,0,0,0,0,71.4791564941406,0,0,0,0,0,0,0,0,0,39.9818153381348,0,0,0,0,0,0,0,0,16.7558332386705,24.4288101196289,5.86911195634359,5.74386306947923,3.93351594920229,0,8.04008954108416,16.2871081187175,4.15560260613759,0,35.8276395064134,0,0
0,56.9819030761719,0,0,0,0,0,0,0,47.1415634155273,0,0,0,0,0,0,0,0,0,0,0,43.0182215372721,0,0,0,0,0,0,0,0,0,0,0,4.07474306611233,0,0,5.23352274979864,30.424454341764,4.16564100583394,0,0,0,0,0,0,0,0,7.05202989121024,0,0,0,0,0,0,0,0,0,0,0,0,0,0,0,0,0,0,0,0,0,0,0,0,0,0,0,21.0243427840322,5.09597732760368,4.25873309684983,0,5.52456813054542,25.2358211704663,2.99466806139265,4.88566988777266,0,34.1974533928765,0,0
0,0,0,0,0,26.0574171759866,0,0,0,0,0,3.47825043375899,0,0,0,0,0,0,0,3.40050168208827,0,0,0,0,0,0,0,0,0,0,0,6.23248067718965,0,4.0586316600824,0,0,3.55771836280823,4.37023907039255,2.74689066410065,2.95142483711243,0,28.2004528045654,0,0,0,0,0,6.84340133704245,0,13.7977480545543,0,0,0,0,0,0,0,21.0319176060813,0,25.9375314712524,0,0,4.08262400343867,0,0,0,0,0,0,0,0,0,0,0,24.370090889764,0,32.7644186847466,0,5.20424533921072,2.87708555829936,7.4569476983562,0,4.23840193793248,2.96655534159753,15.7953833043575,0,0
0,0,24.4149570465088,0,29.1887372145782,0,0,0,0,0,2.77695312102636,0,0,0,0,0,0,0,0,0,3.23718400699336,0,0,0,0,0,0,0,0,0,0,2.95685315132141,3.09463568414108,0,5.23352274979864,3.55771836280823,0,0,4.46749649772482,8.66190052032471,0,0,0,0,0,0,14.1306613485018,4.43035357183517,24.5081508636475,14.5894758966234,31.1013681411743,0,0,0,0,0,28.8876433054606,0,28.4579315185547,0,0,0,0,11.1687316947513,0,0,0,0,0,0,0,0,0,0,0,19.8112797226225,0,3.5460773507754,4.19809482881687,5.17553539581282,0,4.22549736039815,4.46289824000043,6.57591264843941,22.998548682143,0,0
47.0427867344448,18.4002356494931,0,0,0,0,0,0,0,9.83543422647598,0,3.70140703560151,0,0,0,0,0,0,0,3.34561124214759,0,4.13884102263384,0,6.92237923940023,0,0,0,4.37651105673916,0,4.88712733619067,0,0,0,4.6073457149301,30.424454341764,4.37023907039255,0,0,9.00904667377472,0,0,14.444996183972,38.2570444742839,0,0,0,0,10.6510712386067,34.7749248261147,4.71163335939248,0,0,0,0,0,13.1270488103231,56.9997787475586,4.62350451480877,0,0,0,0,8.87348588307699,0,4.33522975535793,46.6504483904157,6.1578148953668,0,0,0,5.70893865281885,0,5.88927067931817,0,0,0,5.59466358210689,31.6743516921997,9.64304612571118,0,5.26356878175641,31.676083300283,6.84972257858668,2.74588370323181,29.9093753602549,13.5925132975859,0
20.0087795257568,48.5589922736673,0,0,0,0,0,0,5.50676055908203,47.8701200485229,3.47132096409798,0,0,0,0,0,0,0,0,0,4.00317679433262,42.9887878417969,3.79150058049236,0,4.33363146384557,0,0,0,3.70554269996344,0,3.22144029107233,0,0,21.1424166174496,4.16564100583394,2.74689066410065,4.46749649772482,9.00904667377472,0,0,0,48.6492131551107,5.36811363697052,0,0,0,0,8.47915281380134,6.20878724927642,0,0,0,0,0,4.84047887964946,0,0,0,0,0,0,0,0,6.85791186768879,44.7369327545166,4.75165890546945,35.845039791531,7.94126541972713,0,0,0,3.47587263584137,0,3.73850758201198,0,0,31.9068698883057,4.78182371457418,3.18922986984253,10.7533969041463,25.6056477346538,5.19732270256649,5.81008197210441,0,30.9019731879234,48.0574073791504,0
0,47.6690800189972,0,37.8374822480338,54.1523151397705,38.9593185424805,0,0,54.3688735961914,44.5019022623698,0,0,0,0,0,0,74.0192910271722,64.2826015299017,47.5195865691847,34.9487915039062,0,0,0,0,0,0,0,0,0,0,0,0,0,0,0,2.95142483711243,8.66190052032471,0,0,0,60.0276942533605,20.2794041790339,46.2181066211901,30.5103054046631,0,24.8671732593985,0,5.67039075703688,0,14.4902507365504,0,0,0,0,0,43.6822533607483,78.7584609985352,48.1028789997101,0,41.4027448381696,0,43.53200340271,9.3034331006293,0,0,0,0,0,0,0,54.1747093200684,0,48.8049368236376,74.7794075012207,31.1653604507446,0,39.6027565002441,0,13.9089061476927,63.322562789917,34.1736564462043,80.6076291402181,39.2822028568813,0,13.9683751081598,41.6323508349332,54.2123020717076
48.5965067545573,0,38.2499154408773,0,39.2611956596375,0,0,0,77.2134552001953,0,0,0,0,0,0,0,61.8436806585196,75.4809834498056,47.5616058800514,0,0,0,0,0,0,0,0,0,0,0,0,0,0,0,0,0,0,0,0,60.0276942533605,0,55.2637572372169,20.3899173649882,63.6396389007568,0,64.253534105089,19.3313642568784,3.0829470800975,6.9136529633788,50.3957557678223,38.3940718514579,0,0,0,40.9184939066569,65.2551879882812,46.9724036426079,76.1791076660156,62.1281776428223,0,0,0,83.5233806610107,11.8597518863349,0,0,0,0,0,0,0,0,73.1436331007216,51.9493151299747,0,0,0,0,77.4101226080032,14.0001684729615,85.1619762273935,50.0487157605968,43.9436996238312,69.9020512898763,15.0792985713538,83.9720764160156,29.3082616763374
61.2919883728027,22.5799827302917,0,40.9674389178936,0,41.1176565469029,0,0,0,20.97480233389,0,0,0,0,0,0,65.6564787709436,54.7917621307766,43.8869517336626,37.3665783405304,0,0,0,11.3038869397394,0,0,0,0,0,0,0,0,0,0,0,28.2004528045654,0,14.444996183972,48.6492131551107,20.2794041790339,55.2637572372169,0,20.7052354125416,30.4777154922485,0,38.1098642627688,46.3399909337362,15.0540956769671,52.9726308186849,16.3853395127513,0,41.432071685791,0,0,0,42.3631688707015,58.1449432373047,23.7709430044674,0,46.8600628662109,0,46.3002575683594,33.4055882574471,70.423831515842,0,0,11.5760869979858,0,0,0,21.373808163863,0,24.9998644772552,68.0386976514544,0,0,0,0,26.502199060444,65.6937499946648,28.679459918452,69.4838039921779,23.1872183858772,74.635555267334,22.0407646471619,18.9183592227729,51.3387504305158
22.5001475872138,0,26.1312677439521,0,46.2516190338135,0,0,0,30.1790527647192,50.3915557861328,0,0,0,0,0,0,48.9119836909989,65.131027155909,37.6462722857014,0,0,0,0,0,0,0,0,0,0,0,0,0,0,28.4033737182617,0,0,0,38.2570444742839,5.36811363697052,46.2181066211901,20.3899173649882,20.7052354125416,0,0,0,52.1491027832031,35.8157951104014,15.2459796697665,12.8500589052072,61.8112152099609,42.6716820436365,0,0,0,47.1444248623318,0,19.7358825125113,47.9862213134766,41.4302941524621,49.3320960998535,0,0,63.9661977556017,22.5999114771188,0,0,29.8774442672729,0,0,0,0,17.5687801609869,67.0968976338704,23.4975547959648,0,0,0,49.4012746810913,64.5105550289154,25.1287326823318,64.0646426032571,30.3931521986372,25.2897712804916,65.5531959533691,19.8019874805904,56.4671509686638,20.4793054674237
0,0,0,0,0,0,0,0,0,0,0,0,0,0,0,0,43.0796604156494,34.3497765858968,13.596926088844,0,0,0,0,0,0,0,0,0,0,0,0,0,0,0,0,0,0,0,0,30.5103054046631,63.6396389007568,30.4777154922485,0,0,0,30.962776184082,0,0,0,0,0,0,0,0,0,0,0,18.2648044586182,0,0,0,0,17.3682495117188,55.4059944152832,0,0,0,0,0,0,0,0,22.423857195624,84.7889175415039,0,0,0,0,31.0797698974609,51.1514015197754,26.5821902884377,72.3743190765381,33.3215820572593,0,9.20627611758662,0,0
0,0,0,0,0,0,0,0,0,0,0,0,0,0,0,0,0,0,0,0,0,0,0,0,0,0,0,0,0,0,0,0,0,0,0,0,0,0,0,0,0,0,0,0,0,0,0,0,0,0,0,0,0,0,0,0,0,0,0,0,0,0,0,0,0,0,0,0,0,0,0,0,0,0,0,0,0,0,0,0,0,0,0,0,0,0,0
0,0,0,20.8738430630077,0,21.7167508723372,0,0,0,21.4926659266154,0,19.8012504577637,0,0,0,0,68.4273812143426,58.8945800236293,47.7586431218617,20.6770191192627,0,0,0,0,0,0,0,0,0,0,0,0,0,0,0,0,0,0,0,24.8671732593985,64.253534105089,38.1098642627688,52.1491027832031,30.962776184082,0,0,0,0,0,27.9760098457336,0,21.5663357416789,0,0,0,26.7079390207926,0,19.8855282748759,0,21.0944642605989,0,31.0625748634338,13.5691598598431,0,0,0,0,0,0,0,0,0,38.0621328968472,93.8136520385742,0,0,0,0,19.7150374339542,62.1625442504883,35.9610014635983,81.6334133148193,32.9372207580074,0,20.6529436623555,38.6042170524597,49.4339968363444
0,0,15.7851363328787,0,17.2047670642335,0,0,0,24.2762012481689,0,0,0,0,0,0,0,68.6567627756219,68.3009147644043,30.7448121070862,0,7.79860591888428,0,0,0,0,0,0,0,0,0,0,0,0,0,0,0,14.1306613485018,0,0,0,19.3313642568784,46.3399909337362,35.8157951104014,0,0,0,0,48.1230159335666,38.0119616784782,36.1178590456645,20.4648021697998,0,0,0,24.9240606481379,0,17.0211909444709,0,17.8038878970676,0,0,0,0,15.0569112316624,0,0,0,0,0,0,0,30.8915824890137,0,21.4154561118574,0,0,0,0,69.7239091055734,22.4490575499838,70.1840133666992,23.6508524933377,27.6086354442149,0,16.3021780011031,51.7915458679199,31.7329116821289
39.1561410210349,40.6549760818481,48.6757484436035,54.1380767822266,53.6331097529485,55.2972717285156,0,0,0,0,0,0,0,0,0,0,0,0,0,0,0,26.033501625061,30.9714279174805,0,0,0,0,0,0,0,0,5.69785951860474,6.66074779350197,7.2680608544604,7.05202989121024,6.84340133704245,4.43035357183517,10.6510712386067,8.47915281380134,5.67039075703688,3.0829470800975,15.0540956769671,15.2459796697665,0,0,0,48.1230159335666,0,13.5021730618541,6.43554725249608,53.4216102600098,0,0,0,56.7327791849772,43.1375478108724,57.9230965508355,54.8629684448242,54.9819183349609,55.2590599060059,0,57.7379035949707,0,54.2866968427386,28.163493792216,33.3415304819743,21.4540749958583,0,0,0,0,0,0,67.5287590026855,10.3512041154323,10.3346946494894,8.21387185463642,7.27250788806015,7.07505592208311,7.39071598249238,12.9646435187648,16.913745911288,10.6244298938845,0,21.1195611519039,0,0
4.87780242179757,53.9586133321126,10.4921532573316,0,46.6442670704406,0,0,0,38.0073146820068,50.997127532959,0,0,0,0,0,0,0,0,65.4546534220378,0,0,47.0700718561808,8.62303228406019,41.5376167297363,4.01247072219849,0,0,0,0,0,0,0,0,28.8409747274298,0,0,24.5081508636475,34.7749248261147,6.20878724927642,0,6.9136529633788,52.9726308186849,12.8500589052072,0,0,0,38.0119616784782,13.5021730618541,0,7.84516276253594,47.1401743533006,0,0,0,24.8514022316251,47.4445037841797,36.0160737774589,0,29.2449892389363,0,3.76094644599491,0,0,44.1299816237556,44.5153541564941,5.20754716882658,39.2346138000488,6.63255138449616,0,3.545662968906,0,4.09437716007233,0,58.014737670486,0,0,27.9832821453319,7.79248219331106,0,10.6408544894546,35.9594182773512,7.06999837139404,23.4459244844748,0,17.2342256343934,52.2362327575684,46.6284103393555
0,10.3924475574493,40.0607776641846,15.4263115372082,45.7445840835571,40.9531124516537,0,0,46.1820182800293,14.5462865248705,0,0,0,0,0,2.7431468963623,0,0,81.4453115463257,54.6555633544922,0,5.86745918790499,0,20.8008397420247,0,0,0,0,0,0,0,0,0,9.8906397819519,0,13.7977480545543,14.5894758966234,4.71163335939248,0,14.4902507365504,50.3957557678223,16.3853395127513,61.8112152099609,0,0,27.9760098457336,36.1178590456645,6.43554725249608,7.84516276253594,0,47.4954064313103,50.9953142801921,0,0,48.7064463297526,13.1201239562616,48.5073209490095,18.5880291090383,45.1734733581543,12.0897328853607,0,6.54719920365707,40.0471514463425,46.3057978947957,4.85407929835112,0,3.14513206481934,0,3.43233948004873,0,4.78104982213443,0,10.8915951210399,60.6059141159058,0,0,17.1817404883248,26.7377147674561,14.2897017268584,60.4150672912598,10.9284764713615,61.103878566197,18.0301636581038,0,18.2759288071294,25.2327191034953,0
0,0,6.79817390441895,0,3.89191010366676,0,0,0,4.59185205187116,0,0,0,0,0,0,0,95.0691833496094,0,75.4890022277832,0,4.65303652426776,0,0,0,0,0,0,0,0,0,0,0,0,0,0,0,31.1013681411743,0,0,0,38.3940718514579,0,42.6716820436365,0,0,0,20.4648021697998,53.4216102600098,47.1401743533006,47.4954064313103,0,0,0,0,0,0,31.7162031876413,0,0,0,0,0,0,6.02176565064324,0,0,0,0,0,0,0,0,0,37.6608219146729,0,0,0,0,0,36.5783782686506,0,47.8561721801758,18.6385247839822,0,22.6226815598549,0,60.4336700439453
0,0,0,0,0,4.08509745794473,0,3.07359421253204,0,3.2360106309255,0,0,0,2.98933048248291,0,6.33044219017029,0,0,0,7.71990762438093,0,0,0,0,0,0,0,0,0,0,0,0,0,0,0,0,0,0,0,0,0,41.432071685791,0,0,0,21.5663357416789,0,0,0,50.9953142801921,0,0,0,3.2258115681735,0,3.59502530097961,0,2.95200490951538,0,3.50989937170958,0,4.50379698681382,11.9933215466941,0,0,0,0,0,0,0,0,0,38.0113983154297,0,0,0,0,0,26.8405872980754,0,0,0,10.6565780162811,0,21.2893392890692,0,0
0,0,0,0,0,0,2.85603702068329,0,0,0,0,0,0,0,0,0,0,0,0,0,0,0,0,0,0,0,0,0,0,0,0,0,0,0,0,0,0,0,0,0,0,0,0,0,0,0,0,0,0,0,0,0,0,0,0,0,0,0,0,0,0,0,0,0,0,0,0,0,0,0,0,0,0,0,0,0,0,0,0,0,0,0,0,0,0,0,0
0,0,0,0,0,0,0,2.9169741806231,0,0,0,0,0,0,0,0,0,0,0,0,0,0,0,0,0,0,0,0,0,0,0,0,0,0,0,0,0,0,0,0,0,0,0,0,0,0,0,0,0,0,0,3.2258115681735,0,0,0,0,0,0,0,0,0,0,0,0,0,0,0,0,0,0,0,0,0,0,0,0,0,0,0,0,0,0,0,0,0,0,0
6.01632408438058,0,4.05841928261977,0,65.7932052612305,0,0,0,5.69690195751786,0,0,0,0,0,0,0,0,0,54.8184471130371,0,0,0,0,0,2.85154056549072,0,0,0,0,0,0,0,0,0,0,0,0,0,4.84047887964946,0,40.9184939066569,0,47.1444248623318,0,0,0,24.9240606481379,56.7327791849772,24.8514022316251,48.7064463297526,0,0,0,0,0,0,33.4350733390221,0,0,0,4.4958326003455,0,0,35.0331718444824,0,0,0,4.0547168151192,0,4.43336862987942,0,0,0,41.0828071594238,0,0,0,0,85.0258026123047,64.8233884175618,0,8.14150897563881,31.224185775308,0,35.2867544326153,0,48.5598182678223
0,4.3478086233139,0,8.57043848910802,0,4.46201809945997,0,0,0,5.56343628143699,0,0,0,0,0,7.55235926061869,0,85.1586685180664,61.677848815918,0,0,0,0,10.9145375156403,0,0,0,0,0,0,0,0,0,71.4791564941406,0,0,0,13.1270488103231,0,43.6822533607483,65.2551879882812,42.3631688707015,0,0,0,26.7079390207926,0,43.1375478108724,47.4445037841797,13.1201239562616,0,3.59502530097961,0,0,0,0,0,46.3759598731995,0,0,0,4.81815722071625,34.7237434387207,0,0,0,5.5282673151366,0,11.6198558807373,0,0,0,38.5163336859809,0,0,0,0,0,44.7635527111235,0,43.444732208252,0,29.6898743646187,0,27.3115154972783,33.930305480957,0
25.0353059768677,0,13.1114232809647,0,33.1986860387466,0,0,0,37.7330841064453,0,3.76416443804136,0,3.5917786359787,0,0,0,62.662938117981,74.7887783050537,46.6251406377676,0,3.389967687428,0,0,0,0,0,0,0,0,0,0,0,0,0,0,0,28.8876433054606,56.9997787475586,0,78.7584609985352,46.9724036426079,58.1449432373047,19.7358825125113,0,0,0,17.0211909444709,57.9230965508355,36.0160737774589,48.5073209490095,31.7162031876413,0,0,0,33.4350733390221,0,0,69.8340530395508,6.53958976268768,0,8.83232605457306,0,0,6.795856654353,0,0,0,0,0,0,0,6.95173383912732,65.4770431518555,6.82526441674164,0,0,0,0,96.450808207194,45.4909779998078,82.7473735809326,47.6434665826651,42.7428500039237,0,16.8595058043829,0,16.4679093328463
0,0,0,12.4990301892801,0,20.0727568626404,0,0,0,23.7978263696035,0,3.82535066521766,0,0,0,0,80.124142964681,72.7345678541395,46.2174634933472,3.55144264717256,0,0,0,22.2939100265503,0,0,0,0,0,5.05320144547775,0,0,0,0,0,21.0319176060813,0,4.62350451480877,0,48.1028789997101,76.1791076660156,23.7709430044674,47.9862213134766,18.2648044586182,0,19.8855282748759,0,54.8629684448242,0,18.5880291090383,0,2.95200490951538,0,0,0,46.3759598731995,69.8340530395508,0,0,3.73141802743424,0,0,9.92828475398229,0,0,0,0,0,0,0,7.60964521087042,0,8.94692020265741,0,0,0,0,0,35.0216688795607,69.5328693389893,30.555747447314,0,19.1341240451143,0,12.8758922905271,20.462303313342,65.2629623413086
0,0,5.93861103057861,0,22.5419108072917,0,0,0,0,0,0,0,3.51553538080418,0,3.4486496397244,0,69.9565200805664,0,0,0,0,0,0,0,0,0,0,0,3.06354951858521,0,0,0,0,0,0,0,28.4579315185547,0,0,0,62.1281776428223,0,41.4302941524621,0,0,0,17.8038878970676,54.9819183349609,29.2449892389363,45.1734733581543,0,0,0,0,0,0,6.53958976268768,0,0,0,5.5624941120977,0,0,22.6691119670868,0,0,0,0,0,0,0,3.14016835139348,0,35.1875441414969,0,0,0,0,0,54.5534413655599,0,39.1407127380371,27.9120104047987,0,34.5118280622694,0,0
0,0,0,7.5458866082705,0,2.94908905029297,0,0,0,0,0,0,0,3.99085791046555,0,6.54532246589661,0,0,44.0087585449219,0,0,0,0,0,0,4.94292932748795,0,3.00054615736008,0,0,0,0,0,0,0,25.9375314712524,0,0,0,41.4027448381696,0,46.8600628662109,49.3320960998535,0,0,21.0944642605989,0,55.2590599060059,0,12.0897328853607,0,3.50989937170958,0,0,0,0,0,3.73141802743424,0,0,0,6.06494021813075,20.9319186740451,0,0,0,0,0,4.90433367697301,0,3.23859480023384,0,36.8307952880859,0,0,0,0,0,39.2029983520508,0,46.004264831543,0,14.2911939842756,2.95732407569885,21.1140295946709,0,0
2.74393534660339,0,0,0,0,0,0,0,3.14747170342339,0,0,0,0,0,3.10202370584011,0,12.6768554907579,0,0,0,0,0,0,0,0,0,0,0,0,0,0,0,0,0,0,0,0,0,0,0,0,0,0,0,0,0,0,0,3.76094644599491,0,0,0,0,0,4.4958326003455,0,8.83232605457306,0,5.5624941120977,0,0,0,0,0,0,0,0,0,0,0,0,0,0,0,0,0,0,0,0,0,0,0,3.14645148648156,0,0,0,0
0,3.21526473760605,0,7.51020711421967,0,7.24935993147485,0,0,0,4.76203878514178,0,0,0,4.54290526563471,0,4.40021174243002,0,0,0,0,0,0,0,8.32207517190413,0,0,0,0,0,0,0,0,0,0,0,0,0,0,0,43.53200340271,0,46.3002575683594,0,0,0,31.0625748634338,0,57.7379035949707,0,6.54719920365707,0,4.50379698681382,0,0,0,4.81815722071625,0,0,0,6.06494021813075,0,0,35.3889541625977,0,0,0,3.38757061958313,0,2.84642732143402,0,0,0,37.021292368571,0,0,0,0,0,40.4770463307699,72.0999069213867,50.7184951782227,76.9367523193359,16.2151115039984,0,25.9477140342488,34.8357200622559,0
56.6977844238281,106.54190826416,0,26.8476582402768,0,12.9005939920743,0,0,0,30.7767152786255,0,9.80324113368988,0,0,0,0,80.4636202494303,71.9771841543692,45.4633160303998,5.0788601783284,0,0,0,0,0,0,0,0,0,0,0,0,0,0,0,4.08262400343867,0,8.87348588307699,0,9.3034331006293,83.5233806610107,33.4055882574471,63.9661977556017,17.3682495117188,0,13.5691598598431,0,0,0,40.0471514463425,0,11.9933215466941,0,0,0,34.7237434387207,0,9.92828475398229,0,20.9319186740451,0,35.3889541625977,0,0,0,0,0,0,0,0,38.7509743372599,0,16.8593274331477,80.6338272094727,0,0,0,0,13.4062759852374,82.6614737877479,8.93389888868136,90.4919061660767,37.120617240358,68.8722381591797,11.9828552426062,56.6774423122406,80.6465250651042
0,0,17.3993008786982,0,8.88776713924985,0,0,0,0,0,6.59118747711182,0,0,0,0,0,72.8910079956055,86.1172747404679,50.9433301972949,0,4.74431176004665,0,0,0,0,0,0,0,0,0,0,0,0,0,0,0,11.1687316947513,0,6.85791186768879,0,11.8597518863349,70.423831515842,22.5999114771188,55.4059944152832,0,0,15.0569112316624,54.2866968427386,44.1299816237556,46.3057978947957,6.02176565064324,0,0,0,35.0331718444824,0,6.795856654353,0,22.6691119670868,0,0,0,0,0,0,0,0,0,0,0,0,17.3660600185394,0,12.8239519413956,0,0,0,0,79.8109730311802,15.0893931621023,80.2260712517632,9.28637514150439,33.086791791322,69.0914688110352,15.0493430156415,61.4236526489258,21.4608536350484
0,0,0,0,0,0,0,0,0,0,0,0,0,0,0,0,0,0,0,0,0,4.705257949371,4.63713923874109,5.86191117464666,0,5.41580798982204,0,3.04515008585794,0,0,0,0,0,0,0,0,0,4.33522975535793,44.7369327545166,0,0,0,0,0,0,0,0,28.163493792216,44.5153541564941,4.85407929835112,0,0,0,0,0,0,0,0,0,0,0,0,0,0,0,0,3.70350885391235,0,3.35703504085541,0,3.24363451004028,0,0,0,0,0,0,0,0,0,10.0925695020859,44.4802029927572,5.02251177567702,0,0,0,0
0,0,0,0,0,0,0,0,0,0,0,0,0,0,0,0,0,0,0,0,0,0,5.81340262472724,0,0,0,0,0,4.44041204452515,0,0,0,0,39.9818153381348,0,0,0,46.6504483904157,4.75165890546945,0,0,0,0,0,0,0,0,33.3415304819743,5.20754716882658,0,0,0,0,0,0,0,0,0,0,0,0,0,0,0,0,0,0,7.08497595787048,0,0,0,3.51346248249675,0,0,0,0,0,0,0,0,0,6.27414519970234,7.50274507094313,0,47.3363978068034,0,0
54.1920967102051,6.200230457566,0,0,0,0,0,0,0,5.37884683609009,0,0,0,0,0,0,0,0,0,0,0,3.82704397837321,0,6.12486486725076,0,8.89376484637229,0,0,0,0,0,0,0,0,0,0,0,6.1578148953668,35.845039791531,0,0,11.5760869979858,29.8774442672729,0,0,0,0,21.4540749958583,39.2346138000488,3.14513206481934,0,0,0,0,0,5.5282673151366,0,0,0,0,0,3.38757061958313,0,0,3.70350885391235,0,0,0,3.24886844708369,0,0,0,0,0,0,0,0,0,0,0,5.33026543419162,40.65966796875,12.2504923634413,0,18.349297337532,9.58160614967346,0
0,0,0,0,0,0,0,0,2.96653079986572,0,0,0,0,0,0,0,0,0,0,0,0,0,8.44037628173828,0,3.60675833731481,0,0,0,0,0,0,0,0,0,0,0,0,0,7.94126541972713,0,0,0,0,0,0,0,0,0,6.63255138449616,0,0,0,0,0,4.0547168151192,0,0,0,0,0,0,0,0,0,0,7.08497595787048,0,0,0,3.79630799293518,0,0,0,0,0,0,0,0,0,0,0,8.04670772175272,2.74232482910156,0,4.71254761782559,0,0
0,2.9516270160675,0,0,0,0,0,0,0,0,0,0,0,0,0,0,37.722252368927,3.86696600272517,43.0129890441895,0,0,0,0,7.13927811262559,0,5.03213231448821,0,3.19430129902036,0,0,0,0,0,0,0,0,0,0,0,0,0,0,0,0,0,0,0,0,0,3.43233948004873,0,0,0,0,0,11.6198558807373,0,0,0,4.90433367697301,0,2.84642732143402,0,0,3.35703504085541,0,3.24886844708369,0,0,0,3.43487401614113,0,0,0,0,0,0,0,68.2701644897461,0,0,0,4.28433088324536,0,29.7921974658966,0,0
0,0,0,0,0,0,0,0,33.3456497192383,0,0,0,0,0,0,0,12.0271107904549,35.8387703895569,30.1981323242188,0,0,0,3.1672728061676,0,3.1654155254364,0,2.97568629004739,0,0,0,0,0,0,0,0,0,0,0,0,0,0,0,0,0,0,0,0,0,3.545662968906,0,0,0,0,0,4.43336862987942,0,0,0,0,0,0,0,0,0,0,0,0,3.79630799293518,0,0,0,0,0,0,0,0,0,0,0,68.0488662719727,0,0,26.5511978641152,32.6471099853516,35.7209820747375,0,0
0,0,0,0,0,0,0,0,0,21.7769265174866,0,0,0,3.40775366804817,0,0,92.0748062133789,0,79.8946533203125,0,0,3.14653587341309,0,0,0,4.21064039071401,0,3.87125211135267,0,2.948086977005,0,0,0,0,0,0,0,5.70893865281885,0,54.1747093200684,0,21.373808163863,0,0,0,0,0,0,0,4.78104982213443,0,0,0,0,0,0,0,7.60964521087042,0,3.23859480023384,0,0,38.7509743372599,0,3.24363451004028,0,0,0,3.43487401614113,0,0,0,7.05650423212245,0,0,0,0,0,51.4358665466309,0,6.81965738409883,0,5.63698253035545,2.88055555025736,16.1469175394844,19.1215076446533,0
0,0,25.0731344223022,0,0,0,0,0,0,0,0,0,2.95950245857239,0,0,0,0,0,0,0,0,0,3.15105819702148,0,0,0,0,0,3.44205775107929,0,4.21793746948242,0,0,0,0,0,0,0,3.47587263584137,0,0,0,17.5687801609869,0,0,0,30.8915824890137,0,4.09437716007233,0,0,0,0,0,0,0,6.95173383912732,0,3.14016835139348,0,0,0,0,17.3660600185394,0,3.51346248249675,0,0,0,0,0,0,0,3.19244473980319,0,0,0,0,0,0,0,4.17287474272242,26.4170307636261,0,19.0770707395342,0,14.8183603286743
0,18.8075329173695,0,29.9747362296674,0,43.6181690216064,0,0,0,28.058963394165,0,9.40317879532868,0,0,0,0,78.0686445565059,62.967259014354,41.3597845616548,42.1850929260254,0,0,0,22.0913467407227,0,0,0,16.8556733396318,0,6.84629027648279,0,0,0,0,0,0,0,5.88927067931817,0,48.8049368236376,73.1436331007216,24.9998644772552,67.0968976338704,22.423857195624,0,38.0621328968472,0,0,0,10.8915951210399,0,38.0113983154297,0,0,0,38.5163336859809,65.4770431518555,8.94692020265741,0,36.8307952880859,0,37.021292368571,16.8593274331477,0,0,0,0,0,0,0,7.05650423212245,0,0,83.0455417633057,0,0,0,0,51.5250070413113,90.4546003341675,26.7268821739015,81.535221862793,22.4106861014072,0,18.298842573961,20.3335541772842,61.8287789481027
32.1052578820123,0,28.4136093067673,0,43.3853933811188,0,0,0,40.5405597686768,0,3.9282386302948,0,0,0,0,0,60.3932096208845,80.8422437207452,42.8833033860619,0,4.94699792861938,0,0,0,0,0,0,0,4.21675109863281,0,2.95502324537797,0,0,0,0,0,0,0,3.73850758201198,74.7794075012207,51.9493151299747,68.0386976514544,23.4975547959648,84.7889175415039,0,93.8136520385742,21.4154561118574,67.5287590026855,58.014737670486,60.6059141159058,37.6608219146729,0,0,0,41.0828071594238,0,6.82526441674164,0,35.1875441414969,0,0,0,80.6338272094727,12.8239519413956,0,0,0,0,0,0,0,3.19244473980319,83.0455417633057,0,0,0,0,0,96.3085759480794,52.9032267649239,87.77232615153,20.6591620822748,42.1329067503964,62.5572853088379,24.9202034491781,79.5235233306885,20.7247903621558
0,0,0,0,0,0,0,0,0,0,0,0,0,0,0,0,0,0,0,0,0,0,0,0,0,0,0,0,0,0,0,6.31080488915656,8.36702764458336,16.7558332386705,0,24.370090889764,0,0,0,31.1653604507446,0,0,0,0,0,0,0,10.3512041154323,0,0,0,0,0,0,0,0,0,0,0,0,0,0,0,0,0,0,0,0,0,0,0,0,0,0,0,16.7320963875722,15.0540808074923,0,21.5069877537814,27.9741371154785,0,0,6.68852523219201,0,0,0,0
0,0,0,0,0,0,0,0,0,0,0,0,0,0,0,0,0,0,0,0,0,0,0,0,0,0,0,0,0,0,0,12.3067722955499,4.19103167389833,24.4288101196289,21.0243427840322,0,19.8112797226225,0,0,0,0,0,0,0,0,0,0,10.3346946494894,0,0,0,0,0,0,0,0,0,0,0,0,0,0,0,0,0,0,0,0,0,0,0,0,0,0,16.7320963875722,0,19.7072624842326,23.8268892168999,21.5537467956543,14.8778470928605,0,0,6.05136049785644,0,0,0,0
48.7371959686279,0,0,0,0,0,0,0,0,0,0,0,0,0,0,0,0,0,0,0,0,0,0,0,0,0,0,0,0,0,0,17.1601000027731,8.9428642988205,5.86911195634359,5.09597732760368,32.7644186847466,0,5.59466358210689,31.9068698883057,39.6027565002441,0,0,0,0,0,0,0,8.21387185463642,27.9832821453319,17.1817404883248,0,0,0,0,0,0,0,0,0,0,0,0,0,0,0,0,0,0,0,0,0,0,0,0,15.0540808074923,19.7072624842326,0,8.65089062301206,12.3918387697589,0,8.00116759964398,25.1340426206589,4.84761223078667,0,39.7539794585284,0,0
0,45.0627784729004,0,0,63.213809967041,0,0,0,0,0,0,0,0,0,0,0,0,0,0,0,0,0,0,0,0,0,0,0,0,0,0,0,3.9762125202779,5.74386306947923,4.25873309684983,0,3.5460773507754,31.6743516921997,4.78182371457418,0,0,0,49.4012746810913,0,0,0,0,7.27250788806015,7.79248219331106,26.7377147674561,0,0,0,0,0,0,0,0,0,0,0,0,0,0,0,0,0,0,0,0,0,0,0,0,0,23.8268892168999,8.65089062301206,0,0,5.16986257686401,30.1084264119466,7.31582786454499,4.21080824479144,0,14.3416052055359,0,0
53.5099296569824,49.8889538235135,0,36.8050063678197,0,28.1285752887967,0,0,56.5448520884794,45.0867057213416,0,18.3860403696696,0,0,0,0,76.1076908773846,70.2201909100244,49.337082929874,8.4861095681855,0,0,0,0,0,0,84.0215072631836,0,0,0,0,4.36374158091313,0,3.93351594920229,0,5.20424533921072,4.19809482881687,9.64304612571118,3.18922986984253,13.9089061476927,77.4101226080032,26.502199060444,64.5105550289154,31.0797698974609,0,19.7150374339542,69.7239091055734,7.07505592208311,0,14.2897017268584,0,26.8405872980754,0,0,85.0258026123047,44.7635527111235,96.450808207194,35.0216688795607,0,39.2029983520508,0,40.4770463307699,13.4062759852374,79.8109730311802,0,0,0,0,68.2701644897461,0,51.4358665466309,0,51.5250070413113,96.3085759480794,21.5069877537814,21.5537467956543,12.3918387697589,0,0,86.4819676434552,25.1893719472831,92.4543017432803,43.2075623783636,31.9280265437232,30.4146396821102,33.107227882619,69.445666477598
