0,0,0,0,0,0,0,0,0.151429545748916,0,0,0,0,0,0,0,0.358182710044238,0.335291504859924,0.359723866782116,0,0.409845560789108,0,0,0,0,0,0,0,0,0,0,0,0,0,0,0,0,0,0,0.280618806680044,0.324635922908783,0,0.303720615947476,0,0,0,0.319839805364609,0,0.257004350423813,0,0,0,0,0,0.185457692865063,0,0,0,0,0,0,0,0,0.448557096719742,0,0,0,0,0,0,0,0,0,0,0,0,0,0,0.314047746360302,0.417597575407279,0,0.488002121448517,0.319697405542097,0,0.285557380504531,0,0.3335020840168
0,0,0,0.210410229861736,0,0,0,0,0,0.166863639085066,0,0,0,0,0,0,0,0.261868953704834,0.269898792428355,0,0,0,0,0,0,0,0,0,0,0,0,0,0,0,0,0.318833410739899,0,0.246866561472416,0,0.432781626780828,0,0.351861744787958,0,0,0,0,0,0,0,0.243710296058614,0,0,0,0,0,0.139453819549795,0,0.327607814967632,0,0.212983919342359,0,0.241670947562564,0,0,0,0,0,0,0,0,0,0,0.332180073112249,0,0,0,0,0,0.39398567378521,0,0.422263383865356,0,0.201050927738349,0,0.276830235590874,0,0
0,0,0,0.216485619544983,0.208906009793282,0,0,0,0.0925157352977869,0,0,0,0,0,0,0,0,0.260470181703568,0.231097914278507,0,0.200528874993324,0,0,0,0,0,0,0,0,0,0,0,0,0,0,0,0,0,0,0,0.218780538439751,0.25495009124279,0.244218643754721,0,0,0,0.203880451619625,0,0.13045950639579,0,0,0,0,0,0,0,0.218780133308786,0,0.174135647714138,0,0,0,0,0.213776353746653,0,0,0,0,0,0,0,0,0,0,0,0,0,0,0.196455255150795,0.257194826006889,0,0,0.251574851353379,0,0.199109892945225,0,0.225213684141636
0,0.210410229861736,0.216485619544983,0,0,0.151356675430556,0,0,0,0.19825418399913,0,0,0,0,0,0,0.26264876127243,0,0.273172892968763,0,0,0,0,0,0,0,0,0,0,0,0,0,0,0,0,0.194717198610306,0,0,0,0.203399970099844,0.214155256748199,0.271839016930765,0.280406773090363,0,0,0,0,0.326525837182999,0.241033602505922,0.216592843072456,0,0.214123534449076,0,0,0,0,0.232601806521416,0.237804867460259,0.211205199360847,0.230526537183792,0,0.220337413041946,0.192791819572449,0.20284054428339,0,0,0,0,0,0,0,0,0.268380143924763,0,0,0,0,0,0.25231266207993,0.222199946641922,0.315187513828278,0,0.225619628699156,0.248770825564861,0.228422886252753,0.242209332684676,0
0,0,0.208906009793282,0,0,0,0,0,0.194656158487002,0,0,0,0,0,0,0,0,0,0.240932732820511,0,0.152227163314819,0,0,0,0,0,0,0,0,0,0,0,0,0,0,0,0,0,0,0,0.228876575827599,0,0.249160719605593,0,0,0,0,0,0.211258307099342,0,0.219027898520282,0,0,0,0.149463444948196,0,0.218887361473051,0,0.233844321809317,0,0,0,0,0,0,0,0,0,0,0,0,0,0,0,0,0,0,0,0,0,0,0,0.192421008543398,0.160559847950935,0.228590092979945,0,0
0,0,0,0.151356675430556,0,0,0,0.206003527416558,0,0.176140567835639,0,0,0,0,0,0.236321151256561,0,0,0.213614746928215,0,0,0,0,0,0,0,0,0,0,0,0,0,0,0,0,0.165545681118965,0,0,0,0.188448667526245,0,0.281498000025749,0,0,0,0,0,0.299398183822632,0.218660429120064,0.242813259363174,0,0.206260861025369,0,0.184787072241306,0,0,0,0.229926437139511,0,0.227733856067061,0,0,0,0,0,0,0,0,0,0,0,0,0,0,0,0,0,0,0,0,0,0,0.192464498777869,0.205370237910619,0.188609247619197,0,0
0,0,0,0,0,0,0,0,0,0,0,0,0.136792033910751,0,0,0,0,0,0,0,0,0,0,0,0,0,0,0,0,0,0,0,0,0,0,0,0,0,0,0,0,0,0,0,0,0,0,0,0,0,0,0,0.286081528121775,0,0,0,0,0,0,0,0,0,0,0,0,0,0,0,0,0,0,0,0,0,0,0,0,0,0,0,0,0,0.207616036817912,0,0,0,0
0,0,0,0,0,0.206003527416558,0,0,0,0,0,0,0,0.155168049037457,0,0,0,0,0,0,0,0,0,0,0,0,0,0,0,0,0,0,0,0,0,0,0,0,0,0,0,0,0,0,0,0,0,0,0,0,0,0.220468497524659,0,0.211800629293526,0,0,0,0.228778744737307,0,0.206999276849357,0,0,0,0,0,0,0,0,0,0,0,0,0,0,0,0,0,0,0,0,0,0,0.225909427007039,0.274703115224838,0,0,0
0.151429545748916,0,0.0925157352977869,0,0.194656158487002,0,0,0,0,0,0,0,0,0,0.178595390170813,0,0.171060045060305,0.164358576573432,0.189739365130663,0,0,0,0.169035750343686,0,0.187123736703252,0,0.219347268342972,0,0,0,0,0,0,0,0,0,0,0,0.254779415660434,0,0,0.23092919588089,0.221175128327949,0,0,0,0,0,0.140774735249579,0,0,0,0,0,0.198222760912095,0,0,0,0,0,0,0,0,0,0.168318495154381,0.174008796612422,0,0.183948536176939,0,0.217240924636523,0,0,0,0,0,0,0,0,0.251957394182682,0.276087913662195,0,0.309216991066933,0.173919662541986,0.221551473252475,0.166408112988073,0,0.227400749921799
0,0.166863639085066,0,0.19825418399913,0,0.176140567835639,0,0,0,0,0,0,0,0,0,0.155979506169769,0,0,0.276457654578345,0,0,0,0,0.197551258263134,0,0,0,0,0,0,0,0,0,0,0,0,0,0.261655805264404,0,0,0,0.200021717165198,0,0,0,0,0,0.26788139749657,0,0.225407701451331,0,0,0,0,0,0.214732163069839,0,0,0,0,0,0.177229911088943,0,0,0,0,0.175640321172336,0,0,0,0,0,0,0,0,0,0,0,0.270229637622833,0,0.294866711581679,0,0.171805588074028,0.186308436879986,0.192140560793249,0,0
0,0,0,0,0,0,0,0,0,0,0,0,0.128172020762336,0,0,0,0,0,0,0,0.154077044058153,0,0,0,0,0,0,0,0,0,0,0,0,0,0,0,0.125072827909963,0,0.202676703115893,0,0,0,0,0,0,0,0,0,0,0,0,0,0,0,0,0,0.182507641262409,0,0.142096493393183,0,0,0,0,0.204715154525163,0,0,0,0,0,0,0,0,0,0.357327125966549,0,0,0,0,0,0,0,0.187704347744937,0.160802372545004,0,0.263720555738969,0,0
0,0,0,0,0,0,0,0,0,0,0,0,0,0.16703312844038,0,0,0,0,0,0.142759533241171,0,0,0,0,0,0,0,0.126969823820723,0,0.142912151221233,0,0,0,0,0,0.144459515810013,0,0.130706407644307,0,0,0,0,0,0,0,0,0,0,0,0,0,0.198008330030875,0,0.123164869844913,0,0,0,0.211335223030629,0,0.156457015404514,0,0,0.154302380979061,0,0,0,0,0,0,0,0,0,0.235956766913014,0,0,0,0,0,0,0,0.125392215326428,0,0.145096162616303,0,0.129898989573121,0,0
0,0,0,0,0,0,0.136792033910751,0,0,0,0.128172020762336,0,0,0,0.233178001151166,0,0.162928700447083,0,0,0,0,0,0,0,0,0,0.199016679078341,0,0.174604088068008,0,0,0,0,0,0,0,0,0,0,0,0,0,0,0,0,0,0,0,0,0,0,0,0,0,0,0,0.13020080734383,0,0.192691368838915,0,0,0,0,0,0,0,0,0,0,0,0,0.20112047046423,0,0,0,0,0,0,0,0,0,0,0.186313504353166,0,0,0,0
0,0,0,0,0,0,0,0.155168049037457,0,0,0,0.16703312844038,0,0,0,0,0,0,0,0,0,0,0,0,0,0,0,0,0,0,0,0,0,0,0,0,0,0,0,0,0,0,0,0,0,0,0,0,0,0,0,0,0,0,0,0,0,0,0,0.138902176125832,0,0,0,0,0,0,0,0,0,0,0,0,0,0,0,0,0,0,0,0,0,0,0.138490291278471,0.17812510118598,0,0,0
0,0,0,0,0,0,0,0,0.178595390170813,0,0,0,0.233178001151166,0,0,0,0.14738370764714,0.157468887045979,0.19179146654076,0,0,0,0.164846440022056,0,0.196684235563645,0,0.19396106635823,0,0.206261858344078,0,0,0,0,0,0,0,0,0,0,0,0,0,0,0,0,0,0,0,0,0,0,0,0,0,0,0,0,0,0.18327685908328,0,0.141568168997765,0,0,0,0,0.157030139650617,0,0.195109747350216,0,0.219963256269693,0,0.2070350333264,0,0,0,0,0,0,0.285579800605774,0,0,0,0.146632515897988,0,0,0,0
0,0,0,0,0,0.236321151256561,0,0,0,0.155979506169769,0,0,0,0,0,0,0.161046653985977,0.161280335450815,0.187972001731396,0,0,0,0,0,0,0,0.16405214369297,0,0,0,0,0,0,0,0,0,0,0,0,0,0,0,0,0,0,0,0,0,0,0,0,0,0,0,0,0.150870062527247,0,0,0,0.23241014033556,0,0.159582050058744,0,0,0,0,0,0,0,0,0,0,0,0,0,0,0,0,0,0,0,0,0.160448327795413,0.137235716295739,0,0,0
0.358182710044238,0,0,0.26264876127243,0,0,0,0,0.171060045060305,0,0,0,0.162928700447083,0,0.14738370764714,0.161046653985977,0,0.185860963013467,0.308341149892064,0,0,0.166833029398995,0.1642340300879,0,0.181050413821498,0,0.119215540310615,0,0.138547668656842,0,0,0,0,0,0,0.296103179454803,0.323479406535625,0,0,0.280201636395364,0.351514321385008,0.292179269343615,0.265906454278873,0,0,0,0.295865236869398,0,0.263634845614433,0.268099457025528,0,0,0,0,0.16257136151558,0,0.26661707673754,0.305769816040993,0,0,0.141869543628259,0,0.299463411172231,0.349172921478748,0,0.167822546903452,0,0.19372937977314,0,0.136829582028115,0,0.136885383917439,0.304509272178014,0.299549251794815,0,0,0,0,0.304943710565567,0.364411137998104,0.342429995536804,0.367090452048514,0.221650531376786,0.123725021257997,0.343272274795167,0,0.272335471004568
0.335291504859924,0.261868953704834,0.260470181703568,0,0,0,0,0,0.164358576573432,0,0,0,0,0,0.157468887045979,0.161280335450815,0.185860963013467,0,0.299611801336855,0,0,0.166903042179697,0.157023839935472,0.142797864973545,0.165948507086984,0.159884702615322,0.158357940222088,0.217481274444323,0.137902602553368,0,0,0,0,0,0,0.312546454370022,0.332497298717499,0,0,0.294562461643906,0.314736440777779,0.296114584124541,0.24883071002033,0.307672917842865,0.237846508622169,0,0.28799793259664,0,0,0.292026907205582,0,0,0,0,0.172658607363701,0,0.266428443292777,0.304294750094414,0.276672512292862,0,0,0.177835017442703,0.307639265761656,0.321920759355028,0.164540032545725,0.155168890287834,0.19965508133173,0.173441119016485,0.163597000969781,0.167272950764056,0,0,0.314828287810087,0,0,0,0,0,0.324998217176146,0.342499613557776,0.356245809793472,0.381681275367737,0.180531570828013,0.16888685549544,0.315761676330945,0.25802518427372,0.264605377526844
0.359723866782116,0.269898792428355,0.231097914278507,0.273172892968763,0.240932732820511,0.213614746928215,0,0,0.189739365130663,0.276457654578345,0,0,0,0,0.19179146654076,0.187972001731396,0.308341149892064,0.299611801336855,0,0,0.352839663624763,0.187294207513332,0.205675316781833,0,0.208832431298036,0,0.199274018406868,0,0,0,0,0,0,0,0,0.360259598364001,0.355690969526768,0,0,0.314029338230958,0.37353804372251,0.283907154741728,0.217648850632756,0.239475770294666,0.20503340040644,0.334492239687178,0.301186511370371,0.34820345044136,0.259381765127182,0.331369936466217,0,0,0,0,0.219408221542835,0.265122979879379,0.295870827976614,0.372575036980995,0.298080176115036,0,0,0.314278185367584,0.318297677368761,0.38189640155305,0.170924618840218,0.212611534943183,0,0.225512048777412,0,0.192233465611935,0,0,0.383896626226225,0,0,0,0,0,0.359500359972243,0.380372741707666,0.456688617506335,0.393283727433946,0.249840574396862,0,0.382148871982813,0.220252675029029,0.235578564550592
0,0,0,0,0,0,0,0,0,0,0,0.142759533241171,0,0,0,0,0,0,0,0,0,0,0,0,0,0,0,0,0,0,0,0,0,0,0,0.168619904984435,0,0.124418991526552,0,0,0,0.284726530313492,0,0,0,0,0,0,0,0,0,0,0,0,0,0,0,0.136337596923113,0,0,0,0,0.163501891308585,0,0,0,0,0,0,0,0,0,0,0,0,0,0,0,0.217553673969472,0,0,0,0.174973154974145,0,0.215823322972831,0,0
0.409845560789108,0,0.200528874993324,0,0.152227163314819,0,0,0,0,0,0.154077044058153,0,0,0,0,0,0,0,0.352839663624763,0,0,0,0,0,0,0,0,0,0,0,0,0,0,0,0,0,0.172629993009999,0,0.245997559279203,0,0.242748863995075,0,0.273640424013138,0,0,0,0,0,0.321893125772476,0,0.229353148686258,0,0,0,0,0,0.203114967428002,0,0,0,0,0,0,0.232678312430233,0,0,0,0,0,0,0,0,0,0.307449609041214,0,0,0,0,0.286223083734512,0.201977221844776,0,0.269706310331821,0.178197667616043,0,0.250468406826258,0,0.373483315110207
0,0,0,0,0,0,0,0,0,0,0,0,0,0,0,0,0.166833029398995,0.166903042179697,0.187294207513332,0,0,0,0.125978695364987,0.151594774289565,0.130530282855034,0.1644204415572,0,0.137287419821535,0,0,0,0,0,0,0,0,0,0.206341071962314,0.177944348408626,0,0,0,0,0,0,0,0.256568044424057,0,0,0.171557606756687,0,0,0,0,0,0,0,0,0,0,0,0,0,0,0.205596248996294,0.151973994572957,0.182857789735242,0.193364664912224,0.308362090666043,0,0.343818942437301,0,0,0,0,0,0,0,0,0,0.217170151147164,0,0.148334979666052,0.142754667111345,0,0,0
0,0,0,0,0,0,0,0,0.169035750343686,0,0,0,0,0,0.164846440022056,0,0.1642340300879,0.157023839935472,0.205675316781833,0,0,0.125978695364987,0,0,0.152347879040809,0,0.152224267954412,0,0,0,0,0,0,0,0,0,0,0.189450734191471,0.155860427931562,0.300596088171005,0,0,0,0,0,0,0,0,0.211825135350227,0,0,0,0,0,0,0,0,0,0,0,0,0,0,0,0,0.166036751663565,0,0.195236759085674,0,0.187244106935603,0,0.198816954276778,0,0,0,0,0,0,0,0,0,0.180694836714575,0.147691310111558,0.102250291328681,0,0,0
0,0,0,0,0,0,0,0,0,0.197551258263134,0,0,0,0,0,0,0,0.142797864973545,0,0,0,0.151594774289565,0,0,0,0.171819385279108,0,0.157165318727493,0,0,0,0,0,0,0,0,0,0.186072845479724,0,0,0,0.155209138989449,0,0,0,0,0,0.321254625916481,0,0.1349114196337,0,0,0,0,0,0.149086147439566,0,0,0,0,0,0,0,0,0.183831877385577,0,0.16250759098504,0,0.26875193392154,0,0.32558935135603,0,0,0,0,0,0,0,0,0,0.250559347489524,0,0.16035731475064,0.210233874619007,0.195236272000252,0,0
0,0,0,0,0,0,0,0,0.187123736703252,0,0,0,0,0,0.196684235563645,0,0.181050413821498,0.165948507086984,0.208832431298036,0,0,0.130530282855034,0.152347879040809,0,0,0,0.221858015163616,0,0,0,0,0,0,0,0,0,0,0,0.17794255098259,0,0,0,0.267429749998781,0,0,0,0,0,0.176988781895489,0,0,0,0,0,0.326795433461666,0,0,0,0,0,0.204348271091779,0,0,0,0,0.164738230407238,0,0.202417867392609,0,0.236052624881268,0,0.249491511022343,0,0,0,0,0,0,0,0.260084569454193,0,0.123878670024111,0.185223836653916,0,0.198922035262341,0,0
0,0,0,0,0,0,0,0,0,0,0,0,0,0,0,0,0,0.159884702615322,0,0,0,0.1644204415572,0,0.171819385279108,0,0,0,0,0,0,0,0,0,0,0,0,0,0,0,0,0,0,0,0,0,0,0,0,0,0,0,0,0,0,0,0,0,0,0,0,0,0,0,0,0.154526741488984,0,0.149076583130019,0,0.250321456364223,0,0,0,0,0,0,0,0,0,0,0,0,0,0.182792536914349,0.176513090729713,0,0,0
0,0,0,0,0,0,0,0,0.219347268342972,0,0,0,0.199016679078341,0,0.19396106635823,0.16405214369297,0.119215540310615,0.158357940222088,0.199274018406868,0,0,0,0.152224267954412,0,0.221858015163616,0,0,0,0.149202779569524,0,0,0,0,0,0,0,0,0,0,0,0,0,0,0,0,0,0,0,0,0,0,0,0,0,0,0,0,0,0,0,0.259612090493503,0,0,0,0,0.140262652370261,0,0.211876542419195,0,0.21363165275645,0,0.181983760661549,0,0,0,0,0,0,0,0,0,0,0.147092459747544,0,0,0,0
0,0,0,0,0,0,0,0,0,0,0,0.126969823820723,0,0,0,0,0,0.217481274444323,0,0,0,0.137287419821535,0,0.157165318727493,0,0,0,0,0,0.152783089627822,0,0,0,0,0,0,0,0.164796829223633,0,0,0,0,0,0,0,0,0,0,0,0.144784890115261,0,0,0,0,0,0,0,0,0,0.15403805234853,0,0,0,0,0.108737247862986,0,0,0,0.186399548787337,0,0.156759322750606,0,0,0,0,0,0,0,0,0,0,0,0.191838696599007,0,0,0,0
0,0,0,0,0,0,0,0,0,0,0,0,0.174604088068008,0,0.206261858344078,0,0.138547668656842,0.137902602553368,0,0,0,0,0,0,0,0,0.149202779569524,0,0,0,0.139528245416306,0,0,0,0,0,0,0,0.132329969721682,0,0,0,0,0,0,0,0,0,0,0,0,0,0,0,0,0,0,0,0.192977303266525,0,0,0,0,0,0,0,0,0,0,0.24035104115804,0,0.190070768655504,0,0.149116764263231,0,0,0,0,0,0,0,0.156330896436044,0.121503457225658,0,0,0,0
0,0,0,0,0,0,0,0,0,0,0,0.142912151221233,0,0,0,0,0,0,0,0,0,0,0,0,0,0,0,0.152783089627822,0,0,0,0,0,0,0,0,0,0.15325524831059,0,0,0,0,0,0,0,0,0,0,0,0,0,0,0,0,0,0,0,0.165418255532628,0,0,0,0,0,0,0,0,0,0,0,0,0.178900220719251,0,0.206717230849438,0,0,0,0,0,0,0,0.164517344596485,0,0,0,0,0,0
0,0,0,0,0,0,0,0,0,0,0,0,0,0,0,0,0,0,0,0,0,0,0,0,0,0,0,0,0.139528245416306,0,0,0,0,0,0,0,0,0,0.152812192411353,0,0,0,0,0,0,0,0,0,0,0,0,0,0,0,0,0,0.384267296642065,0,0,0,0,0,0,0,0,0,0,0,0,0,0,0,0,0.144726581326345,0,0,0,0,0,0,0,0.143059777045572,0,0,0,0,0
0,0,0,0,0,0,0,0,0,0,0,0,0,0,0,0,0,0,0,0,0,0,0,0,0,0,0,0,0,0,0,0,0.193379663400613,0.320669152415716,0.206345152396422,0.194042094075718,0.182061778381467,0,0,0,0,0,0,0,0,0,0,0.419219839623858,0.523305118083954,0.524117651310834,0,0,0,0,0,0,0,0,0,0,0,0,0,0,0,0,0,0,0,0,0,0,0,0,0.249303504600858,0.180464250826134,0.30486896492186,0.148616567254066,0.320440739604138,0.183122597070354,0,0,0.19403767882541,0,0,0,0
0,0,0,0,0,0,0,0,0,0,0,0,0,0,0,0,0,0,0,0,0,0,0,0,0,0,0,0,0,0,0,0.193379663400613,0,0.190147761787687,0.190347721179326,0.171966957549254,0.162196297564956,0,0,0,0,0,0,0,0,0,0,0.320891894978015,0,0,0,0,0,0,0,0,0,0,0,0,0,0,0,0,0,0,0,0,0,0,0,0,0,0,0.199363063679569,0.203567334113889,0,0.160210028290749,0.174748266115785,0.297580829346684,0,0,0.221424540335482,0,0,0,0
0,0,0,0,0,0,0,0,0,0,0,0,0,0,0,0,0,0,0,0,0,0,0,0,0,0,0,0,0,0,0,0.320669152415716,0.190147761787687,0,0.173953696899581,0.157174327050118,0,0.243738379566682,0,0,0,0,0,0,0,0,0,0.250722862675577,0,0.421795550792936,0,0,0,0,0,0,0,0,0,0,0,0,0,0,0,0,0,0,0,0,0,0,0,0,0.284536214647712,0,0.234133304481342,0.17686617720791,0.348376583696033,0,0.375746318726403,0.181125827671326,0.219455170425875,0,0,0,0
0,0,0,0,0,0,0,0,0,0,0,0,0,0,0,0,0,0,0,0,0,0,0,0,0,0,0,0,0,0,0,0.206345152396422,0.190347721179326,0.173953696899581,0,0,0.160262521029284,0.140504762530327,0.177628696130382,0,0,0,0.369568228721619,0,0,0,0,0.273257696696705,0,0,0,0,0,0,0,0,0,0,0,0,0,0,0,0,0,0,0,0,0,0,0,0,0,0,0,0.201531114748546,0.184188941020077,0.228668278745424,0,0.170337164295571,0,0.215799884154246,0.185375837250526,0,0.308388292789459,0,0
0,0.318833410739899,0,0.194717198610306,0,0.165545681118965,0,0,0,0,0,0.144459515810013,0,0,0,0,0.296103179454803,0.312546454370022,0.360259598364001,0.168619904984435,0,0,0,0,0,0,0,0,0,0,0,0.194042094075718,0.171966957549254,0.157174327050118,0,0,0.148126735065147,0.146942243044363,0,0.310653179883957,0.31884029507637,0.279161969243094,0.280272612969081,0,0.293446153402328,0.246939998804307,0,0.379235943506478,0,0.289604395627975,0,0,0,0,0,0,0,0.132407104969025,0,0,0,0,0.171911099626694,0,0,0,0,0,0,0,0,0,0.304599404335022,0,0.212962564434824,0.168022946587631,0.179830151791932,0,0.225944714262316,0.160878869484326,0.163611477109358,0,0.161975466745197,0.186319637112319,0.224268220050234,0.28067010641098,0.277440249919891
0,0,0,0,0,0,0,0,0,0,0.125072827909963,0,0,0,0,0,0.323479406535625,0.332497298717499,0.355690969526768,0,0.172629993009999,0,0,0,0,0,0,0,0,0,0,0.182061778381467,0.162196297564956,0,0.160262521029284,0.148126735065147,0,0,0.179756446636344,0,0.265923425555229,0,0.304218681235062,0,0.342152744531631,0,0,0.422729987204075,0,0,0,0,0,0,0,0,0.163072362103883,0,0,0,0,0,0,0.187525044679642,0,0,0,0,0,0,0,0,0,0,0.202571403980255,0.166479608029514,0,0.178145008242649,0.168069996495745,0.21906277992008,0,0.1785678729091,0.16731014334894,0.178017266839743,0.222214062626545,0,0.31249013543129
0,0.246866561472416,0,0,0,0,0,0,0,0.261655805264404,0,0.130706407644307,0,0,0,0,0,0,0,0.124418991526552,0,0.206341071962314,0.189450734191471,0.186072845479724,0,0,0,0.164796829223633,0,0.15325524831059,0,0,0,0.243738379566682,0.140504762530327,0.146942243044363,0,0,0.149889724996855,0.237480819225311,0,0.20745441565911,0,0,0,0.272108553184403,0,0.393112099226465,0,0.389429592468834,0,0,0,0,0,0.236751252308834,0,0.129475465963913,0,0,0,0,0.189638273092833,0,0.25202498493694,0.191442278816419,0.242040688304472,0,0,0,0,0,0.146758226837431,0,0,0,0.204421931367503,0.143250495195389,0.19756040592093,0,0.255849207981144,0.167254982975906,0.180000157633497,0.233918057547675,0.351499653110902,0,0
0,0,0,0,0,0,0,0,0.254779415660434,0,0.202676703115893,0,0,0,0,0,0,0,0,0,0.245997559279203,0.177944348408626,0.155860427931562,0,0.17794255098259,0,0,0,0.132329969721682,0,0.152812192411353,0,0,0,0.177628696130382,0,0.179756446636344,0.149889724996855,0,0,0,0,0.336434297101888,0,0,0,0,0.446641443669796,0.309038798138499,0,0,0,0,0,0.298360631000906,0,0.297120573552879,0,0,0,0,0,0,0.243362508714199,0,0.157903128791423,0,0.234986238181591,0,0,0,0.201577594876289,0,0.171086008256336,0,0,0,0.180278809017121,0,0.237665886177838,0.19456672295928,0.221440659712372,0.259035862641811,0.14974178060105,0.396107688029004,0,0
0.280618806680044,0.432781626780828,0,0.203399970099844,0,0.188448667526245,0,0,0,0,0,0,0,0,0,0,0.280201636395364,0.294562461643906,0.314029338230958,0,0,0,0.300596088171005,0,0,0,0,0,0,0,0,0,0,0,0,0.310653179883957,0,0.237480819225311,0,0,0.310430733220918,0.293289494790982,0.25351172255782,0.304136139154434,0,0.373925268650055,0.303973343637254,0.375221355295763,0.465366233478893,0.248574022346542,0,0,0,0,0,0,0,0.300832623785192,0,0,0,0,0.269134283571873,0.273623886704445,0,0,0,0,0,0,0,0,0.330938463027661,0,0.381299316883087,0,0,0,0.276196781675614,0.335084439703712,0.337601846456528,0.234435364603996,0.283726488317393,0,0.257769844274456,0.256046885997057,0.273002786561847
0.324635922908783,0,0.218780538439751,0.214155256748199,0.228876575827599,0,0,0,0,0,0,0,0,0,0,0,0.351514321385008,0.314736440777779,0.37353804372251,0,0.242748863995075,0,0,0,0,0,0,0,0,0,0,0,0,0,0,0.31884029507637,0.265923425555229,0,0,0.310430733220918,0,0.290944308042526,0.281870908834742,0,0.33126255273819,0,0.316460055497167,0.561921296158017,0.395498869577604,0.28396244938592,0.232177034020424,0,0,0,0,0,0.24322820729331,0,0.229593304296335,0,0,0,0.345699310302734,0.274624454655818,0,0,0,0,0,0,0,0,0,0.250444702230967,0,0.559447663170951,0,0,0.338982120156288,0.28830874588888,0,0.241918531379529,0.344470060395974,0,0.291835137902934,0,0.423596573993564
0,0.351861744787958,0.25495009124279,0.271839016930765,0,0.281498000025749,0,0,0.23092919588089,0.200021717165198,0,0,0,0,0,0,0.292179269343615,0.296114584124541,0.283907154741728,0.284726530313492,0,0,0,0.155209138989449,0,0,0,0,0,0,0,0,0,0,0,0.279161969243094,0,0.20745441565911,0,0.293289494790982,0.290944308042526,0,0.249248750862621,0.149561524391174,0.256640449166298,0.306017149984837,0.256874889135361,0.38780143828068,0.400381164891379,0.331702867343271,0,0,0,0,0,0.167824711285385,0,0.302547680015365,0,0.261811685127517,0,0,0.332278119779679,0.313566520810127,0,0,0.215409781535466,0,0,0,0,0,0.294756917392506,0,0,0,0,0,0.310296667253766,0.309821712474028,0.331912508855263,0,0.280270044096936,0.29194447603719,0.313598468371848,0.282145049793743,0.327568784356117
0.303720615947476,0,0.244218643754721,0.280406773090363,0.249160719605593,0,0,0,0.221175128327949,0,0,0,0,0,0,0,0.265906454278873,0.24883071002033,0.217648850632756,0,0.273640424013138,0,0,0,0.267429749998781,0,0,0,0,0,0,0,0,0,0.369568228721619,0.280272612969081,0.304218681235062,0,0.336434297101888,0.25351172255782,0.281870908834742,0.249248750862621,0,0,0.221002212878483,0,0.267836464733324,0.526060113262256,0.409187049156538,0.366888414363603,0.240316592156887,0,0,0,0.246347010313045,0,0.330044243021144,0.288414426147938,0.266210394523899,0,0,0,0.284925510485967,0.301448118271707,0,0,0,0.232785284519196,0,0,0,0,0.277127486467361,0.332873656668446,0,0,0,0,0.282439108428202,0.315661077393099,0.333382964134216,0.418055457147685,0.389163496634089,0.346461239416583,0.309844800126135,0.211162614325682,0.215083765294396
0,0,0,0,0,0,0,0,0,0,0,0,0,0,0,0,0,0.307672917842865,0.239475770294666,0,0,0,0,0,0,0,0,0,0,0,0,0,0,0,0,0,0,0,0,0.304136139154434,0,0.149561524391174,0,0,0,0,0,0,0,0,0,0,0,0,0,0,0,0,0,0,0,0,0.39241860806942,0,0,0,0,0,0,0,0,0,0,0,0,0,0,0,0.345350596308708,0,0,0,0.200570046901703,0,0.175344253579775,0,0
0,0,0,0,0,0,0,0,0,0,0,0,0,0,0,0,0,0.237846508622169,0.20503340040644,0,0,0,0,0,0,0,0,0,0,0,0,0,0,0,0,0.293446153402328,0.342152744531631,0,0,0,0.33126255273819,0.256640449166298,0.221002212878483,0,0,0,0.253661043196917,0,0.263634741306305,0,0.235086873173714,0,0,0,0,0,0.266782611608505,0,0,0,0,0,0.339030385017395,0,0,0,0,0,0,0,0,0,0,0,0,0,0,0,0.300548290212949,0.370489210188389,0,0,0.203897035070534,0,0.26243242585659,0,0.249304938316345
0,0,0,0,0,0,0,0,0,0,0,0,0,0,0,0,0,0,0.334492239687178,0,0,0,0,0,0,0,0,0,0,0,0,0,0,0,0,0.246939998804307,0,0.272108553184403,0,0.373925268650055,0,0.306017149984837,0,0,0,0,0,0,0,0.307477118571599,0,0,0,0,0,0,0,0.283748701557346,0,0,0,0,0.271648253421848,0,0,0,0,0,0,0,0,0,0.325284576213966,0,0,0,0,0,0.278676854656949,0,0.342856397100708,0,0.302684098482132,0,0.296236055776154,0,0
0.319839805364609,0,0.203880451619625,0,0,0,0,0,0,0,0,0,0,0,0,0,0.295865236869398,0.28799793259664,0.301186511370371,0,0,0.256568044424057,0,0,0,0,0,0,0,0,0,0,0,0,0,0,0,0,0,0.303973343637254,0.316460055497167,0.256874889135361,0.267836464733324,0,0.253661043196917,0,0,0,0,0.342959195375443,0.251047074794769,0,0,0,0,0,0.305906072258949,0.304891318082809,0.22776510939002,0,0,0,0.320010860761007,0.351733396163112,0,0,0,0,0,0,0,0,0,0,0,0,0,0,0.307915764302015,0.360192110742393,0,0.434869011243184,0.252193200969841,0,0.332977696412649,0,0.253600978038528
0,0,0,0.326525837182999,0,0.299398183822632,0,0,0,0.26788139749657,0,0,0,0,0,0,0,0,0.34820345044136,0,0,0,0,0.321254625916481,0,0,0,0,0,0,0,0.419219839623858,0.320891894978015,0.250722862675577,0.273257696696705,0.379235943506478,0.422729987204075,0.393112099226465,0.446641443669796,0.375221355295763,0.561921296158017,0.38780143828068,0.526060113262256,0,0,0,0,0,0.543111937673263,0.448970805689928,0,0,0,0,0,0.269654356771045,0,0,0,0,0,0,0.274033308029175,0,0,0,0.29787410562858,0,0,0,0,0,0,0,0.450486224739645,0.434663248574265,0.387272812047247,0.280436287076125,0.396714819985416,0.458318665447981,0.456343295136216,0.389191328363347,0.537941298644637,0.454370439052582,0.414454535260396,0,0
0.257004350423813,0,0.13045950639579,0.241033602505922,0.211258307099342,0.218660429120064,0,0,0.140774735249579,0,0,0,0,0,0,0,0.263634845614433,0,0.259381765127182,0,0.321893125772476,0,0.211825135350227,0,0.176988781895489,0,0,0,0,0,0,0.523305118083954,0,0,0,0,0,0,0.309038798138499,0.465366233478893,0.395498869577604,0.400381164891379,0.409187049156538,0,0.263634741306305,0,0,0.543111937673263,0,0.370043314447674,0,0,0,0,0.277418375015259,0,0.222069767614206,0,0.248538700096747,0,0,0,0,0.379987959067027,0,0.266173699314053,0,0.252678060073119,0,0.278485787954441,0,0.276015939463708,0,0.249766680598259,0,0.59521675493036,0,0.311168640851974,0,0.392844125933055,0,0.335304438451644,0.473523476151808,0.24918465813001,0.337692941751506,0,0.26894474029541
0,0.243710296058614,0,0.216592843072456,0,0.242813259363174,0,0,0,0.225407701451331,0,0,0,0,0,0,0.268099457025528,0.292026907205582,0.331369936466217,0,0,0.171557606756687,0,0.1349114196337,0,0,0,0.144784890115261,0,0,0,0.524117651310834,0,0.421795550792936,0,0.289604395627975,0,0.389429592468834,0,0.248574022346542,0.28396244938592,0.331702867343271,0.366888414363603,0,0,0.307477118571599,0.342959195375443,0.448970805689928,0.370043314447674,0,0,0,0,0,0,0.222199097275734,0,0.354781469357186,0,0.276112802681469,0,0.329397969547359,0.31915205988017,0,0.250241954663866,0,0.406671248376369,0,0.396606834751836,0,0.365522700781916,0,0.312884771893191,0,0.456817512328808,0,0.390262029000691,0,0.313517403235234,0,0.313356985891616,0,0.320068534602475,0.25067209204038,0.324231358809519,0.289688941836357,0
0,0,0,0,0.219027898520282,0,0,0,0,0,0,0,0,0,0,0,0,0,0,0,0.229353148686258,0,0,0,0,0,0,0,0,0,0,0,0,0,0,0,0,0,0,0,0.232177034020424,0,0.240316592156887,0,0.235086873173714,0,0.251047074794769,0,0,0,0,0,0,0,0,0,0.21009498925985,0,0.232587874991687,0,0,0,0,0.260730117559433,0,0,0,0,0,0,0,0,0,0,0,0,0,0,0,0,0,0,0.201774315457824,0,0.214215978980064,0,0
0,0,0,0.214123534449076,0,0.206260861025369,0,0.220468497524659,0,0,0,0.198008330030875,0,0,0,0,0,0,0,0,0,0,0,0,0,0,0,0,0,0,0,0,0,0,0,0,0,0,0,0,0,0,0,0,0,0,0,0,0,0,0,0,0,0.217529919954038,0,0,0,0.206582545172795,0,0.226609213575721,0,0.200768515467644,0,0,0,0,0,0,0,0,0,0,0,0,0,0,0,0,0,0,0,0,0.194504805344653,0,0.235280716105511,0,0
0,0,0,0,0,0,0.286081528121775,0,0,0,0,0,0,0,0,0,0,0,0,0,0,0,0,0,0,0,0,0,0,0,0,0,0,0,0,0,0,0,0,0,0,0,0,0,0,0,0,0,0,0,0,0,0,0,0,0,0.232675893139687,0,0,0,0,0,0,0,0,0,0,0,0,0,0,0,0,0,0,0,0,0,0,0,0,0,0.224844006697337,0,0,0,0
0,0,0,0,0,0.184787072241306,0,0.211800629293526,0,0,0,0.123164869844913,0,0,0,0,0,0,0,0,0,0,0,0,0,0,0,0,0,0,0,0,0,0,0,0,0,0,0,0,0,0,0,0,0,0,0,0,0,0,0,0.217529919954038,0,0,0,0,0,0.228273361291684,0,0.218612803036676,0,0,0,0,0,0,0,0,0,0,0,0,0,0,0,0,0,0,0,0,0,0,0.212825864553452,0,0,0,0
0.185457692865063,0,0,0,0.149463444948196,0,0,0,0.198222760912095,0,0,0,0,0,0,0,0.16257136151558,0.172658607363701,0.219408221542835,0,0,0,0,0,0.326795433461666,0,0,0,0,0,0,0,0,0,0,0,0,0,0.298360631000906,0,0,0,0.246347010313045,0,0,0,0,0,0.277418375015259,0,0,0,0,0,0,0,0,0,0,0,0.244828980167707,0,0,0,0,0.182117223739624,0,0.34840825558605,0,0,0,0,0,0,0,0,0,0,0,0,0,0.276734285925588,0.242820580348824,0,0.21806130691647,0,0
0,0.139453819549795,0,0,0,0,0,0,0,0.214732163069839,0,0,0,0,0,0.150870062527247,0,0,0.265122979879379,0,0,0,0,0.149086147439566,0,0,0,0,0,0,0,0,0,0,0,0,0,0.236751252308834,0,0,0,0.167824711285385,0,0,0,0,0,0.269654356771045,0,0.222199097275734,0,0,0,0,0,0,0,0,0,0,0,0.183529914934424,0,0,0,0,0.167727821262983,0,0,0,0,0,0,0,0,0,0,0,0,0,0.343539307935763,0,0.20895078798963,0,0.159277573832727,0,0
0,0,0.218780133308786,0.232601806521416,0.218887361473051,0,0,0,0,0,0.182507641262409,0,0.13020080734383,0,0,0,0.26661707673754,0.266428443292777,0.295870827976614,0,0.203114967428002,0,0,0,0,0,0,0,0,0,0.384267296642065,0,0,0,0,0,0.163072362103883,0,0.297120573552879,0,0.24322820729331,0,0.330044243021144,0,0.266782611608505,0,0.305906072258949,0,0.222069767614206,0,0.21009498925985,0,0.232675893139687,0,0,0,0,0.29958963394165,0.238956435862929,0,0.206924604872862,0,0,0.271338093187788,0,0,0,0.244750738143921,0,0,0,0,0,0.397760710217685,0,0,0,0,0.278702974319458,0.283332763837895,0,0.353365415998545,0.224170060403928,0,0.31996329149077,0,0.32067584621269
0,0.327607814967632,0,0.237804867460259,0,0.229926437139511,0,0.228778744737307,0,0,0,0.211335223030629,0,0,0,0,0.305769816040993,0.304294750094414,0.372575036980995,0.136337596923113,0,0,0,0,0,0,0,0,0,0.165418255532628,0,0,0,0,0,0.132407104969025,0,0.129475465963913,0,0.300832623785192,0,0.302547680015365,0.288414426147938,0,0,0.283748701557346,0.304891318082809,0,0,0.354781469357186,0,0.206582545172795,0,0.228273361291684,0,0,0.29958963394165,0,0,0.223020173254467,0,0.421361050009727,0.265146097155655,0,0,0,0,0,0,0,0,0,0.249737576785869,0,0,0,0,0,0.323184738866985,0,0.27341890445462,0.318939238786697,0.269760603416864,0.32704355319341,0.309011329912533,0.325729740293402,0
0,0,0.174135647714138,0.211205199360847,0.233844321809317,0,0,0,0,0,0.142096493393183,0,0.192691368838915,0,0.18327685908328,0,0,0.276672512292862,0.298080176115036,0,0,0,0,0,0,0,0,0,0.192977303266525,0,0,0,0,0,0,0,0,0,0,0,0.229593304296335,0,0.266210394523899,0,0,0,0.22776510939002,0,0.248538700096747,0,0.232587874991687,0,0,0,0,0,0.238956435862929,0,0,0,0.201897223080908,0,0,0.25693342089653,0,0,0,0,0,0,0,0.230308365348583,0,0,0,0,0,0,0.258814685046673,0.262351900339127,0,0,0.223827967899186,0,0.250686611748975,0,0.297294461301395
0,0.212983919342359,0,0.230526537183792,0,0.227733856067061,0,0.206999276849357,0,0,0,0.156457015404514,0,0.138902176125832,0,0.23241014033556,0,0,0,0,0,0,0,0,0,0,0,0.15403805234853,0,0,0,0,0,0,0,0,0,0,0,0,0,0.261811685127517,0,0,0,0,0,0,0,0.276112802681469,0,0.226609213575721,0,0.218612803036676,0,0,0,0.223020173254467,0,0,0,0.231088930387902,0,0,0,0,0,0,0,0,0,0,0.236151844263077,0,0,0,0,0,0,0,0,0,0.118658396330747,0,0.221252074465156,0,0
0,0,0,0,0,0,0,0,0,0,0,0,0,0,0.141568168997765,0,0.141869543628259,0,0,0,0,0,0,0,0.204348271091779,0,0.259612090493503,0,0,0,0,0,0,0,0,0,0,0,0,0,0,0,0,0,0,0,0,0,0,0,0,0,0,0,0.244828980167707,0,0.206924604872862,0,0.201897223080908,0,0,0,0,0,0,0,0,0,0,0,0,0.203855479756991,0,0,0,0,0,0,0,0,0,0,0.187802428007126,0,0,0,0
0,0.241670947562564,0,0.220337413041946,0,0,0,0,0,0.177229911088943,0,0,0,0,0,0.159582050058744,0,0.177835017442703,0.314278185367584,0,0,0,0,0,0,0,0,0,0,0,0,0,0,0,0,0,0,0,0,0,0,0,0,0,0,0,0,0,0,0.329397969547359,0,0.200768515467644,0,0,0,0.183529914934424,0,0.421361050009727,0,0.231088930387902,0,0,0,0,0,0,0,0,0.253382139698123,0,0,0,0,0,0,0,0,0,0.315346360206604,0,0,0,0.143695525147698,0.12610425055027,0.291478287428617,0,0
0,0,0,0.192791819572449,0,0,0,0,0,0,0,0.154302380979061,0,0,0,0,0.299463411172231,0.307639265761656,0.318297677368761,0.163501891308585,0,0,0,0,0,0,0,0,0,0,0,0,0,0,0,0.171911099626694,0,0.189638273092833,0,0.269134283571873,0.345699310302734,0.332278119779679,0.284925510485967,0.39241860806942,0.339030385017395,0.271648253421848,0.320010860761007,0.274033308029175,0,0.31915205988017,0,0,0,0,0,0,0,0.265146097155655,0,0,0,0,0,0,0,0,0,0,0,0,0,0,0.325758075405811,0,0,0,0,0,0.231198472605579,0.341420825570822,0.295811225116523,0,0.175533807031605,0,0.265110266915322,0.283223390579224,0
0.448557096719742,0,0.213776353746653,0.20284054428339,0,0,0,0,0,0,0.204715154525163,0,0,0,0,0,0.349172921478748,0.321920759355028,0.38189640155305,0,0.232678312430233,0,0,0,0,0,0,0,0,0,0,0,0,0,0,0,0.187525044679642,0,0.243362508714199,0.273623886704445,0.274624454655818,0.313566520810127,0.301448118271707,0,0,0,0.351733396163112,0,0.379987959067027,0,0.260730117559433,0,0,0,0,0,0.271338093187788,0,0.25693342089653,0,0,0,0,0,0,0,0,0,0,0,0,0,0,0.297288394533098,0,0,0,0,0.332411254445712,0.264818037278019,0,0.388854454404541,0.341855759327193,0,0.308898837717195,0,0.366193122723523
0,0,0,0,0,0,0,0,0.168318495154381,0,0,0,0,0,0,0,0,0.164540032545725,0.170924618840218,0,0,0.205596248996294,0,0.183831877385577,0,0.154526741488984,0,0.108737247862986,0,0,0,0,0,0,0,0,0,0.25202498493694,0,0,0,0,0,0,0,0,0,0,0,0.250241954663866,0,0,0,0,0,0,0,0,0,0,0,0,0,0,0,0,0.243384637743095,0,0.324049841674459,0,0.23679789140678,0,0,0,0,0,0,0,0,0,0.269771557726544,0,0.130777126550674,0.116370175778866,0,0,0
0,0,0,0,0,0,0,0,0.174008796612422,0,0,0,0,0,0.157030139650617,0,0.167822546903452,0.155168890287834,0.212611534943183,0,0,0.151973994572957,0.166036751663565,0,0.164738230407238,0,0.140262652370261,0,0,0,0,0,0,0,0,0,0,0.191442278816419,0.157903128791423,0,0,0,0,0,0,0,0,0,0.266173699314053,0,0,0,0,0,0.182117223739624,0,0,0,0,0,0,0,0,0,0,0,0,0.241932383620403,0,0.245424705673252,0,0.264915165605683,0,0.311488442122936,0,0,0,0,0,0,0.194115921854973,0.288165832606079,0.165478749726792,0,0.30794620513916,0,0
0,0,0,0,0,0,0,0,0,0.175640321172336,0,0,0,0,0,0,0,0.19965508133173,0,0,0,0.182857789735242,0,0.16250759098504,0,0.149076583130019,0,0,0,0,0,0,0,0,0,0,0,0.242040688304472,0,0,0,0.215409781535466,0,0,0,0,0,0.29787410562858,0,0.406671248376369,0,0,0,0,0,0.167727821262983,0,0,0,0,0,0,0,0,0.243384637743095,0,0,0,0.380157625231403,0,0.396963197927849,0,0,0,0,0,0,0,0,0,0.327194242667751,0,0.163227526327024,0,0.229943239331355,0,0
0,0,0,0,0,0,0,0,0.183948536176939,0,0,0,0,0,0.195109747350216,0,0.19372937977314,0.173441119016485,0.225512048777412,0,0,0.193364664912224,0.195236759085674,0,0.202417867392609,0,0.211876542419195,0,0,0,0,0,0,0,0,0,0,0,0.234986238181591,0,0,0,0.232785284519196,0,0,0,0,0,0.252678060073119,0,0,0,0,0,0.34840825558605,0,0.244750738143921,0,0,0,0,0,0,0,0,0.241932383620403,0,0,0,0.266946122499115,0,0.272681417473911,0,0,0,0,0,0,0,0,0,0.24641111989816,0.183488537786437,0,0.228212656396808,0,0
0,0,0,0,0,0,0,0,0,0,0,0,0,0,0,0,0,0.163597000969781,0,0,0,0.308362090666043,0,0.26875193392154,0,0.250321456364223,0,0.186399548787337,0,0,0,0,0,0,0,0,0,0,0,0,0,0,0,0,0,0,0,0,0,0.396606834751836,0,0,0,0,0,0,0,0,0,0,0,0.253382139698123,0,0,0.324049841674459,0,0.380157625231403,0,0,0,0.318355933419538,0,0,0,0,0,0,0,0,0,0,0,0.171936538815498,0,0,0,0
0,0,0,0,0,0,0,0,0.217240924636523,0,0,0,0,0,0.219963256269693,0,0.136829582028115,0.167272950764056,0.192233465611935,0,0,0,0.187244106935603,0,0.236052624881268,0,0.21363165275645,0,0.24035104115804,0,0,0,0,0,0,0,0,0,0,0,0,0,0,0,0,0,0,0,0.278485787954441,0,0,0,0,0,0,0,0,0,0,0,0,0,0,0,0,0.245424705673252,0,0.266946122499115,0,0,0,0.327022444814351,0,0,0,0,0,0,0,0,0,0,0.1766009868847,0,0,0,0
0,0,0,0,0,0,0,0,0,0,0,0,0,0,0,0,0,0,0,0,0,0.343818942437301,0,0.32558935135603,0,0,0,0.156759322750606,0,0.178900220719251,0,0,0,0,0,0,0,0,0,0,0,0,0,0,0,0,0,0,0,0.365522700781916,0,0,0,0,0,0,0,0,0,0,0,0,0,0,0.23679789140678,0,0.396963197927849,0,0.318355933419538,0,0,0,0.266434457578829,0,0,0,0,0,0,0,0.275949716502168,0,0.122922377660871,0.125030055642128,0,0,0
0,0,0,0,0,0,0,0,0,0,0,0,0.20112047046423,0,0.2070350333264,0,0.136885383917439,0,0,0,0,0,0.198816954276778,0,0.249491511022343,0,0.181983760661549,0,0.190070768655504,0,0,0,0,0,0,0,0,0,0.201577594876289,0,0,0,0,0,0,0,0,0,0.276015939463708,0,0,0,0,0,0,0,0,0,0.230308365348583,0,0.203855479756991,0,0,0,0,0.264915165605683,0,0.272681417473911,0,0.327022444814351,0,0,0,0.323016919375311,0,0,0,0,0,0,0,0.264179231939701,0.147417763868968,0,0,0,0
0,0.332180073112249,0,0.268380143924763,0,0,0,0,0,0,0,0.235956766913014,0,0,0,0,0.304509272178014,0.314828287810087,0.383896626226225,0,0,0,0,0,0,0,0,0,0,0.206717230849438,0,0,0,0,0,0.304599404335022,0,0.146758226837431,0,0.330938463027661,0,0.294756917392506,0.277127486467361,0,0,0.325284576213966,0,0,0,0.312884771893191,0,0,0,0,0,0,0,0.249737576785869,0,0.236151844263077,0,0,0.325758075405811,0,0,0,0,0,0,0,0.266434457578829,0,0,0,0,0,0,0,0.325508648987676,0.299126853545507,0.239504945648485,0,0.322427206462429,0.323935031890869,0.341293756389044,0.319252757580726,0
0,0,0,0,0,0,0,0,0,0,0.357327125966549,0,0,0,0,0,0.299549251794815,0,0,0,0.307449609041214,0,0,0,0,0,0,0,0.149116764263231,0,0.144726581326345,0,0,0,0,0,0,0,0.171086008256336,0,0.250444702230967,0,0.332873656668446,0,0,0,0,0,0.249766680598259,0,0,0,0,0,0,0,0.397760710217685,0,0,0,0,0,0,0.297288394533098,0,0.311488442122936,0,0,0,0,0,0.323016919375311,0,0,0,0,0,0,0,0.262407664741789,0,0.292334605812529,0.417304672300816,0,0.288827363338152,0,0.427893360455831
0,0,0,0,0,0,0,0,0,0,0,0,0,0,0,0,0,0,0,0,0,0,0,0,0,0,0,0,0,0,0,0.249303504600858,0.199363063679569,0.284536214647712,0,0.212962564434824,0.202571403980255,0,0,0.381299316883087,0,0,0,0,0,0,0,0.450486224739645,0,0.456817512328808,0,0,0,0,0,0,0,0,0,0,0,0,0,0,0,0,0,0,0,0,0,0,0,0,0,0.190592148900032,0.29193079948767,0,0.278457273047017,0.191151875170689,0,0,0.250959375325371,0,0,0,0
0,0,0,0,0,0,0,0,0,0,0,0,0,0,0,0,0,0,0,0,0,0,0,0,0,0,0,0,0,0,0,0.180464250826134,0.203567334113889,0,0.201531114748546,0.168022946587631,0.166479608029514,0,0,0,0.559447663170951,0,0,0,0,0,0,0.434663248574265,0.59521675493036,0,0,0,0,0,0,0,0,0,0,0,0,0,0,0,0,0,0,0,0,0,0,0,0,0,0.190592148900032,0,0,0.276511033384392,0.171609432713406,0.272959030095479,0,0,0.186826731896762,0,0,0,0
0,0,0,0,0,0,0,0,0,0,0,0,0,0,0,0,0,0,0,0,0,0,0,0,0,0,0,0,0,0,0,0.30486896492186,0,0.234133304481342,0.184188941020077,0.179830151791932,0,0.204421931367503,0,0,0,0,0,0,0,0,0,0.387272812047247,0,0.390262029000691,0,0,0,0,0,0,0,0,0,0,0,0,0,0,0,0,0,0,0,0,0,0,0,0,0.29193079948767,0,0,0.168594363729159,0.292211200411503,0,0.33233802932927,0.17579976717631,0.197947518162008,0,0,0,0
0,0,0,0,0,0,0,0,0,0,0,0,0,0,0,0,0,0,0,0,0,0,0,0,0,0,0,0,0,0,0,0.148616567254066,0.160210028290749,0.17686617720791,0.228668278745424,0,0.178145008242649,0.143250495195389,0.180278809017121,0,0,0,0,0,0,0,0,0.280436287076125,0.311168640851974,0,0,0,0,0,0,0,0,0,0,0,0,0,0,0,0,0,0,0,0,0,0,0,0,0,0,0.276511033384392,0.168594363729159,0,0,0.277597806563503,0,0.337890042336805,0.197860252426331,0,0.311311453580856,0,0
0.314047746360302,0.39398567378521,0.196455255150795,0.25231266207993,0,0,0,0,0.251957394182682,0.270229637622833,0,0,0,0,0.285579800605774,0,0.304943710565567,0.324998217176146,0.359500359972243,0.217553673969472,0.286223083734512,0,0,0,0,0,0,0,0,0,0,0.320440739604138,0.174748266115785,0.348376583696033,0,0.225944714262316,0.168069996495745,0.19756040592093,0,0.276196781675614,0.338982120156288,0.310296667253766,0.282439108428202,0.345350596308708,0.300548290212949,0.278676854656949,0.307915764302015,0.396714819985416,0,0.313517403235234,0,0,0,0,0,0,0.278702974319458,0.323184738866985,0.258814685046673,0,0,0.315346360206604,0.231198472605579,0.332411254445712,0,0,0,0,0,0,0,0,0.325508648987676,0,0.278457273047017,0.171609432713406,0.292211200411503,0,0,0.275187637252004,0.234571114976087,0.309224605560303,0.252398691448195,0,0.293127447611538,0.302606930490583,0.285739091535409
0.417597575407279,0,0.257194826006889,0.222199946641922,0,0,0,0,0.276087913662195,0,0,0,0,0,0,0,0.364411137998104,0.342499613557776,0.380372741707666,0,0.201977221844776,0,0,0,0.260084569454193,0,0,0,0,0,0,0.183122597070354,0.297580829346684,0,0.170337164295571,0.160878869484326,0.21906277992008,0,0.237665886177838,0.335084439703712,0.28830874588888,0.309821712474028,0.315661077393099,0,0.370489210188389,0,0.360192110742393,0.458318665447981,0.392844125933055,0,0,0,0,0,0,0,0.283332763837895,0,0.262351900339127,0,0,0,0.341420825570822,0.264818037278019,0,0,0,0,0,0,0,0,0.299126853545507,0.262407664741789,0.191151875170689,0.272959030095479,0,0.277597806563503,0.275187637252004,0,0,0.256177256837328,0.267313626645789,0.161077151695887,0.311266815713226,0,0.359401582181454
0,0.422263383865356,0,0.315187513828278,0,0,0,0,0,0.294866711581679,0,0.125392215326428,0,0,0,0,0.342429995536804,0.356245809793472,0.456688617506335,0,0,0.217170151147164,0,0.250559347489524,0,0,0,0,0,0.164517344596485,0,0,0,0.375746318726403,0,0.163611477109358,0,0.255849207981144,0.19456672295928,0.337601846456528,0,0.331912508855263,0.333382964134216,0,0,0.342856397100708,0,0.456343295136216,0,0.313356985891616,0,0,0,0,0,0.343539307935763,0,0.27341890445462,0,0,0,0,0.295811225116523,0,0.269771557726544,0.194115921854973,0.327194242667751,0,0,0,0.275949716502168,0,0.239504945648485,0,0,0,0.33233802932927,0,0.234571114976087,0,0,0.160064946327891,0.213370279426469,0,0.357469660301387,0.395076135794322,0
