0,0,0,0,0,0,0,0,0.00600487634536906,0,0,0,0,0,0,0,1.04329253931961e-05,0,0.000215994290500409,0,0,0,0,0,0,0,0,0,0,0,0,0,0,0,0,0,0,0,0,0,0,0,0,0,0,0,0,0,0.00097075245243369,0,0,0,0,0,0.0140943733851939,0,0,0,0,0,0,0,0,0,0,0,0,0,0,0,0,0,0,0,0,0,0,0,0,0,0,0,0.000410490174252909,0,0,0,0
0,0,0,0.00423155891699549,0,0,0,0,0,0.169203583253861,0,0,0,0,0,0,0,0,0.00371871492586498,0,0,0,0,0,0,0,0,0,0,0,0,0,0,0,0,0,0,0.000349131079300846,0,0,0,0.00033133355490098,0.000931290461807183,0.000265131395117822,0.000486047300288818,0,0,0,1.7191330133547e-05,0.00681429633116591,0,0,0,0,0,0.0429225755844382,0,0.000233797422371601,0,0,0,0.00043061012960776,0,0,0,0,3.63691791036543e-05,0,0,0,0,0,0,0,0,0,0,0,0,5.40218460298982e-05,0.000172530506368277,5.08046859525669e-05,0.00168745742581772,0,0.00791087202218501,0.000332856556639368,0
0,0,0,0,0,0,0,0,0,0,0,0,0,0,0,0,0,0,0,0,0,0,0,0,0,0,0,0,0,0,0,0,0,0,0,0,0.000310138659967645,0,0,0,0,0,0,0,0,0,0.00155774192118872,0,0,0,0.000393115482215933,0,0,0,0,0,0,0,0.000242783036894227,0,0,0,0,0,0,0,0,0,0,0,0,0,0,0,0,0,0,0,0,8.47439350721717e-05,0,0,5.75698098326295e-05,0,0.0010091344611952,0,0
0,0.00423155891699549,0,0,0,0.00666829280566028,0,0,0,0.00117014863286763,0,0,0,0,0,0,0,0,0,0,0,0,0,0,0,0,0,0,0,0,0,0,0,0,0,0,0,0,0,0,0,0,0,0,0,0,0,0,0,0.00556175760576742,0,0,0,0,0,0,0,0,0,0,0,0,0,0,0,0,0,0,0,0,0,0,0,0,0,0,0,0,0,0,0,0,0.000278468196956115,0,0.000571966016373544,0,0
0,0,0,0,0,0,0,0,0,0,0,0,0,0,0,0,0,0,0,0,0,0,0,0,0,0,0,0,0,0,0,0,0,0,0,0,0,0,0,0,0,0,0,0,0,0,0,0,0,0,0,0,0,0,0,0,0.000907662569596426,0,0,0,0,0,0,0,0,0,0,0,0,0,0,0,0,0,0,0,0,0,0,0,0,0,0,0,0,0,0
0,0,0,0.00666829280566028,0,0,0,0,0,0.000360577250710374,0,0,0,0,0,0,0,0,0,0,0,0,0,0,0,0,0,0,0,0,0,0,0,0,0,0,0,0,0,0,0,0,0,0,0,0,0,0,0,0,0,0,0,0,0,0.000560949320290262,0,0,0,0,0,0,0,0,0,0,0,0,0,0,0,0,0,0,0,0,0,0,0,0,0,0,0.00026240602113893,0,0,0,0
0,0,0,0,0,0,0,0,0,0,0,0,0,0,0,0,0,0,0,0,0,0,0,0,0,0,0,0,0,0,0,0,0,0,0,0,4.53787667057171e-05,0,0,0,0,0,0,0,0,0,0,0,0,0,0,0,0.00159278199810939,0,0,0,0,0,0,0,0,0,0,0,0,0,0,0,0,0,0,0,0,0,0,0,0,0,0,7.03887525535215e-05,0,0,0,0,0,0,0
0,0,0,0,0,0,0,0,0,0,0,0,0,0,0,0,0,0,0,0,0,0,0,0,0,0,0,0,0,0,0,0,0,0,0,0,0,0,0,0,0,0,0,0,0,0,0,0,0,0,0,0,0,0.00418040956305417,0,0,0,0.00214132365440356,0,0,0,0,0,0,0,0,0,0,0,0,0,0,0,0,0,0,0,0,0,0,0,0,0.000116711294835028,0,0,0,0
0.00600487634536906,0,0,0,0,0,0,0,0,0.000234357881332963,0,0,0,0,0.0720316616213505,0,0.0325108079611888,9.40579340568147e-05,0.000950938404634864,0,0,0,0,0,0,0,0.00329041798800778,0,0,0,0,0,0,0,0,0,0,0,6.5634395551939e-05,0,0,0,0,0,0,0,0,0,0,0,0,0,0,0,0.216715323099977,0,0,0,0,0,0.0386880668054687,0,0,0,0,0,0,0,0,0.00391209087699213,0,0,0,0,0,0,0,0,0,0,0,2.30730940511279e-05,0.00586550995949468,0.000381153013420942,0,0,0
0,0.169203583253861,0,0.00117014863286763,0,0.000360577250710374,0,0,0.000234357881332963,0,0,0,0,0,0,0.0794097746243009,0.00351376840381009,0.0241969233353809,0.00942392268072093,0,0,6.38750903114238e-05,0,0.00362111217355272,0,0,0,0,0,0,0,0,0,0,0,0,0,0,0,0,0,0,0,0.000506759167088686,0,0,0,0,0,0,0,0,0,0,0,0.264262499423566,0,0,0,0,0,0.0433916684844234,0,0,0,0,0,0,0,0,0,0,0,0,0,0,0,0,0,0,0,0,0.0108505502824635,0.000438182202539151,0.0016403070610239,7.66388973443225e-05,0
0,0,0,0,0,0,0,0,0,0,0,0,0,0,0,0,0,0,0,0,0.00175168684545175,0,0,0,0,0,0,0,0,0,0,0,0,0,0,0,0.00064185294341526,0,1.97600085299811e-05,0,0,0,0,0,0,0,0,0,0,0,0,0,0,0,0,0,0.00245584648725188,0,0,0,0,0,0,0,0,0,0,0,0,0,0,0,0,0.00171548506644844,0,0,0,0,0,0.000187020967757081,0,4.06580379243193e-06,0.000283308267503345,0,0,0,0
0,0,0,0,0,0,0,0,0,0,0,0,0,6.36593895737782e-05,0,0,0,0,0,0.0219636738608897,0,0,0,0,0,0,0,0.000144925904507168,0,0.0232178832279868,0,0,0,0,0,0.00151895735076099,0,0.00426357242629998,0,0,0,0.000871647826362331,0,0,0,3.06366003975601e-05,0,0,0,0,0,0,0,0.000334235974069907,0,0,0,0.0434497907607425,0,0.00398304172786319,0,0,0.00979141980042408,0,0,0,0,0,0,0,0,0,0.00872802157312462,0,0,0,0,0,1.59544861530779e-06,0,0.00184295132303546,0,0.000302414122278451,0,0.000729811026078048,0,0
0,0,0,0,0,0,0,0,0,0,0,0,0,0,0,0,0,0,0,0,0,0,0,0,0,0,0,0,0,0,0,0,0,0,0,0,0,0,0,0,0,0,0,0,0,0,0,0,0,0,0,0,0,0,0,0,0,0,0,0,0,0,0,0,0,0,0,0,0,0,0,0,0,0,0,0,0,0,0,0,0,0,0,0,0,0,0
0,0,0,0,0,0,0,0,0,0,0,6.36593895737782e-05,0,0,0,0,0,0.000190571350700626,0,0,0,0,0,0,0,0,0,0.00865128330551446,0,0,0,0,0,0,0,0,0,0,0,0,0,0,0,0,0,0,0,0,0,0,0,0,0,0.000192437965517191,0,0,0,0.000129244846310114,0,0.0191958039231336,0,0,0,0,0,0,0,0,0,0,0.00203224374214447,0,0,0,0,0,0,0,0,0,0,0,0.000321034087862052,0.000203336401660253,0,0,0
0,0,0,0,0,0,0,0,0.0720316616213505,0,0,0,0,0,0,0,0.0116012796350078,0,0,0,0,0,0,0,0,0,0.00930469927402725,0,0,0,0,0,0,0,0,0,0,0,0,0,0,0,0,0,0,0,0,0,0,0,0,0,0,0,0.0526536932455954,0,0,0,0,0,0.0535830811749101,0,0,0,0,0,0,0,0,0.0126933295128665,0,0,0,0,0,0,0,0,0,0,0,0,0.000460125519679806,0,0,0,0
0,0,0,0,0,0,0,0,0,0.0794097746243009,0,0,0,0,0,0,9.44563819550486e-05,0.00744809582679487,6.32902171937433e-05,0,0,0,0,0.000729617150049646,0,0.000228761200628341,0,0.000986419520167465,0,0,0,0,0,0,0,0,0,0,0,0,0,0,0,0,0,0,0,0,0,0,0,0,0,0,0,0.00832760401831524,0,0,0,0,0,0.147301310373446,0,0,0,0,0,0,0,0,0,0,0,0,0,0,0,0,0,0,0,0,0.00229254680817602,9.78135974930283e-05,0,0,0
1.04329253931961e-05,0,0,0,0,0,0,0,0.0325108079611888,0.00351376840381009,0,0,0,0,0.0116012796350078,9.44563819550486e-05,0,0.0678782665012058,0.0422138473960783,0,0,0.000157421751959201,0,8.96451223553774e-05,4.01891737519529e-05,0,0.00411064974289494,0,0,0,0,0,0,0,0,0,0,0,1.46950323072537e-05,0,0,4.19925396166283e-05,3.57623821646108e-05,0,0,0,0,0,2.27541045725996e-06,0,0,0,0,0,0.0145940509990607,0.000770668815310085,0,0,0,0,0.00566086956065378,0,0,0,0,0,0,0,0,0.00922492293359302,0,0,0,1.031663532257e-05,0,0,0,0,0,0,0,1.02577584349593e-05,0.026004593532418,0.00588516028752744,0,0,4.28367386100904e-06
0,0,0,0,0,0,0,0,9.40579340568147e-05,0.0241969233353809,0,0,0,0.000190571350700626,0,0.00744809582679487,0.0678782665012058,0,0.0442166797170303,0,0,0.00399262094062904,0,0.000476675966453572,0,0.0104239352886269,0,0,0,0,0,0,0,2.47488715125982e-06,1.66625935915619e-05,0,0,0,2.18163218758201e-06,0,0,5.25794948788937e-06,4.11599549972221e-05,0,0,0,0,7.9452145053399e-06,0,0,0,0,0,0,0,0.00394609439461453,0,0,0,0,0,0.00274088825629764,0,0,0.0013043399078329,0,0,0,0.000714726633171189,0,0,0,0,0,0,0,0,0,0,0,0,5.27746012589635e-06,0.0316961517701649,0.0076727873484348,0,0,4.5555683812469e-05
0.000215994290500409,0.00371871492586498,0,0,0,0,0,0,0.000950938404634864,0.00942392268072093,0,0,0,0,0,6.32902171937433e-05,0.0422138473960783,0.0442166797170303,0,0,0,6.9084383909061e-05,0,7.10882326895973e-05,0,0,0,0,0,0,0,0,4.65024753113429e-06,0.00026115275923738,0.00138273000514003,0,0.000560043791059363,0,0.001070529761675,0,4.08660144549725e-05,0.0746483812840807,0.0499411374302119,0.0269563030984794,1.00546741148502e-05,0.00481398369033714,0.000473650556646247,0.00179233267164327,0.00541313022610583,0.000170483899693859,0,0,0,0,5.09377410584711e-05,0.00164026345738827,8.85264782062171e-05,0,0,0,0,0,0,0.000190855311999116,0,0,0,0,0,0,0,0,0,0.00290744738650702,0,3.7631619904308e-05,5.78558980605389e-06,0.001207590350441,0,0.00369319925361608,0,0.00581794334962228,0.0435707402334516,0.000788555180021919,0.0182615072235256,0.00497066930276876,0.00532053939069466
0,0,0,0,0,0,0,0,0,0,0,0.0219636738608897,0,0,0,0,0,0,0,0,0,0,0,0,0,0,0,0,0,0,0,0,0,0,0,0.00401757042259949,0,0.00448477628774444,0,0,0,0.00238764408861593,0,0,0,0.00221474679963611,0,0,0,0,0,0,0,0,0,0,0,0.0147708175115012,0,0,0,0,0.164920046992707,0,0,0,0,0,0,0,0,0,0.000372918114008339,0,0,0,0,0,0.00515972356573119,0,0.00322940007641935,0,0.000888016804033487,5.8887310710467e-06,0.00287588937358907,0,0
0,0,0,0,0,0,0,0,0,0,0.00175168684545175,0,0,0,0,0,0,0,0,0,0,0,0,0,0,0,0,0,0,0,0,0,0,0,0,0,0.00041067322632754,0,0,0,0,0,6.84090534190532e-05,0,0,0,0.000866974812895351,0,0,0,0,0,0,0,0,0,0.0109977298654019,0,0,0,0,0,0,0.0352503968698318,0,0,0,0,0,0,0,0,0,0.000340001432989249,0,0,0,0,0,2.9291394278475e-05,0,6.25281074994113e-06,0.00094682688320162,0,0.00112031830994713,0,0
0,0,0,0,0,0,0,0,0,6.38750903114238e-05,0,0,0,0,0,0,0.000157421751959201,0.00399262094062904,6.9084383909061e-05,0,0,0,0.00107916248207107,0.00089378498652108,0,0.0019654652055663,0,0.00528375964009646,0,0,0,0,0,0,0,0,0,0.00487323656063873,0.000421069412818837,0,0,0,0,0,0,0,0,0,0,0.00146388532515182,0,0,0,0,0,8.46283588510363e-06,0,0,0,0,0,0,0,0,0.0678151388461914,1.68585431548857e-05,1.72833952092333e-05,0,0.00147960140799488,0,0.0061221618428222,0,0,0,0,0,0,0,0,0,0.000136363708197236,0.000338032210564836,0.00143553327976678,0.000360829282570158,0,0,0
0,0,0,0,0,0,0,0,0,0,0,0,0,0,0,0,0,0,0,0,0,0.00107916248207107,0,0,0.00199231807445613,0,0.0017448955483313,0,0.00257081420109819,0,0,0,0,0,0,0,0,2.29233663449335e-06,0.0109999741121891,0,0,0,0,0,0,0,0,0,0.00538577037065121,4.60592123705927e-05,0,0,0,0,0,0,0,0,0,0,0,0,0,0,0,0.0571793671478574,0,0.00236310306771433,0,0.0034098101528144,0,2.12528162284591e-05,0,0,0,0,0,0,0,0,0,0.00497349622017574,0.00236869715170684,0.00292738561161712,0,0,0
0,0,0,0,0,0,0,0,0,0.00362111217355272,0,0,0,0,0,0.000729617150049646,8.96451223553774e-05,0.000476675966453572,7.10882326895973e-05,0,0,0.00089378498652108,0,0,0,0.00554235129012757,0,0,0,0,0,0,0,0,0,0,0,1.75825788687313e-05,0,0,0,0,0,0,0,0,0,0,0,0.000225126952478077,0,0,0,0,0,0,0,0,0,0,0,0,0,0,0,0,0.0159417304970434,0,0.00223743993741489,0,0,0,0,0,0,0,0,0,0,0,1.68137518061228e-05,0,3.38223484859627e-05,0,4.3036689582212e-05,0,0
0,0,0,0,0,0,0,0,0,0,0,0,0,0,0,0,4.01891737519529e-05,0,0,0,0,0,0.00199231807445613,0,0,0,0.0108616446665571,0,0,0,0,0,0,0,4.74440354309769e-05,0,0,0,0.00173292541591593,0,0,0,0,0,0,0,0,0,0.00279820076308432,4.46829558219876e-05,0,0,0,0,0,0,0,0,0,0,0,0,0,0,0,0.000592859297613678,0,0.068418195425789,0,0.0453824855750294,0,0.00030617567998041,0,0,0,0,0,0,0,0,0,0.00142810414473216,5.11519929464498e-05,0,0.000292215681659138,0,0
0,0,0,0,0,0,0,0,0,0,0,0,0,0,0,0.000228761200628341,0,0.0104239352886269,0,0,0,0.0019654652055663,0,0.00554235129012757,0,0,0,0.00123542188569282,0,0,0,0,0,0,0,0,0,0,0,0,0,0,0,0,0,0,0,0,0,0.00551408822508294,0,0,0,0,0,0,0,0,0,0,0,0.000352129724393698,0,0,0.00201274491225884,0,0.00537322454867443,0,0.045360361611292,0,0.00698404485859036,0,0,0,0,0,0,0,0,0,0,0,0.000225251723908767,0,4.26476276253097e-05,0,0
0,0,0,0,0,0,0,0,0.00329041798800778,0,0,0,0,0,0.00930469927402725,0,0.00411064974289494,0,0,0,0,0,0.0017448955483313,0,0.0108616446665571,0,0,0,0.00280604930528055,0,0,0,0,0,0,0,0,0,0,0,0,0,0,0,0,0,0,0,0.000584014608375187,0,0,0,0,0,0.00174521241568396,0,0,0,0,0,0.0106247609801246,0,0,0,0,0.00132472768489356,0,0.00906809302066651,0,0.047256514301772,0,0.000465603243452237,0,0,0,0,0,0,0,0,0,0,0.000225546497892159,0,0,0,0
0,0,0,0,0,0,0,0,0,0,0,0.000144925904507168,0,0.00865128330551446,0,0.000986419520167465,0,0,0,0,0,0.00528375964009646,0,0,0,0.00123542188569282,0,0,0,0.00408444929870759,0,0,0,0,0,0,0,0.000273331212520136,0,0,0,0,0,0,0,0,0,0,0,0.00384063501758785,0,0,0,0,0,0,0,0,0,0.000289799339579877,0,0.000229598062851287,0,0,0.00310923407986841,0,0,0,0.000356286755604379,0,0.0517172642363574,0,0.00182065842685472,0,0,0,0,0,0,0,0.000319659873313273,0,0.000748210265309199,0.00087263548476739,0,0,0
0,0,0,0,0,0,0,0,0,0,0,0,0,0,0,0,0,0,0,0,0,0,0.00257081420109819,0,0,0,0.00280604930528055,0,0,0,0.00232109940379614,0,0,0,0,0,0,0,0,0,0,0,0,0,0,0,0,0,0,0,0,0,0,0,0,0,0.000204373229217746,0,0,0,0,0,0,0,0,0.00157581777218253,0,0,0,0.00162297550507227,0,0.0147120667389167,0,1.35179006644222e-05,0,0,0,0,0,0,0,0.0008940363023001,4.50369047913334e-06,0,0,0,0
0,0,0,0,0,0,0,0,0,0,0,0.0232178832279868,0,0,0,0,0,0,0,0,0,0,0,0,0,0,0,0.00408444929870759,0,0,0,0,0,0,0,0,0,0.00202298199090715,0,0,0,0,0,0,0,0,0,0,0,0,0,0,0,0,0,0,0,0.000499722090578066,0,0,0,0,0,0,0,0,0,0,0,0,0.00921469021351051,0,0.0408240567934181,0,0,0,0,0,0,0,0.000931191231634306,0,0.0014666801264598,0.000362159669515853,0,0,0
0,0,0,0,0,0,0,0,0,0,0,0,0,0,0,0,0,0,0,0,0,0,0,0,0,0,0,0,0.00232109940379614,0,0,0,0,0,0,0,0,0,0.00147428287675039,0,0,0,0,0,0,0,0,0,0,0,0,0,0,0,0,0,0,0,0,0,0,0,0,0,0,0,0,0,0,0,0,0,0,0.00781890245022004,0,0,0,0,0,0,0,0.000916957634840919,4.8454930364653e-05,0,0,0,0
0,0,0,0,0,0,0,0,0,0,0,0,0,0,0,0,0,0,0,0,0,0,0,0,0,0,0,0,0,0,0,0,0.0277804407025086,0.00182647446094089,0.00851434139770386,0.00550595726739498,0.00159135430023602,0,0,0.000985556484921898,0.000305134138110148,0.00141245234298025,1.28971841754367e-05,0,0,0,2.81996952818941e-05,0.0224657155373341,0.00102417922072952,0.0257228710486369,0,0,0,0,0,0,0,0,0,0,0,0,0,0,0,0,0,0,0,0,0,0,0,0,0.093987022831457,0.00362419624804249,0.0145395896410254,0.000122953219614755,0.00354341119108551,0.000758136556029975,0,0,0.00275496710201243,0,0.00327024319686661,0,0
0,0,0,0,0,0,0,0,0,0,0,0,0,0,0,0,0,0,4.65024753113429e-06,0,0,0,0,0,0,0,0,0,0,0,0,0.0277804407025086,0,0.000119192157731349,0.00691563721045688,0.0016871420138387,0.00644497513192506,0,1.0546359018905e-05,0,0.00109267739296817,0.00031615466079796,0.0156529891612823,0,0,0,0.000264727011311317,0.0192199332125909,0.00427980572883566,0,0,0,0,0,0,0,0,0,0,0,0,0,0,5.80268438375828e-06,0,0,0,0,0,0,0,0,0,0,0.0292941689153003,0.0426363057260302,0,0.00991845708710527,0.000759284753393043,0.000436996395045575,0,5.97004905946818e-05,0.00492540541709834,0,0.00163133091998288,0,0.000169080389175989
0,0,0,0,0,0,0,0,0,0,0,0,0,0,0,0,0,2.47488715125982e-06,0.00026115275923738,0,0,0,0,0,0,0,0,0,0,0,0,0.00182647446094089,0.000119192157731349,0,0.106575508271283,0.00572058640980094,0.00531995481590485,0.00509478959346389,0.00115042750778611,0,0,0.000671650584530163,0.00316579917391094,0,0,0,2.04595522144311e-05,0.0428902573233668,0.00354844964922147,0.00542829379871748,0,0,0,0,0,0,0,0,0,0,0,0,0,0,0,0,0,0,0,0,0,0,0,7.72717381006243e-05,0.00200571514608244,0,0.226524925083812,0.111083203828902,0.00595117713450147,0.00307609243440724,0.0141973396862342,0.00367365824635382,0.00124127252925026,1.13462037046343e-05,0.000461688996596354,0,0.000227590506708812
0,0,0,0,0,0,0,0,0,0,0,0,0,0,0,0,0,1.66625935915619e-05,0.00138273000514003,0,0,0,0,0,4.74440354309769e-05,0,0,0,0,0,0,0.00851434139770386,0.00691563721045688,0.106575508271283,0,4.08050517232078e-05,0.00853942022083656,0.00270116697013407,0.00783569580028035,0,0.000843511414929161,0.00174744171821116,0.0180692698730081,8.28130526819449e-05,0,0,0.00054147993095914,0.0280171766777782,0.0278216355067793,0.0161642669771455,0,0,0,0,0,0,0,0,0,0,0,0,0,2.06332005515546e-05,0,4.25105675939028e-06,0,0,0,0,0,0,0,0.000148916362639855,0,0.00528200442379914,0.089983864141205,0.103905670975684,8.10200548439191e-05,0.00324480786953634,0.00312340249662997,0.00951563687445006,0.00355613889090607,0,0.00455655305685024,0,0.00118255558852911
0,0,0,0,0,0,0,0,0,0,0,0.00151895735076099,0,0,0,0,0,0,0,0.00401757042259949,0,0,0,0,0,0,0,0,0,0,0,0.00550595726739498,0.0016871420138387,0.00572058640980094,4.08050517232078e-05,0,0.00422290098255698,0.0058958765170542,0,0.000323197414635338,0,0.000569473509026179,0,0,0,0.000402128613671305,0,4.44629961502392e-05,0,5.3941711354509e-05,0,0,0,0,0,0,0,5.73845871354088e-05,0,0,0,0,0.00524623671147803,0,0,0,0,0,0,0,0,0,0,0,0.000703457787254677,7.62382984327686e-05,0.000936107993705612,0,0.0470503738676709,0.000655008216708821,0.00674743393288629,0,0.00791523961333239,0.00294239186159935,0.000407886608497796,0,0
0,0,0.000310138659967645,0,0,0,4.53787667057171e-05,0,0,0,0.00064185294341526,0,0,0,0,0,0,0,0.000560043791059363,0,0.00041067322632754,0,0,0,0,0,0,0,0,0,0,0.00159135430023602,0.00644497513192506,0.00531995481590485,0.00853942022083656,0.00422290098255698,0,0,0.00509999766025847,0,0.000108805264548619,0.000332863504172421,0.00217059516719557,0,0,0,0.000199302006239608,6.98481143938936e-05,0.000237998668148803,8.33388183792312e-05,0,0,0,0,0,0,0,0,0,0,0,0,0,0.00419777367835211,0,0,0,0,0,0,0,0,0,0,0.000625967932088803,0.00100674265950387,0.00120766877620184,0.00125409606407883,0.00181953482104127,0.0364245637211037,0,0.00380107167142764,0.0093201358147067,0.00116307078873054,0.00145360990023026,0,4.01593155821749e-05
0,0.000349131079300846,0,0,0,0,0,0,0,0,0,0.00426357242629998,0,0,0,0,0,0,0,0.00448477628774444,0,0.00487323656063873,2.29233663449335e-06,1.75825788687313e-05,0,0,0,0.000273331212520136,0,0.00202298199090715,0,0,0,0.00509478959346389,0.00270116697013407,0.0058958765170542,0,0,0.00102037409175668,0,0,0.000146714966177524,0,0,0,4.65236354668869e-06,0,0.00132928199103099,5.71453310274888e-06,0.00336424472586528,0,0,0,0,0,0,0,0.000119321076127703,0,0,0,0,0.00151747561781329,0,0.000749668626133142,0,0.000394216596454698,0,0,0,0.000290796155500048,0,0.000384690594637873,0,0,0,0.00202818892393933,0.00727616472204835,0.00171532274873665,0,0.102385859876631,0.00318116460958331,0.011063189136348,0.00130590345409278,0.000293112788243633,2.60129087311923e-05,0
0,0,0,0,0,0,0,0,6.5634395551939e-05,0,1.97600085299811e-05,0,0,0,0,0,1.46950323072537e-05,2.18163218758201e-06,0.001070529761675,0,0,0.000421069412818837,0.0109999741121891,0,0.00173292541591593,0,0,0,0,0,0.00147428287675039,0,1.0546359018905e-05,0.00115042750778611,0.00783569580028035,0,0.00509999766025847,0.00102037409175668,0,0,2.76874022592955e-06,0.000356275378452269,0.00545297467167149,0,0,1.84778826560589e-06,0.000103564356282899,0.00222658317636975,0.00287298645006088,0.00517317169792585,0,0,0,0,8.97450144732434e-06,0,7.52362984545981e-06,0,0,0,0,0,0,3.8052097693808e-06,1.93006132113039e-05,0.00561764556919317,0,0.002399259171074,6.91014812171064e-06,0,8.45750037692858e-06,0.000143431434499298,0,0.00228965228515765,0,0,0.000359063306056852,0.00230440222969354,0,0.00284168400123261,0.000203137948141754,0.0665227511389489,0.00521213757444146,0.000860831132926795,0.00115066526705463,0,4.66469134153531e-05
0,0,0,0,0,0,0,0,0,0,0,0,0,0,0,0,0,0,0,0,0,0,0,0,0,0,0,0,0,0,0,0.000985556484921898,0,0,0,0.000323197414635338,0,0,0,0,0,0.0198034454711851,0,0,0,0.0165632444960162,0,0.00384675544176077,0,0.00689680733851652,0,0,0,0,0,0,0,0,0,0,0,0,0.00141008689506281,0,0,0,0,0,0,0,0,0,0,0,0.00103080702787994,0,0,0,0.0177238901154138,0,0.00162922178394128,0,0,0,0.0261399292436891,0,0
0,0,0,0,0,0,0,0,0,0,0,0,0,0,0,0,0,0,4.08660144549725e-05,0,0,0,0,0,0,0,0,0,0,0,0,0.000305134138110148,0.00109267739296817,0,0.000843511414929161,0,0.000108805264548619,0,2.76874022592955e-06,0,0,0,0.00387928372719818,0,0,0,0.051529867005675,0.0187926248187828,0.0352114530541581,0.00144481111407665,0,0,0,0,0,0,4.26190335050882e-05,0,0,0,0,0,0,0.00482223778415249,0,0,0,0,0,0,0,0,0,0.00065482250650384,0,9.63902937813098e-05,0,0.000901937171573496,0,0.00363168611566985,0,0.000568640760151699,3.2288443491756e-05,0,0.0320847323507097,0,0
0,0.00033133355490098,0,0,0,0,0,0,0,0,0,0.000871647826362331,0,0,0,0,4.19925396166283e-05,5.25794948788937e-06,0.0746483812840807,0.00238764408861593,0,0,0,0,0,0,0,0,0,0,0,0.00141245234298025,0.00031615466079796,0.000671650584530163,0.00174744171821116,0.000569473509026179,0.000332863504172421,0.000146714966177524,0.000356275378452269,0.0198034454711851,0,0,0.0184123040663718,0.00319933966495171,0,0.00659461182591422,0,0.00658608521102179,0.00085685592134904,0.0224177505288074,0,0,0,0,0,0,0,0.00300974822536325,0,0,0,0,0.00640885765727746,2.34595397395343e-05,0,0,0,0,0,0,0,0,0.0181792361011859,0.000277408558423989,0.000494170459004697,5.28921400358463e-05,0,0.00128189182256078,0.00197711956788369,0.00137300288599071,0.00269045717253268,0.00121101838953996,0.00102097893197683,0,0.0668243924887274,0.025573245103453,0.00118265830766028
0,0.000931290461807183,0,0,0,0,0,0,0,0,0,0,0,0,0,0,3.57623821646108e-05,4.11599549972221e-05,0.0499411374302119,0,6.84090534190532e-05,0,0,0,0,0,0,0,0,0,0,1.28971841754367e-05,0.0156529891612823,0.00316579917391094,0.0180692698730081,0,0.00217059516719557,0,0.00545297467167149,0,0.00387928372719818,0.0184123040663718,0,0.00326387946409633,0.00438031511704252,0.000287281228054525,0.0305890215193694,0.0499380430818091,0.0792338842685886,0.00030258892203037,0,0,0,0,0,0,0.000259314740104787,0,0,0,0,0,0,0.00305010604794497,0,0,0,0,0,0,0,0,0,0.0156041543100108,0,0.00040440581076293,4.94271730944567e-05,0.0156974545923123,0,0.0139909828557118,2.8664145805789e-06,0.0153074461019782,0.00456586404821709,0.000178445623569867,0.050073378752876,0,0.0733865286227325
0,0.000265131395117822,0,0,0,0,0,0,0,0.000506759167088686,0,0,0,0,0,0,0,0,0.0269563030984794,0,0,0,0,0,0,0,0,0,0,0,0,0,0,0,8.28130526819449e-05,0,0,0,0,0,0,0.00319933966495171,0.00326387946409633,0,0,0.0136201943485644,0,0,4.77286515259338e-05,0,0,0,0,0,0,0,0,0,0,0,0,0,0,0,0,0,0,0,0,0,0,0,0,0,0,0,0,1.92005853145135e-05,0,5.49045148114796e-06,0,1.53533402572146e-05,6.69494577316818e-05,0,0.00954372335402085,0.0158653971731249,0
0,0.000486047300288818,0,0,0,0,0,0,0,0,0,0,0,0,0,0,0,0,1.00546741148502e-05,0,0,0,0,0,0,0,0,0,0,0,0,0,0,0,0,0,0,0,0,0,0,0,0.00438031511704252,0,0,0,0.000158677679118445,0,3.69935184074159e-05,0,0,0,0,0,0,0,0,0,0,0,0,0,0,0,0,0,0,0,0,0,0,0,0,5.41092803345543e-05,0,0,0,0,0,0,0,1.07923018579988e-05,0,0,2.60109916240968e-05,0,0.00147989223095966
0,0,0,0,0,0,0,0,0,0,0,3.06366003975601e-05,0,0,0,0,0,0,0.00481398369033714,0.00221474679963611,0,0,0,0,0,0,0,0,0,0,0,0,0,0,0,0.000402128613671305,0,4.65236354668869e-06,1.84778826560589e-06,0.0165632444960162,0,0.00659461182591422,0.000287281228054525,0.0136201943485644,0,0,0,0,0,0,0,0,0,0,0,0,0,0,0,0,0,0,0.0520862484430197,0,0,0,0,0,0,0,0,0,0,0,0,0,0,0,0.000622308187194815,2.4111430352108e-05,0,4.4735204292307e-06,0.000138589788149726,0,0.0585721570153298,0.000123899230605419,0.000102598221565159
0,0,0.00155774192118872,0,0,0,0,0,0,0,0,0,0,0,0,0,0,0,0.000473650556646247,0,0.000866974812895351,0,0,0,0,0,0,0,0,0,0,2.81996952818941e-05,0.000264727011311317,2.04595522144311e-05,0.00054147993095914,0,0.000199302006239608,0,0.000103564356282899,0,0.051529867005675,0,0.0305890215193694,0,0.000158677679118445,0,0,0.00120148090571086,0.0195241045361849,0.000370899696140352,0,0,0,0,0,0,0.00528707018998733,0,0,0,0,0,0,0.0714220370746861,0,0,0,0,0,0,0,0,0,0.0196909198968117,0,3.66370315021025e-05,0,0.000718436457709269,0,0.0103533631462959,0,0.00822278335117311,0.000134499116910341,0,0.0378882865871801,0,0.00637097715852816
0,0,0,0,0,0,0,0,0,0,0,0,0,0,0,0,0,7.9452145053399e-06,0.00179233267164327,0,0,0,0,0,0,0,0,0,0,0,0,0.0224657155373341,0.0192199332125909,0.0428902573233668,0.0280171766777782,4.44629961502392e-05,6.98481143938936e-05,0.00132928199103099,0.00222658317636975,0.00384675544176077,0.0187926248187828,0.00658608521102179,0.0499380430818091,0,0,0,0.00120148090571086,0,0.0366776867330026,0.0514889646085028,0,0,0,0,0,0,0,0,0,0,0,0,0,0,0,0,0,2.66432164226001e-05,0,0,3.10637471280678e-05,0,0,0.000100670979308554,0.0306118850205274,0.000441946680129655,0.0140478679909717,0.0174764060953424,0.00126679187788695,0.000514330776248622,0.000941414676666221,0.00176245442579834,0.00352573996942264,3.30092344379205e-06,0.0110844054161052,0,9.74848840933941e-05
0.00097075245243369,1.7191330133547e-05,0,0,0,0,0,0,0,0,0,0,0,0,0,0,2.27541045725996e-06,0,0.00541313022610583,0,0,0,0.00538577037065121,0,0.00279820076308432,0,0.000584014608375187,0,0,0,0,0.00102417922072952,0.00427980572883566,0.00354844964922147,0.0278216355067793,0,0.000237998668148803,5.71453310274888e-06,0.00287298645006088,0,0.0352114530541581,0.00085685592134904,0.0792338842685886,4.77286515259338e-05,3.69935184074159e-05,0,0.0195241045361849,0.0366776867330026,0,0.00313070014157865,0,0,0,0,0,0,0.00700592754289601,0,0,0,0,0,0,0.00158844813346833,0,0.00630222580287796,0,0.0166519547982299,0,0.0137983806325183,0,0.0231908201891681,0,0.0187936253412399,1.78110533686354e-05,0.000327766630164111,0.000552965063154625,0.0321005742981327,0,0.00246029845752382,3.49020495125324e-06,0.0116099914629457,0.00086424649256127,0.000103892965575844,0.0660005524904324,0,0.00786852944130565
0,0.00681429633116591,0,0.00556175760576742,0,0,0,0,0,0,0,0,0,0,0,0,0,0,0.000170483899693859,0,0,0.00146388532515182,4.60592123705927e-05,0.000225126952478077,4.46829558219876e-05,0.00551408822508294,0,0.00384063501758785,0,0,0,0.0257228710486369,0,0.00542829379871748,0.0161642669771455,5.3941711354509e-05,8.33388183792312e-05,0.00336424472586528,0.00517317169792585,0.00689680733851652,0.00144481111407665,0.0224177505288074,0.00030258892203037,0,0,0,0.000370899696140352,0.0514889646085028,0.00313070014157865,0,0,0,0,0,0,0.00126762362548283,0,0.000522720794271244,0,0,0,0,0,0,0.00698283466226094,2.22089517300895e-05,0.00628856396758807,0.00024325720271772,0.0275115464169827,0,0.041625552541296,0,0.0123815505050522,0,0.0297915931033745,0,0.00418749653665296,0.0102351483404903,0.00115197068455099,3.44132667502871e-05,0.00732839906177071,0.00754468198874491,0.00231088391459071,0.000143672115669141,0.022089903181848,0.00330403148762013,1.46963101711234e-05
0,0,0.000393115482215933,0,0,0,0,0,0,0,0,0,0,0,0,0,0,0,0,0,0,0,0,0,0,0,0,0,0,0,0,0,0,0,0,0,0,0,0,0,0,0,0,0,0,0,0,0,0,0,0,0,0,0,0,0,0.00314309466454557,0,0,0,0,0,0,0,0,0,0,0,0,0,0,0,0,0,0,0,0,0,0,0,0,0,0,0,0.000179925141600919,0,0
0,0,0,0,0,0,0,0,0,0,0,0,0,0,0,0,0,0,0,0,0,0,0,0,0,0,0,0,0,0,0,0,0,0,0,0,0,0,0,0,0,0,0,0,0,0,0,0,0,0,0,0,0,0,0,0,0,0,0,0,0,0,0,0,0,0,0,0,0,0,0,0,0,0,0,0,0,0,0,0,0,0,5.79172969624266e-06,0,0,0,0
0,0,0,0,0,0,0.00159278199810939,0,0,0,0,0,0,0,0,0,0,0,0,0,0,0,0,0,0,0,0,0,0,0,0,0,0,0,0,0,0,0,0,0,0,0,0,0,0,0,0,0,0,0,0,0,0,0,0,0,0.000328854179469596,0,0,0,0,0,0,0,0,0,0,0,0,0,0,0,0,0,0,0,0,0,0,0,0,0,0,0,0,0,0
0,0,0,0,0,0,0,0.00418040956305417,0,0,0,0.000334235974069907,0,0.000192437965517191,0,0,0,0,0,0,0,0,0,0,0,0,0,0,0,0,0,0,0,0,0,0,0,0,0,0,0,0,0,0,0,0,0,0,0,0,0,0,0,0,0,0,0,0.0029027166265604,0,0,0,0,0,0,0,0,0,0,0,0,0,0,0,0,0,0,0,0,0,0,0,0,4.36354284005027e-05,0,0,0,0
0.0140943733851939,0,0,0,0,0,0,0,0.216715323099977,0,0,0,0,0,0.0526536932455954,0,0.0145940509990607,0,5.09377410584711e-05,0,0,0,0,0,0,0,0.00174521241568396,0,0,0,0,0,0,0,0,0,0,0,8.97450144732434e-06,0,0,0,0,0,0,0,0,0,0,0,0,0,0,0,0,0,0,0,0,0,0.0137890110792141,0,0,0,0,0,0,0,0,0.00569244100235787,0,0,0,0,0,0,0,0,0,0,0,0,0.00160352190103955,2.93330652306831e-05,0,0,0
0,0.0429225755844382,0,0,0,0.000560949320290262,0,0,0,0.264262499423566,0,0,0,0,0,0.00832760401831524,0.000770668815310085,0.00394609439461453,0.00164026345738827,0,0,8.46283588510363e-06,0,0,0,0,0,0,0,0,0,0,0,0,0,0,0,0,0,0,0,0,0,0,0,0,0,0,0,0.00126762362548283,0,0,0,0,0,0,0,0,0,0,0,0.00479754690898495,0,0,0,0,0,0,0,0,0,0,0,0,0,0,0,0,0,0,0,0,0.00166584342757356,0,0.000246221990984281,0,0
0,0,0,0,0.000907662569596426,0,0,0,0,0,0.00245584648725188,0,0,0,0,0,0,0,8.85264782062171e-05,0,0.0109977298654019,0,0,0,0,0,0,0,0.000204373229217746,0,0,0,0,0,0,0,0,0,7.52362984545981e-06,0,4.26190335050882e-05,0,0.000259314740104787,0,0,0,0.00528707018998733,0,0.00700592754289601,0,0.00314309466454557,0,0.000328854179469596,0,0,0,0,0,0.000709026592690926,0,0,0,0,0.00420979650216509,0,0,0,0,0,0,0,0.00874019064717372,0,0.030001499880723,0,0,0,1.25958708428103e-05,0,8.07302065622121e-05,0,5.77935698358712e-05,0.000342918714144351,0,0.000704551694016606,0,0.000432602208867288
0,0.000233797422371601,0,0,0,0,0,0.00214132365440356,0,0,0,0.0434497907607425,0,0.000129244846310114,0,0,0,0,0,0.0147708175115012,0,0,0,0,0,0,0,0,0,0.000499722090578066,0,0,0,0,0,5.73845871354088e-05,0,0.000119321076127703,0,0,0,0.00300974822536325,0,0,0,0,0,0,0,0.000522720794271244,0,0,0,0.0029027166265604,0,0,0,0,0,0.00250168749444245,0,0,0.00784562333877651,0,0,0,0,0,0,0,0.000517367072039215,0,0.0277371197332118,0,0,0,0,0,0,0,0.000496643151060233,0,0.000289027344969223,0,0.0043543867298641,0.000177766621692108,0
0,0,0.000242783036894227,0,0,0,0,0,0,0,0,0,0,0,0,0,0,0,0,0,0,0,0,0,0,0,0,0,0,0,0,0,0,0,0,0,0,0,0,0,0,0,0,0,0,0,0,0,0,0,0,0,0,0,0,0,0.000709026592690926,0,0,0,0,0,0,0,0,0,0,0,0,0,0,0.00533920144123246,0,0,0,0,0,0,0,0,0,0,0,0,6.31659497880312e-05,0,0
0,0,0,0,0,0,0,0,0,0,0,0.00398304172786319,0,0.0191958039231336,0,0,0,0,0,0,0,0,0,0,0,0,0,0.000289799339579877,0,0,0,0,0,0,0,0,0,0,0,0,0,0,0,0,0,0,0,0,0,0,0,0,0,0,0,0,0,0.00250168749444245,0,0,0,0,0,0,0,0,0,0,0,0,0.00509056677241313,0,0,0,0,0,0,0,0,0,0,0,4.97985274155661e-05,7.61436551521364e-05,0,0,0
0,0,0,0,0,0,0,0,0.0386880668054687,0,0,0,0,0,0.0535830811749101,0,0.00566086956065378,0,0,0,0,0,0,0,0,0,0.0106247609801246,0,0,0,0,0,0,0,0,0,0,0,0,0,0,0,0,0,0,0,0,0,0,0,0,0,0,0,0.0137890110792141,0,0,0,0,0,0,0,0,0,0,0,0,0,0,0.022754592878839,0,0,0,0,0,0,0,0,0,0,0,0,0.000133868356472083,0,0,0,0
0,0.00043061012960776,0,0,0,0,0,0,0,0.0433916684844234,0,0,0,0,0,0.147301310373446,0,0.00274088825629764,0,0,0,0,0,0,0,0.000352129724393698,0,0.000229598062851287,0,0,0,0,0,0,0,0,0,0,0,0,0,0,0,0,0,0,0,0,0,0,0,0,0,0,0,0.00479754690898495,0,0,0,0,0,0,0,0,0,0,0,0,0,0,0,0,0,0,0,0,0,0,0,0,0,0,0.000648404760971744,0,0,0,0
0,0,0,0,0,0,0,0,0,0,0,0.00979141980042408,0,0,0,0,0,0,0,0.164920046992707,0,0,0,0,0,0,0,0,0,0,0,0,0,0,0,0.00524623671147803,0,0.00151747561781329,0,0.00141008689506281,0,0.00640885765727746,0,0,0,0.0520862484430197,0,0,0,0,0,0,0,0,0,0,0,0.00784562333877651,0,0,0,0,0,0,0,0,0,0,0,0,0,0,0,0,0,0,0,0,0.0078361155158978,0,0.00184358676703165,0,0.00034078473071663,0,0.0125309625468572,0,0
0,0,0,0,0,0,0,0,0,0,0,0,0,0,0,0,0,0,0.000190855311999116,0,0.0352503968698318,0,0,0,0,0,0,0,0,0,0,0,5.80268438375828e-06,0,2.06332005515546e-05,0,0.00419777367835211,0,3.8052097693808e-06,0,0.00482223778415249,2.34595397395343e-05,0.00305010604794497,0,0,0,0.0714220370746861,0,0.00158844813346833,0,0,0,0,0,0,0,0.00420979650216509,0,0,0,0,0,0,0,0,0,0,0,0,0,0,0,0,0.00220868965391993,0,0,0,0.000108281372696734,0,0.00329372668510395,0,0.00158088687667986,0.000194455175954781,0,0.0145040656941246,0,0.00173522124829953
0,0,0,0,0,0,0,0,0,0,0,0,0,0,0,0,0,0.0013043399078329,0,0,0,0.0678151388461914,0,0,0,0.00201274491225884,0,0.00310923407986841,0,0,0,0,0,0,0,0,0,0.000749668626133142,1.93006132113039e-05,0,0,0,0,0,0,0,0,0,0,0.00698283466226094,0,0,0,0,0,0,0,0,0,0,0,0,0,0,0,0,0.00158590859765231,0,0.00236289827766547,0,0.00495178535971597,0,0,0,0,0,0,0,0,0,0.000245128158954525,0,0.000578223955715098,4.7592343081602e-05,0,0,0
0,0,0,0,0,0,0,0,0,0,0,0,0,0,0,0,0,0,0,0,0,1.68585431548857e-05,0.0571793671478574,0,0.000592859297613678,0,0.00132472768489356,0,0.00157581777218253,0,0,0,0,0,4.25105675939028e-06,0,0,0,0.00561764556919317,0,0,0,0,0,0,0,0,0,0.00630222580287796,2.22089517300895e-05,0,0,0,0,0,0,0,0,0,0,0,0,0,0,0,0,0,0.00119115993866732,0,0.00216428552801796,0,0.000623809120367326,0,0,0,0,0,0,0,0,0,0.00125150788130006,0.00198255775049457,0.000255553419869932,0,0,0
0,3.63691791036543e-05,0,0,0,0,0,0,0,0,0,0,0,0,0,0,0,0,0,0,0,1.72833952092333e-05,0,0.0159417304970434,0,0.00537322454867443,0,0,0,0,0,0,0,0,0,0,0,0.000394216596454698,0,0,0,0,0,0,0,0,0,0,0,0.00628856396758807,0,0,0,0,0,0,0,0,0,0,0,0,0,0,0.00158590859765231,0,0,0,0.0110230083187459,0,0,0,0,0,0,0,0,0,0,0,0.000480831625089786,0,3.57205249431009e-06,0,2.97029962754526e-05,0,0
0,0,0,0,0,0,0,0,0,0,0,0,0,0,0,0,0,0,0,0,0,0,0.00236310306771433,0,0.068418195425789,0,0.00906809302066651,0,0,0,0,0,0,0,0,0,0,0,0.002399259171074,0,0,0,0,0,0,0,0,2.66432164226001e-05,0.0166519547982299,0.00024325720271772,0,0,0,0,0,0,0,0,0,0,0,0,0,0,0,0.00119115993866732,0,0,0,0.0113348600475666,0,0.000390282364952264,0,0,0,0,0,0,0,0,0,0.00161126944940487,6.32181884071498e-05,0,0.000740879370852816,0,0
0,0,0,0,0,0,0,0,0,0,0,0,0,0,0,0,0,0.000714726633171189,0,0,0,0.00147960140799488,0,0.00223743993741489,0,0.045360361611292,0,0.000356286755604379,0,0,0,0,0,0,0,0,0,0,6.91014812171064e-06,0,0,0,0,0,0,0,0,0,0,0.0275115464169827,0,0,0,0,0,0,0,0,0,0,0,0,0,0,0.00236289827766547,0,0.0110230083187459,0,0,0,0.00328735683033024,0,0,0,0,0,0,0,0,0,0,0,3.91094988343647e-06,0,0.000857070805789378,0,0
0,0,0,0,0,0,0,0,0.00391209087699213,0,0,0,0,0,0.0126933295128665,0,0.00922492293359302,0,0,0,0,0,0.0034098101528144,0,0.0453824855750294,0,0.047256514301772,0,0.00162297550507227,0,0,0,0,0,0,0,0,0,0,0,0,0,0,0,0,0,0,0,0.0137983806325183,0,0,0,0,0,0.00569244100235787,0,0,0,0,0,0.022754592878839,0,0,0,0,0.00216428552801796,0,0.0113348600475666,0,0,0,0.00435870148185537,0,0,0,0,0,0,0,0,0,0,0.000262239175429725,0,0,0,0
0,0,0,0,0,0,0,0,0,0,0,0,0,0.00203224374214447,0,0,0,0,0,0,0,0.0061221618428222,0,0,0,0.00698404485859036,0,0.0517172642363574,0,0.00921469021351051,0,0,0,0,0,0,0,0.000290796155500048,8.45750037692858e-06,0,0,0,0,0,0,0,0,3.10637471280678e-05,0,0.041625552541296,0,0,0,0,0,0,0,0.000517367072039215,0,0.00509056677241313,0,0,0,0,0.00495178535971597,0,0,0,0.00328735683033024,0,0,0,0.0106098054629746,0,0,0,0,0,0,0,0.00189125138122137,0,0.00016022652220165,7.67855382028841e-06,0,0,0
0,0,0,0,0,0,0,0,0,0,0,0,0,0,0,0,0,0,0,0,0,0,2.12528162284591e-05,0,0.00030617567998041,0,0.000465603243452237,0,0.0147120667389167,0,0,0,0,0,0,0,0,0,0.000143431434499298,0,0,0,0,0,0,0,0,0,0.0231908201891681,0,0,0,0,0,0,0,0.00874019064717372,0,0.00533920144123246,0,0,0,0,0,0,0.000623809120367326,0,0.000390282364952264,0,0.00435870148185537,0,0,0,0.0155143877247887,0,0,0,0,0,0,0,0.000997644852668997,0,0,0.000106937058088781,0,0
0,0,0,0,0,0,0,0,0,0,0,0.00872802157312462,0,0,0,0,0,0,0,0.000372918114008339,0,0,0,0,0,0,0,0.00182065842685472,0,0.0408240567934181,0,0,0,0,0,0,0,0.000384690594637873,0,0,0,0.0181792361011859,0,0,0,0,0,0,0,0.0123815505050522,0,0,0,0,0,0,0,0.0277371197332118,0,0,0,0,0,0,0,0,0,0,0,0,0.0106098054629746,0,0,0,0,0,0,0,0,0,0.0231656911229728,0,0.000299179825581267,4.9460768871206e-05,0.0118724097187477,0,0
0,0,0,0,0,0,0,0,0,0,0.00171548506644844,0,0,0,0,0,1.031663532257e-05,0,0.00290744738650702,0,0.000340001432989249,0,0,0,0,0,0,0,1.35179006644222e-05,0,0.00781890245022004,0,0,7.72717381006243e-05,0.000148916362639855,0,0,0,0.00228965228515765,0,0.00065482250650384,0.000277408558423989,0.0156041543100108,0,5.41092803345543e-05,0,0.0196909198968117,0.000100670979308554,0.0187936253412399,0,0,0,0,0,0,0,0.030001499880723,0,0,0,0,0,0,0.00220868965391993,0,0,0,0,0,0,0,0.0155143877247887,0,0,0,0,0,0.000717602203122103,0,0.000240484545371507,0,0.0084915265545576,0.00070267369502675,7.89787234893507e-06,0.00985557598335659,0,0.0164055981310089
0,0,0,0,0,0,0,0,0,0,0,0,0,0,0,0,0,0,0,0,0,0,0,0,0,0,0,0,0,0,0,0.093987022831457,0.0292941689153003,0.00200571514608244,0,0.000703457787254677,0.000625967932088803,0,0,0.00103080702787994,0,0.000494170459004697,0,0,0,0,0,0.0306118850205274,1.78110533686354e-05,0.0297915931033745,0,0,0,0,0,0,0,0,0,0,0,0,0,0,0,0,0,0,0,0,0,0,0,0,0,0.00210752278524493,0.00402608559511945,0,0.00192957107034838,0.000103618713131108,0,0,0.000863655131968682,0,0.00104181435617883,0,0
0,0,0,0,0,0,0,0,0,0,0,0,0,0,0,0,0,0,3.7631619904308e-05,0,0,0,0,0,0,0,0,0,0,0,0,0.00362419624804249,0.0426363057260302,0,0.00528200442379914,7.62382984327686e-05,0.00100674265950387,0,0,0,9.63902937813098e-05,5.28921400358463e-05,0.00040440581076293,0,0,0,3.66370315021025e-05,0.000441946680129655,0.000327766630164111,0,0,0,0,0,0,0,0,0,0,0,0,0,0,0,0,0,0,0,0,0,0,0,0,0,0.00210752278524493,0,0,0.00970879010180189,0,0.00252024061499219,0,3.44979361046593e-06,0.00115554616173405,0,0.000289633564750602,0,0
0,0,0,0,0,0,0,0,0,0,0,0,0,0,0,0,0,0,5.78558980605389e-06,0,0,0,0,0,0,0,0,0,0,0,0,0.0145395896410254,0,0.226524925083812,0.089983864141205,0.000936107993705612,0.00120766877620184,0.00202818892393933,0.000359063306056852,0,0,0,4.94271730944567e-05,0,0,0,0,0.0140478679909717,0.000552965063154625,0.00418749653665296,0,0,0,0,0,0,0,0,0,0,0,0,0,0,0,0,0,0,0,0,0,0,0,0,0.00402608559511945,0,0,0.0697221676484126,0.00393580246972511,2.28939306203587e-05,0.0200316180202262,0.00368942775267059,0.00124191127082407,0,8.86719488176597e-06,0,0
0,0,0,0,0,0,0,0,0,0,0,0,0,0,0,0,0,0,0.001207590350441,0,0,0,0,0,0,0,0,0,0,0,0,0.000122953219614755,0.00991845708710527,0.111083203828902,0.103905670975684,0,0.00125409606407883,0.00727616472204835,0.00230440222969354,0,0.000901937171573496,0.00128189182256078,0.0156974545923123,1.92005853145135e-05,0,0,0.000718436457709269,0.0174764060953424,0.0321005742981327,0.0102351483404903,0,0,0,0,0,0,1.25958708428103e-05,0,0,0,0,0,0,0.000108281372696734,0,0,0,0,0,0,0,0,0,0.000717602203122103,0,0.00970879010180189,0.0697221676484126,0,3.71608045700554e-05,0.00356994230382554,0.0040318669885047,0.00429754433460907,0.000830120789020166,4.59864774012277e-06,0.00463822380342553,0,0.00114530147149368
0,0,0,0,0,0,0,0,0,0,0,1.59544861530779e-06,0,0,0,0,0,0,0,0.00515972356573119,0,0,0,0,0,0,0,0,0,0,0,0.00354341119108551,0.000759284753393043,0.00595117713450147,8.10200548439191e-05,0.0470503738676709,0.00181953482104127,0.00171532274873665,0,0.0177238901154138,0,0.00197711956788369,0,0,0,0.000622308187194815,0,0.00126679187788695,0,0.00115197068455099,0,0,0,0,0,0,0,0,0,0,0,0,0.0078361155158978,0,0,0,0,0,0,0,0,0,0,0,0.00192957107034838,0,0.00393580246972511,3.71608045700554e-05,0,0.00033706507143549,0.00845775436512364,0,0.00394991419276903,0.00035045199491098,0.00182220097899252,0,0
0,5.40218460298982e-05,8.47439350721717e-05,0,0,0,7.03887525535215e-05,0,0,0,0.000187020967757081,0,0,0,0,0,0,0,0.00369319925361608,0,2.9291394278475e-05,0,0,0,0,0,0,0,0,0,0,0.000758136556029975,0.000436996395045575,0.00307609243440724,0.00324480786953634,0.000655008216708821,0.0364245637211037,0,0.00284168400123261,0,0.00363168611566985,0.00137300288599071,0.0139909828557118,5.49045148114796e-06,0,2.4111430352108e-05,0.0103533631462959,0.000514330776248622,0.00246029845752382,3.44132667502871e-05,0,0,0,0,0,0,8.07302065622121e-05,0,0,0,0,0,0,0.00329372668510395,0,0,0,0,0,0,0,0,0,0.000240484545371507,0.000103618713131108,0.00252024061499219,2.28939306203587e-05,0.00356994230382554,0.00033706507143549,0,0,0.00487444726189051,0.0082447035999746,0.000751569383539276,0.00451166177832699,0,0.000323235528735439
0,0.000172530506368277,0,0,0,0,0,0,0,0,0,0.00184295132303546,0,0,0,0,0,0,0,0.00322940007641935,0,0.000136363708197236,0,1.68137518061228e-05,0,0,0,0.000319659873313273,0,0.000931191231634306,0,0,0,0.0141973396862342,0.00312340249662997,0.00674743393288629,0,0.102385859876631,0.000203137948141754,0.00162922178394128,0,0.00269045717253268,2.8664145805789e-06,0,0,0,0,0.000941414676666221,3.49020495125324e-06,0.00732839906177071,0,0,0,0,0,0,0,0.000496643151060233,0,0,0,0,0.00184358676703165,0,0.000245128158954525,0,0.000480831625089786,0,0,0,0.00189125138122137,0,0.0231656911229728,0,0,0,0.0200316180202262,0.0040318669885047,0.00845775436512364,0,0,0.00111281337241612,0.00343389865968424,0.000917507396980814,0.00968998844204209,0,0
0,5.08046859525669e-05,0,0,0,0,0,0,2.30730940511279e-05,0,4.06580379243193e-06,0,0,0,0,0,1.02577584349593e-05,5.27746012589635e-06,0.00581794334962228,0,6.25281074994113e-06,0.000338032210564836,0.00497349622017574,0,0.00142810414473216,0,0,0,0.0008940363023001,0,0.000916957634840919,0,5.97004905946818e-05,0.00367365824635382,0.00951563687445006,0,0.00380107167142764,0.00318116460958331,0.0665227511389489,0,0.000568640760151699,0.00121101838953996,0.0153074461019782,1.53533402572146e-05,1.07923018579988e-05,4.4735204292307e-06,0.00822278335117311,0.00176245442579834,0.0116099914629457,0.00754468198874491,0,0,0,0,0,0,5.77935698358712e-05,0,0,0,0,0,0,0.00158088687667986,0,0.00125150788130006,0,0.00161126944940487,0,0,0,0.000997644852668997,0,0.0084915265545576,0,3.44979361046593e-06,0.00368942775267059,0.00429754433460907,0,0.00487444726189051,0.00111281337241612,0,0.00273054696355264,0.000167111609757577,0.00390344471260723,0,0.00203732698498504
