0,1.57729625701904,122.720007717609,0,0,0,0,0,275.845567524433,0.160249754786491,0,0,0,0,0,0,0.41271810233593,0.373747676610947,52.7886154353619,0,0,0,0,0,0,0,0,0,0,0,0,0,0,0.334656447172165,0,0,0,0.232233002781868,0,0,7.8466993868351,0,134.059992007911,0,0,0,56.6715487092733,0.649012640118599,395.730563119054,2.47765083611012,0,0,0,0,320.872741952538,0,0,0,0,0,20.1225443184376,0,0,13.7306043207645,0,0,0,11.6882595717907,0,0,0,0,0,0,0,0,0,0,0,58.9194992780685,0.471882969141006,1.0799845457077,167.774893209338,0,186.10422988236,0,0
1.57729625701904,0,0,90.5549513250589,0,0.384380549192429,0,0,0,198.646156087518,0,0,0,0,0,0,0,0,41.0512312352657,0,0,0,0,0,0,0,0,0,0,0,0,0,0,0,0,0,0,0.150651395320892,0,11.6975012421608,0,219.044469296932,4.00334985554218,0,0,11.9739096462727,0,0.973826482892036,16.0172484070063,234.757640063763,0,0,0,0,0,308.252311974764,0,3.34879074990749,0,2.33380125463009,0,68.2754736840725,0.461310565471649,0,0,0,40.3142525404692,0,0,0,0,0,0.308240711688995,0,0,0,0,0,79.1929377764463,0,1.57895168662071,0.700588151812553,244.077478140593,0,313.804392039776,0,0
122.720007717609,0,0,0,87.263591170311,0,0,0,26.3144606053829,0,0,0,0,0,0,0,0.346221685409546,0,0.47825263440609,0,0,0,0,0,0,0,0,0,0,0,0,0,0,0,0,0,2.30079865455627,0,0,0,5.19491572678089,0,27.1496835798025,0,0,0,7.82617478072643,1.81552907824516,79.7075236588717,0,47.2718081474304,0,0,0,379.489413052797,0,37.8593680858612,0,212.519824773073,0,10.1457759141922,0,0,3.86201447248459,0,0,0,0,0,0,0,0,0,0,0,0,0,0,0,3.15099391341209,0,0,174.842601858079,0,326.733635127544,0,1.52676951885223
0,90.5549513250589,0,0,0,95.1220164299011,0,0,0,126.2431024611,0,0,0,0,0,0,0.138259023427963,0,0.780890479683876,9.14502280950546,0,0,0,0,0,0,0,0,0,0,0,0,0,0,0,14.6894067376852,0.148602649569511,0,0,22.46263641119,0,20.1429820209742,1.27776545286179,0,0,2.047377794981,0,3.78046595305204,1.1367057338357,70.9378800839186,0,58.9359021782875,0,0,0,521.057113021612,0,29.1960436701775,0,125.193954080343,0,137.571983024478,0.380746304988861,0,0,0,0,0,0,0,0,0,4.99505168199539,0,0,0,0,0,47.1025263220072,0,5.82370434701443,0,179.258011527359,0,370.400154665112,0,0
0,0,87.263591170311,0,0,0,0,0,198.868180215359,0,0,0,4.85364580154419,0,0,0,0,0,0,0,71.4263237416744,0,0,0,0,0,0,0,0,0,0,0,0,0,0,0,2.49501204490662,0,0,0,0,0,0.835061967372894,0,0,0,0,0,0,0,202.837393462658,0,0,0,38.5780216753483,0,0,0,0,0,81.1476195454597,0,0,0,0,0,0,0,0,0,0,0,0,0,0,0,0,0,0,0.405330777168274,0,0,196.04126483202,4.89206886291504,183.672494590282,0,0
0,0.384380549192429,0,95.1220164299011,0,0,0,0,0,102.321652770042,0,0,0,0,0,11.8718248307705,0,0,0,117.283043682575,0,0,0,0,0,0,0,0,0,0,0,0,0,0,0,23.2113712728024,0.19162979722023,0,0,2.02860647439957,0,4.52759850025177,0,0,0,1.05532479286194,0,0.202810645103455,0,6.2729828953743,0,48.0420613586903,0,0,0,6.51281332969666,0,0,0,0,0,8.267059892416,17.6068049669266,0,0,0,0,0,0,0,0,0,0,0,0,0,0,0,63.8689591288567,0,0,0,349.114985331893,3.99007976055145,63.3543641716242,0,0
0,0,0,0,0,0,0,0,0,0,0,0,0,0,0,0,0,0,0,0,0,0,0,0,0,0,0,0,0,0,0,0,0,0,0,0,0,0,0,0,0,0,0,0,0,0,0,0,0,0,0,0,88.4547846317291,0,0,0,42.5321184396744,0,203.885862588882,0,0,0,0,0,0,0,0,0,0,0,0,0,0,0,0,0,0,0,0,0,0,0,0,0,0,0,0
0,0,0,0,0,0,0,0,0,0,0,99.1110348403454,0,23.8415780067444,0,0,0,0,0,0,0,0,0,0,0,0,0,0,0,0,0,0,0,0,0,0,0,0,0,0,0,0,0,0,0,0,0,0,0,0,0,1,0,0,0,0,0,40.2735300958157,0,0,0,0,0,0,0,0,0,0,0,0,0,0,0,0,0,0,0,0,0,0,0,0,7.35049116611481,0,0,0,0
275.845567524433,0,26.3144606053829,0,198.868180215359,0,0,0,0,0,0,0,0,0,417.913851886988,0,39.3243591189384,0,11.2596294283867,0,0,0,0,0,0.712355673313141,0,0,0,0,0,0,0,0,0,0,0,0,0,105.326839879155,0,0.797359883785248,0,83.4573457837105,0,0,0,0,0,15.7207958102226,0,230.015942811966,0,0,0,337.855503618717,0,0,0,0,0,121.813537061214,0,0,0,0,0,0,6.39952327311039,0,0,0,0,0,0,0,0,0,0,0,0,0.132366195321083,40.5254680514336,2893.75416144729,20.3559429645538,134.055779829621,0,4.64541943371296
0.160249754786491,198.646156087518,0,126.2431024611,0,102.321652770042,0,0,0,0,0,0,0,0,0,326.158528983593,3.08658105134964,81.9725681096315,15.1805840134621,0,0,0,0,15.7607930600643,0,1.89874136447906,0,0,0,0,0,0,0,0,0,0,0,191.791690386832,0,0.670744314789772,0,30.5326274484396,0,0,0,0.564566969871521,0,0,0.219145342707634,92.4544508308172,0,14.8339268118143,0,0,0,489.651300236583,0,0.460182726383209,0,0,0,57.2010686397552,0,0,0,0,14.6690635383129,0,0,0,0,0,0.340931981801987,0,0,0,0,0,1.35046136379242,0,52.4674306809902,0,1031.42852696031,0,165.148135468364,0,0
0,0,0,0,0,0,0,0,0,0,0,0,557.241196125746,0,0,0,0,0,0,0,521.305881284177,0,0,0,0,0,0,0,41.5570504665375,0,0,0,0,0,0,0,602.166544765234,0,837.063511990011,0,0,0,0,0,0,0,0,0,0,0,0,0,0,0,0,0,1840.67700654268,0,208.783062785864,0,0,0,0,29.6545361578465,0,0,0,0,0,0,0,0,0,59.5768129229546,0,0,0,0,0,231.412706851959,0,155.935531951487,489.988444417715,586.955477446318,0,0,0
0,0,0,0,0,0,0,99.1110348403454,0,0,0,0,0,576.591799691319,0,0,0,0,0,1111.57378916442,0,0,0,0,0,0,0,73.0030980706215,0,312.475474745035,0,0,0,0,0,1149.41415023804,0,2074.66372559965,0,0,0,0,0,0,0,0,0,0,0,0,0,0,0,62.8977227210999,0,0,0,2633.45175950229,0,107.398149937391,0,0,1489.7498935312,0,0,0,0,0,0,0,0,0,47.9399039149284,0,0,0,0,0,340.488213479519,0,866.958481013775,0,998.67238278687,2.92672860622406,5.89501619338989,0,0
0,0,0,0,4.85364580154419,0,0,0,0,0,557.241196125746,0,0,0,428.134117946029,0,0,0,0,0,0,0,0,0,0,0,2.38385546207428,0,69.8009071350098,0,0,0,0,0,0,0,0,0,0,0,0,0,0,0,0,0,0,0,0,0,6.32255268096924,0,0,0,0,0,242.28855919838,0,955.792718023062,0,21.5446363985538,0,0,0,0,0,0,0,0,0,0,0,0,0,0,0,0,0,0,0,0,0,634.420073270798,1225.38921499252,0,0,0
0,0,0,0,0,0,0,23.8415780067444,0,0,0,576.591799691319,0,0,0,169.882254958153,0,0,0,0,0,0,0,0,0,0,0,30.179497718811,0,0,0,0,0,0,0,0,0,0,0,0,0,0,0,0,0,0,0,0,0,0,0,0,0,0,0,0,0,404.027318134904,0,716.335501372814,0,505.598717242479,0,0,0,0,0,0,0,0,0,0,0,0,0,0,0,0,0,0,0,0,161.10921022296,283.447279334068,0,0,0
0,0,0,0,0,0,0,0,417.913851886988,0,0,0,428.134117946029,0,0,0,4.43530666828156,0,0,0,0,0,0,0,0,0,0,0,0,0,0,0,0,0,0,0,0,0,0,0,0,0,0,0,0,0,0,0,0,0,1.25948131084442,0,0,0,0,0,0,0,439.32634074986,0,148.377631664276,0,0,0,0,0,0,0,0,0,0,0,0,0,0,0,0,0,0,0,0,0,297.597943276167,84.5127968788147,0,0,0
0,0,0,0,0,11.8718248307705,0,0,0,326.158528983593,0,0,0,169.882254958153,0,0,0,31.7917486727238,0,0,0,0,0,0,0,0,0,0,0,0,0,0,0,0,0,0,0,0,0,0,0,0,0,0,0,0,0,0,0,0,0,13.7314088642597,0,0,0,15.4391829371452,0,0,0,1.63647478818893,0,455.289122909307,0,0,0,0,0,0,0,0,0,0,0,0,0,0,0,0,0,0,0,0,94.3421359062195,97.8578929901123,0,0,0
0.41271810233593,0,0.346221685409546,0.138259023427963,0,0,0,0,39.3243591189384,3.08658105134964,0,0,0,0,4.43530666828156,0,0,12226.355219692,4535.15149077773,0,0,28.3957783579826,420.873524188995,0,92.4289482831955,60.2457290291786,1089.17418397963,0,0,0,0,0,0,0,0,0,1.3995947688818,0,0,61.930034942925,31.9717845097184,39.0583910569549,132.282728619874,0,0,16.0359469652176,50.4538029879332,0,0.18409638106823,2.44300937652588,0,0,0,0,4.7414448261261,0,0,0,0,0,17.0620611906052,0,2.30678081512451,20.7490733712912,0,4.39304614067078,0,0.360860973596573,1.90297581255436,900.499969661236,0,0,0.50760555267334,0,0,0,0,0,83.9472956359386,71.5093068629503,14.0952638834715,18.2025239989161,5062.01662961394,269.886423200369,267.417008623481,0,5.81670385599136
0.373747676610947,0,0,0,0,0,0,0,0,81.9725681096315,0,0,0,0,0,31.7917486727238,12226.355219692,0,3457.98289185762,0,0,112.960650622845,0.271624088287354,33.6658324897289,21.1966200619936,1342.49621994793,17.4797470867634,5.17192786931992,0,0,0,0,0,0,0,0.386267602443695,0.185697570443153,0,0,120.098789915442,7.23118440806866,91.0930973440409,20.1783846914768,0,0,22.6121923774481,15.8793214708567,0,0,6.52153591811657,0,0.210039064288139,0,0,0,16.5538588166237,0,0,0,0,3.77919042110443,16.9715567827225,0.229894995689392,6.535345941782,4.760289311409,0,5.81142228841782,0,252.887124747038,35.4110621809959,0,0,2.6771381944418,0,0,0,0,0,180.669352099299,24.1187624260783,28.7630262225866,5.78533811122179,4205.98149801791,1013.35607606173,211.420227482915,1.84780809283257,1.28803896903992
52.7886154353619,41.0512312352657,0.47825263440609,0.780890479683876,0,0,0,0,11.2596294283867,15.1805840134621,0,0,0,0,0,0,4535.15149077773,3457.98289185762,0,0,0,3.83830906450748,1.3438304066658,0,6.91910566389561,12.8392572551966,9.18129980564117,0,0,0,0,0,0,0,0,5.08663702011108,11.6473631262779,0,0,611.489214211702,246.130343034863,747.093199715018,928.470544271171,18.84220251441,1.08327162265778,62.0409022420645,455.681908510625,0,0.522634655237198,24.3657646924257,0,0,0,0,5.95867926627398,10.5271345376968,0,1.72645574808121,0,0.40513913333416,0,0.378734350204468,12.1161951571703,155.506372720003,0,0,0,5.33211261034012,5.93451645970345,27.9620073139668,0,0,31.0394678115845,0,0,0,0,0,1358.30585096776,746.98172263056,302.402008190751,124.857391662896,3642.6629159674,0,2997.24503017962,45.8307867497206,55.574078425765
0,0,0,9.14502280950546,0,117.283043682575,0,0,0,0,0,1111.57378916442,0,0,0,0,0,0,0,0,0,0,0,0,0,0,0,0,0,0,0,0,0,0,0,1697.6763112992,0,308.570996373892,0,0,0,0,0,0,0,0.620720982551575,0,0,0,0,0,2.51295167207718,0,0,0,0,0,0.651273190975189,0,0,0,0,2166.69610521197,0,0,0,0,0,0,0,0,0,0,0,0,0,0,0,626.006835624576,0,116.39542606473,0,233.403676897287,0,201.378391742706,0,0
0,0,0,0,71.4263237416744,0,0,0,0,0,521.305881284177,0,0,0,0,0,0,0,0,0,0,0,0,0,0,0,0,0,0,0,0,0,0,0,0,0,2803.58023661375,0,1015.89565203339,0,0.192817956209183,0,0,0,0,0,3.26653237640858,0,0,0,69.1801673471928,0,0,0,0,0,519.123992525041,0,0,0,0,0,0,695.474191978574,0,0,0,0,0,0,0,0,0,0,0,0,0,0,0,885.053385555744,0,273.124269478023,455.459638476372,0,38.1928370296955,0,0
0,0,0,0,0,0,0,0,0,0,0,0,0,0,0,0,28.3957783579826,112.960650622845,3.83830906450748,0,0,0,1888.92635095119,34.5877529680729,0,48.8401951342821,0,344.890849292278,0,0,0,0,0,0.900190263986588,0,0,0,407.236145108938,109.44840657711,0,0,0,0.574770331382751,0,0,0,0,7.85125111043453,2.31393152475357,274.365967094898,0,0,0,0,0,0,0,0,0,0,0,0,0,0,5606.59295447916,100.060396969318,122.110386803746,0,3.90465462207794,0,41.6293947100639,0,0,0,0,0,0,0,0,0,622.5267329216,0,1467.59915211797,90.7380366623402,13.2110165655613,0,0
0,0,0,0,0,0,0,0,0,0,0,0,0,0,0,0,420.873524188995,0.271624088287354,1.3438304066658,0,0,1888.92635095119,0,0,80.2034316062927,0,127.152510523796,0,11.5492250323296,0,0,0,0,0,0,0,0,0,398.516598284245,0,0,0,0,0,0,0,0,0,32.1733537614346,0.174844086170197,0,0,0,0,0,0,0,0,0,0,0,0,0,0,139.68747292459,6714.0237724334,0,14.6295519173145,0,41.1866796016693,0,34.7836286127567,0,0,0,0,0,0,0,0,0,405.674595713615,1279.30518323183,28.4528792500496,0.152099519968033,0,0
0,0,0,0,0,0,0,0,0,15.7607930600643,0,0,0,0,0,0,0,33.6658324897289,0,0,0,34.5877529680729,0,0,0,172.091581821442,0,0,0,0,0,0,0,0,0,0,0,764.261147022247,0,0,0,0.640837430953979,0,0,0,0,0,0,0,61.5744027346373,0,0,0,0,0,0.295473843812943,0,0,0,0,0,0,0,0,34.5486751198769,0,659.917852133512,0,6.13483715057373,0,0,0,0,0,0,0,0,0,0,0,167.651926651597,0,243.479815796018,0,10.9644672721624,0,0
0,0,0,0,0,0,0,0,0.712355673313141,0,0,0,0,0,0,0,92.4289482831955,21.1966200619936,6.91910566389561,0,0,0,80.2034316062927,0,0,0,125.655920505524,0,0,0,0,0,0,0,0,0,0,0,344.462081447244,0.333166629076004,0,0,0.123688004910946,0,0,0,0,0,14.1471927911043,0,0,0,0,0,0,0,0,0,0,0,0,0,0,0,0,6.2555183172226,0,458.786516696215,0,101.225672334433,0,0,0,0,0,0,0,0,0,0,0,72.6501110047102,27.9240772277117,0,8.0720841139555,0,0
0,0,0,0,0,0,0,0,0,1.89874136447906,0,0,0,0,0,0,60.2457290291786,1342.49621994793,12.8392572551966,0,0,48.8401951342821,0,172.091581821442,0,0,0,1.09560108184814,0,0,0,0,0,0,0,0,0,0,0,0,0,0,0,0,0,0,0,0,0,0,0,0,0,0,0,0,0,0,0,0,0,0,0,0,70.1217173337936,0,72.2052361965179,0,81.1819405555725,0,0,0,0,0,0,0,0,0,0.683740377426147,0.323558956384659,0,0,119.061553135514,0,0,0,0
0,0,0,0,0,0,0,0,0,0,0,0,2.38385546207428,0,0,0,1089.17418397963,17.4797470867634,9.18129980564117,0,0,0,127.152510523796,0,125.655920505524,0,0,0,391.081966996193,0,0,0,0,0,0,0,0,0,0,0,0,0,0,0,0,0,0,0,0,0,0,0,0,0,0,0,0,0,0,0,0,0,0,0,0,138.070109575987,0,89.6222253441811,0,613.191915690899,0,526.258163154125,0,0,0,0,0,0,0,0,0,0,214.740193024278,0,1.55782926082611,0,0
0,0,0,0,0,0,0,0,0,0,0,73.0030980706215,0,30.179497718811,0,0,0,5.17192786931992,0,0,0,344.890849292278,0,0,0,1.09560108184814,0,0,0,196.8338124156,0,0,0,0,0,0,0,0,0,0,0,0,0,0,0,0,0,0,0,0,0,0,0,0,0,0,0,128.777038037777,0,563.376452922821,0,0,0,0,139.414845436811,0,0,0,25.4110564887524,0,2093.73287284374,0,101.482110261917,0,0,0,0,0,0,0,13.4753613471985,0,80.1349878907204,61.8939602375031,0,0,0
0,0,0,0,0,0,0,0,0,0,41.5570504665375,0,69.8009071350098,0,0,0,0,0,0,0,0,0,11.5492250323296,0,0,0,391.081966996193,0,0,0,319.202252656221,0,0,0,0,0,0,0,28.2702785730362,0,0,0,0,0,0,0,0,0,0,0,0,0,0,0,0,0,80.9310545921326,0,5.56388211250305,0,0,0,0,0,0,33.9991876333952,0,0,0,16.773696154356,0,1374.01530168951,0,9.60644116997719,0,0,0,0,0,0,0,146.006323695183,138.178511857986,105.639340162277,0,0,0
0,0,0,0,0,0,0,0,0,0,0,312.475474745035,0,0,0,0,0,0,0,0,0,0,0,0,0,0,0,196.8338124156,0,0,0,0,0,0,0,0,0,462.419581890106,0,0,0,0,0,0,0,0,0,0,0,0,0,0,0,0,0,0,0,247.497949466109,0,0,0,0,0,0,0,0,0,0,0,0,94.0296673774719,0,1094.22128427029,0,0,0,0,0,0,0,241.638231858611,0,64.5998368263245,0,0,0,0
0,0,0,0,0,0,0,0,0,0,0,0,0,0,0,0,0,0,0,0,0,0,0,0,0,0,0,0,319.202252656221,0,0,0,0,0,0,0,0,0,131.787356302142,0,0,0,0,0,0,0,0,0,0,0,0,0,0,0,0,0,92.9072425365448,0,0,0,0,0,0,0,0,0,0,0,0,0,0,53.7487585246563,0,625.095764681697,0,0,0,0,0,0,0,94.18957708776,350.676614880562,164.42597079277,0,0,0
0,0,0,0,0,0,0,0,0,0,0,0,0,0,0,0,0,0,0,0,0,0,0,0,0,0,0,0,0,0,0,0,414.57513999939,100.666340827942,32.3545209467411,809.661779657006,0,0,0,0,0,0,0,0,0,0,0,293.155715435743,2.52349522709846,1.59567967057228,0,0,0,0,0,0,0,0,0,0,0,0,0,0,0,0,0,0,0,0,0,0,0,0,735.869232073426,429.727933496237,9.54072412848473,17.7349150180817,429.058739602566,2.55302786827087,0,0,269.862937599421,0,0,0,0
0,0,0,0,0,0,0,0,0,0,0,0,0,0,0,0,0,0,0,0,0,0,0,0,0,0,0,0,0,0,0,414.57513999939,0,24.9097024202347,118.853199481964,0,305.534805119038,0,0,0,0,0,0,0,0,0,0,1334.10824793577,3.72836548089981,0,0,0,0,0,0,0,0,0,0,0,0,0,0,0,0,0,0,0,0,0,0,0,0,0,134.242722094059,854.548059374094,8.49597835540771,85.531663954258,0,91.5695719122887,0,0,67.3323411345482,0,0,0,0
0.334656447172165,0,0,0,0,0,0,0,0,0,0,0,0,0,0,0,0,0,0,0,0,0.900190263986588,0,0,0,0,0,0,0,0,0,100.666340827942,24.9097024202347,0,2664.14095765352,620.406500175595,0,311.55857732892,41.1214811503887,0,0,0.254289895296097,0,0,0,0,0,3679.16117541492,56.6253795176744,29.0951349139214,0,0,0,0,0,0,0,0,0,0,0,0,0,0,0,0,0,0,0,0,0,0,0,0,120.555130317807,0,1903.25001767278,1544.04686656594,230.865714624524,0,474.298896163702,174.641366563737,454.87936912477,73.5124000310898,0.639274835586548,0,0
0,0,0,0,0,0,0,0,0,0,0,0,0,0,0,0,0,0,0,0,0,0,0,0,0,0,0,0,0,0,0,32.3545209467411,118.853199481964,2664.14095765352,0,0,1176.85255332291,70.2314454615116,64.2675384283066,0,0,0,0,0,0,0,0,3358.66413992643,39.8702764213085,4.13904896378517,0,0,0,0,0,0,0,0,0,0,0,0,0,0,0,0,0,0,0,0,0,0,0,0,20.8884826302528,53.7859813123941,795.560759618878,2401.05421642959,1.75550425052643,1237.43461050093,0.539938926696777,166.093935981393,88.0279912948608,0,0.806628584861755,0,0
0,0,0,14.6894067376852,0,23.2113712728024,0,0,0,0,0,1149.41415023804,0,0,0,0,0,0.386267602443695,5.08663702011108,1697.6763112992,0,0,0,0,0,0,0,0,0,0,0,809.661779657006,0,620.406500175595,0,0,150.846913039684,1935.01528401673,0,4.57947809994221,0,2.95075440406799,0,0,0,104.883464157581,0,12.2960548996925,12.7564100623131,39.6614699363708,0,9.16161662340164,0,0,0,0,0,35.5054622143507,0,5.96120646595955,0,2.68579369783401,904.125293627381,0,0,0,0,0,0,0,0,0,0.196374699473381,0,582.015619337559,0,381.009612411261,0,17149.8807009831,168.882842451334,171.45279815048,0,1362.49596558511,0,129.025837644935,0,0
0,0,2.30079865455627,0.148602649569511,2.49501204490662,0.19162979722023,0,0,0,0,602.166544765234,0,0,0,0,0,1.3995947688818,0.185697570443153,11.6473631262779,0,2803.58023661375,0,0,0,0,0,0,0,0,0,0,0,305.534805119038,0,1176.85255332291,150.846913039684,0,0,3325.35609655082,0.228883489966393,63.6840839087963,0,9.03785406798124,0,0,0,51.8551577925682,7.22661626338959,39.1797052249312,0.726771757006645,0,0,0,0,0,0,480.817870676517,0,0,0,0,0,0,415.180596664548,0,0,0,0,0,0,0,0,0.144841358065605,0,0,138.823672890663,0,443.03393381834,38.4905475378036,17090.247503005,0,202.933687053621,1650.25632861257,0,342.82102342695,0,0
0.232233002781868,0.150651395320892,0,0,0,0,0,0,0,191.791690386832,0,2074.66372559965,0,0,0,0,0,0,0,308.570996373892,0,407.236145108938,0,764.261147022247,0,0,0,0,0,462.419581890106,0,0,0,311.55857732892,70.2314454615116,1935.01528401673,0,0,1070.86958858371,0,0,9.71069157123566,1.59986436367035,0,0,0,0,89.3622343987226,14.9835314005613,163.567754507065,0,0,0,0,0,52.0242754220963,0,504.138427123427,0,0,0,0,25.2750439941883,0,110.400611147285,0,388.533457428217,0,0,0,19.8230509757996,0,98.9247156977654,0,0,0,90.2301960140467,0.412985563278198,870.525549605489,0,14097.6220216155,181.161223739386,1926.33228354156,146.283509492874,127.75823161006,0,0
0,0,0,0,0,0,0,0,105.326839879155,0,837.063511990011,0,0,0,0,0,0,0,0,0,1015.89565203339,109.44840657711,398.516598284245,0,344.462081447244,0,0,0,28.2702785730362,0,131.787356302142,0,0,41.1214811503887,64.2675384283066,0,3325.35609655082,1070.86958858371,0,0,0,0.42653851211071,28.2632775753736,0,0,0,3.23384420573711,15.2434187084436,724.357788592577,2.87629489600658,0,0,0,0,74.5877250880003,0,252.968077272177,0,0,0,0,0,0,73.8541468083858,7.85442978143692,229.296379178762,0,91.4831768423319,0,0,0,0,0,14.5674386918545,0,0,33.6972920000553,68.2280205488205,0,1024.37621042877,36.6035816818476,16214.5750595257,2148.57159117609,181.385461583734,228.091837644577,0,0
0,11.6975012421608,0,22.46263641119,0,2.02860647439957,0,0,0,0.670744314789772,0,0,0,0,0,0,61.930034942925,120.098789915442,611.489214211702,0,0,0,0,0,0.333166629076004,0,0,0,0,0,0,0,0,0,0,4.57947809994221,0.228883489966393,0,0,0,0.140120208263397,673.308433264494,7.06078924238682,10.9022727608681,0,144.113236665726,2.14662651717663,1.72313717007637,1.99574214220047,357.860115125775,0,8.61344543099403,0,0,0,5.88597284257412,0,4.39473614096642,0,4.37269103527069,0,8.78515529632568,179.839910879731,0.866744756698608,0,0,0,0,0,0,0.165978386998177,0,12.0953892320395,0,0,0,0,0,814.688657149673,2.07615777850151,174.424190953374,0.69184485077858,330.646520167589,0,1865.65889202058,37.7579707950354,0
7.8466993868351,0,5.19491572678089,0,0,0,0,0,0.797359883785248,0,0,0,0,0,0,0,31.9717845097184,7.23118440806866,246.130343034863,0,0.192817956209183,0,0,0,0,0,0,0,0,0,0,0,0,0,0,0,63.6840839087963,0,0,0.140120208263397,0,0.139309108257294,267.225518554449,0,0,0.273093551397324,538.016464240849,2.58138737082481,212.221146687865,0,0,0,0,0,1.44736306369305,0,0,0,0,0,0,0,0,491.793910197914,0,0,0,0,0,0,0,0,0,7.69149267673492,0,0,0,0,1.16930389404297,905.522219881415,0,227.008666664362,133.307080768049,0,1768.1385365054,0,14.0195164382458
0,219.044469296932,0,20.1429820209742,0,4.52759850025177,0,0,0,30.5326274484396,0,0,0,0,0,0,39.0583910569549,91.0930973440409,747.093199715018,0,0,0,0,0.640837430953979,0,0,0,0,0,0,0,0,0,0.254289895296097,0,2.95075440406799,0,9.71069157123566,0.42653851211071,673.308433264494,0.139309108257294,0,301.032733544707,12.1769292056561,0,31.2654983103275,0,18.9421266466379,14.9447353929281,219.025731824338,0,7.01920045912266,0,0,0,7.38545030355453,0,55.8543754965067,0,1.57443344593048,0,4.82417669892311,48.7776233702898,0,0,0,0.419031262397766,0,0,0,3.78534220159054,0,120.019920885563,0,0,0,0,0,343.176515378058,3.02756984531879,427.581356316805,1.27860724925995,891.168614469469,0,4420.90769377351,611.29535408318,0
134.059992007911,4.00334985554218,27.1496835798025,1.27776545286179,0.835061967372894,0,0,0,83.4573457837105,0,0,0,0,0,0,0,132.282728619874,20.1783846914768,928.470544271171,0,0,0.574770331382751,0,0,0.123688004910946,0,0,0,0,0,0,0,0,0,0,0,9.03785406798124,1.59986436367035,28.2632775753736,7.06078924238682,267.225518554449,301.032733544707,0,0.516980171203613,1.52856068313122,1.43718764185905,496.646499268711,16.0857266187668,233.420829623938,27.3751217573881,0.795403003692627,0,0,0,20.8131266981363,0,15.1211311221123,0.732149124145508,0,0,0,0,0,117.845206096768,0,0,0,0,0,0,0,0,0.680815979838371,0.985798358917236,0,0,0.482202380895615,0,16.0794275999069,296.761726357043,11.607891947031,143.68944311142,1371.7306939289,0,4903.43765781075,0.577788352966309,800.367228828371
0,0,0,0,0,0,0,0,0,0,0,0,0,0,0,0,0,0,18.84220251441,0,0,0,0,0,0,0,0,0,0,0,0,0,0,0,0,0,0,0,0,10.9022727608681,0,12.1769292056561,0.516980171203613,0,0,0,0,0,0,1.03453040122986,0,0,0,0,0,0,0,0,0,0,0,0,0,0,0,0,0,0,0,0,1.35706722736359,0,2.03916788101196,0,0,0,0,0,10.7030933797359,0,5.63939082622528,0,5.5721578001976,0,20.2400433421135,0,0
0,0,0,0,0,0,0,0,0,0,0,0,0,0,0,0,0,0,1.08327162265778,0,0,0,0,0,0,0,0,0,0,0,0,0,0,0,0,0,0,0,0,0,0,0,1.52856068313122,0,0,0,0,0,0,0,0,0,0,0,0,0,0,0,0,0,0,0,0,2.41193151473999,0,0,0,0,0,0,0,0,0,0,0,0,0,0,0,0,0,0,6.03362190723419,0,6.24255806207657,0,0
0,11.9739096462727,0,2.047377794981,0,1.05532479286194,0,0,0,0.564566969871521,0,0,0,0,0,0,16.0359469652176,22.6121923774481,62.0409022420645,0.620720982551575,0,0,0,0,0,0,0,0,0,0,0,0,0,0,0,104.883464157581,0,0,0,144.113236665726,0.273093551397324,31.2654983103275,1.43718764185905,0,0,0,0,1.60067081451416,2.27957919239998,25.0382521301508,0,0.199620217084885,0,0,0,2.49053359031677,0,2.66935786604881,0,0.463618621230125,0,1.92600391805172,664.186973176897,0,0,0,0,0,0,0,0,0,4.77668830752373,0,0,0,0,0,744.913860470057,1.36856329441071,189.469433858991,0,111.203473038971,0,876.792044483125,1.72209048271179,0
56.6715487092733,0,7.82617478072643,0,0,0,0,0,0,0,0,0,0,0,0,0,50.4538029879332,15.8793214708567,455.681908510625,0,3.26653237640858,0,0,0,0,0,0,0,0,0,0,0,0,0,0,0,51.8551577925682,0,3.23384420573711,2.14662651717663,538.016464240849,0,496.646499268711,0,0,0,0,0.958010368049145,30.4503242149949,0.120480380952358,0,0,0,0,4.35719822347164,0,0,0,0.466536074876785,0,0,0,0,1152.95991043746,0,0,0,0,0,0,0,0,0,0,0,0,0,0,2.4465959072113,1031.35580144078,0,107.287600107491,354.037727974355,0,1380.29482720792,0,4.04630544036627
0.649012640118599,0.973826482892036,1.81552907824516,3.78046595305204,0,0.202810645103455,0,0,0,0,0,0,0,0,0,0,0,0,0,0,0,7.85125111043453,0,0,0,0,0,0,0,0,0,293.155715435743,1334.10824793577,3679.16117541492,3358.66413992643,12.2960548996925,7.22661626338959,89.3622343987226,15.2434187084436,1.72313717007637,2.58138737082481,18.9421266466379,16.0857266187668,0,0,1.60067081451416,0.958010368049145,0,2944.63350312412,995.296943813562,0,1.00312742590904,0,0,0.242664679884911,0,0,0.112377889454365,0,0.615578174591064,0,0.169052943587303,0,0,0,0,0,0,0,0,0,0,1.46964645385742,0,3416.28189861774,1031.04831758142,1079.16692361236,642.6249922961,193.624798044562,429.890659168363,234.519667819142,11.8539144545794,739.731801018119,0,245.724601499736,0,0
395.730563119054,16.0172484070063,79.7075236588717,1.1367057338357,0,0,0,0,15.7207958102226,0.219145342707634,0,0,0,0,0,0,0.18409638106823,0,0.522634655237198,0,0,2.31393152475357,32.1733537614346,0,14.1471927911043,0,0,0,0,0,0,2.52349522709846,3.72836548089981,56.6253795176744,39.8702764213085,12.7564100623131,39.1797052249312,14.9835314005613,724.357788592577,1.99574214220047,212.221146687865,14.9447353929281,233.420829623938,0,0,2.27957919239998,30.4503242149949,2944.63350312412,0,492.565814189613,0.575201988220215,0.169816836714745,0,0,92.6216649860144,0,64.9702178239822,0.137428805232048,26.1877594590187,0.263431891798973,40.8265372514725,0.258294515311718,0,8.44444004446268,0.18669892847538,218.611596271396,0,84.2340875118971,0,65.3754444122314,0,204.62430486083,0.339504659175873,0,34.0104692280293,16.3637002110481,48.302881911397,0,8.76725167036057,417.543919585645,67.6936447322369,871.344886302948,930.265809707344,0,916.135624691844,2.01724098622799,7.08025375008583
2.47765083611012,234.757640063763,0,70.9378800839186,0,6.2729828953743,0,0,0,92.4544508308172,0,0,0,0,0,0,2.44300937652588,6.52153591811657,24.3657646924257,0,0,274.365967094898,0.174844086170197,61.5744027346373,0,0,0,0,0,0,0,1.59567967057228,0,29.0951349139214,4.13904896378517,39.6614699363708,0.726771757006645,163.567754507065,2.87629489600658,357.860115125775,0,219.025731824338,27.3751217573881,1.03453040122986,0,25.0382521301508,0.120480380952358,995.296943813562,492.565814189613,0,0,10.8292942643166,0,0,0,157.631100967526,0,130.989412069321,0,33.4097550585866,0,18.3100974559784,2.33383290469646,0.257210552692413,86.0914867222309,0.240033060312271,160.623780801892,0,1.8521232008934,0,275.493345692754,0,30.9329681843519,0,21.8039571344852,0,47.0007107257843,0,108.946985274553,4.1716220676899,558.688216522336,5.52903777360916,873.629108086228,0,1065.79109736532,10.4452930986881,0.216211766004562
0,0,47.2718081474304,0,202.837393462658,0,0,0,230.015942811966,0,0,0,6.32255268096924,0,1.25948131084442,0,0,0,0,0,69.1801673471928,0,0,0,0,0,0,0,0,0,0,0,0,0,0,0,0,0,0,0,0,0,0.795403003692627,0,0,0,0,0,0.575201988220215,0,0,0,0,0,10.9503446221352,0,0,0,3.10294568538666,0,1.8393702507019,0,0,2.03978019952774,0,0,0,0,0,0,0,0,0,0,0,0,0,0,0,0,0,0,84.6759466081858,0,72.8130318820477,0,0
0,0,0,58.9359021782875,0,48.0420613586903,0,1,0,14.8339268118143,0,0,0,0,0,13.7314088642597,0,0.210039064288139,0,2.51295167207718,0,0,0,0,0,0,0,0,0,0,0,0,0,0,0,9.16161662340164,0,0,0,8.61344543099403,0,7.01920045912266,0,0,0,0.199620217084885,0,1.00312742590904,0.169816836714745,10.8292942643166,0,0,0,0,0,0,0,1.86818039417267,0,13.4727000892162,0,126.420184522867,0,0,0,0,0,0,0,0,0.289898425340652,0,0.887969881296158,0,0,0,0,0,12.2646602392197,0.120508015155792,1.14356255531311,0,20.3690089136362,0,48.4832699075341,0,0
0,0,0,0,0,0,88.4547846317291,0,0,0,0,0,0,0,0,0,0,0,0,0,0,0,0,0,0,0,0,0,0,0,0,0,0,0,0,0,0,0,0,0,0,0,0,0,0,0,0,0,0,0,0,0,0,0,0,0,0,0,0,0,0,0,0,0,0,0,0,0,0,0,0,0,0,0,0,0,0,0,0,0,0,0,3.54848098754883,0,0,0,0
0,0,0,0,0,0,0,0,0,0,0,62.8977227210999,0,0,0,0,0,0,0,0,0,0,0,0,0,0,0,0,0,0,0,0,0,0,0,0,0,0,0,0,0,0,0,0,0,0,0,0,0,0,0,0,0,0,0,0,0,9.79943582415581,0,0,0,0,0,0,0,0,0,0,0,0,0,0,0,0,0,0,0,0,0,0,0,0,0,0,0,0,0
320.872741952538,0,379.489413052797,0,38.5780216753483,0,0,0,337.855503618717,0,0,0,0,0,0,0,4.7414448261261,0,5.95867926627398,0,0,0,0,0,0,0,0,0,0,0,0,0,0,0,0,0,0,0,74.5877250880003,0,1.44736306369305,0,20.8131266981363,0,0,0,4.35719822347164,0.242664679884911,92.6216649860144,0,10.9503446221352,0,0,0,0,0,5.42917537689209,0,12.8945903778076,0,157.906421720982,0,0,0.448504239320755,0,0,0,118.419251695275,0,0,0,0,0,0,0,0,0,0,0,1.36944618821144,0,59.3742516636848,206.173814177513,6.30760341882706,175.915850892663,0,0
0,308.252311974764,0,521.057113021612,0,6.51281332969666,0,0,0,489.651300236583,0,0,0,0,0,15.4391829371452,0,16.5538588166237,10.5271345376968,0,0,0,0,0.295473843812943,0,0,0,0,0,0,0,0,0,0,0,0,0,52.0242754220963,0,5.88597284257412,0,7.38545030355453,0,0,0,2.49053359031677,0,0,0,157.631100967526,0,0,0,0,0,0,0,0,0,0,0,17.201684743166,0,0,0,0,104.057031646371,0,0,0,0,0,0.890603870153427,0,0,0,0,0,0.678015232086182,0,16.544128537178,0,122.679307937622,0,148.090956836939,0,0
0,0,37.8593680858612,0,0,0,42.5321184396744,0,0,0,1840.67700654268,0,242.28855919838,0,0,0,0,0,0,0,519.123992525041,0,0,0,0,0,0,0,80.9310545921326,0,92.9072425365448,0,0,0,0,0,480.817870676517,0,252.968077272177,0,0,0,15.1211311221123,0,0,0,0,0,64.9702178239822,0,0,0,0,0,5.42917537689209,0,0,0,403.853080734611,0,27.2783902585506,0,0,190.141344547272,0,0,0,0,0,0.745512723922729,0,195.556045100093,0,160.086349263787,0,0,0,0,0,73.1415416002274,0,9.97429984807968,618.69915279001,76.0955000370741,729.425829336047,0,0
0,3.34879074990749,0,29.1960436701775,0,0,0,40.2735300958157,0,0.460182726383209,0,2633.45175950229,0,404.027318134904,0,0,0,0,1.72645574808121,0.651273190975189,0,0,0,0,0,0,0,128.777038037777,0,247.497949466109,0,0,0,0,0,35.5054622143507,0,504.138427123427,0,4.39473614096642,0,55.8543754965067,0.732149124145508,0,0,2.66935786604881,0,0.112377889454365,0.137428805232048,130.989412069321,0,1.86818039417267,0,9.79943582415581,0,0,0,0,0,274.065078288317,0,1.19204315543175,146.987414717674,0,0,0,0,0,0,0,426.360232502222,0,1188.81006589532,0,0,0,0,0,17.1182554811239,0,42.9523597210646,0,91.5613129138947,0,1127.1834846884,7.23422342538834,0
0,0,212.519824773073,0,0,0,203.885862588882,0,0,0,208.783062785864,0,955.792718023062,0,439.32634074986,0,0,0,0,0,0,0,0,0,0,0,0,0,5.56388211250305,0,0,0,0,0,0,0,0,0,0,0,0,0,0,0,0,0,0.466536074876785,0,26.1877594590187,0,3.10294568538666,0,0,0,12.8945903778076,0,403.853080734611,0,0,0,102.174872234464,0,0,0.644208490848541,0,0,0,0,0,0,0,12.1277707517147,0,0,0,0,0,0,0,1.3750376701355,0,0,663.480948656797,107.062740087509,117.338971748948,0,0
0,2.33380125463009,0,125.193954080343,0,0,0,0,0,0,0,107.398149937391,0,716.335501372814,0,1.63647478818893,0,0,0.40513913333416,0,0,0,0,0,0,0,0,563.376452922821,0,0,0,0,0,0,0,5.96120646595955,0,0,0,4.37269103527069,0,1.57443344593048,0,0,0,0.463618621230125,0,0.615578174591064,0.263431891798973,33.4097550585866,0,13.4727000892162,0,0,0,0,0,274.065078288317,0,0,0,89.9033532142639,4.03658373653889,0,0,0,0,0,0,0,54.7588706016541,0,1.54223704338074,0,0,0,0,0,7.8424913585186,0,0,0,173.406653285027,505.630768537521,117.681250400841,0,0
20.1225443184376,0,10.1457759141922,0,81.1476195454597,0,0,0,121.813537061214,0,0,0,21.5446363985538,0,148.377631664276,0,17.0620611906052,3.77919042110443,0,0,0,0,0,0,0,0,0,0,0,0,0,0,0,0,0,0,0,0,0,0,0,0,0,0,0,0,0,0,40.8265372514725,0,1.8393702507019,0,0,0,157.906421720982,0,27.2783902585506,0,102.174872234464,0,0,0,0,0,0,0,0,0,0,0,0,1.75489735603333,0,0,0,0,0,0,0,0,0,0,151.526012986898,203.648449659348,8.82368144392967,0,0
0,68.2754736840725,0,137.571983024478,0,8.267059892416,0,0,0,57.2010686397552,0,0,0,505.598717242479,0,455.289122909307,0,16.9715567827225,0.378734350204468,0,0,0,0,0,0,0,0,0,0,0,0,0,0,0,0,2.68579369783401,0,0,0,8.78515529632568,0,4.82417669892311,0,0,0,1.92600391805172,0,0.169052943587303,0.258294515311718,18.3100974559784,0,126.420184522867,0,0,0,17.201684743166,0,1.19204315543175,0,89.9033532142639,0,0,0,0,0,0,0,0,0,0,0,0,1.58613793551922,0,0,0,0,0,9.4245930314064,0,0,0,86.4493146017194,57.0797795653343,49.9538409486413,0,0
0,0.461310565471649,0,0.380746304988861,0,17.6068049669266,0,0,0,0,0,1489.7498935312,0,0,0,0,2.30678081512451,0.229894995689392,12.1161951571703,2166.69610521197,0,0,0,0,0,0,0,0,0,0,0,0,0,0,0,904.125293627381,0,25.2750439941883,0,179.839910879731,0,48.7776233702898,0,0,0,664.186973176897,0,0,0,2.33383290469646,0,0,0,0,0,0,0,146.987414717674,0,4.03658373653889,0,0,0,0,0,0,0,0,0,0,33.6625138372183,0,286.046699434519,0,0,0,0,0,995.281656399369,0,379.287851825356,0,181.600951097906,0,1065.03850154579,0.869507849216461,0
13.7306043207645,0,3.86201447248459,0,0,0,0,0,0,0,29.6545361578465,0,0,0,0,0,20.7490733712912,6.535345941782,155.506372720003,0,695.474191978574,0,0,0,0,0,0,0,0,0,0,0,0,0,0,0,415.180596664548,0,73.8541468083858,0.866744756698608,491.793910197914,0,117.845206096768,0,2.41193151473999,0,1152.95991043746,0,8.44444004446268,0.257210552692413,2.03978019952774,0,0,0,0.448504239320755,0,190.141344547272,0,0.644208490848541,0,0,0,0,0,0,0,0,0,0,0,0,0,0,0,0,0,0,0,0.374089062213898,1676.6142603159,0,418.121093913913,246.932683236897,0,679.993395082653,0,1.42334738373756
0,0,0,0,0,0,0,0,0,0,0,0,0,0,0,0,0,4.760289311409,0,0,0,5606.59295447916,139.68747292459,34.5486751198769,0,70.1217173337936,0,139.414845436811,0,0,0,0,0,0,0,0,0,110.400611147285,7.85442978143692,0,0,0,0,0,0,0,0,0,0.18669892847538,86.0914867222309,0,0,0,0,0,0,0,0,0,0,0,0,0,0,0,6.83918452262878,147.115050628781,0,208.473160639405,0,44.1558514535427,0,0,0,0,0,0,0,0,0,178.259189099073,0,242.709209501743,11.9237674474716,2.01016180217266,0,0
0,0,0,0,0,0,0,0,0,0,0,0,0,0,0,0,4.39304614067078,0,0,0,0,100.060396969318,6714.0237724334,0,6.2555183172226,0,138.070109575987,0,33.9991876333952,0,0,0,0,0,0,0,0,0,229.296379178762,0,0,0,0,0,0,0,0,0,218.611596271396,0.240033060312271,0,0,0,0,0,0,0,0,0,0,0,0,0,0,6.83918452262878,0,0,6.07072913646698,0,20.160441249609,0,27.0574226975441,0,0,0,0,0,0,0,0,0,396.554812610149,238.130283549428,0,1.70995904505253,0,0
0,40.3142525404692,0,0,0,0,0,0,0,14.6690635383129,0,0,0,0,0,0,0,5.81142228841782,0,0,0,122.110386803746,0,659.917852133512,0,72.2052361965179,0,0,0,0,0,0,0,0,0,0,0,388.533457428217,0,0,0,0.419031262397766,0,0,0,0,0,0,0,160.623780801892,0,0,0,0,0,104.057031646371,0,0,0,0,0,0,0,0,147.115050628781,0,0,0,253.338007301092,0,0,0,0,0,0,0,0,0,0,0,193.117541104555,0,274.944410637021,0,102.61461392045,0,0
11.6882595717907,0,0,0,0,0,0,0,6.39952327311039,0,0,0,0,0,0,0,0.360860973596573,0,5.33211261034012,0,0,0,14.6295519173145,0,458.786516696215,0,89.6222253441811,0,0,0,0,0,0,0,0,0,0,0,91.4831768423319,0,0,0,0,0,0,0,0,0,84.2340875118971,0,0,0,0,0,118.419251695275,0,0,0,0,0,0,0,0,0,0,6.07072913646698,0,0,0,51.0035906881094,0,0,0,0,0,0,0,0,0,0,0,205.463064789772,81.0469624102116,0,77.8836219012737,0,0
0,0,0,0,0,0,0,0,0,0,0,0,0,0,0,0,1.90297581255436,252.887124747038,5.93451645970345,0,0,3.90465462207794,0,6.13483715057373,0,81.1819405555725,0,25.4110564887524,0,0,0,0,0,0,0,0,0,0,0,0,0,0,0,0,0,0,0,0,0,1.8521232008934,0,0,0,0,0,0,0,0,0,0,0,0,0,0,208.473160639405,0,253.338007301092,0,0,0,350.682546302676,0,0,0,0,0,0,0,0.185534119606018,0,0,0,80.8713264018297,0,28.084768652916,0,0
0,0,0,0,0,0,0,0,0,0,0,0,0,0,0,0,900.499969661236,35.4110621809959,27.9620073139668,0,0,0,41.1866796016693,0,101.225672334433,0,613.191915690899,0,16.773696154356,0,0,0,0,0,0,0,0,0,0,0,0,0,0,0,0,0,0,0,65.3754444122314,0,0,0,0,0,0,0,0.745512723922729,0,0,0,0,0,0,0,0,20.160441249609,0,51.0035906881094,0,0,0,75.6719697713852,0,0,0,0,0,0,0,0.65507036447525,0,0,72.5146574378014,0,1.32247680425644,0,0
0,0,0,0,0,0,0,0,0,0,0,0,0,0,0,0,0,0,0,0,0,41.6293947100639,0,0,0,0,0,2093.73287284374,0,94.0296673774719,0,0,0,0,0,0,0,19.8230509757996,0,0.165978386998177,0,3.78534220159054,0,1.35706722736359,0,0,0,0,0,275.493345692754,0,0.289898425340652,0,0,0,0,0,426.360232502222,0,54.7588706016541,0,0,33.6625138372183,0,44.1558514535427,0,0,0,350.682546302676,0,0,0,165.51306450367,0,0,0,0,0,0.54814350605011,0,234.464801982045,0,8.80703467130661,5.60592555999756,293.967124834657,1.59822630882263,0
0,0,0,0,0,0,0,0,0,0,0,0,0,0,0,0,0,0,0,0,0,0,34.7836286127567,0,0,0,526.258163154125,0,1374.01530168951,0,53.7487585246563,0,0,0,0,0,0,0,0,0,0,0,0,0,0,0,0,0,204.62430486083,0,0,0,0,0,0,0,195.556045100093,0,12.1277707517147,0,1.75489735603333,0,0,0,0,27.0574226975441,0,0,0,75.6719697713852,0,0,0,141.03656822443,0,0,0,0,0,0,0,44.8830935359001,345.974049866199,82.1466726660728,172.781477481127,0,0
0,0.308240711688995,0,4.99505168199539,0,0,0,0,0,0.340931981801987,0,47.9399039149284,0,0,0,0,0.50760555267334,2.6771381944418,31.0394678115845,0,0,0,0,0,0,0,0,101.482110261917,0,1094.22128427029,0,0,0,0,0,0.196374699473381,0.144841358065605,98.9247156977654,0,12.0953892320395,0,120.019920885563,0.680815979838371,2.03916788101196,0,4.77668830752373,0,1.46964645385742,0.339504659175873,30.9329681843519,0,0.887969881296158,0,0,0,0.890603870153427,0,1188.81006589532,0,1.54223704338074,0,1.58613793551922,286.046699434519,0,0,0,0,0,0,0,165.51306450367,0,0,0,0,0,0,0,10.0795103013515,0,370.137710720301,0,11.0729990750551,0,1330.14085349441,45.8765562623739,0
0,0,0,0,0,0,0,0,0,0,59.5768129229546,0,0,0,0,0,0,0,0,0,0,0,0,0,0,0,0,0,9.60644116997719,0,625.095764681697,0,0,0,0,0,0,0,14.5674386918545,0,7.69149267673492,0,0.985798358917236,0,0,0,0,0,0,0,0,0,0,0,0,0,160.086349263787,0,0,0,0,0,0,0,0,0,0,0,0,0,0,141.03656822443,0,0,0,0,0,0,0,0,0,349.203286841512,518.748241811991,119.208015203476,1555.24697184563,0,0
0,0,0,0,0,0,0,0,0,0,0,0,0,0,0,0,0,0,0,0,0,0,0,0,0,0,0,0,0,0,0,735.869232073426,134.242722094059,120.555130317807,20.8884826302528,582.015619337559,0,0,0,0,0,0,0,0,0,0,0,3416.28189861774,34.0104692280293,21.8039571344852,0,0,0,0,0,0,0,0,0,0,0,0,0,0,0,0,0,0,0,0,0,0,0,0,0,88.0854755938053,373.036359757185,22.5535999536514,319.109491497278,11.7020284235477,0,0,242.906121224165,0,0,0,0
0,0,0,0,0,0,0,0,0,0,0,0,0,0,0,0,0,0,0,0,0,0,0,0,0,0,0,0,0,0,0,429.727933496237,854.548059374094,0,53.7859813123941,0,138.823672890663,0,0,0,0,0,0,0,0,0,0,1031.04831758142,16.3637002110481,0,0,0,0,0,0,0,0,0,0,0,0,0,0,0,0,0,0,0,0,0,0,0,0,0,88.0854755938053,0,0,37.6949562132359,0,596.694956973195,0,0,90.3993405997753,0,0,0,0
0,0,0,0,0,0,0,0,0,0,0,0,0,0,0,0,0,0,0,0,0,0,0,0,0,0,0,0,0,0,0,9.54072412848473,8.49597835540771,1903.25001767278,795.560759618878,381.009612411261,0,90.2301960140467,33.6972920000553,0,0,0,0.482202380895615,0,0,0,0,1079.16692361236,48.302881911397,47.0007107257843,0,0,0,0,0,0,0,0,0,0,0,0,0,0,0,0,0,0,0,0,0,0,0,0,373.036359757185,0,0,349.51986181736,359.761618345976,3.1623860001564,205.324616014957,23.7057107463479,533.61859755218,23.2119203805923,0,0,0
0,0,0,0,0,0,0,0,0,0,0,0,0,0,0,0,0,0,0,0,0,0,0,0,0,0,0,0,0,0,0,17.7349150180817,85.531663954258,1544.04686656594,2401.05421642959,0,443.03393381834,0.412985563278198,68.2280205488205,0,0,0,0,0,0,0,0,642.6249922961,0,0,0,0,0,0,0,0,0,0,0,0,0,0,0,0,0,0,0,0,0,0,0,0,0,0,22.5535999536514,37.6949562132359,349.51986181736,0,4.10696965456009,768.256619945168,0,155.880631104112,192.534989595413,0,0,0,0
0,79.1929377764463,0,47.1025263220072,0,63.8689591288567,0,0,0,1.35046136379242,0,340.488213479519,0,0,0,0,83.9472956359386,180.669352099299,1358.30585096776,626.006835624576,0,0,0,0,0,0.683740377426147,0,0,0,0,0,429.058739602566,0,230.865714624524,1.75550425052643,17149.8807009831,38.4905475378036,870.525549605489,0,814.688657149673,1.16930389404297,343.176515378058,16.0794275999069,10.7030933797359,0,744.913860470057,2.4465959072113,193.624798044562,8.76725167036057,108.946985274553,0,12.2646602392197,0,0,0,0.678015232086182,0,17.1182554811239,0,7.8424913585186,0,9.4245930314064,995.281656399369,0.374089062213898,0,0,0,0,0.185534119606018,0,0.54814350605011,0,10.0795103013515,0,319.109491497278,0,359.761618345976,4.10696965456009,0,6.74854277074337,685.872919738293,0,1405.86631856114,0,2061.20333064348,40.8152252286673,0
58.9194992780685,0,3.15099391341209,0,0.405330777168274,0,0,0,0,0,231.412706851959,0,0,0,0,0,71.5093068629503,24.1187624260783,746.98172263056,0,885.053385555744,0,0,0,0,0.323558956384659,0,0,0,0,0,2.55302786827087,91.5695719122887,0,1237.43461050093,168.882842451334,17090.247503005,0,1024.37621042877,2.07615777850151,905.522219881415,3.02756984531879,296.761726357043,0,0,1.36856329441071,1031.35580144078,429.890659168363,417.543919585645,4.1716220676899,0,0.120508015155792,0,0,1.36944618821144,0,73.1415416002274,0,1.3750376701355,0,0,0,0,1676.6142603159,0,0,0,0,0,0.65507036447525,0,0,0,0,11.7020284235477,596.694956973195,3.1623860001564,768.256619945168,6.74854277074337,0,0.82500284910202,806.485569834709,1206.7206518352,0,2816.01133866608,0,8.06672745943069
0.471882969141006,1.57895168662071,0,5.82370434701443,0,0,0,0,0.132366195321083,52.4674306809902,0,866.958481013775,0,0,0,0,14.0952638834715,28.7630262225866,302.402008190751,116.39542606473,0,622.5267329216,0,167.651926651597,0,0,0,13.4753613471985,0,241.638231858611,0,0,0,474.298896163702,0.539938926696777,171.45279815048,0,14097.6220216155,36.6035816818476,174.424190953374,0,427.581356316805,11.607891947031,5.63939082622528,0,189.469433858991,0,234.519667819142,67.6936447322369,558.688216522336,0,1.14356255531311,0,0,0,16.544128537178,0,42.9523597210646,0,0,0,0,379.287851825356,0,178.259189099073,0,193.117541104555,0,0,0,234.464801982045,0,370.137710720301,0,0,0,205.324616014957,0,685.872919738293,0.82500284910202,0,26.3328347653151,524.655458420515,47.452054142952,2083.87233056128,52.9528365731239,1.13574159145355
