0,0,0.0605417526521867,0,0,0,0,0,0.131481927474036,0,0,0,0,0,0.00981793587197212,0,0.000150375307471333,0,0.0016563888295453,0,0,0,0,0,0.000658788638179376,0,0,0,0,0,0,0,0.000122982165007739,0,0,0,0,0,0.000137408224634456,7.76040466035285e-05,0.00108003736090815,0.000485173780446303,0.0283107297319183,0,0,0,1.42006542117561e-05,0.00122537883285887,0.0250043315024175,1.54185422603466e-05,0.00422927229853168,0,0,0,0.245454392035699,0,0.00453461850984098,0,0.00350370568897744,0,0.0533340351796022,0,0,0.000716120099614041,0,0,0,0.0205671481833682,0,0,0,0,0,0.00210198529982679,0,0,0,0,0,0.000173580834506938,0,0.000579802677884663,0.00318597858121479,0,0.0502449932402219,0,0.0112176171478689
0,0,0,0.054699390925634,0,0.00060287643068406,0,0,0,0.0671277977633755,0,0,0,0,0,0.0160845179830619,6.60644809242019e-05,0.000250987222848726,0.00431134739390318,0,0,0,0,0.000159326343101643,0,0,0,0,0,0,0,0,0,0,0,0,0,0.000709669634286141,0,0.000512121378080021,0,0.0520101412699372,0,0.00160031631810108,0,0,0,0,0,0.0381434382236237,0,0,0,0,0,0.11638295924351,0,0.000776468189295852,0,0,0,0.0324350234973886,0,0,0,0,0.022414048116483,0,0,0,0,0,0,0,0,0,0.000510965312540476,0,0.000138750179454725,3.05811670428427e-05,0.00129790879725339,0,0.0021943536965813,0,0.0228064765993966,0.0408596433716363,0
0.0605417526521867,0,0,0,0.000779957276387105,0,0,0,0.00200334464597096,0,0,0,0,0,0,0,0.000118536787954242,0,0.000120041733542961,0,0,0,0,0,0.000811647643721589,0,0,0,0,0,0,0,0,0,0,0,1.96359277748587e-05,0,7.7601071102214e-05,7.63406956090637e-05,5.48321849731851e-05,1.32044315472241e-05,0.0242765871462368,0,0,0,0.000135363033769495,0.000953734859250032,0.00106530633769787,0,0,0,0,0,0.000805477250423146,0,0.000683399842338243,0,0,0,0,0,0,0.00187287389190265,0,0,0,0,0,0,0,0,0,0.00320385195140992,0,0,0,0.000582507332531752,0,5.18479630747193e-05,0,0.000756929019256157,0.000747022497800701,0,0.0353725896644158,0,0.0368643018071447
0,0.054699390925634,0,0,0,0.0117905352960761,0,0,0,0,0,0.00521490899629709,0,0,0,0,0,0,3.49967323315203e-05,0,0,0,0,0,0,0,0,0,0,0,0,0,0,0,0,0.000170652703765415,0,0,0,0.0013026170746756,0,0.00775071942980541,0,0,0,0.00194692270322807,0,0.000387672673515641,0,0.0227474029571411,0,0.00140619787393354,0,0,0,0,0,0.00518998843122835,0,0.000230001794570344,0,0,0,0,0,0,0,0,0,0,0,0,0.000493579451283446,0,0,0,0,0,0.00020468604083967,0,0.00029721349822395,0,0.000366748255389322,0,0.032745212931812,0.000386509710322707,0
0,0,0.000779957276387105,0,0,0,0,0,0,0,0,0,0,0,0,0,0,0,0.000188617765308449,0,0.0107417394026802,0,0,0,0,0,0,0,0,0,0,0,4.93977856521406e-05,0,0,0,0.000115570219402576,0,0,0,0.00338294341915988,0,0.00377729376442336,0,0,0,0.00280536405588074,0.00119608737551963,0.00277420074252685,5.8694362380601e-05,0,0,0,0,0,0,0.000417561020855133,0,0,0,0,0,0,0.00967391634717193,0,0,0,0,0,0,0,0,0,0.000805033583130671,0,7.81021476349382e-05,0,0,0,0.000249737223942409,0,0.00018297190496847,0.000524683839544986,0,0.0195600188722962,0,0.00071543356546826
0,0.00060287643068406,0,0.0117905352960761,0,0,0,0,0,0.00439486383795874,0,0,0,0,0,0,0,0,0,0.0286780176931463,0,0,0,0,0,0,0,0,0,0,0,0,0,0,0,0.000313585988838507,0,0,0,0,0,0.000272050114140196,0,0,0,0,0,0,0,3.31773584210553e-05,0,0.263912620761106,0,0,0,0.0468547488267503,0,8.0371027080953e-05,0,0,0,0,0.0177910926590084,0,0,0,0,0,0,0,0,0,0,0,0,0,0,0,5.67129395902472e-05,0,0,0,0.00348186227224212,0,0.00899422037706806,0,0
0,0,0,0,0,0,0,0,0,0,0.00153281041610876,0,0,0,0,0,0,0,0,0,0.000664294619520322,0,0,0,0,0,0,0,0,0,0,0,0,0,0,0,0,0,0,0,0,0,0,0,0,0,0,0,0,0,0,0,0.0010626423974083,0,0,0,4.67862052336836e-05,0,0,0,0,0,0,0.000155002240733061,0,0,0,0,0,0,0,0,0,0,0,0,0,0,0,0,0,0,0.00581392625727214,1.86513225344243e-05,0,0,0
0,0,0,0,0,0,0,0,0,0,0,0.0144308392413842,0,0.00450886725618074,0,0,0,0,0,0,0,0,0,0,0,0,0,0,0,0,0,0,0,0,0,0,0,2.88654201445471e-05,0,0,0,0,0,0,0,0,0,0,0,0,0,0,0,0.377011735839289,0,0,0,0.0875039627024934,0,0.00146881802412397,0,0,0,0,0,0,0,0,0,0,0,0,0,0,0,0,0,0,3.54382199895843e-05,0,1.73286944550401e-05,0,0.000338042595240998,0,0,0,0
0.131481927474036,0,0.00200334464597096,0,0,0,0,0,0,0,0,0,0,0,0.0661283131070961,0,0.0364906059133465,4.79424467695797e-05,0.00999351470690632,0,0,0,0,0,0.0589105830068625,0,0.00162409465670851,0,0,0,0,0,0,0,0,0,0,0,2.38472291638828e-05,0,0.00133836415983697,0.000515259341579874,0.0194958113592614,0,0,0,0.000268005979562299,0.000134518580092318,0.000730177594598068,1.43719838340975e-05,0,0,0,0,0.280257803607438,0,5.05633804184028e-05,0,0,0,0.0359516260905106,0,0,0.000525747815389051,0,0,0,0.00711468709290143,0,0,0,0,0,0.00200054641298524,0,0,0,0,0,8.92380717802197e-05,9.50769107539094e-06,0.000671686392853831,0.00904837372428019,2.1013872878179e-06,0.00452451734349431,0,0.00144450618048132
0,0.0671277977633755,0,0,0,0.00439486383795874,0,0,0,0,0,0,0,0,0,0.0307307437685105,0.00194474475836619,0.00572053691643176,0.0279772181954947,0,0,0,0,0,0,0,0,0,0,0,0,0,0,0,0,0,0,0.000211418783938905,0,0.0011580614538576,0,0.0120292326046776,0,0.00115998634874064,0,0,0,0,0,0,0,0,0,0,0,0.345461919057312,0,0,0,0,0,0.0494655157367611,0,0,0,0,0.00106539379685713,0,0,0,0,0,7.23875971107724e-05,0,0,0,0.000175929348205198,0,1.83677588935756e-05,0,0.000866689155240492,2.59946898721487e-05,0.0019750649389583,0,0.0034832215279741,0.00285467064866858,0
0,0,0,0,0,0,0.00153281041610876,0,0,0,0,0,0.0331329322501211,0,0,0,0,0,0,0,0.0930144046799766,0,0,0,0,0,0,0,0.0447351975632754,0,0.0960782526595285,0,0,0,0,0,0.00253694159439358,0,0.0275667079923533,0,0,0,0,0,0,0,1.29611874513337e-05,0,0,0,0,0,0.000393024621807235,0,0,0,0.211246351900628,0,0.00619307314636064,0,0,0,0,0.0623734655949612,0,0,0,0,0,0,0,0.0197147181928349,0,0.0314016030062077,0,0,0,0,0,0.00116169288411977,0,0.0128114286289897,0.0116916950449414,0.0011472350691074,0,0,0
0,0,0,0.00521490899629709,0,0,0,0.0144308392413842,0,0,0,0,0,0.10031874211416,0,0,0,0,0,0.0559999291959184,0,0,0,0,0,0,0,0.0178001195311855,0,0.0378549032399761,0,0,0,0,0,0.00169384132417843,0,0.0549125710977213,0,0,0,0,0,0,0,0,0,0,0,5.93170973884872e-05,0,0.00241886730245829,0,0.00071232795752283,0,0,0,0.34886505002009,0,0.0208137856618548,0,0,0.00116460173923095,0,0,0,0,0,0,0,0.00662018813602078,0,0.000858592529601007,0,0,0,0,0,0.00165040666601958,0,0.041306155477622,0,0.00428366890257779,0.000376144312595948,0,0,0
0,0,0,0,0,0,0,0,0,0,0.0331329322501211,0,0,0,0.0402836665304107,0,0,0,0,0,0,0,0,0,0,0,0.000390445481421777,0,0.0217927204549067,0,0.000788562163036803,0,0,0,0,0,0,0,0,0,0,0,0,0,0,0,0,0,0,0,0,0,0,0,0,0,0.0157101717693344,0,0.232074332912168,0,0.0203293654278466,0,0,0,0,0,0,0,0,0.000174113134508432,0,0.00844061370986425,0,0.000238859292473477,0,0,0,0,0,0,0,0,0.00186752439822416,4.75331452855977e-05,0,0,0
0,0,0,0,0,0,0,0.00450886725618074,0,0,0,0.10031874211416,0,0,0,0.0254191824476789,0,0,0,0,0,0,0,0,0,0,0,0.0155288740192116,0,0.00348952051893572,0,0,0,0,0,0,0,0,0,0,0,0,0,0,0,0,0,0,0,9.4697593660358e-05,0,0,0,0.00129504925428642,0,0,0,0.137728573339568,0,0.57175918326662,0,0.0189698890281054,0,0,0,0,0,0,0,0,0.0212615196969719,0,0,0,0,0,0,0,0,0,0,0,0.00360646215226966,0.00265755686013558,0,0,0
0.00981793587197212,0,0,0,0,0,0,0,0.0661283131070961,0,0,0,0.0402836665304107,0,0,0,0.0117102690511413,0,0,0,0,0,0,0,0.0164636056350729,0,0.0146924705154243,0,0.000256986210476196,0,0,0,0,0,0,0,0,0,0,0,0,0,0.000321319105357678,0,0,0,0,0,0.000533583739435561,0,0,0,0,0,0.0597142835031949,0,0,0,0.0414863872268814,0,0.139022410900293,0,0,0,0,0,0,0.000264659768926256,0,0.00585659345672939,0,0.00129847697293749,0,0,0,0,0,0,0,0,0,0,0.00254158842511224,0,4.67636089515058e-05,0,0
0,0.0160845179830619,0,0,0,0,0,0,0,0.0307307437685105,0,0,0,0.0254191824476789,0,0,0,0.00063331381701894,0,0,0,0,0,0,0,0,0,0,0,0,0,0,0,0,0,0,0,0,0,0,0,0,0,0,0,0,0,0,0,0.00384110353697143,0,0,0,0,0,0.199490828513195,0,0.00301957649425443,0,0.0874376303320116,0,0.143827220860481,0,0,0,0,0,0,0,0,0,0,0,0,0,0,0,0,0,0,0,0,0.000405850239915454,0,0,0,0
0.000150375307471333,6.60644809242019e-05,0.000118536787954242,0,0,0,0,0,0.0364906059133465,0.00194474475836619,0,0,0,0,0.0117102690511413,0,0,0.119176240910424,0.081917239939783,0,0,0,0,0,0.00220875793652247,0.00033421765065947,0.026944364615022,0,0.00033065816605193,0,0,1.44342441890763e-05,0,3.72713377253604e-05,0,2.88563022911944e-05,0,0,2.26587525908177e-06,0.00592475223775816,0.00631370146929837,0.00927753987358522,0.0125601086934673,0.00019456919103336,0.000410936299199873,0.000187316101614053,0.00153840260962869,0.000234423465313476,0.000668953964808383,0.000663778517693898,0,0,0,0,0.00482097810221712,0.000126612973747051,0.000200673397623739,5.86474656467634e-05,0,0,0.00298953307105705,0,0,0.00026989546132132,0,0,0,1.35797531868283e-05,0.000117993562966376,0.0114228973248088,0,0,0,0.000493452446664058,0,0,0,0,0.00054233216500027,0.000745255935830107,0.000668739940732675,0.00140307545650274,0.0187200932257337,9.41235015632742e-06,0.0112152582901317,5.70192302523523e-05,8.84862485784171e-05
0,0.000250987222848726,0,0,0,0,0,0,4.79424467695797e-05,0.00572053691643176,0,0,0,0,0,0.00063331381701894,0.119176240910424,0,0.100416139859267,0,0,0.00462070285197964,0,0,0,0.0112141750147457,0,0,0,0,0,2.82457791837699e-05,0,0,0,0,0,0,0,0.0113291377188786,0.000357814265894523,0.0201549321610769,0.00193286685270893,0.000655728066813595,9.66384939102456e-06,0.000236762553259232,0.000547417725949332,3.37568335768829e-05,0.000199653339991504,0.000633674534604146,0,0,0,0,0,0.000214748154383762,1.47152379419214e-05,5.29208100973648e-05,0,0,0,0,6.54286256181415e-05,0,6.42378101454936e-05,0,0,0,0.00517895244824509,0,0,0,0.000166368802355301,0.000210458571595819,0,0,0,0,0.00135564441305328,6.75528814693904e-05,0.00170262579518801,0.000154357606236551,0.0235105975099672,0,0.00792842591202006,0.000246830109866672,0
0.0016563888295453,0.00431134739390318,0.000120041733542961,3.49967323315203e-05,0.000188617765308449,0,0,0,0.00999351470690632,0.0279772181954947,0,0,0,0,0,0,0.081917239939783,0.100416139859267,0,0,8.4942063851658e-06,3.8595460653601e-05,0,0,0.000922630845372196,0,0,0,0,0,0,3.03027378185244e-05,0.000129247452269851,0,0,9.39443170629551e-05,0.000144562336499011,7.90236037167772e-05,0.000100241339943033,0.0630986870685785,0.052345236797704,0.0662026767165765,0.0386155107391034,0.00853333316416477,0.00112462404999475,0.00156727734749651,0.0090125694451332,0.000769532915113748,0.00315560499336611,0.00281499103106507,0,0,0,0,0.000973743157709627,0.00191408944455723,0.00171362206392181,0.000593403745803572,0,0,0,0,8.7152259220853e-05,0.00381332871804382,0,0,2.9868157312467e-05,8.17895337995227e-05,0,0,0,0,0.000753142637531863,0.00583626445727753,0,0,1.30119228824391e-05,0,0.00632811859850751,0.00845646132127321,0.00742340772146096,0.0114308001373285,0.0136976522834844,3.00951094893313e-05,0.0921313666594388,0.00202119932432718,0.000369383607311162
0,0,0,0,0,0.0286780176931463,0,0,0,0,0,0.0559999291959184,0,0,0,0,0,0,0,0,0,0,0,0,0,0,0,0,0,0,0,0,0,0,0,0.00852371795177426,0,0.000361294881080797,0,0,0,0,0,0,0,0,0,0,0,0,0,0,0,0,0,0,0,0.0215586607181122,0,0,0,0,0.317843732861951,0,0,0,0,0,0,0,0,0,0.0045283511684539,0,0,0,0,0,0.00735625298499283,0,0.00369254092027102,0,0.00212352478327969,0,0.00182670788820236,0,0
0,0,0,0,0.0107417394026802,0,0.000664294619520322,0,0,0,0.0930144046799766,0,0,0,0,0,0,0,8.4942063851658e-06,0,0,0,0,0,0,0,0,0,0,0,0,0,0,0,0,0,0.0166771044627349,0,0.00995330798927237,0,0.00190345466989894,0,4.11305971024801e-05,0,0,0,0.00262131162197051,0,0,0,0,0,0.00308318440995446,0,0,0,0.0147779163430078,0,0,0,0,0,0,0.145812467154584,0,0,0,0,0,0,0,0,0,0.00407654293928533,0,0,0,0,0,0.00918489722370632,0,0.0089966361721103,0.00519579875918686,0,0.000193096411423054,0,0
0,0,0,0,0,0,0,0,0,0,0,0,0,0,0,0,0,0.00462070285197964,3.8595460653601e-05,0,0,0,0.112234098517749,0.00272960557235178,0,0,0,0.00985072576248043,0,0,0,0,0,0,0,0,0,0.0447789641277944,0.00294291794956568,0,0,0,8.54625799441566e-06,0,0,0,0,0,0,0.00261321811512921,0,0,0,0,0,0,0,0,0,0,0,0,0,0,0.31997171262933,0.104881512683916,0.00116768976574959,0,0,0,0.0187895091510944,0,0,0,0,0,0.000233058004819531,0,0,0,0.0397465939210326,0.00233724639779228,0.0260847915190865,0.00152462572121563,0.00060556500110347,0,0
0,0,0,0,0,0,0,0,0,0,0,0,0,0,0,0,0,0,0,0,0,0.112234098517749,0,0,0.012632165465122,0,0.0213442363340055,0,0.00982059307116964,0,0,0,0,0,0,0,0,8.09090945530101e-05,0.0213635018727153,0,0,0,0,0,0,0,0,0,0,0,0,0,0,0,1.94865974565522e-05,0,0,0,0,0,0,0,0,0,0.0373008296558631,0.261973564289306,0,0.00587130989834301,0,0.0089811711937795,0,0.0273225598808787,0,0,0,0,0,0.000306862330078852,0,0,0,0.0426669253701448,0.024649653940783,0.000771171128863472,0,0,0
0,0.000159326343101643,0,0,0,0,0,0,0,0,0,0,0,0,0,0,0,0,0,0,0,0.00272960557235178,0,0,0,0,0,0,0,0,0,0,0,0,0,0,0,0.0139160061110514,0,0,0,3.25446728095635e-05,0,0,0,0,0,0,0,0.00169373276825211,0,0,0,0,0,0.0012307106061144,0,0,0,0,0,0,0,0,0.00270968042361242,0,0.17189399909863,0,0.000866330883904298,0,0,0,0,0,0,0,0,0,0,0,0.0234052200244436,0,6.50677059249904e-05,0,0.000268235593105105,0,0
0.000658788638179376,0,0.000811647643721589,0,0,0,0,0,0.0589105830068625,0,0,0,0,0,0.0164636056350729,0,0.00220875793652247,0,0.000922630845372196,0,0,0,0.012632165465122,0,0,0,0.0345564885932437,0,0,0,0,0,0,0,0,0,0,0,0.0141146040655421,0,0.000565240314927666,0,0.00389759392262165,0,0,0,0,0,0.0047271994407595,0,0,0,0,0,0.0898365171657006,0,0.000196472677571446,0,0,0,0.0017056079904976,0,0,0.000381184529275091,0,0.00839770963463776,0,0.499711636980701,0,0.00402959428270928,0,0,0,0.00126457919975631,0,0,0,0.00138134060522203,0,9.02622908884534e-06,0,0.00671558889304112,0.00273958039903155,0,0.00141764330405544,0,0.00158470719573017
0,0,0,0,0,0,0,0,0,0,0,0,0,0,0,0,0.00033421765065947,0.0112141750147457,0,0,0,0,0,0,0,0,0,0,0,0,0,0,0,0,0,0,0,0,0,0,0,0,0,0,0,0,0,0,0,0,0,0,0,0,0,0,0,0,0,0,0,0,0,0,0,0,0.00672071937175111,0,0.000878542745592886,0,0,0,0,0,0,0,0,0,0,0,0,0,0.000969142894382687,0,0,0,0
0,0,0,0,0,0,0,0,0.00162409465670851,0,0,0,0.000390445481421777,0,0.0146924705154243,0,0.026944364615022,0,0,0,0,0,0.0213442363340055,0,0.0345564885932437,0,0,0,0.0127550009791797,0,0,0,0,0,0,0,0,0,0,0,0,0,0,0,0,0,0,0,0.00015565498065309,0,0,0,0,0,0.00194768245744358,0,0,0,0,0,0.0536020376345886,0,0,0,0,0.0156116671510703,0,0.0573310052580017,0,0.490251313835136,0,0.0169772044107906,0,0,0,0,0,0,0,0,0,0,0.0026400550628689,0,1.4446417160184e-05,0,0
0,0,0,0,0,0,0,0,0,0,0,0.0178001195311855,0,0.0155288740192116,0,0,0,0,0,0,0,0.00985072576248043,0,0,0,0,0,0,0,0.241037635783187,0,0,0,0,0,0,0,0.0150334715817106,0,0,0,0,0,0,0,0,0,0,0,0,0,0,0,0,0,0,0,0.0307308356848799,0,0.0213269235301506,0,0,0,0,0.0196567354289996,0,0,0,0,0,0.557598559200126,0,0.0720187640234975,0,0,0,0,0,0,0,0.0150088350316929,0,0.0123265549855176,0.00220007367174914,0,0,0
0,0,0,0,0,0,0,0,0,0,0.0447351975632754,0,0.0217927204549067,0,0.000256986210476196,0,0.00033065816605193,0,0,0,0,0,0.00982059307116964,0,0,0,0.0127550009791797,0,0,0,0.115574011158646,0,0,0,0,0,0,0,0.0247470412225741,0,0,0,0,0,0,0,0,0,0,0,0,0,0,0,0,0,0.0156789415212507,0,0.0174856948129259,0,0.000344418522074607,0,0,0,0,0,0,0,0,0.0613750800752007,0,0.672643543375829,0,0.0528516476438436,0,0,0,0,0,0,0,0.0325348422501505,0.00285813487530733,0.000466278104789241,0,0,0
0,0,0,0,0,0,0,0,0,0,0,0.0378549032399761,0,0.00348952051893572,0,0,0,0,0,0,0,0,0,0,0,0,0,0.241037635783187,0,0,0,0,0,0,0,0,0,0.0261396604179089,0,0,0,0,0,0,0,0,0,0,0,0,0,0,0,0,0,0,0,0.0450278090534663,0,0,0,0,0,0,0,0,0,0,0,0,0.0643067513716735,0,0.348955822283445,0,0,0,0,0,0,0,0.0146137956133291,0,0.00151198880824373,0.000551312571042138,0,0,0
0,0,0,0,0,0,0,0,0,0,0.0960782526595285,0,0.000788562163036803,0,0,0,0,0,0,0,0,0,0,0,0,0,0,0,0.115574011158646,0,0,0,0,0,0,0,0,0,0.0412960558443644,0,0,0,0,0,0,0,0,0,0,0,0,0,0,0,0,0,0.0266868509824989,0,0.000141548810104997,0,0,0,0,0,0,0,0,0,0,0,0,0.012102444624045,0,0.267907589282775,0,0,0,0,0,0,0,0.0309812747288084,0.00268382087216042,0,0,0,0
0,0,0,0,0,0,0,0,0,0,0,0,0,0,0,0,1.44342441890763e-05,2.82457791837699e-05,3.03027378185244e-05,0,0,0,0,0,0,0,0,0,0,0,0,0,0.260976282917018,0.0432332703875209,0.00776267447902205,0.00768688830694151,0.0115630466814212,0,0,0.00221719155058097,6.02118289465964e-05,0.000336728617286217,9.10778539526796e-05,0,0,0.000609636249959646,0,0.0562090596909943,0,0.0125066586882458,0,0,0,0,0,0,1.0013585662313e-05,4.82679596169279e-05,0,0,0,0,6.56894714230877e-05,0,0,0,0,0,0,0,0,0,0,0,0.267990746994527,0.0798420078181476,0.0190767341205683,0.0128101479407902,0.00662867627483444,0.00108563082189885,9.21762587157739e-05,0,0.00403289017855711,0,0.00120444385871346,0,0
0.000122982165007739,0,0,0,4.93977856521406e-05,0,0,0,0,0,0,0,0,0,0,0,0,0,0.000129247452269851,0,0,0,0,0,0,0,0,0,0,0,0,0.260976282917018,0,0.0146307892372963,0.0811630852450549,0.00547952480893156,0.0092419722570117,2.01045221216579e-05,0,0,0.00114106276827288,0.0001511660824792,0.00140855418571204,0,0,0,0.000276383349924803,0.0883591501716407,0.00596443112962265,0.000959577227790486,0,0,0,0,0,0,0,0,0,0,0,0,0,1.48851373297024e-05,0,0,0,0,0,0,0,0,0,3.49648467188575e-05,0.160906167143502,0.575210562580503,0.0113052194076322,0.0726023267194255,0.00190879665016732,0.0161905506032598,3.4241870835376e-05,0,0.00583583160341798,0,0.000746012513399655,0,0
0,0,0,0,0,0,0,0,0,0,0,0,0,0,0,0,3.72713377253604e-05,0,0,0,0,0,0,0,0,0,0,0,0,0,0,0.0432332703875209,0.0146307892372963,0,0.670639589369441,0.0054370112696773,4.17958670801979e-05,0.00275535197240471,0.000658934703327474,0.000268266372237251,0,0.000364626029841096,2.74709071982364e-05,0,0,0.000170446056337319,0,0.0307824421115893,0.00178064841600195,0.0042792611725559,0,0,0,0,0,0,0,0,0,0,0,0,0,0,0,0,0,0,0,0,0,0,0,0,0.0474466046909738,0.0244155252973989,0.109083598618702,0.485885512084808,0.0070482020104915,7.58282174934405e-05,0.0122395662490626,0.000117923335550171,0.0117140123667178,0,0.000408151834919397,0,0
0,0,0,0,0,0,0,0,0,0,0,0,0,0,0,0,0,0,0,0,0,0,0,0,0,0,0,0,0,0,0,0.00776267447902205,0.0811630852450549,0.670639589369441,0,0.00019076557063359,0.00937179881818456,0.00666042376346585,0.00154556660489268,0,0,8.54638974981561e-05,0.00243615819844437,0,0,0,0,0.0816686615661353,0.0132847524214208,0.000119250055316345,0,0,0,0,0,0,0,0,0,0,0,0,0,0.000116722379777156,2.10723783386677e-05,0,0,0,0,0,0,0,0,0,0.00224489635280411,0.040647578309577,0.456661398858159,0.251869679439488,0.000484622726595442,0.00489915358636988,0.0302287369707241,0.00149016369541089,0.00709967796477225,0,0.00110158567999237,0,0
0,0,0,0.000170652703765415,0,0.000313585988838507,0,0,0,0,0,0.00169384132417843,0,0,0,0,2.88563022911944e-05,0,9.39443170629551e-05,0.00852371795177426,0,0,0,0,0,0,0,0,0,0,0,0.00768688830694151,0.00547952480893156,0.0054370112696773,0.00019076557063359,0,0.0505624224511047,0.0287743181040154,0,0.00175989746947322,1.15650274006146e-05,0.000784459036179919,6.32453053732811e-05,7.49370910390479e-06,0,0.00670207671320693,0,0.00299653210067329,0.000131011356880394,0.00240796787923775,0,0,0,0,0,0,3.34830143492454e-06,0.000102563079497186,0,0,0,0,0.0108382551650428,1.36857117173084e-05,0,0,0,0,0,0,0,0,4.31639441311597e-06,0,0.00363066300667609,0.000992836566232336,0.00152937464367549,0.000224476292393144,0.172324438529149,0.00366955581518559,0.0402773880480462,4.19539142127102e-06,0.053770598389522,0.0175274123836364,0.0043280726047691,8.42262496872066e-06,0
0,0,1.96359277748587e-05,0,0.000115570219402576,0,0,0,0,0,0.00253694159439358,0,0,0,0,0,0,0,0.000144562336499011,0,0.0166771044627349,0,0,0,0,0,0,0,0,0,0,0.0115630466814212,0.0092419722570117,4.17958670801979e-05,0.00937179881818456,0.0505624224511047,0,0,0.0519092333184618,9.36450816155791e-05,0.000515493079100739,4.60697051867139e-06,0.000546380195414764,0,0,1.71326015808651e-05,0.000484307072478109,0.00571570711122943,0.00112543090767168,0.000249875069183826,0,0,0,0,0,0,0.0007968767720983,0,0,0,0,0,5.32391266816067e-06,0.00480570156538629,0,0,0,0,0,0,0,0,0,0.000111188187467881,0.00245950583033564,0.00261291361228868,0,0.000827193669181219,0.00627860635358322,0.130444254792009,6.70353830634936e-06,0.00953460955587628,0.0650449487717145,0.0504316822024733,0.00212482769921146,0,6.78867843385531e-05
0,0.000709669634286141,0,0,0,0,0,2.88654201445471e-05,0,0.000211418783938905,0,0.0549125710977213,0,0,0,0,0,0,7.90236037167772e-05,0.000361294881080797,0,0.0447789641277944,8.09090945530101e-05,0.0139160061110514,0,0,0,0.0150334715817106,0,0.0261396604179089,0,0,2.01045221216579e-05,0.00275535197240471,0.00666042376346585,0.0287743181040154,0,0,0.0286880826585232,0,0,0.00547549302308086,3.07157471834171e-05,0,0,0,0,0.00304081189382313,9.46363287273616e-05,0.000973841210170192,0,0,0,0,0,0.000384073699660124,0,0.00415082907483974,0,0,0,0,0,0,0.0123691324986098,1.77522988877026e-05,0.0048079144285807,0,0,0,0.00983128083038589,0,0.00462496443244865,0,0,0,0.0034069164924323,0.000201671978231818,0.00689909111429801,0,0.346037779563876,0.0149826509024732,0.0615415504367038,0.029534944738379,0.00247554693751384,2.34649652933365e-05,0
0.000137408224634456,0,7.7601071102214e-05,0,0,0,0,0,2.38472291638828e-05,0,0.0275667079923533,0,0,0,0,0,2.26587525908177e-06,0,0.000100241339943033,0,0.00995330798927237,0.00294291794956568,0.0213635018727153,0,0.0141146040655421,0,0,0,0.0247470412225741,0,0.0412960558443644,0,0,0.000658934703327474,0.00154556660489268,0,0.0519092333184618,0.0286880826585232,0,0,6.41575918177573e-06,5.53999484856765e-05,0.00278341092064155,0,0,0,4.06522750870959e-05,0.000143425117523965,0.0032690733867574,0,0,0,0,0,1.02682474677435e-05,0,0.00443848957694687,0,0,0,6.66239278986568e-06,0,0,0.00228991579836666,0.00366771010264624,0.00287815491528197,0,0.00352796430943523,0,0,0,0.00360879055737831,0,0.00470739019617208,0,0,0.00218159307044645,0.00630752358340221,0,0.00925779816346855,0.00711763547778319,0.350930543895141,0.049774322155528,0.0264266128698611,0.00283561558492945,0,0.000168170832068526
7.76040466035285e-05,0.000512121378080021,7.63406956090637e-05,0.0013026170746756,0,0,0,0,0,0.0011580614538576,0,0,0,0,0,0,0.00592475223775816,0.0113291377188786,0.0630986870685785,0,0,0,0,0,0,0,0,0,0,0,0,0.00221719155058097,0,0.000268266372237251,0,0.00175989746947322,9.36450816155791e-05,0,0,0,0.00564697995247059,0.150527869728946,0.00302632367146113,0.00121536213508296,9.17001594584268e-05,0.0381370068454035,0.000449263841407053,0.0266533562686329,0.000861633752630433,0.105028225883485,0,0,0,0,0,0,1.26004663942826e-05,0.00148560858036654,0,0,0,0,0.0293110732668731,9.0312052210169e-05,0,0,0,0,0,0,0,0,0.00167727536145205,9.12702880581396e-05,2.50589612964909e-05,0.000204448583762298,0,0,0.00924659527964735,8.55106093886791e-05,0.00635979909162427,9.53704535653139e-05,0.00331994606346632,0,0.0954323458834992,0.00321934624308821,0
0.00108003736090815,0,5.48321849731851e-05,0,0.00338294341915988,0,0,0,0.00133836415983697,0,0,0,0,0,0,0,0.00631370146929837,0.000357814265894523,0.052345236797704,0,0.00190345466989894,0,0,0,0.000565240314927666,0,0,0,0,0,0,6.02118289465964e-05,0.00114106276827288,0,0,1.15650274006146e-05,0.000515493079100739,0,6.41575918177573e-06,0.00564697995247059,0,0.00397220039684842,0.163208987777685,0,0.00332842506326487,0.000348452262671086,0.0731914724489637,0.0258298184698731,0.112945487469539,0.00172792004207198,0,0,0,0,0.00135486422128378,0,0.000944608084098396,0,0,0,0,0,3.28493173594772e-05,0.0243509355324464,0,0,0,0.000201521503280511,0,0,0,0,0,0.0024473328380191,0,0.000244316612361689,0,7.81027576395119e-05,6.54944425213149e-05,0.0154505506853837,0.000113707751551396,0.00317019857509107,0.00114609995026254,0,0.0443630016989797,0,0.000951722441333672
0.000485173780446303,0.0520101412699372,1.32044315472241e-05,0.00775071942980541,0,0.000272050114140196,0,0,0.000515259341579874,0.0120292326046776,0,0,0,0,0,0,0.00927753987358522,0.0201549321610769,0.0662026767165765,0,0,0,0,3.25446728095635e-05,0,0,0,0,0,0,0,0.000336728617286217,0.0001511660824792,0.000364626029841096,8.54638974981561e-05,0.000784459036179919,4.60697051867139e-06,0.00547549302308086,5.53999484856765e-05,0.150527869728946,0.00397220039684842,0,0.0172925634312276,0.00184537431678999,0.000462268029237809,0.00255870606298804,0.00128264565898936,0.0263185657053842,0.000859959878458141,0.0652381792270591,0,0,0,0,0,0.00258756175129149,0.000121919765742848,0.0023262217571671,0,0,0,0,0.00613547293444386,0.00016608169869959,1.30042193333298e-05,0,0.00335823315093254,0,0,0,0,0,0.00249953968189327,0.000633085958760985,0.000207708561558925,0,0.00175635582195287,0,0.0104418482351985,0.000400677163149532,0.0182814500353104,0.000999701912059827,0.011586849682002,0,0.156605278455809,0.023501217723574,0.00126849194837437
0.0283107297319183,0,0.0242765871462368,0,0.00377729376442336,0,0,0,0.0194958113592614,0,0,0,0,0,0.000321319105357678,0,0.0125601086934673,0.00193286685270893,0.0386155107391034,0,4.11305971024801e-05,8.54625799441566e-06,0,0,0.00389759392262165,0,0,0,0,0,0,9.10778539526796e-05,0.00140855418571204,2.74709071982364e-05,0.00243615819844437,6.32453053732811e-05,0.000546380195414764,3.07157471834171e-05,0.00278341092064155,0.00302632367146113,0.163208987777685,0.0172925634312276,0,0,0.00147501242357423,1.38433262778031e-05,0.00843317215424435,0.0178777875188226,0.0577113362557998,0.000799230969672763,0,0,0,0,0.00565862777533897,0,0.0123341723860234,0,0,0,0.00135988836871501,0,0,0.0253776016691197,0,0,0,0.000969208518482535,0,0,0,0,1.53937989484589e-05,0.0316233974564458,0,4.55935886059526e-05,0,0.00052724873268794,6.29379700685721e-05,0.00347363404627787,0.000183614045780135,0.0114694663590809,0.00790249870245114,5.54042842286859e-05,0.185417199199539,0,0.0191580402859493
0,0.00160031631810108,0,0,0,0,0,0,0,0.00115998634874064,0,0,0,0,0,0,0.00019456919103336,0.000655728066813595,0.00853333316416477,0,0,0,0,0,0,0,0,0,0,0,0,0,0,0,0,7.49370910390479e-06,0,0,0,0.00121536213508296,0,0.00184537431678999,0,0,0,0,0,0,0,0,0,0,0,0,0,0,0,0.000180805791800137,0,0,0,0,0,0,0,0,0,0,0,0,0,0,0.000322585291847746,0,0,0,0,0,0.000124946955562877,0,0.000920559219138735,0,0.00010221437486842,0,0.00276621484742312,0,0
0,0,0,0,0,0,0,0,0,0,0,0,0,0,0,0,0.000410936299199873,9.66384939102456e-06,0.00112462404999475,0,0,0,0,0,0,0,0,0,0,0,0,0,0,0,0,0,0,0,0,9.17001594584268e-05,0.00332842506326487,0.000462268029237809,0.00147501242357423,0,0,0,0.000357321080815867,0.00041116747754987,0.000792796960139884,1.9016524352621e-05,0,0,0,0,0,0,0,0,0,0,0,0,0,0,0,0,0,0,0,0,0,0,0,0,0,0,0,0,4.91977669616158e-06,6.51705992670468e-05,2.13662355726422e-05,0.000271791635693255,4.29505881184482e-05,0,0.000887333550091143,0,0
0,0,0,0.00194692270322807,0,0,0,0,0,0,0,0,0,0,0,0,0.000187316101614053,0.000236762553259232,0.00156727734749651,0,0,0,0,0,0,0,0,0,0,0,0,0.000609636249959646,0,0.000170446056337319,0,0.00670207671320693,1.71326015808651e-05,0,0,0.0381370068454035,0.000348452262671086,0.00255870606298804,1.38433262778031e-05,0,0,0,3.87562310406914e-05,0.00365455883256025,0.000417148570083595,0.00913769947428819,0,0,0,0,0,0,0,0.0046984612061105,0,0,0,0,0.0598953154450847,3.29212277376493e-05,0,0,0,0,0,0,0,0,0.00951299256781601,2.89842164652508e-05,0,9.97699617247896e-05,0,0,0.0121446489255537,7.57274147573915e-06,0.00830470386565537,4.86731187044329e-06,0.000317548238376911,0,0.0325389451935633,0.000324372353797812,5.98103852088583e-05
1.42006542117561e-05,0,0.000135363033769495,0,0.00280536405588074,0,0,0,0.000268005979562299,0,1.29611874513337e-05,0,0,0,0,0,0.00153840260962869,0.000547417725949332,0.0090125694451332,0,0.00262131162197051,0,0,0,0,0,0,0,0,0,0,0,0.000276383349924803,0,0,0,0.000484307072478109,0,4.06522750870959e-05,0.000449263841407053,0.0731914724489637,0.00128264565898936,0.00843317215424435,0,0.000357321080815867,3.87562310406914e-05,0,0.00490664895776048,0.0186989091175397,0.000226222062827154,0,0,0,0,0,0,0.000976916044664134,0,0,0,0,0,0,0.0635487841397478,0,0,0,0,0,0,0,0,0,0.0023175910572547,0,0.00038262936665589,0,0,0,0.0215643978040968,0,0.00347061831148824,0.000503174818445156,0,0.0303346083968731,0,0
0.00122537883285887,0,0.000953734859250032,0.000387672673515641,0.00119608737551963,0,0,0,0.000134518580092318,0,0,0,0,0,0,0,0.000234423465313476,3.37568335768829e-05,0.000769532915113748,0,0,0,0,0,0,0,0,0,0,0,0,0.0562090596909943,0.0883591501716407,0.0307824421115893,0.0816686615661353,0.00299653210067329,0.00571570711122943,0.00304081189382313,0.000143425117523965,0.0266533562686329,0.0258298184698731,0.0263185657053842,0.0178777875188226,0,0.00041116747754987,0.00365455883256025,0.00490664895776048,0,0.113812305280247,0.114407398353772,0,0,0,0,0,0,0.000294995559851131,0.000331136089934056,0,0,0,0,9.38521348538813e-05,0.00191354383357705,0,0,0,0,0,0,0,0,0.000205255483776107,0.000509926421827362,0.0364798045066196,0.057899606650802,0.0257049259162818,0.0192337272060008,0.00602359338841739,0.00598364270378692,0.0182163735659605,0.00069613849454023,0.00217434981273352,2.62491494329206e-05,0.0495859123740082,6.14476028278077e-05,8.49851489034001e-05
0.0250043315024175,0,0.00106530633769787,0,0.00277420074252685,0,0,0,0.000730177594598068,0,0,0,0,0,0.000533583739435561,0,0.000668953964808383,0.000199653339991504,0.00315560499336611,0,0,0,0,0,0.0047271994407595,0,0.00015565498065309,0,0,0,0,0,0.00596443112962265,0.00178064841600195,0.0132847524214208,0.000131011356880394,0.00112543090767168,9.46363287273616e-05,0.0032690733867574,0.000861633752630433,0.112945487469539,0.000859959878458141,0.0577113362557998,0,0.000792796960139884,0.000417148570083595,0.0186989091175397,0.113812305280247,0,0.00205688293038528,0.000689733002833998,0,0,0,8.90259068776466e-05,0,0.00859332328368532,0,0.0039037290743813,0,0.00249088473017408,0,0,0.00335170708057005,0,0.015419019915838,0,0.000744061716381742,0,0,0,8.09483835820898e-05,1.56062548864005e-05,0.00638389014006322,0,0.00771970227525816,0.000708071133627718,0.00166312884092339,3.0572700568805e-05,0.00516156260518718,0.000255656998843349,0.0170286694625273,0.00140811900092872,0,0.0600191654546301,5.23605182527274e-05,0.00061686764869952
1.54185422603466e-05,0.0381434382236237,0,0.0227474029571411,5.8694362380601e-05,3.31773584210553e-05,0,0,1.43719838340975e-05,0,0,5.93170973884872e-05,0,9.4697593660358e-05,0,0.00384110353697143,0.000663778517693898,0.000633674534604146,0.00281499103106507,0,0,0.00261321811512921,0,0.00169373276825211,0,0,0,0,0,0,0,0.0125066586882458,0.000959577227790486,0.0042792611725559,0.000119250055316345,0.00240796787923775,0.000249875069183826,0.000973841210170192,0,0.105028225883485,0.00172792004207198,0.0652381792270591,0.000799230969672763,0,1.9016524352621e-05,0.00913769947428819,0.000226222062827154,0.114407398353772,0.00205688293038528,0,0,0,0,0,0,0.00187217346681738,0,0.0025547121973715,0,0.0015896250088266,0,0.0125502161494969,0.000839689420310385,9.00371381655951e-06,0.0162483248889639,0,0.0297306903030146,0,0.0119429190374705,0,0.00376966323963262,0,0.00199626170993228,0,0.00178721690127018,0.000103327326166289,0.00035623912333382,0.000209620028334089,0.0062475470438709,1.89536951811843e-05,0.0131109902683438,1.76337669389092e-05,0.00213192586670649,1.90812565455515e-05,0.0582422292199764,0.00237452547758838,0.000122463197628757
0.00422927229853168,0,0,0,0,0,0,0,0,0,0,0,0,0,0,0,0,0,0,0,0,0,0,0,0,0,0,0,0,0,0,0,0,0,0,0,0,0,0,0,0,0,0,0,0,0,0,0,0.000689733002833998,0,0,0,0,0,0,0,3.79972397685818e-05,0,0,0,0,0,0,8.21816208965154e-05,0,0,0,0,0,0,0,0,0,0,0,0,0,0,0,0,0,0,0,0,0.00460054145850149,0,0
0,0,0,0.00140619787393354,0,0.263912620761106,0,0,0,0,0,0.00241886730245829,0,0,0,0,0,0,0,0,0,0,0,0,0,0,0,0,0,0,0,0,0,0,0,0,0,0,0,0,0,0,0,0,0,0,0,0,0,0,0,0,0,0,0,0,0,7.8959958101562e-05,0,0,0,0,0,0,0,0,0,0,0,0,0,0,0,0,0,0,0,0,0,0,0,0,0.00125875439830453,0,0.000228110301118706,0,0
0,0,0,0,0,0,0.0010626423974083,0,0,0,0.000393024621807235,0,0,0,0,0,0,0,0,0,0.00308318440995446,0,0,0,0,0,0,0,0,0,0,0,0,0,0,0,0,0,0,0,0,0,0,0,0,0,0,0,0,0,0,0,0,0,0,0,0.00243269162222077,0,0,0,0,0,0,0.00322406106312419,0,0,0,0,0,0,0,0,0,0,0,0,0,0,0,0,0,0,0.00109493048675224,0,0,0,0
0,0,0,0,0,0,0,0.377011735839289,0,0,0,0.00071232795752283,0,0.00129504925428642,0,0,0,0,0,0,0,0,0,0,0,0,0,0,0,0,0,0,0,0,0,0,0,0,0,0,0,0,0,0,0,0,0,0,0,0,0,0,0,0,0,0,0,0.00182757797640438,0,0.00151092355988419,0,0,0,0,0,0,0,0,0,0,0,0,0,0,0,0,0,0,6.90540788490942e-06,0,0,0,0.00613335085915107,0.000619304799532442,0,0,0
0.245454392035699,0,0.000805477250423146,0,0,0,0,0,0.280257803607438,0,0,0,0,0,0.0597142835031949,0,0.00482097810221712,0,0.000973743157709627,0,0,0,1.94865974565522e-05,0,0.0898365171657006,0,0.00194768245744358,0,0,0,0,0,0,0,0,0,0,0,1.02682474677435e-05,0,0.00135486422128378,0,0.00565862777533897,0,0,0,0,0,8.90259068776466e-05,0,0,0,0,0,0,0,0.000118259565347044,0,0,0,0.0638727653840794,0,0,8.97374179008141e-05,0,0,0,0.00804058594458809,0,6.28323394574002e-05,0,0,0,0.000462079659848914,0,0,0,0,0,3.89852990251023e-05,0,0.000159866253801886,0.00279254846743668,0,0.000815213270826011,0,0.000106887812513501
0,0.11638295924351,0,0,0,0.0468547488267503,0,0,0,0.345461919057312,0,0,0,0,0,0.199490828513195,0.000126612973747051,0.000214748154383762,0.00191408944455723,0,0,0,0,0.0012307106061144,0,0,0,0,0,0,0,0,0,0,0,0,0,0.000384073699660124,0,0,0,0.00258756175129149,0,0,0,0,0,0,0,0.00187217346681738,0,0,0,0,0,0,0,8.56443886939305e-05,0,0,0,0.0518893534320461,0,0,1.15309916655698e-05,0,0.0308338241818367,0,0,0,0,0,0,0,0,0,0.000619899270402154,0,0,0,0.00126751746340683,0,0.000421012063405832,0,0.00333294736510988,0.00055874158338699,0
0.00453461850984098,0,0.000683399842338243,0,0.000417561020855133,0,4.67862052336836e-05,0,5.05633804184028e-05,0,0.211246351900628,0,0.0157101717693344,0,0,0,0.000200673397623739,1.47152379419214e-05,0.00171362206392181,0,0.0147779163430078,0,0,0,0.000196472677571446,0,0,0,0.0156789415212507,0,0.0266868509824989,1.0013585662313e-05,0,0,0,3.34830143492454e-06,0.0007968767720983,0,0.00443848957694687,1.26004663942826e-05,0.000944608084098396,0.000121919765742848,0.0123341723860234,0,0,0,0.000976916044664134,0.000294995559851131,0.00859332328368532,0,3.79972397685818e-05,0,0.00243269162222077,0,0.000118259565347044,0,0,0,0.0136702401270264,0,0,0,0,0.0213719465091679,0,0,0,0,0,0,0,0.0110917995821903,0,0.0507901931135415,0,0,0,0,0,0.000303648228494331,0,0.00206072530092977,0.0132202539661192,0.000136946063522451,0.0149635308599254,0,0.000612585576065216
0,0.000776468189295852,0,0.00518998843122835,0,8.0371027080953e-05,0,0.0875039627024934,0,0,0,0.34886505002009,0,0.137728573339568,0,0.00301957649425443,5.86474656467634e-05,5.29208100973648e-05,0.000593403745803572,0.0215586607181122,0,0,0,0,0,0,0,0.0307308356848799,0,0.0450278090534663,0,4.82679596169279e-05,0,0,0,0.000102563079497186,0,0.00415082907483974,0,0.00148560858036654,0,0.0023262217571671,0,0.000180805791800137,0,0.0046984612061105,0,0.000331136089934056,0,0.0025547121973715,0,7.8959958101562e-05,0,0.00182757797640438,0,8.56443886939305e-05,0,0,0,0.0212600234962212,0,0.0157618231579088,0.0391159253252904,0,0,0,0,0,0,0,0.0105461216682804,0,0.0183327062010018,0,0,0,0,0,0.000235510155415755,0,0.00177965453640886,0,0.00969148686602272,0.00618082720693442,0.00898610813419259,0.000373654914912823,0
0.00350370568897744,0,0,0,0,0,0,0,0,0,0.00619307314636064,0,0.232074332912168,0,0.0414863872268814,0,0,0,0,0,0,0,0,0,0,0,0,0,0.0174856948129259,0,0.000141548810104997,0,0,0,0,0,0,0,0,0,0,0,0,0,0,0,0,0,0.0039037290743813,0,0,0,0,0,0,0,0.0136702401270264,0,0,0,0.000353137676245328,0,0,0,0,0,0,0,0,0.00241567998522251,0,0.00203140390466083,0,2.85908672307833e-05,0,0,0,0,0,0,0,0,0.00369767549252225,0.00019430450458673,0.000583303946915625,0,0
0,0,0,0.000230001794570344,0,0,0,0.00146881802412397,0,0,0,0.0208137856618548,0,0.57175918326662,0,0.0874376303320116,0,0,0,0,0,0,0,0,0,0,0,0.0213269235301506,0,0,0,0,0,0,0,0,0,0,0,0,0,0,0,0,0,0,0,0,0,0.0015896250088266,0,0,0,0.00151092355988419,0,0,0,0.0212600234962212,0,0,0,0.148423239491815,0,0,0,0,0,0,0,0,0.0120522484070157,0,0,0,0,0,0,0,0,0,0,0,0.0152606589800758,0.00654597188096485,0,0,0
0.0533340351796022,0,0,0,0,0,0,0,0.0359516260905106,0,0,0,0.0203293654278466,0,0.139022410900293,0,0.00298953307105705,0,0,0,0,0,0,0,0.0017056079904976,0,0.0536020376345886,0,0.000344418522074607,0,0,0,0,0,0,0,0,0,6.66239278986568e-06,0,0,0,0.00135988836871501,0,0,0,0,0,0.00249088473017408,0,0,0,0,0,0.0638727653840794,0,0,0,0.000353137676245328,0,0,0,0,0,0,0,0,0,0,0.032710654129487,0,0.00384816895886412,0,0,0,0,0,0,0,0,0,0,0.00254918090208659,0,0.000295710960026235,0,0
0,0.0324350234973886,0,0,0,0,0,0,0,0.0494655157367611,0,0,0,0.0189698890281054,0,0.143827220860481,0,0,0,0,0,0,0,0,0,0,0,0,0,0,0,0,0,0,0,0,0,0,0,0,0,0,0,0,0,0,0,0,0,0.0125502161494969,0,0,0,0,0,0.0518893534320461,0,0.0157618231579088,0,0.148423239491815,0,0,0,0,0,0,0,0,0,0,0,0,0,0,0,0,0,0,0,0,0,0,3.37150040519395e-05,0,4.62777844824347e-05,0,0
0,0,0,0,0,0.0177910926590084,0,0,0,0,0,0.00116460173923095,0,0,0,0,0,6.54286256181415e-05,8.7152259220853e-05,0.317843732861951,0,0,0,0,0,0,0,0,0,0,0,6.56894714230877e-05,0,0,0,0.0108382551650428,5.32391266816067e-06,0,0,0.0293110732668731,3.28493173594772e-05,0.00613547293444386,0,0,0,0.0598953154450847,0,9.38521348538813e-05,0,0.000839689420310385,0,0,0,0,0,0,0,0.0391159253252904,0,0,0,0,0,0,0,0,0,0,0,0,0,0,0.0249004185679665,0,0,0,0,0,0.0331827642343256,0,0.0191679362454619,0,0.000311489400288901,3.77503584719015e-05,0.0162846610626219,0,0
0.000716120099614041,0,0.00187287389190265,0,0.00967391634717193,0,0.000155002240733061,0,0.000525747815389051,0,0.0623734655949612,0,0,0,0,0,0.00026989546132132,0,0.00381332871804382,0,0.145812467154584,0,0,0,0.000381184529275091,0,0,0,0,0,0,0,1.48851373297024e-05,0,0.000116722379777156,1.36857117173084e-05,0.00480570156538629,0,0.00228991579836666,9.0312052210169e-05,0.0243509355324464,0.00016608169869959,0.0253776016691197,0,0,3.29212277376493e-05,0.0635487841397478,0.00191354383357705,0.00335170708057005,9.00371381655951e-06,8.21816208965154e-05,0,0.00322406106312419,0,8.97374179008141e-05,0,0.0213719465091679,0,0,0,0,0,0,0,0,0,0,0,0,0,0,0,0,0.0131372132654684,0,0.000155649082350402,0,8.56552205312812e-05,0,0.0196709548830128,0,0.0203969278119144,0.00570308956516973,0,0.022148389080223,0,0.000853604342205493
0,0,0,0,0,0,0,0,0,0,0,0,0,0,0,0,0,6.42378101454936e-05,0,0,0,0.31997171262933,0.0373008296558631,0.00270968042361242,0,0,0,0.0196567354289996,0,0,0,0,0,0,2.10723783386677e-05,0,0,0.0123691324986098,0.00366771010264624,0,0,1.30042193333298e-05,0,0,0,0,0,0,0,0.0162483248889639,0,0,0,0,0,1.15309916655698e-05,0,0,0,0,0,0,0,0,0,0.0126156975439282,0.00510837193274133,0,0.00102429207205178,0,0.0206573104681287,0,0,0,0,0,3.61705327367576e-05,0,0,0,0.0127146009301203,0.00311745399643044,0.0197186774238544,0.00192225337856562,0.000673617798259589,0,0
0,0,0,0,0,0,0,0,0,0,0,0,0,0,0,0,0,0,0,0,0,0.104881512683916,0.261973564289306,0,0.00839770963463776,0,0.0156116671510703,0,0,0,0,0,0,0,0,0,0,1.77522988877026e-05,0.00287815491528197,0,0,0,0,0,0,0,0,0,0.015419019915838,0,0,0,0,0,0,0,0,0,0,0,0,0,0,0,0.0126156975439282,0,0,0.00282197134214438,0,0.00763875853516881,0,0.00136104377447513,0,0,0,0,0,0,0,0,0,0.00857622002490823,0.0316887852133516,0.00130358617080565,5.04526294411404e-05,0,0
0,0.022414048116483,0,0,0,0,0,0,0,0.00106539379685713,0,0,0,0,0,0,0,0,2.9868157312467e-05,0,0,0.00116768976574959,0,0.17189399909863,0,0.00672071937175111,0,0,0,0,0,0,0,0,0,0,0,0.0048079144285807,0,0,0,0.00335823315093254,0,0,0,0,0,0,0,0.0297306903030146,0,0,0,0,0,0.0308338241818367,0,0,0,0,0,0,0,0,0.00510837193274133,0,0,0,0.0532776008761098,0,0.000319446715687355,0,0,0,0,0,0.000149037753111786,0,0,0,0.00329768978226163,0,1.48998297722051e-05,0,0.0151158804912535,0,0
