0,0,26.8836555182934,0,0,0,0,0,146.405998855829,0,0,0,0,0,0,0,0,0,29.1247461438179,0,0,0,0,0,0,0,0,0,0,0,0,0,0,0,0,0,0.541995629668236,0,0,0,15.1636371463537,0,14.4168690443039,0,0,0.235634654760361,42.2324398458004,0.619969606399536,22.539750918746,0,0,0,0,0,70.1681761741638,0,0,0,0,0,0,0,0,0,0,0,0,0,0,0,0,0,0,0.414274781942368,0,0,0,0,0,15.8449333682656,0,0,32.7034714370966,0,282.2156829983,0,2.19261312484741
0,0,0,52.3461859226227,0,0,0,0,0,465.282776281238,0,0,0,0,0,65.3837698698044,0.186014637351036,1.55951818823814,22.9080771058798,0,0,1.63155546784401,0,8.10201266407967,0,0,0,0,0,0,0,0,0,0,0,1.5796964764595,0,24.2271464914083,0.397614181041718,5.93751145899296,0,177.653318852186,0.13469822704792,0.267943143844604,0,41.6025350093842,0,8.09242771565914,1.52323946356773,659.957080379128,0,0,0,0,0,202.664301037788,0,6.54626871645451,0,6.14935863018036,0,18.4678662419319,7.74659515917301,0,1.65440094470978,0,18.7386070340872,0,21.0957947075367,0,17.3020124733448,0,20.6541031897068,0,0,0,0,0,47.5675350055099,0,28.1328589692712,0,359.281469896436,0,1215.34820438921,1.75541973114014,0
26.8836555182934,0,0,0,107.355848193169,0,0,0,329.593615472317,0,0,0,0,0,0,0,0.151336222887039,0,0.391096323728561,0,0,0,0,0,0,0,0,0,0,0,0,0,0,0,0,0,9.95858691632748,0,1.44166308641434,0,5.51889003813267,0.2039395570755,43.7218179255724,0,0,0,4.43041321635246,2.30396613478661,97.1916430443525,1.71414828300476,8.75862613320351,0,0,0,113.936025619507,0,26.0709073096514,0,69.6830686330795,0,56.622506737709,0,0,1.83714547753334,0,0,0,0,0,0,0,0.352067291736603,0,37.5752494782209,0,0,0,0,0,12.0408922657371,0,12.3025105893612,209.800376430154,0.935256972908974,221.960305839777,0,3.22465491294861
0,52.3461859226227,0,0,0,0,0,0,0,27.1982236206532,0,0,0,0,0,77.5142996460199,0.788376867771149,0,1.05857473611832,11.0142688453197,0,0.238680377602577,0,0,0,0,0,0,0,0,0,0,0,0,0,17.2235631644726,0,0.222965329885483,0,18.6707453131676,0,42.137810125947,0,0,0,6.96682868897915,0,0.230838373303413,0,228.268715143204,0,1.24245750904083,0,0,0,20.7135965228081,0,21.2419725656509,0,23.6304602324963,0,183.367625817657,7.57831706106663,0,0,0,0,0,0,0,0.271017223596573,0,1.20720818638802,0,0,0,0,0,35.6757662445307,0,1.34302832186222,0,89.8068750202656,0,199.533947661519,0,0
0,0,107.355848193169,0,0,0,42.3237102031708,0,114.875146925449,0,0,0,0,0,19.0405624210835,0,0,0,1.10324561595917,0,66.8844214379787,0,0,0,0,0,0,0,0,0,0,0,0,0,0,0,2.58937904238701,0,0,0,1.16392412781715,0,17.7015654891729,0,0,0,0.329513013362885,0,8.68031699955463,0.768526196479797,717.445671275258,0,16.0746663212776,0,27.6653839349747,0,2.74817176163197,0,0.645513728260994,0,103.53410166502,0,0,24.3887246549129,0,0,0,0,0,0,0,0,0,1.40653665363789,0,0,0,0,0,0,0,0.153249531984329,166.707943066955,0,74.7397433370352,0,0.416524678468704
0,0,0,0,0,0,0,0,0,67.6401953697205,0,0,0,0,0,39.8380078971386,0,0,0,4.96292233467102,0,0,0,0,0,0,0,0,0,0,0,0,0,0,0,1.0978479385376,0,0,0,0,0,0,0,0,0,0,0,0,0,0,0,186.234927982092,0,5.20349788665771,0,0,0,7.72097140550613,0,53.9192714691162,0,194.00191386044,0,0,0,0,0,0,0,0,0,0,0,0,0,0,0,0,0,0,0,0,212.316504538059,0,0,0,0
0,0,0,0,42.3237102031708,0,0,0,0,0,73.25707924366,0,41.1667189598083,0,0,0,0,0,0,0,0,0,0,0,0,0,0,0,0,0,0,0,0,0,0,0,0,0,0,0,0,0,0,0,0,0,0,0,0,0,147.0626912117,0,600.102456271648,0,0,0,1.5247620344162,0,0,0,0,0,0,0,0,0,0,0,0,0,0,0,0,0,0,0,0,0,0,7.37220571935177,0,0,50.4539093971252,0,0,0,0
0,0,0,0,0,0,0,0,0,0,0,0,0,0,0,0,0,0,0,0,0,0,0,0,0,0,0,0,0,0,0,0,0,0,0,13.5720809400082,0,0,0,0,0,0,0,0,0,0,0,0,0,0,0,0,0,355.840326428413,0,0,0,13.9902220368385,0,4.53058350086212,0,0,0,0,0,0,0,0,0,0,0,0,0,0,0,0,0,0,0,0,0,0,13.4513768553734,0,0,0,0
146.405998855829,0,329.593615472317,0,114.875146925449,0,0,0,0,0,0,0,0,0,15.3832282423973,0,0,0,0,0,0,0,0,0,23.4233944714069,0,0,0,0,0,0,0,0,0,0,0,0,0.209748044610023,62.6500062346458,0,0.170068934559822,0,12.682632625103,0,0,0,0.292660415172577,1.55651043355465,26.7424547970295,0.52295857667923,1.47130627930164,0,0,0,237.097093164921,0,0,0,0,0,42.2391200065613,0,0,0,0,0,0,41.7238787412643,0,8.03620457649231,0,0,0,0,0,0,0,0,0,0,0.411521166563034,1.02577060461044,436.5721283108,0,202.109508320689,0,0
0,465.282776281238,0,27.1982236206532,0,67.6401953697205,0,0,0,0,0,0,0,0,0,121.78957273066,0.344289392232895,50.7426439523697,3.67138139903545,0,0,2.15809878706932,0,165.889518916607,0,1.97961759567261,0,0,0,0,0,0,0,0,0,0,0,21.1657294034958,0,4.20126098394394,0,114.980320096016,0,0.273811817169189,0,5.55304946005344,0,2.64440800249577,0,184.529363155365,0,0,0,0,0,149.702724993229,0,3.76110553741455,0,1.40097254514694,0,106.079794406891,3.8957906216383,0,0,0,59.108555957675,0,0,0,11.1926947832108,0,11.7175758481026,0,0,0,0,0,2.13542819023132,0,48.3966996073723,0,924.706018000841,34.5906695872545,134.716759473085,0,0
0,0,0,0,0,0,73.25707924366,0,0,0,0,0,90.2082680463791,0,0,0,0,0,0,0,853.149706482887,0,0,0,0,0,0,0,111.506133794785,0,139.592352032661,0,0,0,0,0,437.769060194492,0,2132.20191884041,0,0,0,0,0,0,0,0.371072262525558,0,0,0,0,0,30.2687163949013,0,0,0,2057.63241070509,0,5.83208781480789,0,0,0,0,345.030233591795,0,0,0,0,0,0,0,7.6624076962471,0,173.997353389859,0,0,0,0,0,0,0,68.0992903709412,331.899291545153,0,0,0,0
0,0,0,0,0,0,0,0,0,0,0,0,0,274.594872280955,0,0,0,0,0,141.566972702742,0,0,0,0,0,0,0,77.778628975153,0,16.9645622819662,0,0,0,0,0,192.498987883329,0,337.956100896001,0,0,0,0,0,0,0,0,0,0,0,0,0,0,0,2.22015625238419,0,0,0,3570.68050180376,0,112.224427700043,0,0,10.0805254280567,0,0,0,0,0,0,0,42.5791662335396,0,167.691164687276,0,0,0,0,0,15.2346804887056,0,50.0174560248852,0,836.951734289527,6.43839049339294,0,0,0
0,0,0,0,0,0,41.1667189598083,0,0,0,90.2082680463791,0,0,0,4.15029919147491,0,0,0,0,0,0,0,0,0,0,0,32.5171555876732,0,0,0,0,0,0,0,0,0,0,0,0,0,0,0,0,0,0,0,0,0,0,0,0,0,0,0,0,0,59.2153217643499,0,295.434694051743,0,8.88994969427586,0,0,0,0,0,0,0,0,0,0,7.05391710996628,0,0,0,0,0,0,0,0,0,0,66.6162323951721,0,0,0,0
0,0,0,0,0,0,0,0,0,0,0,274.594872280955,0,0,0,103.940288096666,0,0,0,0,0,0,0,0,0,0,0,12.5964102745056,0,0.372783571481705,0,0,0,0,0,0,0,0,0,0,0,0,0,0,0,0,0,0,0,9.23165053129196,0,0,0,0,0,0,0,94.1091329604387,0,886.315158858895,0,84.9338254332542,0,0,0,0,0,0,1.07352447509766,0,5.31551858782768,0,0,0,0,0,0,0,0,0,0,0,157.609209448099,65.2102982401848,0,0,0
0,0,0,0,19.0405624210835,0,0,0,15.3832282423973,0,0,0,4.15029919147491,0,0,0,12.788421690464,0,0,0,0,0,0,0,0,0,19.3329247832298,0,0,0,0,0,0,0,0,0,0,0,0,0,0,0,0,0,0,0,0,0,0,0,13.3538973331451,0,0,0,0,0,0,0,28.605083912611,0,59.904056251049,0,0,0,0,0,0,0,0,10.2662658691406,0,0,0,0,0,0,0,0,0,0,0,0,1.51596587896347,9.60183644294739,0,0,0
0,65.3837698698044,0,77.5142996460199,0,39.8380078971386,0,0,0,121.78957273066,0,0,0,103.940288096666,0,0,0,9.3922213613987,1.18059834837914,0.772936150431633,0,0,0,49.7620999515057,0,3.75908249616623,0,0,0,0,0,0,0,0,0,0.530836641788483,0,0,0,4.6811208575964,0,4.26561683416367,0,0,0,0.513007238507271,0,0,0,9.2475353628397,0,4.50909554958344,0,0,0,2.72876763343811,0,0,0,27.7003621160984,0,299.695491105318,0.511776685714722,0,0,0,0,0,5.04579436779022,0,0,0,0,0,0,0,0,0,3.48581738770008,0.151851639151573,0,0,214.363590106368,0,20.8182474374771,0,0
0,0.186014637351036,0.151336222887039,0.788376867771149,0,0,0,0,0,0.344289392232895,0,0,0,0,12.788421690464,0,0,10069.4046529308,3533.32328404486,0,0,55.2023633718491,868.644603312016,0,40.4975079894066,0,866.821456849575,0,22.8349314332008,0,0,0,0,0,0,0.527491092681885,18.23040163517,0.581750810146332,2.45374825596809,2.50707015395164,168.882962107658,32.8493778333068,90.0796978622675,4.18486747145653,2.80062645673752,30.6414545699954,85.2307880371809,0.356283396482468,9.74152103066444,0.48162317276001,0,0,0,0,0,0,0.328821510076523,0,0,0,0,0,32.3486929759383,1.39039696753025,5.11940062046051,145.134329348803,0,2.27335095405579,0,173.245146840811,0.148249551653862,0,5.5075836032629,7.24906601011753,0,0,0,1.26195703446865,38.9027277976274,121.917515806854,15.44536241889,34.3190579116344,8424.841924496,2768.53701974452,123.775496028364,6.15585918724537,34.9675527960062
0,1.55951818823814,0,0,0,0,0,0,0,50.7426439523697,0,0,0,0,0,9.3922213613987,10069.4046529308,0,2160.73471011221,0.785620883107185,0,482.858311623335,12.7805713117123,6.38568735122681,1.72363436222076,331.363309472799,8.33026051521301,0,0,0,0,0,0,0,0,2.69527341425419,3.69202140718699,2.81183975934982,0.133131235837936,5.58048795163631,52.6221803352237,57.8884450942278,23.3382149636745,9.30706942081451,0,26.3596348017454,31.1680052131414,0,4.982337936759,5.0489067286253,0,0,0,0,0,0,0,0,0,0,0,0,27.9946886375546,1.59347987174988,195.030748903751,2.19199562072754,0,0,151.81916077435,0.629255414009094,0.256566941738129,0,2.28208856284618,0.302250027656555,0,0,0,0,60.2275618910789,27.8217469081283,23.7679681777954,7.69962249696255,6981.72863528877,307.305202260613,76.3953096568584,9.68425107002258,6.4369420260191
29.1247461438179,22.9080771058798,0.391096323728561,1.05857473611832,1.10324561595917,0,0,0,0,3.67138139903545,0,0,0,0,0,1.18059834837914,3533.32328404486,2160.73471011221,0,5.49256752431393,0,10.0458817183971,6.17821139097214,0,0,0,3.14878463745117,0,0,0,0,0,0,0.680548548698425,0,27.1276313215494,76.2428711056709,13.9498414546251,6.42032980918884,58.8187965750694,746.681456789374,656.027453660965,397.015788011253,56.4948032423854,50.4175989627838,529.443109080195,478.601970352232,5.69986663758755,57.341781437397,51.4396260082722,0,0,0,0,0,0.325214058160782,0.484895244240761,0,4.2678010314703,0,2.70780801773071,0,320.670982338488,16.8068500980735,0.310620337724686,0,0,0,0,0,6.14615377783775,0,41.9227223545313,32.0242085978389,0,0,1.3101555109024,1.4624460786581,635.180318191648,536.374271601439,243.662251673639,152.076624840498,3794.16819170862,0.356575280427933,1038.61078947037,88.2878031730652,101.824193194509
0,0,0,11.0142688453197,0,4.96292233467102,0,0,0,0,0,141.566972702742,0,0,0,0.772936150431633,0,0.785620883107185,5.49256752431393,0,0,0,0,0,0,0,0,0,0,0,0,0,0,0,0,1181.46717551351,0,252.747683472931,0,0,0,8.32961755245924,0,0.398955792188644,0,4.93162406235933,0,0,0,0,0,0,0,0.332076251506805,0,0,0,107.873293668032,0,0.844123423099518,0,2.92378348112106,1942.78596690297,0,0,0,0,0,0,0,0,0,58.6173597872257,0,0,0,0,0,543.330160029233,0,300.569840677083,0,401.66569724679,0,107.138699471951,0,0
0,0,0,0,66.8844214379787,0,0,0,0,0,853.149706482887,0,0,0,0,0,0,0,0,0,0,0,0,0,0,0,0,0,0,0,0,0,0,0,0,0,771.77669736743,0,182.331091359258,0,0,0,1.75310850143433,0,0,0,30.2253830432892,1.730872631073,0,0,76.6052165925503,0,0,0,0,0,14.2775644361973,0,0,0,0,0,0,2662.14578817785,0,0,0,0,0,0,0,0,0,2.70081806182861,0,0,0,0,0,297.710956260562,0,17.1079727262259,230.173881977797,0,7.40934255719185,0,0
0,1.63155546784401,0,0.238680377602577,0,0,0,0,0,2.15809878706932,0,0,0,0,0,0,55.2023633718491,482.858311623335,10.0458817183971,0,0,0,712.561189591885,201.001209780574,0,78.6322396993637,0,177.314053937793,0,0,0,0,0,0,0,0,0,850.116126403213,0,0,0,4.10021902620792,0,0,0,0.186051428318024,0,0,0,141.920003205538,0,0,0,0,0,0,0,6.4244639724493,0,0,0,1.60652112960815,0.86554391682148,0,8933.44446623325,0,88.543130710721,0,86.973122164607,0,133.736047461629,0,1.43439039587975,0,0,0,0,0,0,0,473.731531083584,0,2714.95281326771,1084.42081733048,5.11657036840916,0,0
0,0,0,0,0,0,0,0,0,0,0,0,0,0,0,0,868.644603312016,12.7805713117123,6.17821139097214,0,0,712.561189591885,0,0,154.943950235844,0,168.777648597956,0,205.775972962379,0,0,0,0,0,0,0,0,0,1219.80791637301,0,0,0,0,0,0,0,0,0,27.8075194209814,0,0,0,0,0,0,0,0,0,0,0,0,0,0,0,50.1970411241055,14775.9359726012,0,255.877828329802,0,96.7827490270138,0,140.003670319915,0,0,0,0,0,0,0.699691593647003,0,0,669.364845320582,2884.32155533135,274.023528128862,0,0,0.347320646047592
0,8.10201266407967,0,0,0,0,0,0,0,165.889518916607,0,0,0,0,0,49.7620999515057,0,6.38568735122681,0,0,0,201.001209780574,0,0,0,260.457686126232,0,0,0,0,0,0,0,0,0,0,0,327.51478292048,0.23797519505024,0,0,0,0,0,0,0.166429474949837,0,0.222897216677666,0,10.0811641216278,0,0,0,0,0,6.00069189071655,0,0,0,0.926242172718048,0,2.52878224849701,0.674369409680367,0,447.282341837883,0,368.358433708549,0,399.190425395966,0,1.96967947483063,0,0,0,0,0,0,0,0,0,107.969142600894,0,257.430797711015,0,9.68145005404949,0,0
0,0,0,0,0,0,0,0,23.4233944714069,0,0,0,0,0,0,0,40.4975079894066,1.72363436222076,0,0,0,0,154.943950235844,0,0,0,57.6159084439278,0,0,0,0,0,0,0,0,0,0,0.371394902467728,280.595393717289,0,0,0,1.09902097284794,0,0,0,0,0.940126299858093,273.158371001482,0,0,0,0,0,30.9653833210468,0,0,0,0,0,0,0,0,0,0,86.2876140922308,0,426.25269973278,0,676.165285229683,0,7.66993457078934,0,0,0,0,0,0,0,0,0,299.249191731215,135.320270761847,0,38.3452427983284,0,0
0,0,0,0,0,0,0,0,0,1.97961759567261,0,0,0,0,0,3.75908249616623,0,331.363309472799,0,0,0,78.6322396993637,0,260.457686126232,0,0,0,249.634440809488,0,0,0,0,0,0,0,0,0,0,0,0,0,0,0,0,0,0,0,0,0,0,0,0,0,0,0,0,0,0,0,0,0,0,0,0,134.948616713285,0,4.14820003509521,0,262.305841624737,0,3.58050447702408,0,0,0,0,0,0,0,0,0,0,0,172.62201808393,0,0.518810749053955,0,0
0,0,0,0,0,0,0,0,0,0,0,0,32.5171555876732,0,19.3329247832298,0,866.821456849575,8.33026051521301,3.14878463745117,0,0,0,168.777648597956,0,57.6159084439278,0,0,0,235.815006583929,0,0,0,0,0,0,0,0,0,0,0,0,0,0,0,0,0,0,0,0,0,0,0,0,0,0,0,0,0,160.501210987568,0,0,0,0,0,0,99.9093445837498,0,23.8136737346649,0,241.071611523628,0,29.9108680486679,0,0,0,0,0,0,0,0,0,0,163.721195042133,0,0,0,0
0,0,0,0,0,0,0,0,0,0,0,77.778628975153,0,12.5964102745056,0,0,0,0,0,0,0,177.314053937793,0,0,0,249.634440809488,0,0,0,314.51663056016,0,0,0,0,0,0,0,111.885122656822,0,0,0,0,0,0,0,0,0,0,0,0,0,0,0,0,0,0,0,19.1247936338186,0,27.4999260157347,0,0,0,0,183.335912451148,0,0,0,39.0079966187477,0,1290.34456622601,0,142.549906939268,0,0,0,0,0,0,0,17.9204739481211,0,421.196842133999,46.0898140668869,0,0,0
0,0,0,0,0,0,0,0,0,0,111.506133794785,0,0,0,0,0,22.8349314332008,0,0,0,0,0,205.775972962379,0,0,0,235.815006583929,0,0,0,103.326295852661,0,0,0,0,0,0,0,40.9008405804634,0,0,0,0,0,0,0,0,0,0,0,0,0,0,0,0,0,6.28715568780899,0,24.8267341852188,0,0,0,0,0,0,153.484864786267,0,0,0,1.55117762088776,0,1067.17795097828,0,271.499313205481,0,0,0,0,0,0,0,156.648972064257,109.663772821426,43.5539739131927,0,0,0
0,0,0,0,0,0,0,0,0,0,0,16.9645622819662,0,0.372783571481705,0,0,0,0,0,0,0,0,0,0,0,0,0,314.51663056016,0,0,0,0,0,0,0,0,0,294.763029962778,0,0,0,0,0,0,0,0,0,0,0,0,0,0,0,0,0,0,0,32.7254628241062,0,0.265375643968582,0,0,0,0,0,0,0,0,0,0,112.081811785698,0,457.960633948445,0,0,0,0,0,0,0,109.794635504484,0,119.902822569013,1.91341292858124,0,0,0
0,0,0,0,0,0,0,0,0,0,139.592352032661,0,0,0,0,0,0,0,0,0,0,0,0,0,0,0,0,0,103.326295852661,0,0,0,0,0,0,0,0,0,307.322194457054,0,0,0,0,0,0,0,0,0,0,0,0,0,0,0,0,0,26.2906731814146,0,0,0,0,0,0,0,0,0,0,0,0,0,0,6.93795439600945,0,303.683689713478,0,0,0,0,0,0,0,301.870209828019,127.144330874085,1,0,0,0
0,0,0,0,0,0,0,0,0,0,0,0,0,0,0,0,0,0,0,0,0,0,0,0,0,0,0,0,0,0,0,0,76.6368758678436,15.4642471969128,32.3781455755234,203.990795135498,87.5010502636433,0,0,1.97728064656258,0,0,0,0,0,0,0,253.317601770163,0,15.516902551055,0,0,0,0,0,0,0,0,0,0,0,0,0,0,0,0,0,0,0,0,0,0,0,0,897.306768745184,0,89.5548578798771,0,255.513710036874,17.7309684753418,0,0,128.621079862118,0,0,0,0
0,0,0,0,0,0,0,0,0,0,0,0,0,0,0,0,0,0,0,0,0,0,0,0,0,0,0,0,0,0,0,76.6368758678436,0,0,50.5184703916311,1,1513.18077668548,0,0,138.325400531292,0,0,0,0,0,0,0,931.05803373456,10.4758223295212,181.645395100117,0,0,0,0,0,0,0,0,0,0,0,0,0,0,0,0,0,0,0,0,0,0,0,0,0,904.266948565841,0,2.28408820927143,13.7180991172791,447.904245138168,0,0,453.613271012902,0,7.26635313034058,0,0
0,0,0,0,0,0,0,0,0,0,0,0,0,0,0,0,0,0,0.680548548698425,0,0,0,0,0,0,0,0,0,0,0,0,15.4642471969128,0,0,90.8262547850609,685.666958704591,0,123.271027937531,0,18.0139009356499,0,0,0,0,0,0,0,1290.42998687923,0,31.3428635895252,0,0,0,0,0,0,0,0,0,0,0,0,0,0,0,0,0,0,0,0,0,0,0,0,3.86701712012291,0,1427.37629008293,153.618301808834,213.804145380855,0,55.5590718984604,0,126.894889801741,0,0,0.195036813616753,0
0,0,0,0,0,0,0,0,0,0,0,0,0,0,0,0,0,0,0,0,0,0,0,0,0,0,0,0,0,0,0,32.3781455755234,50.5184703916311,90.8262547850609,0,0,1168.51720447838,0,266.589205279946,0,0,0,0,0,0,0,0,2590.3020581156,8.83693313598633,3.32816857099533,0,0,0,0,0,0,0,0,0,0,0,0,0,0,0,0,0,0,0,0,0,0,0,0,0,61.5472688525915,95.1849188804626,1197.17192797363,0,141.263926073909,0,251.564208522439,430.003099054098,0,2.16602563858032,0,0
0,1.5796964764595,0,17.2235631644726,0,1.0978479385376,0,13.5720809400082,0,0,0,192.498987883329,0,0,0,0.530836641788483,0.527491092681885,2.69527341425419,27.1276313215494,1181.46717551351,0,0,0,0,0,0,0,0,0,0,0,203.990795135498,1,685.666958704591,0,0,1091.98081330955,2269.38020864129,149.416295051575,13.6621758937836,0,96.3733020350337,0.138869270682335,3.33581997454166,0,64.8801067844033,0,247.278642058372,0,31.260602876544,0,0.582004547119141,0,20.4419662058353,0,0,0,94.6252382993698,0,12.3682905882597,0,11.9020492732525,745.611584976315,0,0,0,0,0,0,0,0,0,0.685818269848824,0,255.796414405107,2.75815111398697,876.622384160757,0,23295.2286975384,371.680571585894,2472.13911753893,4.11699974536896,5363.51442626119,1986.30179025233,139.121420800686,13.3838603943586,0
0.541995629668236,0,9.95858691632748,0,2.58937904238701,0,0,0,0,0,437.769060194492,0,0,0,0,0,18.23040163517,3.69202140718699,76.2428711056709,0,771.77669736743,0,0,0,0,0,0,0,0,0,0,87.5010502636433,1513.18077668548,0,1168.51720447838,1091.98081330955,0,27.3634435236454,2922.56982643902,0.663621783256531,18.4156306087971,0.571130648255348,69.6460151970387,0,8.01101461052895,1.8521414399147,197.783126950264,272.879346445203,39.2569444179535,59.527327299118,50.4134036302567,0,0,0,0,0,10.9202068150043,0,9.38886034488678,0,0.623442620038986,0,0.137566119432449,915.245345689356,0,0,0,0,0,0,0,0,0,3.11854565143585,3.04831421375275,945.062740370631,0,1005.95741462708,549.925411820412,28945.8196248114,0,739.101529091597,7693.56732158363,1170.44777293503,326.248098865151,0.869683265686035,51.6981020718813
0,24.2271464914083,0,0.222965329885483,0,0,0,0,0.209748044610023,21.1657294034958,0,337.956100896001,0,0,0,0,0.581750810146332,2.81183975934982,13.9498414546251,252.747683472931,0,850.116126403213,0,327.51478292048,0.371394902467728,0,0,111.885122656822,0,294.763029962778,0,0,0,123.271027937531,0,2269.38020864129,27.3634435236454,0,208.685873299837,0.164382800459862,0,42.8653892278671,0,0.503362596035004,0,18.5258649662137,0,377.404592037201,2.98843532800674,231.854196548462,0,0,0,0,0,17.086180716753,0,320.287391915917,0,0.390788793563843,0,0,495.790599599481,0,616.706119015813,0,460.995006889105,0.39615623652935,2.44603516161442,0,60.492616713047,0,845.290023267269,0,0,0,368.13840700686,0,1111.64707978815,0.415337562561035,15224.7966133803,53.2722572088242,1431.63197897375,164.668293833733,67.875633507967,3.09175606071949,0
0,0.397614181041718,1.44166308641434,0,0,0,0,0,62.6500062346458,0,2132.20191884041,0,0,0,0,0,2.45374825596809,0.133131235837936,6.42032980918884,0,182.331091359258,0,1219.80791637301,0.23797519505024,280.595393717289,0,0,0,40.9008405804634,0,307.322194457054,0,0,0,266.589205279946,149.416295051575,2922.56982643902,208.685873299837,0,0,2.56207357347012,0,26.0573010444641,0,1.12120801210403,0.20406112074852,42.7640582621098,810.270729511976,343.327530629933,0,0,0,0,0,64.9987661838531,0,250.932224735618,0,0,0,0,0,0,174.069840274751,0,519.078895404935,0,145.925851464272,0,0,0,22.6883454322815,0,22.4939520210028,0,0,0,140.894767522812,0.126575827598572,1677.46487362683,7.98660165071487,14990.794284761,2294.30627595633,10.0031046271324,178.96455001086,0,8.11128777265549
0,5.93751145899296,0,18.6707453131676,0,0,0,0,0,4.20126098394394,0,0,0,0,0,4.6811208575964,2.50707015395164,5.58048795163631,58.8187965750694,0,0,0,0,0,0,0,0,0,0,0,0,1.97728064656258,138.325400531292,18.0139009356499,0,13.6621758937836,0.663621783256531,0.164382800459862,0,0,0.35008892416954,317.345142059028,0,2.71712450683117,0,36.4752177894115,0,924.216357082129,57.4695708155632,1342.64174234867,0,0,0,0,0,0.598546519875526,0,6.82814662158489,0,1.32164561748505,0,17.3754321187735,28.5148279815912,0,0,0,0,0,0,0,0.118651881814003,0,2.26514920592308,0,0,237.411998420954,2.89429262280464,0,848.649825759232,2.78869406878948,12.6177445203066,0.978996396064758,131.854763559997,0,258.373567685485,31.236444324255,0
15.1636371463537,0,5.51889003813267,0,1.16392412781715,0,0,0,0.170068934559822,0,0,0,0,0,0,0,168.882962107658,52.6221803352237,746.681456789374,0,0,0,0,0,0,0,0,0,0,0,0,0,0,0,0,0,18.4156306087971,0,2.56207357347012,0.35008892416954,0,12.9515867978334,2409.46587376297,1.51158682256937,12.0522405803204,16.1140882670879,1109.12716283649,0,259.9217338413,0.282719552516937,0.388485372066498,0,0,0,0.704410672187805,0,3.97049003839493,0,1.88723985850811,0,0.329743832349777,0,8.62849562615156,109.239964149892,0,0,0,0,0,0,0,0,0,33.5043726563454,0,0,0,0,8.12561051547527,635.366952002048,3.90899677574635,50.4293365627527,424.291474558413,0.131672441959381,1251.38017808646,0,112.033482171595
0,177.653318852186,0.2039395570755,42.137810125947,0,0,0,0,0,114.980320096016,0,0,0,0,0,4.26561683416367,32.8493778333068,57.8884450942278,656.027453660965,8.32961755245924,0,4.10021902620792,0,0,0,0,0,0,0,0,0,0,0,0,0,96.3733020350337,0.571130648255348,42.8653892278671,0,317.345142059028,12.9515867978334,0,402.032071962953,87.1214480400085,0,1053.43788701296,7.18849945068359,86.7737957537174,6.81332576274872,585.230483800173,0,0,0,0,0,13.1131615042686,0,20.5893230885267,0,3.40721444785595,0,11.3647626340389,674.820605315268,0,0.344041556119919,0,1.82566174864769,0,0.289438486099243,0,42.4234578609467,0,203.220324128866,1.49719792604446,0,0,0.661092028021812,0,1629.48257460445,11.0347877517343,856.029649764299,0.939142763614655,1857.03674821556,0.814562439918518,1392.96269528568,392.3859077245,1.26751969754696
14.4168690443039,0.13469822704792,43.7218179255724,0,17.7015654891729,0,0,0,12.682632625103,0,0,0,0,0,0,0,90.0796978622675,23.3382149636745,397.015788011253,0,1.75310850143433,0,0,0,1.09902097284794,0,0,0,0,0,0,0,0,0,0,0.138869270682335,69.6460151970387,0,26.0573010444641,0,2409.46587376297,402.032071962953,0,0.186048001050949,5.37127809226513,3.19492074847221,341.563657335937,4.79490505158901,133.911251813173,1.74587897956371,1.69197952747345,0,0,0,8.67474810779095,0,139.554606586695,0,11.9144426733255,0,2.34763514995575,0,2.26900835335255,21.043417699635,0,0,0,0.229147285223007,0,0,0,17.100944340229,0.172120526432991,750.823518320918,0,0,0,1.99695235490799,2.64633010327816,732.695863470435,0,178.040399186313,1311.05280224234,1.0954692363739,2858.02063812315,3.48357224464417,699.049840904772
0,0.267943143844604,0,0,0,0,0,0,0,0.273811817169189,0,0,0,0,0,0,4.18486747145653,9.30706942081451,56.4948032423854,0.398955792188644,0,0,0,0,0,0,0,0,0,0,0,0,0,0,0,3.33581997454166,0,0.503362596035004,0,2.71712450683117,1.51158682256937,87.1214480400085,0.186048001050949,0,0,41.2488389983773,0,0.464990347623825,0,1.55031548440456,0,0,0,0,0,0.247832551598549,0,0,0,0,0,0,23.7288921624422,0,0,0,0,0,0,0,0,0,0.432538360357285,0,0,0,0,0,59.0514286234975,0,12.0636398494244,0,71.3597801998258,0,81.0935732573271,4.72860769182444,0
0,0,0,0,0,0,0,0,0,0,0,0,0,0,0,0,2.80062645673752,0,50.4175989627838,0,0,0,0,0,0,0,0,0,0,0,0,0,0,0,0,0,8.01101461052895,0,1.12120801210403,0,12.0522405803204,0,5.37127809226513,0,0,0,9.40026453137398,0,1.22965052723885,0,0,0,0,0,0,0,0,0,0,0,0,0,0,0,0,0,0,0,0,0,0,0,0,0.514934062957764,0,0,0,0,1.27759122848511,27.1076144203544,0,7.47820240259171,7.57530930638313,0,57.1949311643839,0,2.65361261367798
0.235634654760361,41.6025350093842,0,6.96682868897915,0,0,0,0,0,5.55304946005344,0,0,0,0,0,0.513007238507271,30.6414545699954,26.3596348017454,529.443109080195,4.93162406235933,0,0.186051428318024,0,0.166429474949837,0,0,0,0,0,0,0,0,0,0,0,64.8801067844033,1.8521414399147,18.5258649662137,0.20406112074852,36.4752177894115,16.1140882670879,1053.43788701296,3.19492074847221,41.2488389983773,0,0,6.9167527705431,0,0,41.2421041578054,0,0,0,0,0,0.113410584628582,0,0.360039159655571,0,0,0,3.87850292026997,393.673365145922,0,0.729284733533859,0,0,0,0,0,6.32040619850159,0,42.3180314749479,0,0,0,0,0,849.795873560011,7.87999083101749,219.991969965398,0.191902309656143,241.421255454421,0,603.345034070313,15.8460413217545,0.596213847398758
42.2324398458004,0,4.43041321635246,0,0.329513013362885,0,0,0,0.292660415172577,0,0.371072262525558,0,0,0,0,0,85.2307880371809,31.1680052131414,478.601970352232,0,30.2253830432892,0,0,0,0,0,0,0,0,0,0,0,0,0,0,0,197.783126950264,0,42.7640582621098,0,1109.12716283649,7.18849945068359,341.563657335937,0,9.40026453137398,6.9167527705431,0,2.27853345870972,50.7632533609867,0.209261879324913,0,0,0,0,0.283416658639908,0,47.3987251371145,0,1.14285585284233,0,0,0,0.772856414318085,2030.37903154641,0,0,0,0,0,0,0,0.332198351621628,0,204.38853085041,0,0,0,0.583388850092888,6.58932638168335,1913.18362583965,1.07685732841492,575.461464755237,294.212218150496,0.140064939856529,798.280362896621,0.183335036039352,33.0725499093533
0.619969606399536,8.09242771565914,2.30396613478661,0.230838373303413,0,0,0,0,1.55651043355465,2.64440800249577,0,0,0,0,0,0,0.356283396482468,0,5.69986663758755,0,1.730872631073,0,0,0.222897216677666,0.940126299858093,0,0,0,0,0,0,253.317601770163,931.05803373456,1290.42998687923,2590.3020581156,247.278642058372,272.879346445203,377.404592037201,810.270729511976,924.216357082129,0,86.7737957537174,4.79490505158901,0.464990347623825,0,0,2.27853345870972,0,1272.72507512569,3333.44869694114,0,0,0,0,0,0.325653284788132,0,0,0.238324716687202,0,1.76006960868835,0.452958360314369,0,0,0,0,0,4.40574663877487,0,0,0,0,0,0,71.192801758647,2321.010508582,1408.70819610357,485.248789772391,1257.32689855993,370.988355845213,1860.8377790153,1165.27479225397,1625.48654089868,0,732.425741136074,0,1.47000768780708
22.539750918746,1.52323946356773,97.1916430443525,0,8.68031699955463,0,0,0,26.7424547970295,0,0,0,0,0,0,0,9.74152103066444,4.982337936759,57.341781437397,0,0,0,27.8075194209814,0,273.158371001482,0,0,0,0,0,0,0,10.4758223295212,0,8.83693313598633,0,39.2569444179535,2.98843532800674,343.327530629933,57.4695708155632,259.9217338413,6.81332576274872,133.911251813173,0,1.22965052723885,0,50.7632533609867,1272.72507512569,0,29.1971930041909,0,0,0,0,18.2056085169315,0,70.801491945982,0,25.2559569031,0,13.7638738453388,0,0,0.177692651748657,0,57.8565723448992,0,164.40008687973,0.184817850589752,0.451754540205002,0,19.2139309346676,0,27.1367632299662,0,8.73932754993439,0,87.0385816991329,4.1763950586319,213.844171628356,1.82408876717091,1288.82095129788,217.661397784948,0,781.620804607868,0,38.7368716448545
0,659.957080379128,1.71414828300476,228.268715143204,0.768526196479797,0,0,0,0.52295857667923,184.529363155365,0,0,0,9.23165053129196,0,9.2475353628397,0.48162317276001,5.0489067286253,51.4396260082722,0,0,141.920003205538,0,10.0811641216278,0,0,0,0,0,0,0,15.516902551055,181.645395100117,31.3428635895252,3.32816857099533,31.260602876544,59.527327299118,231.854196548462,0,1342.64174234867,0.282719552516937,585.230483800173,1.74587897956371,1.55031548440456,0,41.2421041578054,0.209261879324913,3333.44869694114,29.1971930041909,0,0,0,0,0,0,35.5574571192265,0,213.865426450968,0.216469749808311,474.350718319416,1.77297627925873,125.728590145707,70.3962831050158,0,156.32770447433,0,11.0195714235306,0,137.712645620108,0,514.806762874126,0,104.044592782855,0,7.25158442556858,304.493468374014,42.3403455913067,0,670.519621424377,43.5153276473284,980.305859729648,0.211241900920868,1003.22357030958,0,1411.59962324798,14.6328481137753,0
0,0,8.75862613320351,0,717.445671275258,0,147.0626912117,0,1.47130627930164,0,0,0,0,0,13.3538973331451,0,0,0,0,0,76.6052165925503,0,0,0,0,0,0,0,0,0,0,0,0,0,0,0,50.4134036302567,0,0,0,0.388485372066498,0,1.69197952747345,0,0,0,0,0,0,0,0,0,80.248143017292,0,10.7575459629297,0,135.522094994783,0,7.96567130088806,0,171.809233188629,0,0,75.529843211174,0,0,0,0,0,0,0,0,0,0,0,0,0,0,0,104.755326539278,0,0,214.75522261858,0,264.442051157355,0,0
0,0,0,1.24245750904083,0,186.234927982092,0,0,0,0,0,0,0,0,0,4.50909554958344,0,0,0,0,0,0,0,0,0,0,0,0,0,0,0,0,0,0,0,0.582004547119141,0,0,0,0,0,0,0,0,0,0,0,0,0,0,0,0,0,70.9365741610527,0,0,0,0,0,64.9568389058113,0,111.563859879971,0,0,0,0,0,0,0,0,0,0,0,0,0,0,0,0,0,0,0,0,84.3750165104866,0,0,0,0
0,0,0,0,16.0746663212776,0,600.102456271648,0,0,0,30.2687163949013,0,0,0,0,0,0,0,0,0,0,0,0,0,0,0,0,0,0,0,0,0,0,0,0,0,0,0,0,0,0,0,0,0,0,0,0,0,0,0,80.248143017292,0,0,0,0,0,516.722688049078,0,59.0206772089005,0,0,0,0,0,0,0,0,0,0,0,0,0,0,0,0,0,0,0,0,0,0,0,53.2509067952633,0,0,0,0
0,0,0,0,0,5.20349788665771,0,355.840326428413,0,0,0,2.22015625238419,0,0,0,0,0,0,0,0.332076251506805,0,0,0,0,0,0,0,0,0,0,0,0,0,0,0,20.4419662058353,0,0,0,0,0,0,0,0,0,0,0,0,0,0,0,70.9365741610527,0,0,0,0,0,0,0,0,0,0,0,0,0,0,0,0,0,0,0,0,0,0,0,0,0,0,0,0,0,0,23.4219790995121,0,0,0,0
70.1681761741638,0,113.936025619507,0,27.6653839349747,0,0,0,237.097093164921,0,0,0,0,0,0,0,0,0,0,0,0,0,0,0,30.9653833210468,0,0,0,0,0,0,0,0,0,0,0,0,0,64.9987661838531,0,0.704410672187805,0,8.67474810779095,0,0,0,0.283416658639908,0,18.2056085169315,0,10.7575459629297,0,0,0,0,0,0,0,0,0,74.9640302658081,0,0,0,0,0,0,28.1188628673553,0,0,0,0,0,1.73168006539345,0,0,0,0,0,0,0,2.72048786282539,59.0085670202971,0,94.1588721573353,0,0
0,202.664301037788,0,20.7135965228081,0,0,0,0,0,149.702724993229,0,0,0,0,0,2.72876763343811,0,0,0.325214058160782,0,0,0,0,6.00069189071655,0,0,0,0,0,0,0,0,0,0,0,0,0,17.086180716753,0,0.598546519875526,0,13.1131615042686,0,0.247832551598549,0,0.113410584628582,0,0.325653284788132,0,35.5574571192265,0,0,0,0,0,0,0,1.17553067207336,0,0.894903063774109,0,2.0121967792511,0.671519100666046,0,0,0,107.842086881399,0,0,0,0,0,0,0,0,0,0,0,0,0,7.45831234753132,0,19.3061930388212,0,25.5994465649128,0,0
0,0,26.0709073096514,0,2.74817176163197,0,1.5247620344162,0,0,0,2057.63241070509,0,59.2153217643499,0,0,0,0.328821510076523,0,0.484895244240761,0,14.2775644361973,0,0,0,0,0,0,0,6.28715568780899,0,26.2906731814146,0,0,0,0,0,10.9202068150043,0,250.932224735618,0,3.97049003839493,0,139.554606586695,0,0,0,47.3987251371145,0,70.801491945982,0,135.522094994783,0,516.722688049078,0,0,0,0,0,324.023588269949,0,25.7239049971104,0,0,359.238278433681,0,0,0,0,0,0,0,254.641081690788,0,683.245206698775,0,0,0,0,0.590272963047028,92.5207625627518,0,32.1252857893705,57.5955141037703,0,1554.62165527046,0,3.68231427669525
0,6.54626871645451,0,21.2419725656509,0,7.72097140550613,0,13.9902220368385,0,3.76110553741455,0,3570.68050180376,0,94.1091329604387,0,0,0,0,0,107.873293668032,0,6.4244639724493,0,0,0,0,0,19.1247936338186,0,32.7254628241062,0,0,0,0,0,94.6252382993698,0,320.287391915917,0,6.82814662158489,0,20.5893230885267,0,0,0,0.360039159655571,0,0,0,213.865426450968,0,0,0,0,0,1.17553067207336,0,0,0,292.428080454469,0,22.710692346096,259.269831985235,0,7.46495635807514,0,0,0,22.5720254778862,0,349.212210908532,0,472.872207954526,0,0,0,0,0,58.0540119111538,0,137.276830852032,0,297.257956236601,0,327.879968091846,0,0
0,0,69.6830686330795,0,0.645513728260994,0,0,0,0,0,5.83208781480789,0,295.434694051743,0,28.605083912611,0,0,0,4.2678010314703,0,0,0,0,0,0,0,160.501210987568,0,24.8267341852188,0,0,0,0,0,0,0,9.38886034488678,0,0,0,1.88723985850811,0,11.9144426733255,0,0,0,1.14285585284233,0.238324716687202,25.2559569031,0.216469749808311,7.96567130088806,0,59.0206772089005,0,0,0,324.023588269949,0,0,0,89.0416005402803,0,0,2.02206942439079,0,0,0,0,0,4.51242804527283,0,95.6541070044041,0,6.8799954354763,0,0,0,0,2.15794062614441,25.4389324188232,0,0.112068749964237,43.6885828822851,0,238.666261538863,0,0.521262049674988
0,6.14935863018036,0,23.6304602324963,0,53.9192714691162,0,4.53058350086212,0,1.40097254514694,0,112.224427700043,0,886.315158858895,0,27.7003621160984,0,0,0,0.844123423099518,0,0,0,0.926242172718048,0,0,0,27.4999260157347,0,0.265375643968582,0,0,0,0,0,12.3682905882597,0,0.390788793563843,0,1.32164561748505,0,3.40721444785595,0,0,0,0,0,0,0,474.350718319416,0,64.9568389058113,0,0,0,0.894903063774109,0,292.428080454469,0,0,0,112.38705971837,2.97614204883575,0,8.21103563904762,0,0.388548284769058,0,113.880504339933,0,158.16199208796,0,3.94803482294083,0,0,0,0,0,6.2089466303587,0,0,0,105.250285878778,0,29.5963859558105,0,0
0,0,56.622506737709,0,103.53410166502,0,0,0,42.2391200065613,0,0,0,8.88994969427586,0,59.904056251049,0,0,0,2.70780801773071,0,0,0,0,0,0,0,0,0,0,0,0,0,0,0,0,0,0.623442620038986,0,0,0,0.329743832349777,0,2.34763514995575,0,0,0,0,1.76006960868835,13.7638738453388,1.77297627925873,171.809233188629,0,0,0,74.9640302658081,0,25.7239049971104,0,89.0416005402803,0,0,0,0,0,0,0,0,0,0,6.84375548362732,0,1.49048364162445,0,0.153678879141808,0,0,0,0,0,1.07027125358582,0,0.454799294471741,51.7275769859552,6.10896873474121,17.3452552706003,0,0.216427817940712
0,18.4678662419319,0,183.367625817657,0,194.00191386044,0,0,0,106.079794406891,0,0,0,84.9338254332542,0,299.695491105318,0,0,0,2.92378348112106,0,1.60652112960815,0,2.52878224849701,0,0,0,0,0,0,0,0,0,0,0,11.9020492732525,0,0,0,17.3754321187735,0,11.3647626340389,0,0,0,3.87850292026997,0,0.452958360314369,0,125.728590145707,0,111.563859879971,0,0,0,2.0121967792511,0,22.710692346096,0,112.38705971837,0,0,7.16182519495487,0,5.12311759591103,0,0.657960325479507,0,120.170002937317,0,13.2614857852459,0,0.251957178115845,0,0,0,0,0,22.4988568127155,0,0.520018830895424,0,63.2029631435871,0,112.974695086479,0,0
0,7.74659515917301,0,7.57831706106663,0,0,0,0,0,3.8957906216383,0,10.0805254280567,0,0,0,0.511776685714722,32.3486929759383,27.9946886375546,320.670982338488,1942.78596690297,0,0.86554391682148,0,0.674369409680367,0,0,0,0,0,0,0,0,0,0,0,745.611584976315,0.137566119432449,495.790599599481,0,28.5148279815912,8.62849562615156,674.820605315268,2.26900835335255,23.7288921624422,0,393.673365145922,0.772856414318085,0,0,70.3962831050158,0,0,0,0,0,0.671519100666046,0,259.269831985235,0,2.97614204883575,0,7.16182519495487,0,0,0.763474106788635,0,0,0,0,0,27.9910844266415,0,305.786102697253,0,0,0,0,0,1219.05876211077,4.17353101074696,1003.26212081313,2.29043272137642,474.736571006477,0,790.28086169064,13.1426439210773,0
0,0,1.83714547753334,0,24.3887246549129,0,0,0,0,0,345.030233591795,0,0,0,0,0,1.39039696753025,1.59347987174988,16.8068500980735,0,2662.14578817785,0,0,0,0,0,0,0,0,0,0,0,0,0,0,0,915.245345689356,0,174.069840274751,0,109.239964149892,0,21.043417699635,0,0,0,2030.37903154641,0,0.177692651748657,0,75.529843211174,0,0,0,0,0,359.238278433681,0,2.02206942439079,0,0,0,0,0,0,0,0,0,0,0,0,1.35363808274269,0,225.214345157146,0,0,0,0,0,1363.66788903624,0,357.898098602891,228.365749813616,0,548.027494005859,0,5.00593550503254
0,1.65440094470978,0,0,0,0,0,0,0,0,0,0,0,0,0,0,5.11940062046051,195.030748903751,0.310620337724686,0,0,8933.44446623325,50.1970411241055,447.282341837883,0,134.948616713285,0,183.335912451148,0,0,0,0,0,0,0,0,0,616.706119015813,0,0,0,0.344041556119919,0,0,0,0.729284733533859,0,0,0,156.32770447433,0,0,0,0,0,0,0,7.46495635807514,0,8.21103563904762,0,5.12311759591103,0.763474106788635,0,0,0,517.645533770323,0,418.572412639856,0,516.944231927395,0,0,0,0,0,0,0,0.146188855171204,0,242.806627884507,0,866.238928705454,308.750986009836,1.15156379342079,0,0
0,0,0,0,0,0,0,0,0,0,0,0,0,0,0,0,145.134329348803,2.19199562072754,0,0,0,0,14775.9359726012,0,86.2876140922308,0,99.9093445837498,0,153.484864786267,0,0,0,0,0,0,0,0,0,519.078895404935,0,0,0,0,0,0,0,0,0,57.8565723448992,0,0,0,0,0,0,0,0,0,0,0,0,0,0,0,0,0,0,205.376006320119,0,77.3903673887253,0,1135.74070768058,0,0,0,0,0,0,0,0,0,725.077192083001,577.356887027621,4.63887214660645,0,0,0
0,18.7386070340872,0,0,0,0,0,0,0,59.108555957675,0,0,0,0,0,0,0,0,0,0,0,88.543130710721,0,368.358433708549,0,4.14820003509521,0,0,0,0,0,0,0,0,0,0,0,460.995006889105,0,0,0,1.82566174864769,0,0,0,0,0,0,0,11.0195714235306,0,0,0,0,0,107.842086881399,0,0,0,0.388548284769058,0,0.657960325479507,0,0,517.645533770323,0,0,0,33.9040642976761,0,53.9453905522823,0,1.05046832561493,0,0,0,0,0,0,0,199.868908375502,0,31.5874157547951,0,8.78821860253811,0,0
0,0,0,0,0,0,0,0,41.7238787412643,0,0,0,0,0,0,0,2.27335095405579,0,0,0,0,0,255.877828329802,0,426.25269973278,0,23.8136737346649,0,0,0,0,0,0,0,0,0,0,0.39615623652935,145.925851464272,0,0,0,0.229147285223007,0,0,0,0,4.40574663877487,164.40008687973,0,0,0,0,0,28.1188628673553,0,0,0,0,0,0,0,0,0,0,205.376006320119,0,0,0,46.4606786370277,0,5.27753734588623,0,0,0,0,0,0,0,0,0,342.733128711581,21.5407793819904,0,62.6425581872463,0,0
0,21.0957947075367,0,0,0,0,0,0,0,0,0,0,0,1.07352447509766,0,5.04579436779022,0,151.81916077435,0,0,0,86.973122164607,0,399.190425395966,0,262.305841624737,0,39.0079966187477,0,0,0,0,0,0,0,0,0,2.44603516161442,0,0,0,0.289438486099243,0,0,0,0,0,0,0.184817850589752,137.712645620108,0,0,0,0,0,0,0,22.5720254778862,0,113.880504339933,0,120.170002937317,0,0,418.572412639856,0,33.9040642976761,0,0,0,247.164091289043,0,0,0,0,0,0,0,0,0,0.211587101221085,0,96.8475787639618,0,40.9807225465775,0,0
0,0,0,0,0,0,0,0,8.03620457649231,0,0,0,0,0,10.2662658691406,0,173.245146840811,0.629255414009094,0,0,0,0,96.7827490270138,0,676.165285229683,0,241.071611523628,0,1.55117762088776,0,0,0,0,0,0,0,0,0,0,0,0,0,0,0,0,0,0,0,0.451754540205002,0,0,0,0,0,0,0,0,0,4.51242804527283,0,6.84375548362732,0,0,0,0,77.3903673887253,0,46.4606786370277,0,0,0,257.74043110013,0,0,0,0,0,0,0,0,0,0,16.6808582544327,0,0,0,0
0,17.3020124733448,0,0.271017223596573,0,0,0,0,0,11.1926947832108,0,42.5791662335396,0,5.31551858782768,0,0,0.148249551653862,0.256566941738129,6.14615377783775,0,0,133.736047461629,0,1.96967947483063,0,3.58050447702408,0,1290.34456622601,0,112.081811785698,0,0,0,0,0,0,0,60.492616713047,0,0.118651881814003,0,42.4234578609467,0,0,0,6.32040619850159,0,0,0,514.806762874126,0,0,0,0,0,0,0,349.212210908532,0,158.16199208796,0,13.2614857852459,27.9910844266415,0,516.944231927395,0,53.9453905522823,0,247.164091289043,0,0,0,274.204640999436,0,0,0,0,0,1.87151153385639,0,47.9146867990494,0,92.4513620734215,8.22476577758789,76.2763247936964,0.843899011611938,0
0,0,0.352067291736603,0,0,0,0,0,0,0,7.6624076962471,0,7.05391710996628,0,0,0,0,0,0,0,0,0,140.003670319915,0,7.66993457078934,0,29.9108680486679,0,1067.17795097828,0,6.93795439600945,0,0,0,0,0,0,0,22.6883454322815,0,0,0,17.100944340229,0,0,0,0.332198351621628,0,19.2139309346676,0,0,0,0,0,0,0,254.641081690788,0,95.6541070044041,0,1.49048364162445,0,0,1.35363808274269,0,1135.74070768058,0,5.27753734588623,0,257.74043110013,0,0,0,195.121682673693,0,0,0,0,0,0.499802142381668,0,173.203374579549,10.8702498227358,0,17.642765045166,0,2.70746141672134
0,20.6541031897068,0,1.20720818638802,0,0,0,0,0,11.7175758481026,0,167.691164687276,0,0,0,0,5.5075836032629,2.28208856284618,41.9227223545313,58.6173597872257,0,1.43439039587975,0,0,0,0,0,142.549906939268,0,457.960633948445,0,0,0,0,0,0.685818269848824,0,845.290023267269,0,2.26514920592308,0,203.220324128866,0.172120526432991,0.432538360357285,0,42.3180314749479,0,0,0,104.044592782855,0,0,0,0,0,0,0,472.872207954526,0,3.94803482294083,0,0.251957178115845,305.786102697253,0,0,0,1.05046832561493,0,0,0,274.204640999436,0,0,0,0,0,0,0,17.8160430938005,0,492.145105004311,0,331.252053827047,0,129.239513322711,16.0707124769688,0
0.414274781942368,0,37.5752494782209,0,1.40653665363789,0,0,0,0,0,173.997353389859,0,0,0,0,0,7.24906601011753,0.302250027656555,32.0242085978389,0,2.70081806182861,0,0,0,0,0,0,0,271.499313205481,0,303.683689713478,0,0,0,0,0,3.11854565143585,0,22.4939520210028,0,33.5043726563454,1.49719792604446,750.823518320918,0,0.514934062957764,0,204.38853085041,0,27.1367632299662,0,0,0,0,0,1.73168006539345,0,683.245206698775,0,6.8799954354763,0,0.153678879141808,0,0,225.214345157146,0,0,0,0,0,0,0,195.121682673693,0,0,0,0,0,0,0,39.3374857380986,0,127.205183103681,275.657032243907,12.7082349509001,1005.37638492882,0,146.281169995666
