0,0.272671937942505,0.193142169989602,0,0.189927586913109,0,0,0,0.160284249213609,0,0,0,0,0,0.17716677668618,0,0.346486637225518,0.278172731399536,0.352744440308639,0,0,0,0,0,0,0,0,0,0,0,0,0,0,0,0,0,0,0.377404540777206,0.220011495053768,0,0.494529105247335,0,0.325523967745946,0,0,0,0.357270896434784,0.333121925592422,0.205059239640832,0,0,0,0,0,0.190627535633275,0,0.415993978579839,0.338082164525986,0,0,0.194175691157579,0,0.333669692277908,0.365428030490875,0,0,0,0.192239914089441,0,0,0,0,0,0.442548829317093,0,0,0,0,0,0.476414607728229,0.292998194694519,0.46397373846599,0.253276164446949,0.292512714862823,0.308561651696698,0,0
0.272671937942505,0,0,0.182563614802084,0,0.120058868080378,0,0,0,0.157891536428206,0,0,0,0,0,0.192449169026481,0.319732993841171,0,0.490847336243739,0.458762526512146,0,0,0,0.190293960273266,0,0,0,0,0,0,0,0,0,0,0,0,0,0.194542174388109,0.326932635746504,0,0.382923558354378,0.330046703983098,0.28216885416596,0,0,0.447817925248994,0,0,0.381982780992985,0.207426426760712,0,0.166396647691727,0,0,0,0.176926099874366,0,0.256101120552238,0,0,0,0.170347062454665,0.457453501278337,0,0,0,0.196346978624285,0,0,0,0,0,0.282209342138635,0,0,0,0,0,0.483974346862639,0,0.20541003468251,0,0.293616846672763,0.265386909246445,0.302021540514995,0,0
0.193142169989602,0,0,0,0.193288030917491,0,0,0,0.173010364260877,0,0,0,0,0,0.196637701243162,0,0.266186356544495,0,0.274025271336238,0,0,0,0,0,0,0,0,0,0,0,0,0,0,0,0,0,0.262951176025366,0.388538390398026,0.309182390570641,0,0.292199725759964,0.28509122133255,0.3033992739441,0,0,0,0.27205097419875,0,0.203806413437731,0.311517417430878,0.229402207411253,0,0,0,0.196170304798418,0,0.323225389389282,0,0.237250530544449,0,0.238664238111061,0,0,0.300501667894423,0,0,0,0,0,0,0,0,0,0.345572196775013,0,0,0,0,0,0.285904035699077,0,0.316581507247907,0.177830456593715,0.132313176989555,0.251240693796105,0,0.306452199816704
0,0.182563614802084,0,0,0,0.162838884811292,0,0,0,0.131949086355258,0,0,0,0,0,0,0.267317086458206,0.262613688906034,0.278316178105094,0,0,0,0,0,0,0,0,0,0,0,0,0,0,0,0,0.225544542074203,0,0.436177641153336,0,0.271678201854229,0,0.286172247926394,0.240587040781975,0,0,0.326353031125936,0,0,0,0.176402127941808,0,0.186459356701219,0,0,0,0.154532478823338,0,0.219341772312542,0,0.194303986926874,0,0.184137413984743,0.323235618542222,0,0,0,0,0,0,0,0.325900763273239,0,0.334743522218804,0,0,0,0,0,0.380794442797962,0,0.384350177916613,0,0.267569110223225,0,0.246556878069166,0.275434255599976,0
0.189927586913109,0,0.193288030917491,0,0,0,0,0,0.172739001519077,0,0,0,0,0,0,0,0,0,0.228851914405823,0,0.31094083708551,0,0,0,0,0,0,0,0,0,0,0,0,0,0,0,0.233766041101854,0,0.267172440886497,0,0.275841050454088,0.279454424977303,0.269876580466242,0,0,0,0.237729945778847,0,0.19994781203568,0,0.191753689199686,0,0,0,0.203439852119955,0,0.274814215510391,0,0,0,0,0,0,0.298376366134407,0,0,0,0,0,0,0,0,0,0.300950512290001,0,0,0,0,0,0.269315637954294,0,0.289113092307861,0.166373839737201,0.152730473875999,0.273488225653795,0,0.28392530977726
0,0.120058868080378,0,0.162838884811292,0,0,0,0,0,0.138681137672177,0,0,0,0,0,0,0,0,0.261296615004539,0.173388418313619,0,0,0,0,0,0,0,0,0,0,0,0,0,0,0,0.192150155630182,0,0,0,0.249584436416626,0,0.263156985319578,0,0,0,0.212860548496246,0,0.312539309263229,0,0.237373628160533,0,0.191834546547598,0,0.163861837524634,0,0.140995892882347,0,0.219593541513027,0,0.180503386855125,0,0,0.221886270063024,0,0,0,0,0,0,0,0,0,0.279486306011677,0,0,0,0,0,0.222353494713004,0,0.283258934815725,0,0.183058397400947,0,0.175634385001512,0.225027620792389,0
0,0,0,0,0,0,0,0,0,0,0.168568626046181,0,0,0,0,0,0,0,0,0,0.1523744899493,0,0,0,0,0,0,0,0,0,0,0,0,0,0,0,0,0,0,0,0,0,0,0,0,0,0,0,0,0,0,0,0.123684428406484,0,0,0,0,0,0,0,0,0,0,0,0,0,0,0,0,0,0,0,0,0,0,0,0,0,0,0,0,0,0.14633236301166,0,0,0,0
0,0,0,0,0,0,0,0,0,0,0,0.158211477100849,0,0,0,0,0,0,0,0.160904608666897,0,0,0,0,0,0,0,0,0,0,0,0,0,0,0,0.1953371266524,0,0,0,0,0,0,0,0,0,0,0,0,0,0,0,0,0,0.143684315376848,0,0,0,0,0,0.130781302849452,0,0,0.197840109467506,0,0,0,0,0,0,0,0,0,0,0,0,0,0,0,0.192746289074421,0,0,0,0.145531326532364,0,0,0,0
0.160284249213609,0,0.173010364260877,0,0.172739001519077,0,0,0,0,0,0,0,0,0,0.169032761497157,0,0.173345020581299,0.16551597072528,0.204146280884743,0,0,0,0,0,0.204714671939338,0,0.143143259427127,0,0,0,0,0,0,0,0,0,0,0,0.215371962998595,0,0.227963075041771,0,0.216259941745263,0,0,0,0.312061071395874,0,0.194667961448431,0,0.190073688824972,0,0,0,0.243148300150064,0,0.352866172790527,0,0.18855654531055,0,0.193328827911732,0,0,0.331935971975327,0,0,0,0.212199965491891,0,0.155714568014097,0,0,0,0,0,0,0,0,0,0,0,0.258018307214559,0.18436391423095,0.236163590103388,0.186202758229498,0,0.224382939083236
0,0.157891536428206,0,0.131949086355258,0,0.138681137672177,0,0,0,0,0,0,0,0,0,0.183065535673281,0,0.134794454559002,0,0,0,0,0,0.172450498640537,0,0,0,0,0,0,0,0,0,0,0,0,0,0.169344967852036,0,0,0,0.187340855184529,0,0,0,0,0,0,0,0.145817481229703,0,0,0,0,0,0.226520462653019,0,0.289921432733536,0,0,0,0.185961666929571,0,0,0,0,0.15014496716586,0,0,0,0,0,0.282818133632342,0,0,0,0,0,0.306499123573303,0,0.187723683459418,0,0.161068646568645,0.224237703851291,0.230742649946894,0,0
0,0,0,0,0,0,0.168568626046181,0,0,0,0,0,0.181655292992602,0,0,0,0,0,0,0,0.150519676304058,0,0,0,0,0,0,0,0.120522271841764,0,0.12641142308712,0,0,0,0,0,0.139207659856133,0,0.144689431343275,0,0,0,0,0,0,0,0,0,0,0,0,0,0.163077061374982,0,0,0,0.143932938079039,0,0.17171993842712,0,0,0,0,0.165723076932234,0,0,0,0,0,0,0,0,0,0,0,0,0,0,0,0,0,0.142830699682236,0.153534236128884,0,0.322555580309459,0,0
0,0,0,0,0,0,0,0.158211477100849,0,0,0,0,0,0.166572613565073,0,0,0,0,0,0.166875642862154,0,0,0,0,0,0,0,0.113088943064213,0,0.135360092200615,0,0,0,0,0,0,0,0.133011861456723,0,0,0,0,0,0,0,0,0,0,0,0,0,0,0,0.205353320709297,0,0,0,0.20665735197153,0,0.136181875531163,0,0,0.217784266918898,0,0,0,0,0,0,0,0,0,0.127294983020273,0,0,0,0,0,0,0,0,0,0.131398368000457,0.155617527663708,0,0,0
0,0,0,0,0,0,0,0,0,0,0.181655292992602,0,0,0,0,0,0,0,0,0,0,0,0,0,0,0,0,0,0.110876587033272,0,0,0,0,0,0,0,0,0,0,0,0,0,0,0,0,0,0,0,0,0,0,0,0,0,0,0,0.151659692709263,0,0.148438694252484,0,0,0,0,0,0,0,0,0,0,0,0,0,0,0,0,0,0,0,0,0,0,0,0.148059554956853,0,0,0,0
0,0,0,0,0,0,0,0,0,0,0,0.166572613565073,0,0,0,0.229787792520694,0,0,0,0,0,0,0,0,0,0.236281434694926,0,0.12681638023683,0,0.120043039321899,0,0,0,0,0,0,0,0,0,0,0,0,0,0,0,0,0,0,0,0,0,0,0,0,0,0,0,0,0,0.154957541424757,0,0.224026339621167,0,0,0,0,0,0,0.218723729456013,0,0.139114171266556,0,0,0,0,0,0,0,0,0,0,0,0.14014152265512,0.166772049334314,0,0,0
0.17716677668618,0,0.196637701243162,0,0,0,0,0,0.169032761497157,0,0,0,0,0,0,0,0.14072661978357,0.144732788205147,0.172470837831497,0,0,0,0,0,0.164958310375611,0,0.153386476539796,0,0,0,0,0,0,0,0,0,0,0,0,0,0,0,0,0,0,0,0,0,0.183924398488469,0,0.202071512446684,0,0,0,0.192736626297486,0,0,0,0.191945352156957,0,0.186952753810425,0,0,0,0,0,0,0.185767723963811,0,0.15618488440911,0,0,0,0,0,0,0,0,0,0,0,0,0.146395517247064,0,0.255295217037201,0,0
0,0.192449169026481,0,0,0,0,0,0,0,0.183065535673281,0,0,0,0.229787792520694,0,0,0,0.163475495681428,0,0,0,0,0,0,0,0.238402181267738,0,0,0,0,0,0,0,0,0,0,0,0,0,0,0,0.333186730742455,0,0,0,0,0,0,0,0.165292635560036,0,0,0,0,0,0.19887593476788,0,0,0,0.252342262438365,0,0.224543521200635,0,0,0,0,0,0,0.232879334554886,0,0,0,0,0,0,0,0,0,0,0,0,0,0.174960434436798,0.31114599108696,0.243379220366478,0,0
0.346486637225518,0.319732993841171,0.266186356544495,0.267317086458206,0,0,0,0,0.173345020581299,0,0,0,0,0,0.14072661978357,0,0,0.181699192369256,0.273082028994451,0,0,0.155667841434479,0.14075299686399,0,0.130259772791312,0,0.125158358436938,0,0,0,0,0,0,0,0,0.394774079322815,0,0,0,0,0.337149585239245,0.268744192751391,0.278809413257207,0,0,0.326720400599011,0.336866051455339,0,0,0,0,0.268719911575317,0,0,0,0,0.369785770773888,0.301764234900475,0,0,0.121358938515186,0,0.340529317364973,0,0,0.149195082978005,0,0.129877193697861,0,0,0,0,0,0.344723272323608,0,0,0,0,0.326971151918735,0.380009829629436,0.324330409036742,0.356067416277972,0.203401155444632,0.18913914868169,0.335872915702138,0.262438007763454,0.293689055102212
0.278172731399536,0,0,0.262613688906034,0,0,0,0,0.16551597072528,0.134794454559002,0,0,0,0,0.144732788205147,0.163475495681428,0.181699192369256,0,0.267740291934334,0.347435027360916,0,0.134461804885756,0,0.133873465386304,0,0.162441925947056,0,0.144421381254991,0,0,0,0,0,0,0,0.313322871923447,0,0.343353018164635,0,0.283017352223396,0.34631142288935,0.273156701323559,0.263523088703895,0,0,0.316340754926205,0.322143493329777,0,0,0,0,0,0,0,0,0,0,0.283729245265325,0,0,0,0.171631596982479,0.338691197557024,0.313326001167297,0.101851985535838,0,0,0,0,0,0,0,0.337318105830087,0,0,0,0,0,0.318351622240328,0.376191874650808,0.335327621308162,0.356109678279608,0.218604641550302,0.184845996406433,0.310477415531564,0.272184558212757,0
0.352744440308639,0.490847336243739,0.274025271336238,0.278316178105094,0.228851914405823,0.261296615004539,0,0,0.204146280884743,0,0,0,0,0,0.172470837831497,0,0.273082028994451,0.267740291934334,0,0.385884204081127,0,0,0,0,0,0,0.236831799149513,0,0,0,0,0,0,0,0,0.368258124838273,0,0.360480158669608,0,0.271602602675557,0.343002822189323,0.230065671037151,0.246445803938055,0,0,0.329499566166699,0.351429387612519,0,0.250382991773742,0.338260577193328,0,0.236535117030144,0,0,0,0,0.381395762547469,0.263803097233176,0,0,0,0.275456100702286,0.342382992591688,0.313781648874283,0,0,0,0,0,0,0,0,0.33554831416087,0.387320884249427,0,0,0,0,0.319008754910533,0.391920928510965,0.337208194810486,0.372351764505651,0.25201984088585,0.2480322898676,0.317190840588139,0.235955149631634,0.246897891450387
0,0.458762526512146,0,0,0,0.173388418313619,0,0.160904608666897,0,0,0,0.166875642862154,0,0,0,0,0,0.347435027360916,0.385884204081127,0,0,0,0,0,0,0,0,0,0,0,0,0,0,0,0,0.180364295335744,0,0.267950056252941,0,0,0,0.344414647136416,0,0,0,0.310393450515611,0,0,0,0,0,0.212718406761134,0,0.167659698054194,0,0,0,0.244727235314229,0,0.209326907992363,0,0,0.291224081148723,0,0,0,0,0,0,0,0,0,0,0,0,0,0,0,0.224666016039701,0,0.338114879104529,0,0.176962967778268,0,0.355176887409368,0,0
0,0,0,0,0.31094083708551,0,0.1523744899493,0,0,0,0.150519676304058,0,0,0,0,0,0,0,0,0,0,0,0,0,0,0,0,0,0,0,0,0,0,0,0,0,0.169483871712033,0,0.159123459089119,0,0,0,0,0,0,0,0.273296028375626,0,0,0,0,0,0,0,0,0,0,0,0,0,0,0,0,0.160094611269188,0,0,0,0,0,0,0,0,0,0,0,0,0,0,0,0.242737049350093,0,0,0.180716363749668,0,0.377437126802074,0,0
0,0,0,0,0,0,0,0,0,0,0,0,0,0,0,0,0.155667841434479,0.134461804885756,0,0,0,0,0.0872285146818117,0.212993619122027,0,0.186062607293328,0,0,0,0,0,0,0,0,0,0,0,0.271446373706786,0.586077630519867,0,0,0,0,0,0,0,0,0.591443280378977,0,0.244165778160095,0,0,0,0,0,0,0,0,0,0,0,0,0,0,0.189312169321084,0.0979321215833936,0.250017482594683,0,0.354954773187637,0,0.374065302312374,0,0,0,0,0,0,0,0,0,0.362444554493365,0,0.16855467888296,0.245859774177546,0.493064306676388,0,0
0,0,0,0,0,0,0,0,0,0,0,0,0,0,0,0,0.14075299686399,0,0,0,0,0.0872285146818117,0,0,0.149950183928013,0,0.216126589876849,0,0,0,0,0,0,0,0,0,0,0,0.242051112927069,0,0,0,0,0,0,0,0,0,0.27434803125724,0,0,0,0,0,0,0,0,0,0,0,0,0,0,0,0,0.137365332087145,0,0.124203232427438,0,0.266708416477689,0,0.278843862346456,0,0,0,0,0,0,0,0,0,0.22344705336062,0.130584149815955,0.134350760867319,0,0,0
0,0.190293960273266,0,0,0,0,0,0,0,0.172450498640537,0,0,0,0,0,0,0,0.133873465386304,0,0,0,0.212993619122027,0,0,0,0.317857224365761,0,0,0,0,0,0,0,0,0,0,0,0.199663066041114,0,0,0,0,0,0,0,0,0,0,0,0,0,0,0,0,0,0.169717643638046,0,0,0,0,0,0,0,0,0.203470979214233,0,0.222111485027698,0,0.329138627317217,0,0,0,0,0,0,0,0,0,0,0,0.301161471625854,0,0.145688952674509,0,0,0,0
0,0,0,0,0,0,0,0,0.204714671939338,0,0,0,0,0,0.164958310375611,0,0.130259772791312,0,0,0,0,0,0.149950183928013,0,0,0,0.150573361093078,0,0,0,0,0,0,0,0,0,0,0,0.220600622578409,0,0,0,0,0,0,0,0,0,0.342493040694131,0,0,0,0,0,0.247644305834031,0,0,0,0,0,0.182955185251851,0,0,0,0,0.150868790845076,0,0.286710095271701,0,0.19205577497955,0,0,0,0,0,0,0,0,0,0,0,0.262185919361998,0.111684455944781,0,0.266682873169581,0,0
0,0,0,0,0,0,0,0,0,0,0,0,0,0.236281434694926,0,0.238402181267738,0,0.162441925947056,0,0,0,0.186062607293328,0,0.317857224365761,0,0,0,0.181404722233613,0,0,0,0,0,0,0,0,0,0,0,0,0,0,0,0,0,0,0,0,0,0,0,0,0,0,0,0,0,0,0,0,0,0.128357350826263,0,0,0.26833188660064,0,0.365762728181752,0,0.23102528912695,0,0,0,0,0,0,0,0,0,0,0,0,0,0,0,0,0,0
0,0,0,0,0,0,0,0,0.143143259427127,0,0,0,0,0,0.153386476539796,0,0.125158358436938,0,0.236831799149513,0,0,0,0.216126589876849,0,0.150573361093078,0,0,0,0.148210480540722,0,0,0,0,0,0,0,0,0,0,0,0.345577567815781,0,0,0,0,0,0,0,0,0,0,0,0,0,0.14828090408915,0,0,0,0,0,0,0,0,0,0,0.215298924595118,0,0.183824898515429,0,0.218240016560641,0,0.158638945256156,0,0,0,0,0,0,0,0,0,0,0.105136214031114,0,0,0,0
0,0,0,0,0,0,0,0,0,0,0,0.113088943064213,0,0.12681638023683,0,0,0,0.144421381254991,0,0,0,0,0,0,0,0.181404722233613,0,0,0,0.155446764154761,0,0,0,0,0,0,0,0,0,0,0,0,0,0,0,0,0,0,0,0,0,0,0,0,0,0,0,0.182296301637377,0,0.138074008127054,0,0,0,0,0,0,0.292570173740387,0,0.166068183879058,0,0.200432830124295,0,0.175399741157889,0,0,0,0,0,0,0,0,0,0.137023787177701,0.135649266979984,0,0,0
0,0,0,0,0,0,0,0,0,0,0.120522271841764,0,0.110876587033272,0,0,0,0,0,0,0,0,0,0,0,0,0,0.148210480540722,0,0,0,0.142548998477318,0,0,0,0,0,0,0,0,0,0,0,0,0,0,0,0,0,0,0,0,0,0,0,0,0,0.134197592735291,0,0.114124774726617,0,0,0,0,0,0,0,0,0,0,0.254143766562144,0,0.15808073926387,0,0,0,0,0,0,0,0,0,0,0.160432661573092,0,0,0,0
0,0,0,0,0,0,0,0,0,0,0,0.135360092200615,0,0.120043039321899,0,0,0,0,0,0,0,0,0,0,0,0,0,0.155446764154761,0,0,0,0,0,0,0,0,0,0.122607850602695,0,0,0,0,0,0,0,0,0,0,0,0,0,0,0,0,0,0,0,0.241344127715344,0,0.134728124311992,0,0,0,0,0,0,0,0,0,0,0.271914094185829,0,0.132379897143487,0,0,0,0,0,0,0,0.134875893592834,0,0.136861330105199,0.138061515986919,0,0,0
0,0,0,0,0,0,0,0,0,0,0.12641142308712,0,0,0,0,0,0,0,0,0,0,0,0,0,0,0,0,0,0.142548998477318,0,0,0,0,0,0,0,0,0,0.170508964898738,0,0,0,0,0,0,0,0,0,0,0,0,0,0,0,0,0,0.126272754371166,0,0,0,0,0,0,0,0,0,0,0,0,0,0,0.222251501025223,0,0.160528564131727,0,0,0,0,0,0,0,0.158826293796301,0.164357007481158,0,0,0,0
0,0,0,0,0,0,0,0,0,0,0,0,0,0,0,0,0,0,0,0,0,0,0,0,0,0,0,0,0,0,0,0,0.279173955606048,0.25004907984,0.242684138672692,0.184748394228518,0.297827881574631,0,0,0,0,0,0,0,0,0,0,0.313121665022215,0,0.477367962400119,0,0,0,0,0,0,0,0,0,0,0,0,0,0,0,0,0,0,0,0,0,0,0,0,0.232723520977962,0.34262043964393,0.201627948476622,0,0.213279268145561,0.293833517803336,0,0,0.192740884411523,0,0,0,0
0,0,0,0,0,0,0,0,0,0,0,0,0,0,0,0,0,0,0,0,0,0,0,0,0,0,0,0,0,0,0,0.279173955606048,0,0.235645192861557,0.354737827547748,0.133466364549739,0.254124398387614,0,0,0,0,0,0,0,0,0,0,0.482993611320088,0.200404956936836,0.501807620127996,0,0,0,0,0,0,0,0,0,0,0,0,0,0,0,0,0,0,0,0,0,0,0,0,0.357489815631578,0.383129419782885,0,0.315745522333503,0,0.278704159342069,0,0,0.173162911659758,0,0,0,0
0,0,0,0,0,0,0,0,0,0,0,0,0,0,0,0,0,0,0,0,0,0,0,0,0,0,0,0,0,0,0,0.25004907984,0.235645192861557,0,0.186116103272719,0.162423482491903,0,0.161197591759264,0.357728810773955,0,0,0,0,0,0,0,0,0.30897056164323,0,0.266613692045212,0,0,0,0,0,0,0,0,0,0,0,0,0,0,0,0,0,0,0,0,0,0,0,0,0.2592801150757,0.276961132884026,0.166351144122269,0.138879102255617,0.169867516746206,0,0.160853488086644,0,0.168402502723521,0.291821819592695,0.504496276378632,0,0
0,0,0,0,0,0,0,0,0,0,0,0,0,0,0,0,0,0,0,0,0,0,0,0,0,0,0,0,0,0,0,0.242684138672692,0.354737827547748,0.186116103272719,0,0,0.200230105326104,0.523268893361092,0.29765757714695,0,0,0.427084237337112,0,0,0,0,0,0.438209570594326,0.390241766066262,0.472757316793606,0,0,0,0,0,0,0,0,0,0,0,0,0,0,0,0,0,0,0,0,0,0,0,0,0.346902497790077,0.354534200082223,0.159539704931429,0.238498515277519,0,0.274094897237691,0,0.284550084835953,0.232630815691165,0.272204678683054,0.443083141670852,0,0
0,0,0,0.225544542074203,0,0.192150155630182,0,0.1953371266524,0,0,0,0,0,0,0,0,0.394774079322815,0.313322871923447,0.368258124838273,0.180364295335744,0,0,0,0,0,0,0,0,0,0,0,0.184748394228518,0.133466364549739,0.162423482491903,0,0,0.188304692281015,0.139774214040923,0,0.241069688374952,0,0.269644054843754,0,0,0,0.248075882451875,0,0.370351405756852,0,0.262332234416426,0,0.22082758338555,0,0.190370851984391,0,0,0,0.229468774079352,0,0.2502681016922,0,0.230182141065598,0.24181828581655,0,0,0,0,0,0,0,0,0,0.405700027942657,0,0.165395783394882,0.340970054268837,0.140850067358615,0,0.195889356925616,0.311703553699233,0.215012728232963,0.391186505556107,0.170532680622169,0.194022074991825,0.220291438151379,0.258069336414337,0
0,0,0.262951176025366,0,0.233766041101854,0,0,0,0,0,0.139207659856133,0,0,0,0,0,0,0,0,0,0.169483871712033,0,0,0,0,0,0,0,0,0,0,0.297827881574631,0.254124398387614,0,0.200230105326104,0.188304692281015,0,0,0.143693117260356,0,0.233094670988144,0,0.270024156570435,0,0,0,0.171903476309269,0.41189048160732,0.275086715817451,0,0,0,0,0,0,0,0.300783976912498,0,0,0,0,0,0,0.209696882287972,0,0,0,0,0,0,0,0,0,0,0,0.244858678118983,0,0.221621282132609,0.309130350297148,0.192919125539108,0,0.223089685865686,0.204691791004497,0.211548581640764,0.216588188301433,0,0
0.377404540777206,0.194542174388109,0.388538390398026,0.436177641153336,0,0,0,0,0,0.169344967852036,0,0.133011861456723,0,0,0,0,0,0.343353018164635,0.360480158669608,0.267950056252941,0,0.271446373706786,0,0.199663066041114,0,0,0,0,0,0.122607850602695,0,0,0,0.161197591759264,0.523268893361092,0.139774214040923,0,0,0.168642868145795,0,0,0.244231797503621,0.479446794027868,0,0,0.375673433909049,0,0.650666181192268,0.500457583167029,0.283002399972507,0,0,0,0,0,0.165105691552162,0,0.256829218393782,0,0,0,0.350022420287132,0.324293874654081,0,0.280432724358358,0,0.231027008359469,0,0,0,0.268735227976428,0,0.179633056841349,0,0,0,0.14753191910292,0,0.191925046403529,0,0.246996435564125,0.116077981889248,0.511213524326614,0.494522295550901,0.455333997635107,0.400497989012645,0
0.220011495053768,0.326932635746504,0.309182390570641,0,0.267172440886497,0,0,0,0.215371962998595,0,0.144689431343275,0,0,0,0,0,0,0,0,0,0.159123459089119,0.586077630519867,0.242051112927069,0,0.220600622578409,0,0,0,0,0,0.170508964898738,0,0,0.357728810773955,0.29765757714695,0,0.143693117260356,0.168642868145795,0,0,0,0.375492056210836,0.348099696324832,0,0,0,0.222780120372772,0.627757376417493,0.404537153737486,0.359726041555405,0,0,0,0,0.253811298033526,0,0,0.383770555257797,0,0,0,0.282274395227432,0,0.176410887696563,0,0.319365745474552,0,0.275326260359378,0,0.286924148599307,0,0.477250734965007,0,0,0,0,0,0.249339058356626,0,0.180596352177155,0.412854724808743,0.240682032696516,0.391953315683592,0.376107678290397,0.516949807910651,0,0.268992379307747
0,0,0,0.271678201854229,0,0.249584436416626,0,0,0,0,0,0,0,0,0,0,0,0.283017352223396,0.271602602675557,0,0,0,0,0,0,0,0,0,0,0,0,0,0,0,0,0.241069688374952,0,0,0,0,0,0.277588993141597,0,0,0,0.212020588759333,0,0.321970701217651,0,0.284637147130177,0,0.255683962255716,0,0,0,0,0,0.29495691259702,0,0,0,0.310156345367432,0.229986937671173,0,0,0,0,0,0,0,0,0,0.258236033575875,0,0,0,0,0,0.34414505037282,0,0.218617632860419,0,0.287587089197976,0,0.184415495877852,0,0
0.494529105247335,0.382923558354378,0.292199725759964,0,0.275841050454088,0,0,0,0.227963075041771,0,0,0,0,0,0,0,0.337149585239245,0.34631142288935,0.343002822189323,0,0,0,0,0,0,0,0.345577567815781,0,0,0,0,0,0,0,0,0,0.233094670988144,0,0,0,0,0.270024278696547,0.287459817539929,0,0,0.365906119036178,0.268912133778561,0.314134836196899,0.156437445262924,0.264708280563354,0,0,0,0,0,0,0.31336646899581,0.384019136428833,0,0,0,0,0.377193025852505,0.262767824301353,0,0,0,0,0,0,0,0,0.26976078748703,0.367611902264448,0,0,0,0,0.357176559892568,0.305740207218632,0.322508216552112,0.31912142902247,0.336070676794985,0.357259153460081,0.309672242985816,0.321523865063985,0.282228087129131
0,0.330046703983098,0.28509122133255,0.286172247926394,0.279454424977303,0.263156985319578,0,0,0,0.187340855184529,0,0,0,0,0,0.333186730742455,0.268744192751391,0.273156701323559,0.230065671037151,0.344414647136416,0,0,0,0,0,0,0,0,0,0,0,0,0,0,0.427084237337112,0.269644054843754,0,0.244231797503621,0.375492056210836,0.277588993141597,0.270024278696547,0,0.263260665044044,0,0,0.275748068918441,0.286588922142982,0.418372503399144,0.35517182065682,0.362889484943183,0,0.264845329867907,0,0,0,0.266826053460439,0.295274158318837,0.361787289615983,0,0.278870105743408,0,0.347972429923567,0.306997718720561,0.35289540886879,0,0,0,0,0,0,0.298177421092987,0,0.292983478231308,0.334952235221863,0,0,0,0,0.276728872268585,0.278111418709159,0.281470843407446,0.30302509582705,0.294072528807797,0.273001489393851,0.295510965022983,0.242545715536333,0.237888872623444
0.325523967745946,0.28216885416596,0.3033992739441,0.240587040781975,0.269876580466242,0,0,0,0.216259941745263,0,0,0,0,0,0,0,0.278809413257207,0.263523088703895,0.246445803938055,0,0,0,0,0,0,0,0,0,0,0,0,0,0,0,0,0,0.270024156570435,0.479446794027868,0.348099696324832,0,0.287459817539929,0.263260665044044,0,0,0,0.278627000749111,0.278690881762064,0.374656901686592,0.265668231083287,0.360067330300808,0,0,0,0,0.321719974279404,0,0.332884621569666,0.355558723211288,0,0,0,0,0.308171396454175,0.328795907087624,0,0,0,0,0,0,0,0,0.290723343690236,0.350374706365444,0,0,0,0,0.305149155584249,0.314262649025861,0.343403645537116,0.31941867781292,0.274238114692564,0.294609035150363,0.312844991046675,0.333709067106247,0.248362188296191
0,0,0,0,0,0,0,0,0,0,0,0,0,0,0,0,0,0,0,0,0,0,0,0,0,0,0,0,0,0,0,0,0,0,0,0,0,0,0,0,0,0,0,0,0,0,0,0,0,0,0,0,0,0,0,0,0,0,0,0,0,0,0,0,0,0,0,0,0,0,0,0,0,0,0,0,0,0,0,0,0,0,0.219022423028946,0,0.215942231317361,0,0
0,0,0,0,0,0,0,0,0,0,0,0,0,0,0,0,0,0,0,0,0,0,0,0,0,0,0,0,0,0,0,0,0,0,0,0,0,0,0,0,0,0,0,0,0,0,0,0,0,0,0,0,0,0,0,0,0,0,0,0,0,0,0,0,0,0,0,0,0,0,0,0,0,0,0,0,0,0,0,0,0,0,0,0,0,0,0
0,0.447817925248994,0,0.326353031125936,0,0.212860548496246,0,0,0,0,0,0,0,0,0,0,0.326720400599011,0.316340754926205,0.329499566166699,0.310393450515611,0,0,0,0,0,0,0,0,0,0,0,0,0,0,0,0.248075882451875,0,0.375673433909049,0,0.212020588759333,0.365906119036178,0.275748068918441,0.278627000749111,0,0,0,0.341189566999674,0,0,0.264384301097104,0,0.262127361799541,0,0,0,0,0,0.291148278523575,0,0,0,0.276763826608658,0.301951906582016,0,0,0,0,0,0,0,0,0,0.311577859520912,0,0,0,0,0,0.346596292723617,0.38674608245492,0.354144858376634,0.370688907802105,0.335912795545643,0.302744472026825,0.280153935893602,0.287516393921745,0.274771422147751
0.357270896434784,0,0.27205097419875,0,0.237729945778847,0,0,0,0.312061071395874,0,0,0,0,0,0,0,0.336866051455339,0.322143493329777,0.351429387612519,0,0.273296028375626,0,0,0,0,0,0,0,0,0,0,0,0,0,0,0,0.171903476309269,0,0.222780120372772,0,0.268912133778561,0.286588922142982,0.278690881762064,0,0,0.341189566999674,0,0,0.272860429385333,0,0,0,0,0,0,0,0.34711967029814,0,0,0,0,0,0.350004335244497,0.259156110078467,0,0,0,0,0,0,0,0,0,0.330930012053457,0,0,0,0,0.332767032086849,0.252226119387248,0.351110418637594,0.303767365398328,0.339592029264779,0.346003825465838,0.292650548701675,0,0.287752561271191
0.333121925592422,0,0,0,0,0.312539309263229,0,0,0,0,0,0,0,0,0,0,0,0,0,0,0,0.591443280378977,0,0,0,0,0,0,0,0,0,0.313121665022215,0.482993611320088,0.30897056164323,0.438209570594326,0.370351405756852,0.41189048160732,0.650666181192268,0.627757376417493,0.321970701217651,0.314134836196899,0.418372503399144,0.374656901686592,0,0,0,0,0,0.386839257724129,0.44919859413448,0,0,0,0,0,0,0,0.375431507825851,0,0,0,0,0,0,0,0,0,0,0,0,0,0,0,0,0.314728120605228,0.448671277620324,0.294828519482037,0.32773783420438,0.391555985209541,0.37623661184085,0.694174346423918,0,0.485197642114982,0.341504443835163,0.433055505365497,0,0
0.205059239640832,0.381982780992985,0.203806413437731,0,0.19994781203568,0,0,0,0.194667961448431,0,0,0,0,0,0.183924398488469,0,0,0,0.250382991773742,0,0,0,0.27434803125724,0,0.342493040694131,0,0,0,0,0,0,0,0.200404956936836,0,0.390241766066262,0,0.275086715817451,0.500457583167029,0.404537153737486,0,0.156437445262924,0.35517182065682,0.265668231083287,0,0,0,0.272860429385333,0.386839257724129,0,0.387305310656947,0,0,0,0,0.197296137036371,0,0.239418484643102,0,0.233347284651938,0,0.209045165166172,0,0,0.322761784581577,0,0.32178401383828,0,0.281422116996154,0,0.259840959502805,0,0.342562281588713,0,0.296735323137707,0,0,0,0.257894406351474,0,0.277542422102256,0.529634119833217,0.390455223166903,0.38052568760329,0.420844985680147,0.263784136863006,0,0.255842953920364
0,0.207426426760712,0.311517417430878,0.176402127941808,0,0.237373628160533,0,0,0,0.145817481229703,0,0,0,0,0,0.165292635560036,0,0,0.338260577193328,0,0,0.244165778160095,0,0,0,0,0,0,0,0,0,0.477367962400119,0.501807620127996,0.266613692045212,0.472757316793606,0.262332234416426,0,0.283002399972507,0.359726041555405,0.284637147130177,0.264708280563354,0.362889484943183,0.360067330300808,0,0,0.264384301097104,0,0.44919859413448,0.387305310656947,0,0,0.251447036241492,0,0,0,0.164394206075526,0,0.268363344236317,0,0.18467282716717,0,0.170716656509199,0.271493800875285,0,0.199612366133615,0,0.309036827087402,0,0,0,0,0,0.232888392622061,0,0,0.50491888931504,0,0.44328052798907,0.330991711638782,0,0.248525834931082,0,0.424220809237342,0.353250958025455,0.279041619493979,0.331319669882456,0
0,0,0.229402207411253,0,0.191753689199686,0,0,0,0.190073688824972,0,0,0,0,0,0.202071512446684,0,0,0,0,0,0,0,0,0,0,0,0,0,0,0,0,0,0,0,0,0,0,0,0,0,0,0,0,0,0,0,0,0,0,0,0,0,0,0,0.176467662056287,0,0.188309054659761,0,0.206372871994972,0,0.217231316896884,0,0,0.337118993202845,0,0,0,0,0,0,0,0,0,0,0,0,0,0,0,0,0,0,0,0,0.312122460802396,0,0
0,0.166396647691727,0,0.186459356701219,0,0.191834546547598,0,0,0,0,0,0,0,0,0,0,0.268719911575317,0,0.236535117030144,0.212718406761134,0,0,0,0,0,0,0,0,0,0,0,0,0,0,0,0.22082758338555,0,0,0,0.255683962255716,0,0.264845329867907,0,0,0,0.262127361799541,0,0,0,0.251447036241492,0,0,0,0.199633264541626,0,0,0,0.223096905411154,0,0.185782069464525,0,0.178526891767979,0.264059164238219,0,0,0,0,0,0,0,0,0,0.28291592001915,0,0,0,0,0,0.23052822092646,0,0.295334959030151,0,0.212960263448102,0.28254970908165,0.199608029545964,0,0
0,0,0,0,0,0,0.123684428406484,0,0,0,0.163077061374982,0,0,0,0,0,0,0,0,0,0,0,0,0,0,0,0,0,0,0,0,0,0,0,0,0,0,0,0,0,0,0,0,0,0,0,0,0,0,0,0,0,0,0,0,0,0,0,0,0,0,0,0,0,0,0,0,0,0,0,0,0,0,0,0,0,0,0,0,0,0,0,0.159546664357185,0,0,0,0
0,0,0,0,0,0.163861837524634,0,0.143684315376848,0,0,0,0.205353320709297,0,0,0,0,0,0,0,0.167659698054194,0,0,0,0,0,0,0,0,0,0,0,0,0,0,0,0.190370851984391,0,0,0,0,0,0,0,0,0,0,0,0,0,0,0,0.199633264541626,0,0,0,0,0,0.19470156232516,0,0,0,0,0.207863364368677,0,0,0,0,0,0,0,0,0,0,0,0,0,0,0,0.187445559104284,0,0,0,0.174787119882447,0,0.156304022669792,0,0
0.190627535633275,0,0.196170304798418,0,0.203439852119955,0,0,0,0.243148300150064,0,0,0,0,0,0.192736626297486,0,0,0,0,0,0,0,0,0,0.247644305834031,0,0.14828090408915,0,0,0,0,0,0,0,0,0,0,0,0.253811298033526,0,0,0,0.321719974279404,0,0,0,0,0,0.197296137036371,0,0.176467662056287,0,0,0,0,0,0,0,0.216150116920471,0,0.220069561575166,0,0,0,0,0,0,0.257542193755749,0,0.160201771794079,0,0,0,0,0,0,0,0,0,0,0,0.271485615317498,0.21737351121251,0,0.232617278433876,0,0
0,0.176926099874366,0,0.154532478823338,0,0.140995892882347,0,0,0,0.226520462653019,0,0,0,0,0,0.19887593476788,0,0,0,0,0,0,0,0.169717643638046,0,0,0,0,0,0,0,0,0,0,0,0,0,0.165105691552162,0,0,0,0.266826053460439,0,0,0,0,0,0,0,0.164394206075526,0,0,0,0,0,0,0,0.388860017061234,0,0,0,0.182863880617496,0,0,0,0,0.24822650277071,0,0,0,0,0,0.26534797847271,0,0,0,0,0,0.291060835123062,0,0.197210372425616,0,0.218927731008633,0.235748991370201,0.191578211335393,0,0
0.415993978579839,0,0.323225389389282,0,0.274814215510391,0,0,0,0.352866172790527,0,0.143932938079039,0,0.151659692709263,0,0,0,0.369785770773888,0,0.381395762547469,0,0,0,0,0,0,0,0,0,0.134197592735291,0,0.126272754371166,0,0,0,0,0,0.300783976912498,0,0,0,0.31336646899581,0.295274158318837,0.332884621569666,0,0,0,0.34711967029814,0,0.239418484643102,0,0.188309054659761,0,0,0,0,0,0,0,0.228100503093741,0,0.245029091594681,0,0.311933904886246,0.364700821445401,0,0,0,0,0,0,0,0.316268698257558,0,0.379064828157425,0,0,0,0,0,0.286991479838717,0,0.336611786484718,0.349377509206533,0.371898137032986,0.370351947755463,0,0.376805389655455
0.338082164525986,0.256101120552238,0,0.219341772312542,0,0.219593541513027,0,0,0,0.289921432733536,0,0.20665735197153,0,0,0,0,0.301764234900475,0.283729245265325,0.263803097233176,0.244727235314229,0,0,0,0,0,0,0,0.182296301637377,0,0.241344127715344,0,0,0,0,0,0.229468774079352,0,0.256829218393782,0.383770555257797,0.29495691259702,0.384019136428833,0.361787289615983,0.355558723211288,0,0,0.291148278523575,0,0.375431507825851,0,0.268363344236317,0,0.223096905411154,0,0.19470156232516,0,0.388860017061234,0,0,0,0.21918885782361,0,0.197821909561753,0.33813140117597,0,0,0,0,0,0,0,0.261148280219028,0,0.343141008412044,0,0,0,0,0,0.268818497080618,0,0.306693104040973,0,0.311182279198889,0.350315474470456,0.31064994872909,0.313171939814792,0
0,0,0.237250530544449,0,0,0,0,0,0.18855654531055,0,0.17171993842712,0,0.148438694252484,0,0.191945352156957,0,0,0,0,0,0,0,0,0,0,0,0,0,0.114124774726617,0,0,0,0,0,0,0,0,0,0,0,0,0,0,0,0,0,0,0,0.233347284651938,0,0.206372871994972,0,0,0,0.216150116920471,0,0.228100503093741,0,0,0,0.225723036988215,0,0,0,0,0,0,0,0,0.253527544928293,0,0.256457678484221,0,0,0,0,0,0,0,0,0,0,0.180717996575616,0,0.25349742770195,0,0
0,0,0,0.194303986926874,0,0.180503386855125,0,0.130781302849452,0,0,0,0.136181875531163,0,0.154957541424757,0,0.252342262438365,0,0,0,0.209326907992363,0,0,0,0,0,0,0,0.138074008127054,0,0.134728124311992,0,0,0,0,0,0.2502681016922,0,0,0,0,0,0.278870105743408,0,0,0,0,0,0,0,0.18467282716717,0,0.185782069464525,0,0,0,0,0,0.21918885782361,0,0,0,0.230943333889757,0.222840602199237,0,0,0,0,0,0,0,0,0,0.275748580694199,0,0,0,0,0,0.196786910295486,0,0.279450058937073,0,0.20784030854702,0,0.209810998042425,0,0
0.194175691157579,0,0.238664238111061,0,0,0,0,0,0.193328827911732,0,0,0,0,0,0.186952753810425,0,0.121358938515186,0,0,0,0,0,0,0,0.182955185251851,0,0,0,0,0,0,0,0,0,0,0,0,0,0,0,0,0,0,0,0,0,0,0,0.209045165166172,0,0.217231316896884,0,0,0,0.220069561575166,0,0.245029091594681,0,0.225723036988215,0,0,0,0,0,0,0,0,0.194455628593763,0,0.255191525587669,0,0,0,0,0,0,0,0,0,0,0,0,0.141543790698051,0,0,0,0
0,0.170347062454665,0,0.184137413984743,0,0,0,0,0,0.185961666929571,0,0,0,0.224026339621167,0,0.224543521200635,0,0.171631596982479,0.275456100702286,0,0,0,0,0,0,0.128357350826263,0,0,0,0,0,0,0,0,0,0.230182141065598,0,0.350022420287132,0.282274395227432,0.310156345367432,0,0.347972429923567,0,0,0,0.276763826608658,0,0,0,0.170716656509199,0,0.178526891767979,0,0,0,0.182863880617496,0,0.197821909561753,0,0.230943333889757,0,0,0.299704816937447,0,0,0,0.126916691660881,0,0.243448887951672,0,0,0,0.262225419282913,0,0,0,0,0,0.292866556594769,0,0.334358185529709,0,0.238543480634689,0.309216479460398,0.250032811905398,0,0
0.333669692277908,0.457453501278337,0,0.323235618542222,0,0.221886270063024,0,0.197840109467506,0,0,0,0.217784266918898,0,0,0,0,0.340529317364973,0.338691197557024,0.342382992591688,0.291224081148723,0,0,0,0,0,0,0,0,0,0,0,0,0,0,0,0.24181828581655,0,0.324293874654081,0,0.229986937671173,0.377193025852505,0.306997718720561,0.308171396454175,0,0,0.301951906582016,0.350004335244497,0,0,0.271493800875285,0,0.264059164238219,0,0.207863364368677,0,0,0.311933904886246,0.33813140117597,0,0.222840602199237,0,0.299704816937447,0,0,0,0,0,0,0,0,0,0,0.422257316032691,0.313416391611099,0,0,0,0,0.335619419337465,0.406474992632866,0.398018940709063,0.3838119328022,0.362008730148311,0.331430273751418,0.29664104238046,0.318753005988007,0.300466418266296
0.365428030490875,0,0.300501667894423,0,0.298376366134407,0,0,0,0.331935971975327,0,0.165723076932234,0,0,0,0,0,0,0.313326001167297,0.313781648874283,0,0.160094611269188,0,0,0,0,0,0,0,0,0,0,0,0,0,0,0,0.209696882287972,0,0.176410887696563,0,0.262767824301353,0.35289540886879,0.328795907087624,0,0,0,0.259156110078467,0,0.322761784581577,0,0.337118993202845,0,0,0,0,0,0.364700821445401,0,0,0,0,0,0,0,0,0,0,0,0,0,0,0,0,0.320523869050177,0,0,0,0,0,0.259550611912047,0,0.262896708164953,0.202492156430431,0.201440908014774,0.334915102808442,0,0.350306894630194
0,0,0,0,0,0,0,0,0,0,0,0,0,0,0,0,0,0.101851985535838,0,0,0,0.189312169321084,0,0.203470979214233,0,0.26833188660064,0,0,0,0,0,0,0,0,0,0,0,0.280432724358358,0,0,0,0,0,0,0,0,0,0,0,0.199612366133615,0,0,0,0,0,0,0,0,0,0,0,0,0,0,0,0,0.264507344449183,0,0.279953829648262,0,0.284351615049828,0,0,0,0,0,0,0,0,0,0.381972626824068,0,0.124912847897836,0.13963274564594,0.472841396927834,0,0
0,0,0,0,0,0,0,0,0,0,0,0,0,0,0,0,0.149195082978005,0,0,0,0,0.0979321215833936,0.137365332087145,0,0.150868790845076,0,0.215298924595118,0,0,0,0,0,0,0,0,0,0,0,0.319365745474552,0,0,0,0,0,0,0,0,0,0.32178401383828,0,0,0,0,0,0,0,0,0,0,0,0,0,0,0,0,0,0,0.169482705128544,0,0.306373646571523,0,0.269029245004956,0,0,0,0,0,0,0,0,0,0.31431330579753,0.169832919968625,0.138514161237503,0,0,0
0,0.196346978624285,0,0,0,0,0,0,0,0.15014496716586,0,0,0,0,0,0,0,0,0,0,0,0.250017482594683,0,0.222111485027698,0,0.365762728181752,0,0.292570173740387,0,0,0,0,0,0,0,0,0,0.231027008359469,0,0,0,0,0,0,0,0,0,0,0,0.309036827087402,0,0,0,0,0,0.24822650277071,0,0,0,0,0,0.126916691660881,0,0,0.264507344449183,0,0,0,0.278603882849717,0,0.2520805505711,0,0,0,0,0,0,0,0,0,0.259143608997562,0,0.182481916697495,0.316601201891899,0.296044933795929,0,0
0.192239914089441,0,0,0,0,0,0,0,0.212199965491891,0,0,0,0,0,0.185767723963811,0,0.129877193697861,0,0,0,0,0,0.124203232427438,0,0.286710095271701,0,0.183824898515429,0,0,0,0,0,0,0,0,0,0,0,0.275326260359378,0,0,0,0,0,0,0,0,0,0.281422116996154,0,0,0,0,0,0.257542193755749,0,0,0,0,0,0.194455628593763,0,0,0,0,0.169482705128544,0,0,0,0.22435620735166,0,0,0,0,0,0,0,0,0,0,0,0.254709234397731,0.138292199444203,0,0.271983468058434,0,0
0,0,0,0,0,0,0,0,0,0,0,0,0,0.218723729456013,0,0.232879334554886,0,0,0,0,0,0.354954773187637,0,0.329138627317217,0,0.23102528912695,0,0.166068183879058,0,0,0,0,0,0,0,0,0,0,0,0,0,0,0,0,0,0,0,0,0,0,0,0,0,0,0,0,0,0,0,0,0,0.243448887951672,0,0,0.279953829648262,0,0.278603882849717,0,0,0,0.268853128342067,0,0,0,0,0,0,0,0,0,0,0,0,0,0,0,0
0,0,0,0,0,0,0,0,0.155714568014097,0,0,0,0,0,0.15618488440911,0,0,0,0,0,0,0,0.266708416477689,0,0.19205577497955,0,0.218240016560641,0,0.254143766562144,0,0,0,0,0,0,0,0,0,0.286924148599307,0,0,0,0,0,0,0,0,0,0.259840959502805,0,0,0,0,0,0.160201771794079,0,0,0,0.253527544928293,0,0.255191525587669,0,0,0,0,0.306373646571523,0,0.22435620735166,0,0,0,0.264709885406774,0,0,0,0,0,0,0,0,0,0.285296633839607,0.17169390104968,0,0.307141974568367,0,0
0,0,0,0.325900763273239,0,0,0,0,0,0,0,0,0,0.139114171266556,0,0,0,0,0,0,0,0.374065302312374,0,0,0,0,0,0.200432830124295,0,0.271914094185829,0,0,0,0,0,0,0,0.268735227976428,0,0,0,0.298177421092987,0,0,0,0,0,0,0,0,0,0,0,0,0,0,0,0.261148280219028,0,0,0,0,0,0,0.284351615049828,0,0.2520805505711,0,0.268853128342067,0,0,0,0.278533868223526,0,0,0,0,0,0,0,0.254671588179928,0,0.126262694597244,0,0.290907561779022,0,0
0,0,0,0,0,0,0,0,0,0,0,0,0,0,0,0,0,0,0,0,0,0,0.278843862346456,0,0,0,0.158638945256156,0,0.15808073926387,0,0.222251501025223,0,0,0,0,0,0,0,0.477250734965007,0,0,0,0,0,0,0,0,0,0.342562281588713,0,0,0,0,0,0,0,0.316268698257558,0,0.256457678484221,0,0,0,0,0,0,0.269029245004956,0,0,0,0.264709885406774,0,0,0,0.251942146999332,0,0,0,0,0,0,0,0.272991799245215,0,0,0,0,0
0,0.282209342138635,0,0.334743522218804,0,0.279486306011677,0,0,0,0.282818133632342,0,0.127294983020273,0,0,0,0,0,0.337318105830087,0.33554831416087,0,0,0,0,0,0,0,0,0.175399741157889,0,0.132379897143487,0,0,0,0,0,0.405700027942657,0,0.179633056841349,0,0.258236033575875,0.26976078748703,0.292983478231308,0.290723343690236,0,0,0.311577859520912,0,0,0,0.232888392622061,0,0.28291592001915,0,0,0,0.26534797847271,0,0.343141008412044,0,0.275748580694199,0,0.262225419282913,0.422257316032691,0,0,0,0,0,0,0,0.278533868223526,0,0,0,0,0,0,0,0.313011077623214,0,0.271128451211186,0,0.338032424078405,0,0.352827989606965,0.341699443402744,0
0.442548829317093,0,0.345572196775013,0,0.300950512290001,0,0,0,0,0,0,0,0,0,0,0,0.344723272323608,0,0.387320884249427,0,0,0,0,0,0,0,0,0,0,0,0.160528564131727,0,0,0,0,0,0,0,0,0,0.367611902264448,0.334952235221863,0.350374706365444,0,0,0,0.330930012053457,0,0.296735323137707,0,0,0,0,0,0,0,0.379064828157425,0,0,0,0,0,0.313416391611099,0.320523869050177,0,0,0,0,0,0,0,0.251942146999332,0,0,0,0,0,0,0.318371385335922,0.300436552833108,0,0.301994698832958,0.364386381976532,0,0.371295819679896,0,0.392277331401904
0,0,0,0,0,0,0,0,0,0,0,0,0,0,0,0,0,0,0,0,0,0,0,0,0,0,0,0,0,0,0,0.232723520977962,0.357489815631578,0.2592801150757,0.346902497790077,0.165395783394882,0,0,0,0,0,0,0,0,0,0,0,0.314728120605228,0,0,0,0,0,0,0,0,0,0,0,0,0,0,0,0,0,0,0,0,0,0,0,0,0,0,0,0.374912963268605,0.269895271613048,0.241622105240822,0.195368469617385,0.276942476630211,0,0,0.265876396630819,0,0,0,0
0,0,0,0,0,0,0,0,0,0,0,0,0,0,0,0,0,0,0,0,0,0,0,0,0,0,0,0,0,0,0,0.34262043964393,0.383129419782885,0.276961132884026,0.354534200082223,0.340970054268837,0.244858678118983,0,0,0,0,0,0,0,0,0,0,0.448671277620324,0,0.50491888931504,0,0,0,0,0,0,0,0,0,0,0,0,0,0,0,0,0,0,0,0,0,0,0,0,0.374912963268605,0,0,0.318104237732783,0.274081408977509,0.282654972212721,0,0,0.355364338479229,0,0,0,0
0,0,0,0,0,0,0,0,0,0,0,0,0,0,0,0,0,0,0,0,0,0,0,0,0,0,0,0,0,0,0,0.201627948476622,0,0.166351144122269,0.159539704931429,0.140850067358615,0,0.14753191910292,0,0,0,0,0,0,0,0,0,0.294828519482037,0,0,0,0,0,0,0,0,0,0,0,0,0,0,0,0,0,0,0,0,0,0,0,0,0,0,0.269895271613048,0,0,0.136360827088356,0.177725378718031,0,0.172062421821995,0,0.164190191401473,0,0,0,0
0,0,0,0,0,0,0,0,0,0,0,0,0,0,0,0,0,0,0,0,0,0,0,0,0,0,0,0,0,0,0,0,0.315745522333503,0.138879102255617,0.238498515277519,0,0.221621282132609,0,0.249339058356626,0,0,0,0,0,0,0,0,0.32773783420438,0.257894406351474,0.44328052798907,0,0,0,0,0,0,0,0,0,0,0,0,0,0,0,0,0,0,0,0,0,0,0,0,0.241622105240822,0.318104237732783,0.136360827088356,0,0,0.318061954359504,0,0.258163912613713,0.154768980421671,0,0,0,0
0,0.483974346862639,0,0.380794442797962,0,0.222353494713004,0,0.192746289074421,0,0.306499123573303,0,0,0,0,0,0,0.326971151918735,0.318351622240328,0.319008754910533,0.224666016039701,0,0,0,0,0,0,0,0,0,0,0,0.213279268145561,0,0.169867516746206,0,0.195889356925616,0.309130350297148,0.191925046403529,0,0.34414505037282,0.357176559892568,0.276728872268585,0.305149155584249,0,0,0.346596292723617,0.332767032086849,0.391555985209541,0,0.330991711638782,0,0.23052822092646,0,0.187445559104284,0,0.291060835123062,0,0.268818497080618,0,0.196786910295486,0,0.292866556594769,0.335619419337465,0,0,0,0,0,0,0,0,0,0.313011077623214,0.318371385335922,0.195368469617385,0.274081408977509,0.177725378718031,0,0,0.342550321301418,0.256979189825568,0.341960720717907,0.318432374886681,0.182540587540986,0.33340938493009,0.296700269869058,0.236487299203873
0.476414607728229,0,0.285904035699077,0,0.269315637954294,0,0,0,0,0,0,0,0,0,0,0,0.380009829629436,0.376191874650808,0.391920928510965,0,0.242737049350093,0,0,0,0,0,0,0,0,0,0,0.293833517803336,0.278704159342069,0,0.274094897237691,0.311703553699233,0.192919125539108,0,0.180596352177155,0,0.305740207218632,0.278111418709159,0.314262649025861,0,0,0.38674608245492,0.252226119387248,0.37623661184085,0.277542422102256,0,0,0,0,0,0,0,0.286991479838717,0,0,0,0,0,0.406474992632866,0.259550611912047,0,0,0,0,0,0,0,0,0,0.300436552833108,0.276942476630211,0.282654972212721,0,0.318061954359504,0.342550321301418,0,0.368358857929707,0.261686140476292,0.328239436476575,0.295656441949135,0.306754774373023,0.315059587359428,0.29589167671899
