0,0,5.39572061376369,0,10.5193023681641,0,0,0,4.07700320495956,0,0,0,0,0,0,0,21.7168874740601,0,11.0390690840208,0,0,0,0,0,24.8041591644287,0,0,0,0,0,0,0,0,0,0,0,0,0,25.8500691345472,0,0,0,25.0767533779144,0,0,23.5711231231689,0,47.0794258117676,18.3600692444975,0,10.833411693573,0,0,0,7.90344907607867,0,34.5238075256348,0,11.8577032355198,0,11.7096493565963,0,0,0,0,0,0,24.5527214710529,0,15.516874340093,0,15.2845636367798,0,25.0464396476746,0,0,0,0,0,0,0,27.8077088804806,14.8424970378653,0,22.1810882419683,0,0
0,0,0,4.46616785358964,0,0,0,0,0,6.04013283130067,0,0,0,0,0,9.80072620998729,33.9518136978149,30.8662808736165,9.64034494757652,0,0,0,0,22.6337102254232,0,0,0,0,0,0,0,0,0,0,0,0,0,20.1899276270586,0,0,0,12.0370117147123,0,6.67065699895223,0,6.5396138827006,0,0,0,10.2075322100405,0,0,0,0,0,8.90854735205159,0,2.73085331916809,0,0,0,10.4847538912738,17.579026222229,0,0,0,12.0229050049759,0,11.1596940994263,0,9.55532574653625,0,0,0,0,0,0,0,0,0,18.5663500443048,0,9.07370667831571,0,11.3973236316096,9.46435372034709,0
5.39572061376369,0,0,0,3.69193255516791,0,0,0,3.31239544261586,0,0,0,0,0,0,0,45.0518455505371,72.0299682617188,22.4846177419027,0,0,0,0,0,39.1671409606934,0,0,0,0,0,0,0,0,0,0,0,0,0,31.6594233677305,0,0,0,29.3341257482543,0,0,0,10.4099911749363,0,18.7960592161013,0,3.77858996391296,0,0,0,7.75402219295502,0,5.09333798620436,0,4.80683314707852,0,13.1165442466736,0,0,18.1818581771851,0,0,0,39.693125406901,0,0,0,0,0,29.9116505214146,0,0,0,0,0,0,0,32.7160816192627,12.5038888150895,2.75010991096497,7.61918491637599,0,0
0,4.46616785358964,0,0,0,3.4175689571044,0,0,0,3.57656543254852,0,0,0,0,0,0,0,0,0,0,0,0,0,0,0,0,0,0,0,0,0,0,0,0,0,0,0,0,0,0,0,16.1615053812663,0,0,0,8.95019944508871,0,0,0,4.32721844173613,0,3.85945095273549,0,0,0,3.24906810717796,0,4.82159497737885,0,0,0,3.7723545811393,0,0,0,0,0,0,0,0,0,0,0,0,0,0,0,0,0,0,0,0,4.23206787197678,0,5.21237180397994,14.1117026589134,0
10.5193023681641,0,3.69193255516791,0,0,0,2.74466192722321,0,4.6943781375885,0,0,0,0,0,0,0,0,0,0,0,4.82894877100413,0,0,0,0,0,0,0,0,0,0,0,0,0,0,0,0,0,30.7816143035889,0,0,0,0,0,0,0,0,0,0,0,3.55510495675293,0,3.53657805919647,0,3.79644095897675,0,3.97216202761676,0,0,0,0,0,0,5.93947498457772,0,0,0,0,0,0,0,0,0,0,0,0,0,0,0,0,0,0,4.23512799006242,3.68557510656469,4.02318391885076,0,0
0,0,0,3.4175689571044,0,0,0,3.14411354064941,0,3.10987363542829,0,2.75019836425781,0,0,0,0,0,0,0,4.56236520669399,0,0,0,0,0,0,0,0,0,0,0,0,0,0,0,0,0,0,0,0,0,0,0,0,0,0,0,0,0,0,0,3.02007697567795,0,0,0,3.00613003969193,0,4.23310862694468,0,3.53364431858063,0,3.16837167739868,4.00123453140259,0,0,0,0,0,0,0,0,0,0,0,0,0,0,0,0,0,0,0,3.73588965198781,0,4.59528207538104,0,0
0,0,0,0,2.74466192722321,0,0,0,0,0,4.22965070327617,0,2.99192941188812,0,0,0,0,0,0,0,3.62699302848505,0,0,0,0,0,0,0,0,0,0,0,0,0,0,0,0,0,0,0,0,0,0,0,0,0,0,0,0,0,6.12211358547211,0,3.80834746190236,0,0,0,4.35150083859762,0,2.7434458732605,0,0,0,0,0,0,0,0,0,0,0,0,0,0,0,0,0,0,0,0,0,0,0,3.01360537409782,3.02115525139703,0,0,0
0,0,0,0,0,3.14411354064941,0,0,0,0,0,3.57786011695862,0,6.0160232702891,0,0,0,0,0,4.00450030962626,0,0,0,0,0,0,0,0,0,0,0,0,0,0,0,0,0,0,0,0,0,0,0,0,0,0,0,0,0,0,0,0,0,2.97255045506689,0,0,0,3.84456339069441,0,3.58905589998814,0,0,3.26186096668243,0,0,0,0,0,0,0,0,0,0,0,0,0,0,0,0,0,0,0,3.40262504600968,0,0,0,0
4.07700320495956,0,3.31239544261586,0,4.6943781375885,0,0,0,0,55.9405860900879,0,0,6.95902140935262,0,8.79637786104709,0,15.3522817259249,37.8473370552063,33.305407565573,0,0,0,0,0,24.862765206231,0,16.8571164267404,0,0,0,0,0,0,0,0,0,0,0,26.3729931349299,0,0,63.9059524536133,26.5276811195142,0,0,50.2619781494141,26.9538402557373,0,27.5107577641805,62.5900802612305,24.6216084162394,0,0,0,5.44318809901198,54.2275886535645,48.0715370178223,0,18.3706121444702,0,20.9619333603803,69.1097717285156,0,24.6949303944906,0,0,0,33.335286670261,0,9.4765100479126,0,0,0,0,0,0,0,0,0,0,0,27.6648251245607,12.6641454385445,7.28468721001237,28.6441486243046,0,0
0,6.04013283130067,0,3.57656543254852,0,3.10987363542829,0,0,55.9405860900879,0,0,0,0,0,54.2328300476074,8.69876351952553,32.6711988750257,20.029494944977,26.6097470845017,0,0,23.5133514404297,0,20.0654241293669,0,30.7166984081268,0,0,0,0,0,0,0,0,0,0,0,22.5204817132454,0,0,0,25.7440294538225,54.693058013916,66.7712554931641,0,34.6791000366211,50.6858615875244,0,0,13.2165466127572,0,3.00447015762329,0,0,0,5.91441201338004,0,0,0,0,0,7.82442176838716,0,0,0,0,19.8039929601881,0,23.5992827415466,0,0,0,0,0,0,0,0,0,0,0,23.5177331664753,64.313814163208,16.3402653708654,8.749495492262,20.0868752583566,36.2728004455566,0
0,0,0,0,0,0,4.22965070327617,0,0,0,0,0,3.8027448878612,0,0,0,0,0,0,0,3.78988051805833,0,0,0,0,0,0,0,3.42976498603821,0,6.35872897260329,0,0,0,0,0,3.57501909529703,0,5.09545024447215,0,0,0,0,0,0,0,0,0,0,0,0,0,4.44338035059499,0,0,0,5.1350358739516,0,5.12911874222795,0,0,0,0,3.55017754359123,0,0,0,0,0,0,0,8.63722023096952,0,9.47587853740798,0,0,0,0,0,6.22665825748444,0,5.33109535176607,3.6676419299026,0,0,0,0
0,0,0,0,0,2.75019836425781,0,3.57786011695862,0,0,0,0,0,3.02854367753734,0,0,0,0,0,5.20851250477691,0,0,0,0,0,0,0,0,0,4.81260738372803,0,0,0,0,0,3.58402451762447,0,3.17696557502554,0,0,0,0,0,0,0,0,0,0,0,0,0,2.74017643928528,0,3.92435213606408,0,0,0,3.44312598326044,0,4.09440620243549,0,0,4.21791504662612,0,0,0,0,0,0,0,0,0,4.86686690100308,0,0,0,0,0,3.600483083074,0,4.38333507709145,0,3.52870675164704,0,0,0,0
0,0,0,0,0,0,2.99192941188812,0,6.95902140935262,0,3.8027448878612,0,0,0,3.5235426252087,0,0,0,0,0,0,0,0,0,0,0,0,0,3.3627423364289,0,0,0,0,0,0,0,0,0,0,0,0,0,0,0,0,0,0,0,0,0,0,0,4.82322902679443,0,0,0,5.96706997504601,0,4.27081273632799,0,4.30254170933708,0,0,0,0,0,0,0,0,0,0,3.88403952563251,0,0,0,0,0,0,0,0,0,0,3.46120915905787,3.33558207915472,0,0,0
0,0,0,0,0,0,0,6.0160232702891,0,0,0,3.02854367753734,0,0,0,0,0,0,0,0,0,0,0,0,0,0,0,0,0,3.42532294446772,0,0,0,0,0,0,0,0,0,0,0,0,0,0,0,0,0,0,0,0,0,0,0,5.06637464870106,0,0,0,3.75793941438633,0,3.14833338892079,0,3.29049275686711,0,0,0,0,0,0,0,0,0,0,6.37397376730973,0,0,0,0,0,0,0,0,0,3.63450054500414,2.9972563902537,0,0,0
0,0,0,0,0,0,0,0,8.79637786104709,54.2328300476074,0,0,3.5235426252087,0,0,0,17.3165347364214,42.4560801188151,38.5075396129063,0,0,0,43.8300094604492,0,30.0639243125916,0,0,0,0,0,0,0,0,0,0,0,0,0,25.838561131404,0,0,0,0,0,0,0,0,0,29.0464951992035,0,0,0,0,0,6.52069544792175,0,0,0,3.16808037511234,0,4.46548520787098,0,0,0,0,0,0,29.2539818763733,0,22.9882593154907,0,0,0,0,0,0,0,0,0,0,0,27.0828219867143,9.21723498532801,5.87786374907745,31.2214881352016,0,0
0,9.80072620998729,0,0,0,0,0,0,0,8.69876351952553,0,0,0,0,0,0,46.0953229268392,13.7479501204057,32.6405448913574,0,0,0,0,24.7557890074594,0,2.79093384742737,0,0,0,0,0,0,0,0,0,0,0,28.0616571658126,0,0,0,19.3606185913086,0,0,0,0,0,0,0,26.8355320824517,0,0,0,0,0,9.17935005823771,0,0,0,0,0,6.8418922400942,0,0,0,0,14.6548056041493,0,0,0,0,0,0,0,0,0,0,0,0,0,23.8273130479406,0,12.3575430041865,0,21.3998271415108,0,0
21.7168874740601,33.9518136978149,45.0518455505371,0,0,0,0,0,15.3522817259249,32.6711988750257,0,0,0,0,17.3165347364214,46.0953229268392,0,10.5378089225315,20.050756201148,0,0,24.66086769104,5.81432487247707,36.7378549575806,17.8744890093803,25.3961486816406,3.96346428020891,0,3.62443752288818,0,0,0,0,0,0,48.8076782226562,0,44.5063701629639,32.3716254234314,64.7009201049805,0,40.0141325114686,34.7664185703391,39.8348320408871,32.8052004300631,42.3008314062048,37.5678397433859,0,43.5129680633545,40.0027249654134,32.906379699707,0,0,0,27.8398988587516,37.9625536600749,39.1888705662319,62.458233833313,0,0,4.94290823896392,39.5926810673305,0,38.5233410921964,0,4.74507733727946,26.5070965149823,10.4931863896987,0,3.52176752036675,0,0,0,0,0,0,0,0,56.2796440124512,43.7511940002441,38.5376942952474,34.2692394109873,12.8026675169996,10.3293776123483,37.909715824299,40.1240489823478,33.6800972482432
0,30.8662808736165,72.0299682617188,0,0,0,0,0,37.8473370552063,20.029494944977,0,0,0,0,42.4560801188151,13.7479501204057,10.5378089225315,0,21.3050385308316,0,0,0,0,12.6367325477111,43.5855751037598,6.07556637278143,0,4.20336688736271,0,0,0,0,0,0,0,0,0,36.8579968043736,33.1768274307251,49.272346496582,0,35.075653053384,47.4684329161773,36.4624130791002,37.337589263916,38.4193367853434,44.2380145390828,0,42.5697555541992,33.6894872283936,0,0,0,0,48.2835559844971,28.9017520317665,0,47.4293646378951,0,0,0,18.5565362913268,45.5220135280064,55.0364562140571,0,0,15.8572118692501,43.0617968241374,5.08393239594115,0,4.57107837994893,0,0,0,0,0,0,0,51.9678001403809,55.0640106201172,35.4546747709575,41.5939315996672,14.7121854084029,8.23914534619233,40.8990725944055,36.7338942622279,45.7113738059998
11.0390690840208,9.64034494757652,22.4846177419027,0,0,0,0,0,33.305407565573,26.6097470845017,0,0,0,0,38.5075396129063,32.6405448913574,20.050756201148,21.3050385308316,0,0,0,32.4046936035156,0,30.9774942398071,33.3518263498942,32.3002519607544,26.134895324707,0,0,0,0,0,0,0,0,0,0,38.6592529559958,35.0575068337577,30.2971038818359,34.8096071879069,21.0100399267375,18.5093692531924,19.2401333942653,17.8359939228405,23.671803868145,20.323158728716,42.4224751790365,37.4307432174683,36.2284314897325,0,0,0,0,55.4384677410126,26.1662702560425,27.0748465611384,31.1641999653407,0,0,0,54.1782105763753,31.5306253762081,29.7857068563119,0,0,32.1970673922835,41.3142261505127,0,0,0,0,0,34.609591960907,0,0,0,0,41.8097648620605,34.6137512207031,35.0671971844089,35.3624353365267,22.3989346802307,34.7076196915064,21.0384193786287,20.110495157595,21.0714675790341
0,0,0,0,0,4.56236520669399,0,4.00450030962626,0,0,0,5.20851250477691,0,0,0,0,0,0,0,0,0,0,0,0,0,0,0,0,0,0,0,0,0,0,0,3.29085167554709,0,0,0,0,0,0,0,0,0,0,0,0,0,0,0,3.96033182144165,0,0,0,0,0,5.10546510036175,0,0,0,0,3.63326765968686,0,0,0,0,0,0,0,0,0,0,0,0,0,0,0,3.79708068257286,0,4.33268917523898,0,3.45116232613386,0,3.75720856356066,0,0
0,0,0,0,4.82894877100413,0,3.62699302848505,0,0,0,3.78988051805833,0,0,0,0,0,0,0,0,0,0,0,0,0,0,0,0,0,0,0,0,0,0,0,0,0,3.35970224120134,0,4.83342219477323,0,0,0,0,0,0,0,0,0,24.0326480865479,0,0,0,4.80535270186032,0,0,0,4.13865349571036,0,0,0,0,0,0,4.36509417056219,0,0,0,0,0,0,0,0,0,11.8797130357651,0,0,0,0,0,4.59428795210855,0,5.23852495658092,3.76205024580738,0,4.54449649651845,0,0
0,0,0,0,0,0,0,0,0,23.5133514404297,0,0,0,0,0,0,24.66086769104,0,32.4046936035156,0,0,0,3.70728614634505,4.00392954879337,0,5.04914307594299,0,3.38467035974775,0,0,0,0,0,0,0,0,0,3.18236559735977,0,0,0,0,0,0,0,0,0,0,0,4.80260109633542,0,0,0,0,0,0,0,0,0,0,0,0,0,0,4.20857954762547,3.75098660715909,3.67868080084351,0,3.86063072158069,0,3.59348384261131,0,0,0,0,0,0,0,0,0,4.27342157941504,0,3.98881053326213,5.06641933341431,0,0,0
0,0,0,0,0,0,0,0,0,0,0,0,0,0,43.8300094604492,0,5.81432487247707,0,0,0,0,3.70728614634505,0,0,4.54458112632279,0,3.5320339401563,0,3.62685849938212,0,0,0,0,0,0,0,0,0,3.60652807950974,0,0,0,0,0,0,0,0,0,3.99389061662886,0,0,0,0,0,0,0,0,0,0,0,0,0,0,0,3.54832338149311,4.12561975609531,0,5.38487274558456,0,3.67738531465116,0,3.61718501294813,0,0,0,0,0,0,0,0,0,6.34367134801401,4.76294500598586,5.83570813665203,0,0,0
0,22.6337102254232,0,0,0,0,0,0,0,20.0654241293669,0,0,0,0,0,24.7557890074594,36.7378549575806,12.6367325477111,30.9774942398071,0,0,4.00392954879337,0,0,0,4.02791574001312,0,0,0,0,0,0,0,0,0,0,0,5.52008299911972,0,0,0,0,0,0,0,0,0,0,0,13.1871504518721,0,0,0,0,0,9.47018291310566,0,0,0,13.2205772399902,0,28.1312264033726,0,0,4.68042085170746,0,3.38293587133146,36.5097351074219,4.97955539419844,0,11.064514541626,0,0,0,0,0,0,0,0,0,6.87074859937032,0,8.11378375851378,0,7.93826942120568,42.7612800598145,0
24.8041591644287,0,39.1671409606934,0,0,0,0,0,24.862765206231,0,0,0,0,0,30.0639243125916,0,17.8744890093803,43.5855751037598,33.3518263498942,0,0,0,4.54458112632279,0,0,0,4.18661897433432,0,0,0,0,0,0,0,0,0,0,0,4.66736458763858,0,0,0,0,0,0,0,0,0,10.0783120393753,0,0,0,0,0,28.5217293330601,0,0,0,14.9837245941162,0,23.4321223038893,0,0,0,0,6.14739651944902,0,5.70387480966747,0,3.60953968031365,0,0,0,0,0,0,0,0,0,0,0,6.59922099471092,18.8723899081901,31.8635475635529,14.3238745689392,0,0
0,0,0,0,0,0,0,0,0,30.7166984081268,0,0,0,0,0,2.79093384742737,25.3961486816406,6.07556637278143,32.3002519607544,0,0,5.04914307594299,0,4.02791574001312,0,0,0,3.1452185409825,0,0,0,0,0,0,0,0,0,0,0,0,0,0,0,0,0,0,0,0,0,0,0,0,0,0,0,2.96407413482666,0,0,0,0,0,30.7990074157715,0,0,4.45724701881409,0,4.59404837290446,0,3.07430163770914,0,3.452975845885,0,0,0,0,0,0,0,0,0,0,0,4.84863706169841,0,0,0,0
0,0,0,0,0,0,0,0,16.8571164267404,0,0,0,0,0,0,0,3.96346428020891,0,26.134895324707,0,0,0,3.5320339401563,0,4.18661897433432,0,0,0,2.81647634506226,0,0,0,0,0,0,0,0,0,0,0,0,0,0,0,0,44.5270347595215,0,0,0,0,0,0,0,0,28.8640489578247,0,0,0,0,0,0,0,0,0,0,3.33970533098493,0,4.82550748756954,0,4.39713092325291,0,0,0,0,0,0,0,0,0,0,0,0,8.33499582608541,6.63167500495911,49.2920608520508,0,0
0,0,0,0,0,0,0,0,0,0,0,0,0,0,0,0,0,4.20336688736271,0,0,0,3.38467035974775,0,0,0,3.1452185409825,0,0,0,3.31554595865901,0,0,0,0,0,0,0,3.27554917807626,0,0,0,0,0,0,0,0,0,0,0,0,0,0,0,0,0,0,0,0,0,3.0315135717392,0,0,0,0,4.00340622795953,0,0,0,3.20797696480384,0,3.92602194036627,0,4.0643289394397,0,0,0,0,0,0,0,3.2885060395081,0,3.34117196346151,3.15955698490143,0,0,0
0,0,0,0,0,0,0,0,0,0,3.42976498603821,0,3.3627423364289,0,0,0,3.62443752288818,0,0,0,0,0,3.62685849938212,0,0,0,2.81647634506226,0,0,0,3.63389541844785,0,0,0,0,0,0,0,6.06045923467542,0,0,0,0,0,0,0,0,0,0,0,0,0,0,0,0,0,0,0,3.67945206165314,0,0,0,0,0,0,7.14185164305582,0,0,0,0,0,4.22591893777251,0,3.61787294721533,0,0,0,0,0,0,0,7.00833726376295,3.29600473244985,3.24041968710879,0,0,0
0,0,0,0,0,0,0,0,0,0,0,4.81260738372803,0,3.42532294446772,0,0,0,0,0,0,0,0,0,0,0,0,0,3.31554595865901,0,0,0,0,0,0,0,0,0,3.62629224741418,0,0,0,0,0,0,0,0,0,0,0,0,0,0,0,0,0,0,0,4.8476763566335,0,3.71459078788757,0,0,0,0,0,0,0,0,0,0,3.28628239726389,0,3.61918911927116,0,0,0,0,0,0,0,4.33252233327919,0,3.03649120662302,0,0,0,0
0,0,0,0,0,0,0,0,0,0,6.35872897260329,0,0,0,0,0,0,0,0,0,0,0,0,0,0,0,0,0,3.63389541844785,0,0,0,0,0,0,0,0,0,3.9688315820694,0,0,0,0,0,0,0,0,0,0,0,0,0,0,0,0,0,9.23433260312156,0,0,0,0,0,0,0,0,0,0,0,0,0,0,5.93654122199918,0,4.20883002606305,0,0,0,0,0,0,0,4.45452299938952,3.85576274178245,0,0,0,0
0,0,0,0,0,0,0,0,0,0,0,0,0,0,0,0,0,0,0,0,0,0,0,0,0,0,0,0,0,0,0,0,3.91686121622721,4.85904972617691,5.98586153189341,3.64233374913534,8.3095220641086,0,0,13.0723695755005,15.3406138420105,0,0,0,0,0,0,5.22779986658117,9.52723257358258,10.1795055541125,0,0,0,0,0,0,0,0,0,0,0,0,0,0,0,0,0,0,0,0,0,0,0,0,4.73391335643665,4.61028495201698,5.7970709216838,10.744139584628,6.28184884531372,15.081115424633,11.9619426727295,0,3.54486064157988,0,0,0,0
0,0,0,0,0,0,0,0,0,0,0,0,0,0,0,0,0,0,0,0,0,0,0,0,0,0,0,0,0,0,0,3.91686121622721,0,4.54049881547689,4.91741375008015,4.69888864623176,3.45104951858521,0,0,0,3.85319459438324,0,0,0,0,0,0,4.47067521015803,4.47318809373038,0,0,0,0,0,0,0,0,0,0,0,0,0,0,0,0,0,0,0,0,0,0,0,0,0,6.90746969931594,4.55223079183219,6.74933695793152,5.87520956993103,14.0295924018411,5.99423599482982,0,0,3.94183353583018,0,0,0,0
0,0,0,0,0,0,0,0,0,0,0,0,0,0,0,0,0,0,0,0,0,0,0,0,0,0,0,0,0,0,0,4.85904972617691,4.54049881547689,0,4.37658357599948,4.72661588539051,0,4.23050033831827,3.87817410060338,13.8634548187256,0,0,0,0,0,0,0,5.22628434276141,14.0764423211416,7.26331000328064,0,0,0,0,0,0,0,0,0,0,0,0,0,0,0,0,0,0,0,0,0,0,0,0,6.45006980567143,10.8331003189087,6.71141859239186,5.01200849927705,5.73340134766773,12.7544093728065,4.20664266975247,5.58705461386478,4.22119479497274,9.4582599231175,7.06595039367676,0,0
0,0,0,0,0,0,0,0,0,0,0,0,0,0,0,0,0,0,0,0,0,0,0,0,0,0,0,0,0,0,0,5.98586153189341,4.91741375008015,4.37658357599948,0,0,4.66794888043808,4.35612507488417,5.10480819145838,0,0,0,0,0,0,0,0,5.36004209711954,5.51983210619758,15.3717479705811,0,0,0,0,0,0,0,0,0,0,0,0,0,0,0,0,0,0,0,0,0,0,0,0,7.80139841636022,6.90711371103923,5.92665293938266,4.59416113808187,16.4678192138672,5.87216758895928,10.1015413570404,6.65838651952887,4.44756780110352,5.74578523635864,12.5493151545525,0,0
0,0,0,0,0,0,0,0,0,0,0,3.58402451762447,0,0,0,0,48.8076782226562,0,0,3.29085167554709,0,0,0,0,0,0,0,0,0,0,0,3.64233374913534,4.69888864623176,4.72661588539051,0,0,4.21474160480834,4.16821285907297,5.48551490432338,22.708655166626,15.3069038391113,35.7992839813232,0,0,0,23.1067941012206,0,8.61373331811693,12.2574379444122,15.748869235699,0,0,0,0,0,0,0,4.38538766629768,0,0,0,0,4.58961134733156,0,0,0,0,0,0,0,0,0,0,0,8.99492112795512,2.734299659729,5.31828682053257,0,4.7709358617871,5.02491179561018,5.16597955598744,5.21947006745772,4.25506678256024,3.51809849985551,15.8474580620726,0,0
0,0,0,0,0,0,0,0,0,0,3.57501909529703,0,0,0,0,0,0,0,0,0,3.35970224120134,0,0,0,0,0,0,0,0,0,0,8.3095220641086,3.45104951858521,0,4.66794888043808,4.21474160480834,0,0,5.06628055037445,16.8648200564914,5.36529702524985,0,29.4634017944336,0,0,30.0803979237874,11.5686227083206,7.96320172364027,18.6471879923785,22.3046327641136,0,0,0,0,0,0,3.82880230273231,0,0,0,0,0,0,3.72694812895177,0,0,0,0,0,0,0,0,0,0,15.612136407332,4.61414329976921,0,3.47860074043274,9.63669717200745,4.69681141670778,0,6.5876539314964,3.63440376264142,3.32299697021844,8.56800664233607,0,0
0,20.1899276270586,0,0,0,0,0,0,0,22.5204817132454,0,3.17696557502554,0,0,0,28.0616571658126,44.5063701629639,36.8579968043736,38.6592529559958,0,0,3.18236559735977,0,5.52008299911972,0,0,0,3.27554917807626,0,3.62629224741418,0,0,0,4.23050033831827,4.35612507488417,4.16821285907297,0,0,4.40356992628284,0,0,12.6243512630463,0,0,0,48.8367958068848,0,7.82189574920316,24.3608544667562,10.8516914320368,0,0,0,0,0,23.5837896631119,0,3.96385191037105,0,0,0,28.0620701529763,2.9394679069519,0,4.61067396966635,0,7.12469435176966,0,0,0,4.33666608247671,0,3.07005017002424,0,0,0,3.97738385279057,5.46897745132446,5.00234701518807,0,4.06368878474857,6.05160894477485,4.28974576547517,3.96094254134358,12.2985950742449,0,0
25.8500691345472,0,31.6594233677305,0,30.7816143035889,0,0,0,26.3729931349299,0,5.09545024447215,0,0,0,25.838561131404,0,32.3716254234314,33.1768274307251,35.0575068337577,0,4.83342219477323,0,3.60652807950974,0,4.66736458763858,0,0,0,6.06045923467542,0,3.9688315820694,0,0,3.87817410060338,5.10480819145838,5.48551490432338,5.06628055037445,4.40356992628284,0,0,0,0,5.07057332992554,0,0,0,0,8.75890135802563,6.74669070022051,0,35.8042184001995,0,0,0,28.9074740350774,0,5.86497662310698,0,36.1364650441639,0,30.4401914693038,0,0,5.14543910420269,0,4.25135643234925,0,8.09055602046805,0,0,0,8.29675727971868,0,5.63181356872831,0,0,0,4.9587878056658,7.44980747188063,7.66883104432485,4.1690136160806,4.82705223145699,6.58188391610897,4.23281344933943,8.42502903938293,0,0
0,0,0,0,0,0,0,0,0,0,0,0,0,0,0,0,64.7009201049805,49.272346496582,30.2971038818359,0,0,0,0,0,0,0,0,0,0,0,0,13.0723695755005,0,13.8634548187256,0,22.708655166626,16.8648200564914,0,0,0,18.8440032872287,10.9771893454635,0,27.3267860412598,0,10.7355768842167,21.8207015991211,9.62149504353018,19.1930687427521,6.63291434053297,0,0,0,0,0,0,0,0,0,0,0,0,3.19329818586508,0,0,0,0,0,0,0,0,0,0,0,13.1338144938151,0,0,0,7.24422237821737,24.7539054022895,6.25848256397729,0,0,0,5.69342410042491,14.3492446626936,0
0,0,0,0,0,0,0,0,0,0,0,0,0,0,0,0,0,0,34.8096071879069,0,0,0,0,0,0,0,0,0,0,0,0,15.3406138420105,3.85319459438324,0,0,15.3069038391113,5.36529702524985,0,0,18.8440032872287,0,18.5061187744141,11.9638031312149,0,0,19.2661108553988,6.06111267789414,6.32866996143936,5.6880467474582,8.96102725758272,0,0,0,0,0,0,0,0,0,0,0,0,24.6636238098145,4.42971470025295,0,0,0,0,0,0,0,0,0,0,15.2289752960205,5.79689359664917,0,0,16.0816370487213,5.48266111691651,0,3.05595709217919,0,0,6.73107313633759,0,0
0,12.0370117147123,0,16.1615053812663,0,0,0,0,63.9059524536133,25.7440294538225,0,0,0,0,0,19.3606185913086,40.0141325114686,35.075653053384,21.0100399267375,0,0,0,0,0,0,0,0,0,0,0,0,0,0,0,0,35.7992839813232,0,12.6243512630463,0,10.9771893454635,18.5061187744141,0,19.1894174347753,9.9302599224551,0,14.1419741905374,31.9434499104818,7.0532235407625,28.7421011924744,7.27723143340989,0,0,0,0,0,22.5655574798584,43.9982681274414,14.1377887420947,0,0,0,20.8099193572998,14.631167084376,49.5799700419108,0,0,55.3035640716553,59.009838104248,0,0,0,0,3.45464205741882,0,0,0,0,0,11.3876697250293,0,21.6735755950212,50.4464848836263,13.4530231850911,41.7641403675079,8.92885210951944,7.71168783497522,45.8554191589355
25.0767533779144,0,29.3341257482543,0,0,0,0,0,26.5276811195142,54.693058013916,0,0,0,0,0,0,34.7664185703391,47.4684329161773,18.5093692531924,0,0,0,0,0,0,0,0,0,0,0,0,0,0,0,0,0,29.4634017944336,0,5.07057332992554,0,11.9638031312149,19.1894174347753,0,38.9774600437709,21.5575583321708,41.1599640846252,11.7720763716532,10.8639415322918,11.3714638583916,10.4488232803345,0,0,0,0,27.7912616176882,0,19.2087012834079,0,33.140811920166,0,46.3393630981445,0,0,21.1926956280097,0,0,0,0,0,0,0,0,0,14.5336864517956,0,0,0,0,0,11.0298850743667,0,24.718015174992,18.1410774938412,33.015766710043,12.6294438441558,21.3834856986999,10.6489969184965
0,6.67065699895223,0,0,0,0,0,0,0,66.7712554931641,0,0,0,0,0,0,39.8348320408871,36.4624130791002,19.2401333942653,0,0,0,0,0,0,0,0,0,0,0,0,0,0,0,0,0,0,0,0,27.3267860412598,0,9.9302599224551,38.9774600437709,0,31.7692489624023,13.8156142021929,28.6014236450195,0,44.2893371582031,29.4916572570801,0,0,0,0,0,0,0,37.7153282165527,0,0,0,0,11.333197593689,44.8742034912109,0,0,45.712043762207,0,0,0,0,0,0,0,0,0,0,0,18.8448136647542,0,22.1872398669903,49.9872947692871,23.1370929142214,19.2535562515259,11.8312405078732,19.8091778426335,0
0,0,0,0,0,0,0,0,0,0,0,0,0,0,0,0,32.8052004300631,37.337589263916,17.8359939228405,0,0,0,0,0,0,0,0,0,0,0,0,0,0,0,0,0,0,0,0,0,0,0,21.5575583321708,31.7692489624023,0,44.8062629699707,10.1367668151855,0,0,0,0,0,0,0,0,0,0,0,0,0,0,0,0,16.5771980285645,0,0,0,0,0,0,0,0,0,0,0,0,0,0,0,0,0,23.215337117513,23.5090475082397,0,15.5861046791077,0,0
23.5711231231689,6.5396138827006,0,8.95019944508871,0,0,0,0,50.2619781494141,34.6791000366211,0,0,0,0,0,0,42.3008314062048,38.4193367853434,23.671803868145,0,0,0,0,0,0,0,44.5270347595215,0,0,0,0,0,0,0,0,23.1067941012206,30.0803979237874,48.8367958068848,0,10.7355768842167,19.2661108553988,14.1419741905374,41.1599640846252,13.8156142021929,44.8062629699707,0,21.6361867788747,32.5529651641846,25.8772054152055,19.9358649047804,0,0,0,0,0,0,0,11.5234971293798,0,0,0,0,5.99098369924646,57.6478474934896,0,0,48.8843688964844,55.6165618896484,0,0,0,0,0,0,0,0,0,0,9.23258646967232,29.2505540494566,13.1608379553845,59.4061737060547,25.6159252300521,20.3851308822632,8.08346445761349,20.9630940903065,44.7117652893066
0,0,10.4099911749363,0,0,0,0,0,26.9538402557373,50.6858615875244,0,0,0,0,0,0,37.5678397433859,44.2380145390828,20.323158728716,0,0,0,0,0,0,0,0,0,0,0,0,0,0,0,0,0,11.5686227083206,0,0,21.8207015991211,6.06111267789414,31.9434499104818,11.7720763716532,28.6014236450195,10.1367668151855,21.6361867788747,0,25.5825046392588,15.5035688995858,19.2482573038124,55.4232635498047,0,0,0,0,0,21.6489098072052,0,0,0,0,0,0,9.2883956923292,0,0,0,0,0,0,0,0,0,0,27.6496105194092,0,0,0,24.9131665229797,6.3971962086784,0,23.9083584403992,26.9960008076259,27.0750141143799,8.70284915559768,34.9471321105957,26.4959157307943
47.0794258117676,0,0,0,0,0,0,0,0,0,0,0,0,0,0,0,0,0,42.4224751790365,0,0,0,0,0,0,0,0,0,0,0,0,5.22779986658117,4.47067521015803,5.22628434276141,5.36004209711954,8.61373331811693,7.96320172364027,7.82189574920316,8.75890135802563,9.62149504353018,6.32866996143936,7.0532235407625,10.8639415322918,0,0,32.5529651641846,25.5825046392588,0,9.34104191199348,6.86666575543017,0,0,0,0,0,37.3907585144043,0,0,0,0,0,0,0,0,0,0,0,0,0,0,0,0,0,0,6.23973535243376,5.89087740202272,7.5442197258697,7.14779520407319,9.00914163821219,7.2218085717229,7.94908997393746,9.40544671331133,7.23698786563062,4.95554193854332,7.85747158431667,0,0
18.3600692444975,0,18.7960592161013,0,0,0,0,0,27.5107577641805,0,0,0,0,0,29.0464951992035,0,43.5129680633545,42.5697555541992,37.4307432174683,0,24.0326480865479,0,3.99389061662886,0,10.0783120393753,0,0,0,0,0,0,9.52723257358258,4.47318809373038,14.0764423211416,5.51983210619758,12.2574379444122,18.6471879923785,24.3608544667562,6.74669070022051,19.1930687427521,5.6880467474582,28.7421011924744,11.3714638583916,44.2893371582031,0,25.8772054152055,15.5035688995858,9.34104191199348,0,5.33864401077312,15.8951373781477,0,0,0,26.9947572218633,0,14.8894364719989,0,10.3584585192837,0,21.5921474160819,0,24.1367111206055,23.5348683018838,0,3.71183317832732,0,9.90553621759693,0,14.1618618225229,0,5.56072779034459,0,7.17259736915133,10.1517228285472,5.38574598556341,17.8947186470032,5.10775165124373,12.4285100982303,9.62953593752309,29.2223339080811,5.66683464098458,11.0132411344601,32.1846032142639,12.522041189445,0,0
0,10.2075322100405,0,4.32721844173613,0,0,0,0,62.5900802612305,13.2165466127572,0,0,0,0,0,26.8355320824517,40.0027249654134,33.6894872283936,36.2284314897325,0,0,4.80260109633542,0,13.1871504518721,0,0,0,0,0,0,0,10.1795055541125,0,7.26331000328064,15.3717479705811,15.748869235699,22.3046327641136,10.8516914320368,0,6.63291434053297,8.96102725758272,7.27723143340989,10.4488232803345,29.4916572570801,0,19.9358649047804,19.2482573038124,6.86666575543017,5.33864401077312,0,0,0,0,0,0,14.7853963776921,0,7.83936265512561,0,10.6047500494272,0,10.468496760126,23.3820533752441,0,4.26065749579785,0,6.09624718590606,0,5.52507040741738,0,6.9383542320945,0,5.34333787645612,0,11.1516634323826,16.0015239715576,3.78503131866455,0,12.0636326711012,19.4460439764935,10.037926735743,26.0155143737793,11.6470943089404,0,9.73600947406644,13.6616341420846,0
10.833411693573,0,3.77858996391296,0,3.55510495675293,0,6.12211358547211,0,24.6216084162394,0,0,0,0,0,0,0,32.906379699707,0,0,0,0,0,0,0,0,0,0,0,0,0,0,0,0,0,0,0,0,0,35.8042184001995,0,0,0,0,0,0,0,55.4232635498047,0,15.8951373781477,0,0,0,4.98771078662669,0,8.27976508140564,0,4.12868968486786,0,3.32620245218277,0,7.76718810952228,0,0,0,0,0,0,41.1775771693179,0,35.2452964782715,0,0,0,0,0,0,0,0,0,0,0,37.5484574950568,8.25112038850784,0,32.9281348516775,0,0
0,0,0,3.85945095273549,0,3.02007697567795,0,0,0,3.00447015762329,0,2.74017643928528,0,0,0,0,0,0,0,3.96033182144165,0,0,0,0,0,0,0,0,0,0,0,0,0,0,0,0,0,0,0,0,0,0,0,0,0,0,0,0,0,0,0,0,0,0,0,4.21930363348552,0,3.73657507621325,0,3.31636893458483,0,3.09538780318366,0,0,0,0,0,0,0,0,0,0,0,0,0,0,0,0,0,0,0,0,4.2192964553833,0,3.37295422060736,0,0
0,0,0,0,3.53657805919647,0,3.80834746190236,0,0,0,4.44338035059499,0,4.82322902679443,0,0,0,0,0,0,0,4.80535270186032,0,0,0,0,0,0,0,0,0,0,0,0,0,0,0,0,0,0,0,0,0,0,0,0,0,0,0,0,0,4.98771078662669,0,0,0,0,0,3.63033065901083,0,0,0,0,0,0,6.53254342079163,0,0,0,0,0,0,0,0,0,0,0,0,0,0,0,0,0,0,3.85261587423781,0,0,0,0
0,0,0,0,0,0,0,2.97255045506689,0,0,0,3.92435213606408,0,5.06637464870106,0,0,0,0,0,0,0,0,0,0,0,0,0,0,0,0,0,0,0,0,0,0,0,0,0,0,0,0,0,0,0,0,0,0,0,0,0,0,0,0,0,0,0,3.61472883125661,0,3.88575093499545,0,0,0,0,0,0,0,0,0,0,0,0,0,0,0,0,0,0,0,0,0,0,3.32487458842141,0,0,0,0
7.90344907607867,0,7.75402219295502,0,3.79644095897675,0,0,0,5.44318809901198,0,0,0,0,0,6.52069544792175,0,27.8398988587516,48.2835559844971,55.4384677410126,0,0,0,0,0,28.5217293330601,0,28.8640489578247,0,0,0,0,0,0,0,0,0,0,0,28.9074740350774,0,0,0,27.7912616176882,0,0,0,0,0,26.9947572218633,0,8.27976508140564,0,0,0,0,0,42.7657508850098,0,17.4936594712107,0,11.4659870933084,0,0,0,0,0,0,27.1064482873945,0,22.2057476043701,0,0,0,0,0,0,0,0,0,0,0,25.9712879938238,26.8107448683845,0,26.8345243938385,0,0
0,8.90854735205159,0,3.24906810717796,0,3.00613003969193,0,0,54.2275886535645,5.91441201338004,0,0,0,0,0,9.17935005823771,37.9625536600749,28.9017520317665,26.1662702560425,0,0,0,0,9.47018291310566,0,2.96407413482666,0,0,0,0,0,0,0,0,0,0,0,23.5837896631119,0,0,0,22.5655574798584,0,0,0,0,0,37.3907585144043,0,14.7853963776921,0,4.21930363348552,0,0,0,0,0,0,0,0,0,6.4032851931167,0,0,0,0,14.452859044075,0,0,0,0,0,0,0,0,0,0,0,0,0,21.6796280254017,0,21.4533216418052,0,19.3288965648352,0,0
34.5238075256348,0,5.09333798620436,0,3.97216202761676,0,4.35150083859762,0,48.0715370178223,0,5.1350358739516,0,5.96706997504601,0,0,0,39.1888705662319,0,27.0748465611384,0,4.13865349571036,0,0,0,0,0,0,0,0,0,9.23433260312156,0,0,0,0,0,3.82880230273231,0,5.86497662310698,0,0,43.9982681274414,19.2087012834079,0,0,0,21.6489098072052,0,14.8894364719989,0,4.12868968486786,0,3.63033065901083,0,42.7657508850098,0,0,0,4.85857709980307,0,3.68830882708232,0,0,5.81942888630095,0,0,0,20.9611716270447,0,14.3935497016237,0,9.4904388191036,0,9.93670856813898,0,0,0,0,0,6.5760392665863,0,8.30135023032294,5.34835873072126,0,9.85704290037751,0,0
0,2.73085331916809,0,4.82159497737885,0,4.23310862694468,0,3.84456339069441,0,0,0,3.44312598326044,0,3.75793941438633,0,0,62.458233833313,47.4293646378951,31.1641999653407,5.10546510036175,0,0,0,0,0,0,0,0,0,4.8476763566335,0,0,0,0,0,4.38538766629768,0,3.96385191037105,0,0,0,14.1377887420947,0,37.7153282165527,0,11.5234971293798,0,0,0,7.83936265512561,0,3.73657507621325,0,3.61472883125661,0,0,0,0,0,4.64751804450463,0,0,4.77918960701132,0,0,0,13.2912045870072,0,11.2486438910166,0,6.20303078832539,0,5.05001126753701,0,0,0,0,0,4.50944089889526,0,0,0,4.07467083577757,0,8.92351616336292,12.9360616472032,0
11.8577032355198,0,4.80683314707852,0,0,0,2.7434458732605,0,18.3706121444702,0,5.12911874222795,0,4.27081273632799,0,3.16808037511234,0,0,0,0,0,0,0,0,0,14.9837245941162,0,0,0,3.67945206165314,0,0,0,0,0,0,0,0,0,36.1364650441639,0,0,0,33.140811920166,0,0,0,0,0,10.3584585192837,0,3.32620245218277,0,0,0,17.4936594712107,0,4.85857709980307,0,0,0,5.64045553632707,0,0,0,0,0,0,32.0382793854023,0,9.54054889411726,0,8.65644524643077,0,11.0393567085266,0,0,0,0,0,0,0,36.4904690495244,4.47527210362168,3.30650898744894,32.8141751321586,0,0
0,0,0,0,0,3.53364431858063,0,3.58905589998814,0,0,0,4.09440620243549,0,3.14833338892079,0,0,0,0,0,0,0,0,0,13.2205772399902,0,0,0,3.0315135717392,0,3.71459078788757,0,0,0,0,0,0,0,0,0,0,0,0,0,0,0,0,0,0,0,10.6047500494272,0,3.31636893458483,0,3.88575093499545,0,0,0,4.64751804450463,0,0,0,4.25474660250605,0,0,0,0,12.600224784251,0,8.87316184453835,0,5.39229766698905,0,8.31388372056028,0,0,0,0,0,0,0,0,0,3.30775068035046,3.17942302658203,10.3038890145042,0,0
11.7096493565963,0,13.1165442466736,0,0,0,0,0,20.9619333603803,0,0,0,4.30254170933708,0,4.46548520787098,0,4.94290823896392,0,0,0,0,0,0,0,23.4321223038893,0,0,0,0,0,0,0,0,0,0,0,0,0,30.4401914693038,0,0,0,46.3393630981445,0,0,0,0,0,21.5921474160819,0,7.76718810952228,0,0,0,11.4659870933084,0,3.68830882708232,0,5.64045553632707,0,0,0,0,0,0,0,0,25.1580453252596,0,15.4431181302036,0,12.9826061460707,0,0,0,0,0,0,0,0,0,31.8055732790278,7.8517313092947,5.04503159937651,29.0417384195931,0,0
0,10.4847538912738,0,3.7723545811393,0,3.16837167739868,0,0,69.1097717285156,7.82442176838716,0,0,0,3.29049275686711,0,6.8418922400942,39.5926810673305,18.5565362913268,54.1782105763753,0,0,0,0,28.1312264033726,0,30.7990074157715,0,0,0,0,0,0,0,0,0,0,0,28.0620701529763,0,0,0,20.8099193572998,0,0,0,0,0,0,0,10.468496760126,0,3.09538780318366,0,0,0,6.4032851931167,0,0,0,4.25474660250605,0,0,0,0,0,0,8.45057688529293,0,9.49569878211388,0,0,0,0,0,0,0,0,0,0,0,25.077050491333,0,12.5687622117325,62.4542999267578,11.0479469398382,0,0
0,17.579026222229,0,0,0,4.00123453140259,0,3.26186096668243,0,0,0,4.21791504662612,0,0,0,0,0,45.5220135280064,31.5306253762081,3.63326765968686,0,0,0,0,0,0,0,0,0,0,0,0,0,0,0,4.58961134733156,0,2.9394679069519,0,3.19329818586508,24.6636238098145,14.631167084376,0,11.333197593689,0,5.99098369924646,0,0,24.1367111206055,23.3820533752441,0,0,0,0,0,0,0,4.77918960701132,0,0,0,0,0,0,0,0,0,0,0,0,0,0,0,0,0,0,0,0,6.36254489604962,0,6.85174294446738,0,7.33479086558024,0,6.1990463975197,0,0
0,0,18.1818581771851,0,5.93947498457772,0,0,0,24.6949303944906,0,3.55017754359123,0,0,0,0,0,38.5233410921964,55.0364562140571,29.7857068563119,0,4.36509417056219,0,0,0,0,0,0,0,0,0,0,0,0,0,0,0,3.72694812895177,0,5.14543910420269,0,4.42971470025295,49.5799700419108,21.1926956280097,44.8742034912109,16.5771980285645,57.6478474934896,9.2883956923292,0,23.5348683018838,0,0,0,6.53254342079163,0,0,0,5.81942888630095,0,0,0,0,0,0,0,0,0,0,0,0,0,0,16.0489182139552,0,12.7151375260759,0,0,0,0,0,5.47412642321624,0,10.0703715312781,14.1516797556849,52.7771224975586,7.54103595566123,53.7378921508789,15.6497847239176
0,0,0,0,0,0,0,0,0,0,0,0,0,0,0,0,0,0,0,0,0,4.20857954762547,3.54832338149311,4.68042085170746,0,4.45724701881409,0,4.00340622795953,0,0,0,0,0,0,0,0,0,4.61067396966635,0,0,0,0,0,0,0,0,0,0,0,4.26065749579785,0,0,0,0,0,0,0,0,0,0,0,0,0,0,0,5.18008712530136,3.73594120777015,0,3.11437877855803,0,5.85578825526701,0,0,0,0,0,0,0,0,0,5.60008374866828,0,3.76820932180561,5.26786947250366,0,0,0
0,0,0,0,0,0,0,0,0,0,0,0,0,0,0,0,4.74507733727946,0,0,0,0,3.75098660715909,4.12561975609531,0,6.14739651944902,0,3.33970533098493,0,7.14185164305582,0,0,0,0,0,0,0,0,0,4.25135643234925,0,0,0,0,0,0,0,0,0,3.71183317832732,0,0,0,0,0,0,0,0,0,0,0,0,0,0,0,5.18008712530136,0,0,6.83333722027865,0,5.35279200474421,0,3.85327618598938,0,0,0,0,0,0,0,0,0,5.32785108933366,3.50653467939853,3.6365634683746,0,0,0
0,12.0229050049759,0,0,0,0,0,0,0,19.8039929601881,0,0,0,0,0,14.6548056041493,26.5070965149823,15.8572118692501,32.1970673922835,0,0,3.67868080084351,0,3.38293587133146,0,4.59404837290446,0,0,0,0,0,0,0,0,0,0,0,7.12469435176966,0,0,0,55.3035640716553,0,45.712043762207,0,48.8843688964844,0,0,0,6.09624718590606,0,0,0,0,0,14.452859044075,0,13.2912045870072,0,12.600224784251,0,8.45057688529293,0,0,3.73594120777015,0,0,0,4.18978202747982,0,10.1137199152248,0,0,0,0,0,0,0,0,0,8.04653995878556,37.1386795043945,10.0444989193369,34.5757331848145,9.10305629084187,0,0
24.5527214710529,0,39.693125406901,0,0,0,0,0,33.335286670261,0,0,0,0,0,29.2539818763733,0,10.4931863896987,43.0617968241374,41.3142261505127,0,0,0,5.38487274558456,36.5097351074219,5.70387480966747,0,4.82550748756954,0,0,0,0,0,0,0,0,0,0,0,8.09055602046805,0,0,59.009838104248,0,0,0,55.6165618896484,0,0,9.90553621759693,0,41.1775771693179,0,0,0,27.1064482873945,0,20.9611716270447,0,32.0382793854023,0,25.1580453252596,0,0,0,0,6.83333722027865,0,0,0,5.63477051045437,0,9.23826026916504,0,0,0,0,0,0,0,0,0,9.85832398239223,9.26169682741165,33.878116607666,13.1394010292467,0,0
0,11.1596940994263,0,0,0,0,0,0,0,23.5992827415466,0,0,0,0,0,0,0,5.08393239594115,0,0,0,3.86063072158069,0,4.97955539419844,0,3.07430163770914,0,3.20797696480384,0,0,0,0,0,0,0,0,0,0,0,0,0,0,0,0,0,0,0,0,0,5.52507040741738,0,0,0,0,0,0,0,11.2486438910166,0,8.87316184453835,0,9.49569878211388,0,0,3.11437877855803,0,4.18978202747982,0,0,0,5.63624060445005,0,0,0,0,0,0,0,0,0,0,0,3.64893762626458,0,3.3653081258138,0,0
15.516874340093,0,0,0,0,0,0,0,9.4765100479126,0,0,0,0,0,22.9882593154907,0,3.52176752036675,0,0,0,0,0,3.67738531465116,0,3.60953968031365,0,4.39713092325291,0,0,0,0,0,0,0,0,0,0,0,0,0,0,0,0,0,0,0,0,0,14.1618618225229,0,35.2452964782715,0,0,0,22.2057476043701,0,14.3935497016237,0,9.54054889411726,0,15.4431181302036,0,0,0,0,5.35279200474421,0,5.63477051045437,0,0,0,3.63048808915274,0,0,0,0,0,0,0,0,0,0,4.24053339215068,0,12.8306764364243,0,0
0,9.55532574653625,0,0,0,0,0,0,0,0,0,0,0,0,0,0,0,4.57107837994893,0,0,0,3.59348384261131,0,11.064514541626,0,3.452975845885,0,3.92602194036627,0,3.28628239726389,0,0,0,0,0,0,0,4.33666608247671,0,0,0,0,0,0,0,0,0,0,0,6.9383542320945,0,0,0,0,0,0,0,6.20303078832539,0,5.39229766698905,0,0,0,0,5.85578825526701,0,10.1137199152248,0,5.63624060445005,0,0,0,4.26753373707042,0,0,0,0,0,0,0,4.64558639654143,0,3.47289211215782,2.85571587085724,5.87099528312683,0,0
15.2845636367798,0,0,0,0,0,0,0,0,0,8.63722023096952,0,3.88403952563251,0,0,0,0,0,0,0,0,0,3.61718501294813,0,0,0,0,0,4.22591893777251,0,5.93654122199918,0,0,0,0,0,0,0,8.29675727971868,0,0,0,0,0,0,0,0,0,5.56072779034459,0,0,0,0,0,0,0,9.4904388191036,0,8.65644524643077,0,12.9826061460707,0,0,16.0489182139552,0,3.85327618598938,0,9.23826026916504,0,3.63048808915274,0,0,0,5.73976272517584,0,0,0,0,0,0,0,6.52956315090782,3.76217500067435,3.81436196581958,10.564388692379,0,0
0,0,0,0,0,0,0,0,0,0,0,4.86686690100308,0,6.37397376730973,0,0,0,0,0,0,0,0,0,0,0,0,0,4.0643289394397,0,3.61918911927116,0,0,0,0,0,0,0,3.07005017002424,0,0,0,3.45464205741882,0,0,0,0,0,0,0,5.34333787645612,0,0,0,0,0,0,0,5.05001126753701,0,8.31388372056028,0,0,0,0,0,0,0,0,0,0,4.26753373707042,0,0,0,0,0,0,0,0,0,0,0,3.17449139964824,0,4.71510458177374,0,0
25.0464396476746,0,29.9116505214146,0,0,0,0,0,0,0,9.47587853740798,0,0,0,0,0,0,0,34.609591960907,0,11.8797130357651,0,0,0,0,0,0,0,3.61787294721533,0,4.20883002606305,0,0,0,0,0,0,0,5.63181356872831,0,0,0,14.5336864517956,0,0,0,0,0,7.17259736915133,0,0,0,0,0,0,0,9.93670856813898,0,11.0393567085266,0,0,0,0,12.7151375260759,0,0,0,0,0,0,0,5.73976272517584,0,0,0,0,0,0,0,0,0,4.82020525700269,3.65584763288498,2.98068774223328,8.53864357290041,0,0
0,0,0,0,0,0,0,0,0,0,0,0,0,0,0,0,0,0,0,0,0,0,0,0,0,0,0,0,0,0,0,4.73391335643665,6.90746969931594,6.45006980567143,7.80139841636022,8.99492112795512,15.612136407332,0,0,13.1338144938151,15.2289752960205,0,0,0,0,0,27.6496105194092,6.23973535243376,10.1517228285472,11.1516634323826,0,0,0,0,0,0,0,0,0,0,0,0,0,0,0,0,0,0,0,0,0,0,0,0,0,10.9468823587117,7.25068687553569,8.8365752696991,6.68190087178131,18.7659237084269,0,0,4.68782179020653,15.3963966369629,0,0,0
0,0,0,0,0,0,0,0,0,0,0,0,0,0,0,0,0,0,0,0,0,0,0,0,0,0,0,0,0,0,0,4.61028495201698,4.55223079183219,10.8331003189087,6.90711371103923,2.734299659729,4.61414329976921,0,0,0,5.79689359664917,0,0,0,0,0,0,5.89087740202272,5.38574598556341,16.0015239715576,0,0,0,0,0,0,0,0,0,0,0,0,0,0,0,0,0,0,0,0,0,0,0,0,10.9468823587117,0,10.4217855181013,7.67021382308914,19.2827531814575,4.50442273232449,0,0,6.2857856693722,0,0,0,0
0,0,0,0,0,0,0,0,0,0,0,0,0,0,0,0,0,0,0,0,0,0,0,0,0,0,0,0,0,0,0,5.7970709216838,6.74933695793152,6.71141859239186,5.92665293938266,5.31828682053257,0,3.97738385279057,0,0,0,0,0,0,0,0,0,7.5442197258697,17.8947186470032,3.78503131866455,0,0,0,0,0,0,0,0,0,0,0,0,0,0,0,0,0,0,0,0,0,0,0,0,7.25068687553569,10.4217855181013,0,6.89229114981722,6.21737194327988,18.5636920061978,5.57977669080608,5.25292778015137,4.7962662507149,0,11.2411675453186,0,0
0,0,0,0,0,0,0,0,0,0,0,0,0,0,0,0,0,0,0,0,0,0,0,0,0,0,0,0,0,0,0,10.744139584628,5.87520956993103,5.01200849927705,4.59416113808187,0,3.47860074043274,5.46897745132446,4.9587878056658,0,0,0,0,0,0,0,0,7.14779520407319,5.10775165124373,0,0,0,0,0,0,0,0,0,0,0,0,0,0,0,0,0,0,0,0,0,0,0,0,0,8.8365752696991,7.67021382308914,6.89229114981722,0,16.6565723419189,4.52898553506032,15.2836151123047,5.41949287598783,4.22368263626099,5.26146841049194,0,0,0
0,0,0,0,0,0,0,0,0,0,0,3.600483083074,0,0,0,0,56.2796440124512,51.9678001403809,41.8097648620605,3.79708068257286,0,0,0,0,0,0,0,0,0,0,0,6.28184884531372,14.0295924018411,5.73340134766773,16.4678192138672,4.7709358617871,9.63669717200745,5.00234701518807,7.44980747188063,7.24422237821737,16.0816370487213,11.3876697250293,0,18.8448136647542,0,9.23258646967232,24.9131665229797,9.00914163821219,12.4285100982303,12.0636326711012,0,0,0,0,0,0,0,4.50944089889526,0,0,0,0,6.36254489604962,0,0,0,0,0,0,0,0,0,0,0,6.68190087178131,19.2827531814575,6.21737194327988,16.6565723419189,0,18.1893231921797,5.52158359258186,10.0217099984487,4.6594477522118,6.22091032671869,6.77940273752779,16.2622135281563,0
0,0,0,0,0,0,0,0,0,0,6.22665825748444,0,0,0,0,0,43.7511940002441,55.0640106201172,34.6137512207031,0,4.59428795210855,0,0,0,0,0,0,0,0,0,0,15.081115424633,5.99423599482982,12.7544093728065,5.87216758895928,5.02491179561018,4.69681141670778,0,7.66883104432485,24.7539054022895,5.48266111691651,0,11.0298850743667,0,0,29.2505540494566,6.3971962086784,7.2218085717229,9.62953593752309,19.4460439764935,0,0,0,0,0,0,6.5760392665863,0,0,0,0,0,0,5.47412642321624,0,0,0,0,0,0,0,0,0,0,18.7659237084269,4.50442273232449,18.5636920061978,4.52898553506032,18.1893231921797,0,0,7.76979190869616,4.5013440476796,3.56952606347101,8.98514560549776,0,11.9530448913574
