0,0,0.0111353577138758,0,0,0,0,0,0.0532209519844061,0,0,0,0,0,0,0,0,0,0.00500822114278896,0,0,0,0,0,0,0,0,0,0,0,0,0,0,0,0,0,1.46056796075203e-05,0,2.79599736010786e-05,0,0,0,0.00632139528958204,0,0,0,0.000952161372400938,0,0.0144664411743029,0,0,0,0,0,0.0135625448252497,0,0,0,0,0,0.000148602958273233,0,0,9.81560127812811e-05,0,0,0,0,0,0,0,3.87841282401631e-05,0,0.000716936645360375,0,0,0,0,0,0.00151099059129089,0,0.000268016886659639,0.000529518066459815,0,0.0059325646547066,0,0
0,0,0,0.0190174341665817,0,0,0,0,0,0.012040724329414,0,0,0,0,0,0,0,0,0,0,0,0,0,0,0,0,0,0,0,0,0,0,0,0,0,0,0,0,0,0,0,0.00461129193724871,0,0,0,0,0,0,0,0.033940420536671,0,0,0,0,0,0.0251730642353672,0,6.04490233687642e-05,0,0,0,0.00221999130260334,0,0,0,0,7.97751396081816e-05,0,0,0,1.42965408863266e-05,0,0.000383657421496875,0,0,0,0,0,5.1215440173331e-06,0,0,0,0.000777921796670928,0,0.00251143198172481,0.000231533794303922,0
0.0111353577138758,0,0,0,0.000125788262095973,0,0,0,0.0177289969704126,0,0,0,0,0,0,0,1.22357936828723e-05,5.15946421594121e-06,0.000126094627313795,0,0,0,0,0,0,0,0,0,0,0,0,0,0,0,0,0,0.000164004606541261,0,1.40315630928612e-05,0,0,0,0.00135323741042512,0,0,0,0.00043778874571282,8.42726675466629e-05,0.00730976551837698,0,0.00103778565055545,0,0,0,0.0192723337523404,0,0.000193171574591881,0,0.00090253359260852,0,0.0044383556404007,0,0,2.04426994265764e-05,0,0,0,0,0,0,0,8.65075001838563e-05,0,0.00600497571821346,0,0,0,0,0,1.774974730931e-05,0,0.000243510669059226,0.000614380557098549,0,0.00831650326062621,0,6.86100741630127e-05
0,0.0190174341665817,0,0,0,0.00395366363989656,0,0,0,0.025709709897255,0,0.000209357811045547,0,0,0,0,1.71765447224481e-05,2.09630394876571e-05,0.000156335319076177,0,0,0,0,0,0,0,0,0,0,0,0,0,0,0,0,1.09242849446218e-05,0,5.44026383102512e-06,0,0.00157661720833583,0,0.00236074195529425,0,0,0,0.00947741650149134,3.10473387695885e-05,0.000255153814978524,0.000353406262879069,0.0197951749022922,0,0,0,0,0,0.0271152719328704,0,0.00198334933330032,0,0.000189751977377556,0,0,0.00275692565943813,0,0,0,0,0,0,0,8.08626474587501e-05,0,0.00240702974115329,0,0,0,0,0,0.000162300512371617,0,0.000293724596742479,0,0.000708880556673681,0.000223156712392298,0.0195004882089884,0.000323297626677568,0
0,0,0.000125788262095973,0,0,0,0,0,0.0138298141947842,0,0,0,0,0,0,0,0,0,3.46211043461434e-05,0,0.0025969686381768,0,0,0,0,0,0,0,0,0,0,0,0,0,2.06152317612635e-05,0,6.93924407523092e-06,0,0,0,0,0,0.00048943250133181,0,0,0,7.55351556558739e-05,0.000371056990696541,0.00253612801886215,1.75710531278173e-05,0.0163539583565416,0,0,0,0.0195125682369362,0,0.000543029473943941,0,0.00121517548666623,0,0.0069499867337971,0,0,0.000594580016562647,0,0,0,0,0,0,0,0.000135512655416376,0,0.0010233199303425,0,0,0,0,0,4.32440499837991e-05,0,0.000179003996383585,3.84606842873557e-05,0,0.00538351888765797,0,0
0,0,0,0.00395366363989656,0,0,0,0.00029950746954948,0,0.0355932093868516,0,0.000561891600490081,0,0,0,0.000117619383672718,0,0,2.65134692596113e-05,0.0103788125052803,0,0,0,0,0,0,0,0,0,0,0,0,0,0,0,4.96474010923773e-05,0,0,0,0.000193254661012485,0,0.000100705558346153,0,0,0,0.00809557766783655,0,0.000101212034595746,0.000238978925433956,0.00134506806860681,0,0.0148540480722886,0,0,0,0.0195138435559197,0,5.53996889236454e-05,0,0,0,0,0.0123124896069226,0,0,0,0,0,0,0,0,0,0,0,0,0,0,0,0.000802523104599295,0,5.93920721827894e-06,0,0.00101093054856039,0.000368770492944825,0.00331820123210475,0,0
0,0,0,0,0,0,0,0,0,0,8.19745184103544e-05,0,0,0,0,0,0,0,0,0,0,0,0,0,0,0,0,0,0,0,0,0,0,0,0,0,0,0,0,0,0,0,0,0,0,0,0,0,0,0,0.000431220367318019,0,0.0141683849774026,0,0,0,0.00181667940239308,0,0,0,0,0,0,0,0,0,0,0,0,0,0,0,0,0,0,0,0,0,0,0,0,0,0,0,0,0,0
0,0,0,0,0,0.00029950746954948,0,0,0,0,0,0.0006258374366058,0,0,0,0,0,0,0,0.00653729244073813,0,0,0,0,0,0,0,0,0,0,0,0,0,0,0,0,0,0,0,0,0,0,0,0,0,0,0,0,0,0,0,0,0,0.0109147965579191,0,0,0,0.00316426263765329,0,0,0,0,0.00584388423026651,0,0,0,0,0,0,0,0,0,0,0,0,0,0,0,0,0,0,0,6.82385479510894e-05,0,0,0,0
0.0532209519844061,0,0.0177289969704126,0,0.0138298141947842,0,0,0,0,0,0,0,0,0,0.00526044997206784,0,0.000751748185232083,0,0,0,0,0,0,0,0.008812422889899,0,0,0,0,0,0,0,0,0,0,0,0.000492153236248847,0,0.00170395994575491,0,0,0,0.00619502185997446,0,0,0,0,0,0.00417934430889579,0,0,0,0,0,0.17075366911599,0,0,0,0,0,0.00135257174270978,0,0,0.000135637982038302,0,0,0,0.000790272722441291,0,0,0,0,0,0.00083645503051849,0,0,0,0,0,0,0,0.000152934366823392,0.000675396473035234,0,0.00193593898289303,0,0
0,0.012040724329414,0,0.025709709897255,0,0.0355932093868516,0,0,0,0,0,0,0,0,0,0.00105870191366202,0.000145536043763649,0.00199824659692293,6.80784051362518e-05,0,0,0,0,0.000334648874299157,0,6.5885719782582e-05,0,0,0,0,0,0,0,0,0,2.63122013196083e-06,0,0.000669421659882077,0,0.000581477170791999,0,0.00215202368654863,0,0,0,0.0026936345547882,0,0.000453288138081564,0.000122304797424365,0.00136801205978662,0,0,0,0,0,0.059854456505404,0,2.12098924921117e-05,0,0,0,0.0019244103136516,9.87219834198476e-05,2.25727412824623e-05,0,0,0.00101993796596894,0,0,0,1.9304895218576e-05,0,0.00082457710431309,0,0,0,0,0,7.74992472657377e-05,0,0.000192108109758811,0,0.00190528669670883,0.000315418403417114,0.0135802391621775,0.00020057453311491,0
0,0,0,0,0,0,8.19745184103544e-05,0,0,0,0,0,0.00403902941216355,0,0,0,0,0,2.78647858444753e-05,0,0.00499629448410344,0,0,0,0,0,0,0,0,0,2.35796253979411e-05,0,0,0,0,0,0,0,0.000906343036322433,0,0,0,0,0,0,0,1.67709538879197e-05,0,0,0,0,0,0.000165637603913739,0,0,0,0.0370759065163288,0,0.000685929797514567,0,0,0,0,0.00326553301527412,0,0,0,0,0,0,0,0,0,0.000267910706919424,0,0,0,0,0,5.37292550537964e-06,0,0.000425876869592579,1.69980617931989e-05,0,0,0,0
0,0,0,0.000209357811045547,0,0.000561891600490081,0,0.0006258374366058,0,0,0,0,0,0,0,0,0,0,2.7318944210201e-05,0.0104823826341482,0,0,0,0,0,0,0,0,0,0.0102856333677671,0,0,0,0,0,0.000181389871490197,0,0.00269494848931398,0,1.02284156869433e-05,0,4.2971742207275e-06,0,0,0,0.000246399842218834,0,0,0,0,0,0.000368661739315793,0,0.000117338847390579,0,0,0,0.0533858738228481,0,0,0,0,0.00841349024130329,0,0,0,0,0,0,0,0,0,0.00441629298776003,0,0,0,0,0,3.90993773225011e-05,0,0.00194048284350775,0,0.000634093032540732,0,0.000521171783022705,0,0
0,0,0,0,0,0,0,0,0,0,0.00403902941216355,0,0,0,0,0,0,0,0,0,0,0,0,0,0,0,0,0,0,0,0,0,0,0,0,0,0,0,0,0,0,0,0,0,0,0,0,0,0,0,0,0,0,0,0,0,0.000431315624777619,0,0.000399728753080565,0,0,0,0,0,0,0,0,0,0,0,0,0,0,0,0,0,0,0,0,0,0,0,6.99080318719168e-06,0,0,0,0
0,0,0,0,0,0,0,0,0,0,0,0,0,0,0,0,0,8.28133036468561e-05,0,0,0,0,0,0,0,0,0,0,0,0,0,0,0,0,0,0,0,0,0,0,0,0,0,0,0,0,0,0,0,0,0,0,0,0,0,0,0,0,0,4.00200115109328e-05,0,0,0,0,0,0,0,0,0,0,0,0,0,0,0,0,0,0,0,0,0,0,0,0,0,0,0
0,0,0,0,0,0,0,0,0.00526044997206784,0,0,0,0,0,0,0,6.40151863404056e-05,0,0,0,0,0,0,0,0,0,0.000114226968435105,0,0,0,0,0,0,0,0,0,0,0,0,0,0,0,0,0,0,0,0,0,0,0,0,0,0,0,0.00474949662620993,0,0,0,0.00304161682947855,0,0.00104992081413592,0,0,0,0,0,0,0,0,0,0,0,0,0,0,0,0,0,0,0,0,0,0,0,0,0,0
0,0,0,0,0,0.000117619383672718,0,0,0,0.00105870191366202,0,0,0,0,0,0,0,0.00348657017082222,0,0,0,0,0,0,0,0.000709750303506888,0,0,0,0,0,0,0,0,0,0,0,0,0,0,0,0,0,0,0,0,0,0,0,0,0,0,0,0,0,0.00621134681030811,0,0,0,0,0,0,0,0,0,0,0,0,0,0,0,0,0,0,0,0,0,0,0,0,0,0,0.000199459823738159,0,0,0,0
0,0,1.22357936828723e-05,1.71765447224481e-05,0,0,0,0,0.000751748185232083,0.000145536043763649,0,0,0,0,6.40151863404056e-05,0,0,0.146435007469139,0.0709063751516787,0,0,0.000288466155627612,0.00612002500878889,0,0.000421629435969545,0.000150151178212297,0.0234678428910249,0,6.27965467401399e-05,0,4.73685083657305e-06,0,0,0,0,3.30243003321417e-05,2.10039155667507e-05,1.01311451397735e-05,3.69191832202861e-05,0.000774839696834695,0.000266884184725954,0.000297063751899562,0.00166106388713871,0,0,0.000369177936340863,0.00126458112618177,0,0,4.28170415378467e-05,0,0,0,0,0,0,0,7.31112119241796e-06,0,0,5.67347935750799e-05,0,0.000161097251181306,0.000304263570166184,1.98104486244722e-05,9.11848067382061e-05,0,0,0,0.000314295948440912,0,0,2.50698040508212e-06,0.000102936918232074,5.0108232890738e-06,0,0,0,0.00041101126279782,0.00125005272122061,7.74531834478445e-05,0.000680908567734663,0.0230532543477418,0.000380096513982794,0.00092958232734547,3.95812653947446e-05,0.00085619189591903
0,0,5.15946421594121e-06,2.09630394876571e-05,0,0,0,0,0,0.00199824659692293,0,0,0,8.28133036468561e-05,0,0.00348657017082222,0.146435007469139,0,0.0669674797342016,0,0,0.00593494450053174,0.000372132522627282,0.000120114744188905,1.72273112937897e-05,0.0164632353517086,0.000241870476775308,0.000941265078874484,0,0,0,0,0,0,0,0.00013273829637632,7.58243754619762e-07,1.97027821679109e-05,2.10287153690721e-05,0.00142949215572315,0.000130099946256493,0.00182301659999188,0.000372776351900965,4.47558602287612e-05,0,0.000583419924877138,0.000519864212818246,2.14897962411964e-05,8.39701287339481e-06,4.80675738656383e-05,0,0,0,0,0,0,0,0,0,0,4.66287733375963e-06,0.000236124058733203,0.000308075190275293,0.000157932426658762,0.00224911785682834,0,0,0,0.000112039217527785,0,0,7.43211668972432e-06,1.99657033655778e-05,4.18667316107932e-05,3.41856791568239e-05,0,5.51264562445838e-05,0,0.0016375372304901,0.000483356859547746,0.000218237783056043,0.000206134337741812,0.0289304941243125,0.000760536663280129,0.000812448869665638,0.000434884605685754,0.000186570030802799
0.00500822114278896,0,0.000126094627313795,0.000156335319076177,3.46211043461434e-05,2.65134692596113e-05,0,0,0,6.80784051362518e-05,2.78647858444753e-05,2.7318944210201e-05,0,0,0,0,0.0709063751516787,0.0669674797342016,0,0,8.49891730420721e-06,3.107933590457e-05,4.07503102435042e-05,0,0.00011135409035087,0,0.000110733485046033,0,0,0,0,0,0,0,0,0.00141528988557478,0.000221318044383352,0.000635714931999355,0.000305687302484578,0.0250873958116512,0.00387675893145094,0.0183421797553341,0.0187450135880571,0.00115171179831148,0.000116494404809306,0.0149344839954427,0.0208897237385857,0.000262557412901785,7.39645410842366e-05,0.00117605401061758,0,0,0,0,0.000143705978403322,1.20518972990557e-05,0.000169162671590715,0.000124605795093368,0,0,7.32447708891347e-05,0,0.00601173758870115,0.00652741342013347,4.62297137464248e-05,7.12993139349318e-06,0,0,0,0,1.36560967242907e-05,1.43247167337578e-05,0.000893565654200374,0.00212577529612469,0.000388082416406919,0,0.000436252385975227,0,0.0158243623461509,0.0160386399764556,0.00453470704316481,0.00631727660213444,0.00798247436526138,5.40044038993055e-06,0.023983402740789,0.00447108179377823,0.00537610726220044
0,0,0,0,0,0.0103788125052803,0,0.00653729244073813,0,0,0,0.0104823826341482,0,0,0,0,0,0,0,0,0,0,0,0,0,0,0,0,0,4.57353800200656e-05,0,0,0,0,0,0.00512767035913203,0,0.00375964701914352,0,2.40809649148259e-05,0,5.25946770097758e-06,0,4.19178559139363e-05,0,0.000357791271332871,0,0,0,1.07969404917804e-05,0,0.000246340448686365,0,0.000162660795582141,0,0,0,0.00205249777405796,0,0,0,0,0.0449356618782828,0,0,0,0,0,0,0,0,0,0.000922881150636936,0,0,0,0,0,0.00227580180282,0,0.000957484783598994,0,0.000156953207971086,0,0.00126437173043253,0,5.90766017177433e-05
0,0,0,0,0.0025969686381768,0,0,0,0,0,0.00499629448410344,0,0,0,0,0,0,0,8.49891730420721e-06,0,0,0,0,0,0,0,0,0,0,0,0,0,0,0,0,0,0.00838954456208787,0,2.81573592122445e-05,0,0,0,0,0,0,0,0,0,0.000138856011846864,0,0.00778621646093815,0,0,0,0.000491877605595929,0,0.00826839584396055,0,0,0,0,0,0,0.0331552333871887,0,0,0,0,0,0,0,0,0,0.000183552989360286,0,0,0,0,0,0.0025122431762142,0,0.000415390460845878,0.000527732874620649,0,0.00124383239495969,0,0
0,0,0,0,0,0,0,0,0,0,0,0,0,0,0,0,0.000288466155627612,0.00593494450053174,3.107933590457e-05,0,0,0,0.000624338220504017,0.000776726460317954,0,0.0018679766878894,0,0.000802274310270115,0,0,0,0,0,0,0,0,0,0.000884354581849859,0,0,0,1.08603051345983e-05,0,0,0,0,1.33772619341337e-05,5.82291804407061e-06,0,0.002608230105078,0,0,0,0,0,0,0,0.00033953734750217,0,4.59884033015531e-06,0,0,5.44414710105979e-06,0,0.0313389360184379,0.000109269659585046,0.000444530120970786,0,0.000717041019616663,0,0.00774006318102827,0,9.49399808161558e-06,0,0,0,0,0,0,0,0.000912100764391049,0,0.00190511758868972,0.000184947882216391,7.98323996634167e-05,0,0
0,0,0,0,0,0,0,0,0,0,0,0,0,0,0,0,0.00612002500878889,0.000372132522627282,4.07503102435042e-05,0,0,0.000624338220504017,0,0,0.000350064685433277,0,0.000676376256988134,0,1.34515275931335e-05,0,0,0,0,0,0,0,0,0,0.00149602808352136,0,0,0,0,0,0,0,0,0,0.00366475992375981,0,0,0,0,0,0,0,0,0,0,0,0,0,0,0,9.49922352672485e-05,0.0519989731595419,0,0.000164214704922251,0,2.37761420711672e-05,0,0.00153713016567764,0,0,0,0,0,0,0,0,0,0.00427922730044771,0.00095264876436955,1.46978710308668e-05,0,0,0
0,0,0,0,0,0,0,0,0,0.000334648874299157,0,0,0,0,0,0,0,0.000120114744188905,0,0,0,0.000776726460317954,0,0,0,0.00907701082751158,0,0,0,0,0,0,0,0,0,0,0,0.00182072663502022,0,0,0,0.000147161101897397,2.72814937120657e-05,0,0,0,0,0.000264835976916222,0,0.0268482751898983,0,0,0,0,0,0,0,0.000101540131253166,0,6.46092985884476e-05,0,0,0,0,0.00232435929257627,0,0.0441248518121862,0,0.00910619249625058,0,0.00400334894396188,0,0,0,0,0,0,0,0,0,0.000425234878756594,0,0.000288089205522945,0,0.00513830931428215,0,0
0,0,0,0,0,0,0,0,0.008812422889899,0,0,0,0,0,0,0,0.000421629435969545,1.72273112937897e-05,0.00011135409035087,0,0,0,0.000350064685433277,0,0,0,0.0104694964949638,0,0,0,0,0,0,0,0,0,0,0,0.00149291057981649,0,0,0,0,0,0,0,0,0,0.00276295617590629,0,0,0,0,0,0,0,0,0,0,0,0,0,0,0,0,0.000266261556265564,0,0.086871788892702,0,0.00851756694331484,0,9.61513902403847e-06,0,0,0,0,0,0,0,0,0,0.00331354951934374,0.00021709572049339,0,0.00235519407501748,0,0
0,0,0,0,0,0,0,0,0,6.5885719782582e-05,0,0,0,0,0,0.000709750303506888,0.000150151178212297,0.0164632353517086,0,0,0,0.0018679766878894,0,0.00907701082751158,0,0,0,0.00172022721525218,0,0,0,0,0,0,0,0,0,0,0,0,0,0,0,0,0,0,0,0,0,0,0,0,0,0,0,0,0,0,0,0,0,0,0,0,0.000149953509487661,0,0,0,0.0175278942295119,0,0.000783300911013799,0,0,0,0,0,0,0,0,0,0,0,0.00101587036767462,0,0,0,0
0,0,0,0,0,0,0,0,0,0,0,0,0,0,0.000114226968435105,0,0.0234678428910249,0.000241870476775308,0.000110733485046033,0,0,0,0.000676376256988134,0,0.0104694964949638,0,0,0,0.000241904894635773,0,0,0,0,0,0,0,0,0,0,0,0,0,0,0,0,0,0,0,0,0,0,0,0,0,0,0,0,0,0,0,0,0,0,0,0,0.000271819622712738,0,0.000293644508520437,0,0.00407136030182293,0,0,0,0,0,0,0,0,0,0,0,0,0.00034715419103336,0,0,0,0
0,0,0,0,0,0,0,0,0,0,0,0,0,0,0,0,0,0.000941265078874484,0,0,0,0.000802274310270115,0,0,0,0.00172022721525218,0,0,0,0,0,0,0,0,0,0,0,4.4922187051972e-05,0,0,0,0,0,0,0,0,0,0,0,0,0,0,0,0,0,0,0,0,0,0,0,0,0,0,0.000142904162564425,0,0,0,0.00458478134165232,0,0.013278157097382,0,0.000376289287839564,0,0,0,0,0,0,0,0.000546127226475002,0,0.000177214909439024,0,0,0,0
0,0,0,0,0,0,0,0,0,0,0,0,0,0,0,0,6.27965467401399e-05,0,0,0,0,0,1.34515275931335e-05,0,0,0,0.000241904894635773,0,0,0,0.00739484759900138,0,0,0,0,0,0,0,0,0,0,0,0,0,0,0,0,0,0,0,0,0,0,0,0,0,0,0,0,0,0,0,0,0,0,5.07556823485941e-05,0,0,0,0.000451753966461584,0,0.0126597131106556,0,0.00749863200567091,0,0,0,0,0,0,0,0,4.45953936781806e-05,0,0,0,0
0,0,0,0,0,0,0,0,0,0,0,0.0102856333677671,0,0,0,0,0,0,0,4.57353800200656e-05,0,0,0,0,0,0,0,0,0,0,0,0,0,0,0,0,0,4.6201910442138e-05,0,1.16223135152335e-05,0,0,0,0.000311947945791858,0,1.66282939525519e-05,0,0,0,0,0,0,0,0,0,0,0,0.00154354154166082,0,0,0,0,0.000162223743860504,0,0,0,0,0,0,0,0,0,0.0299727098657622,0,0,0,0,0,8.99900822942667e-07,0,9.97153234056996e-05,0,0,0,4.26860618218354e-05,0,0
0,0,0,0,0,0,0,0,0,0,2.35796253979411e-05,0,0,0,0,0,4.73685083657305e-06,0,0,0,0,0,0,0,0,0,0,0,0.00739484759900138,0,0,0,0,0,0,0,0,0,0.00141908617904874,0,0,0,0,0,0,0,0,0,0,0,0,0,0,0,5.89193140405845e-05,0,0.00236142520243938,0,0,0,0,0,0,4.64689899574749e-05,0,0,0,0,0,0,0,0,0,0.0192883777009964,0,0,0,0,0,0,0,0.00041384042485662,0,0,3.38764294400644e-05,0,0
0,0,0,0,0,0,0,0,0,0,0,0,0,0,0,0,0,0,0,0,0,0,0,0,0,0,0,0,0,0,0,0,0.0297070486573442,0.00111971126114215,6.17169644101523e-05,0.0012048911293154,7.55279838861902e-06,0,0,0,0,0,0,0,0,0,0,0.17338780912898,0.000970619394769834,0.0022232730755626,0,0,0,0,0,0,0,0,0,0,0,0,0,0,0,0,0,0,0,0,0,0,0,0,0.0958402626065107,0.00397118588463078,0.00391972795239856,0,0.00156593843522009,0.000221489083566747,0,0,0.000888694277041679,0,0,0,0
0,0,0,0,0,0,0,0,0,0,0,0,0,0,0,0,0,0,0,0,0,0,0,0,0,0,0,0,0,0,0,0.0297070486573442,0,0,0.0150791453219779,1.72333760934534e-05,0.00249623221184417,0,0,0,0,0,0,0,0,0,0,0.0802066374892877,0.000557141568955568,0,0,0,0,0,0,0,0,0,0,0,0,0,0,0,0,0,0,0,0,0,0,0,0,0,0.00916246466110999,0.213925914782829,0,0.00425348353870699,3.11297944011312e-05,0.00585645612268148,0,0,0.00025616635084086,0,0,0,0
0,0,0,0,0,0,0,0,0,0,0,0,0,0,0,0,0,0,0,0,0,0,0,0,0,0,0,0,0,0,0,0.00111971126114215,0,0,0.0192221835942435,0.00130669902943044,0,0.00202635566942025,0,9.91559553767336e-06,0,0,0,0,0,6.585034364249e-06,0,0.266405674331504,0,0.00576638072321261,0,0,0,0,0,0,0,0,0,0,0,0,0,0,0,0,0,0,0,0,0,0,0,0,0.000198163061151325,0,0.167026527660745,0.00171582392163458,0.000318703535284475,0,0.00666300304832419,1.3463338652181e-05,0.00150836634532327,0,0,0,0
0,0,0,0,2.06152317612635e-05,0,0,0,0,0,0,0,0,0,0,0,0,0,0,0,0,0,0,0,0,0,0,0,0,0,0,6.17169644101523e-05,0.0150791453219779,0.0192221835942435,0,0,0.00207052538948151,0,0.00127080945326889,0,0,0,0,0,0,0,8.5285283642696e-06,0.232413654202258,0.00237254763646401,0,0,0,0,0,0,0,0,0,0,0,0,0,0,0,0,0,0,0,0,0,0,0,0,0,6.41148944851011e-05,0.0105591539676935,0.0177872038889491,0.147590895791407,0,0.00123906250068851,0,0.000768739991387651,0.000300052027242729,0,2.40331661470732e-05,0,0
0,0,0,1.09242849446218e-05,0,4.96474010923773e-05,0,0,0,2.63122013196083e-06,0,0.000181389871490197,0,0,0,0,3.30243003321417e-05,0.00013273829637632,0.00141528988557478,0.00512767035913203,0,0,0,0,0,0,0,0,0,0,0,0.0012048911293154,1.72333760934534e-05,0.00130669902943044,0,0,0.000302124385932613,0.00928157429824988,0,0.00018953987847584,0,0.00112645131140358,2.85695758485362e-05,0.000275768929333012,0,0.000886604146366089,7.2273612525005e-06,0.00801464351608259,0.000101429236978955,0.000292452816439157,0,0,0,0,0,0,0,1.95932001257784e-05,0,0,0,0,0.00146250527614209,8.96527527707858e-06,0,0,0,0,0,0,0,0,2.39981388375453e-06,0,0.000735946968766996,1.38165225369041e-05,0.000755332002753483,0,0.0540618047321141,0.000456757947300452,0.00243399183674515,5.82847992859062e-06,0.00144060486114368,0.000124229462277678,0.00121773015136863,0.000428337685790292,0
1.46056796075203e-05,0,0.000164004606541261,0,6.93924407523092e-06,0,0,0,0.000492153236248847,0,0,0,0,0,0,0,2.10039155667507e-05,7.58243754619762e-07,0.000221318044383352,0,0.00838954456208787,0,0,0,0,0,0,0,0,0,0,7.55279838861902e-06,0.00249623221184417,0,0.00207052538948151,0.000302124385932613,0,0,0.00521117033501534,2.35948363033978e-06,4.08459688947606e-05,0,0.000108575205626804,0,0,0,0.00035005910985617,0.000641717218925134,0.000102488672919596,0,0.000231128574606139,0,0,0,3.08513272203209e-05,0,1.82894597844426e-05,0,2.75770736333199e-06,0,0,0,0,0.00130813038774792,0,0,0,0,0,0,0,0,0,4.02751354656504e-05,3.26821711591634e-05,7.18124301091488e-05,0,0.00016011836813789,5.16569685791151e-05,0.0385630013554592,0,0.00168214595322912,0.00142090993475603,0.000310927406811057,0.00046461557695849,0,5.79191735824095e-05
0,0,0,5.44026383102512e-06,0,0,0,0,0,0.000669421659882077,0,0.00269494848931398,0,0,0,0,1.01311451397735e-05,1.97027821679109e-05,0.000635714931999355,0.00375964701914352,0,0.000884354581849859,0,0.00182072663502022,0,0,0,4.4922187051972e-05,0,4.6201910442138e-05,0,0,0,0.00202635566942025,0,0.00928157429824988,0,0,4.57955796215651e-05,8.70018390321836e-05,1.11709246283984e-05,0.000550113343509363,1.31491491808865e-05,0.000165544180684861,0,0.000433265939258479,0,0.0171080144205325,1.37722628960988e-06,0.00646213785057481,0,0,0,0,0,5.16303459561647e-06,0,0.000130899988971522,0,0,0,0,0.000540703605310741,0,0.00264230895576231,0,0.00114392731748864,0,0,0,9.57003649026277e-05,0,0.000253866767030693,0,0,0,0.0016616636493712,1.04047985587385e-05,0.00663735586356673,0,0.0367022490738068,1.43833671168749e-05,0.00156818095962241,0.000313710097262445,0.00150469911751406,0.000230757113885202,0
2.79599736010786e-05,0,1.40315630928612e-05,0,0,0,0,0,0.00170395994575491,0,0.000906343036322433,0,0,0,0,0,3.69191832202861e-05,2.10287153690721e-05,0.000305687302484578,0,2.81573592122445e-05,0,0.00149602808352136,0,0.00149291057981649,0,0,0,0,0,0.00141908617904874,0,0,0,0.00127080945326889,0,0.00521117033501534,4.57955796215651e-05,0,0,2.7559067684752e-05,0,0.00052015456720018,0,3.11091211516911e-06,0,0.000446515212734331,0.016837286726946,0.0040267521765573,0,0,0,0,0,0.000220424178990409,0,0.000280900701380988,0,2.0710042567734e-06,0,0,0,0,0.00282876966952985,0,0.00212621448034369,0,0.000888086639997065,0,0,0,0,0,7.11082682672412e-05,0,0,2.5858478086997e-05,0.00211411360344269,2.3268742096389e-06,0.0051946015209144,0,0.042605407570471,0.000969040975087662,0,0.00310435671461311,0,9.81679680182324e-05
0,0,0,0.00157661720833583,0,0.000193254661012485,0,0,0,0.000581477170791999,0,1.02284156869433e-05,0,0,0,0,0.000774839696834695,0.00142949215572315,0.0250873958116512,2.40809649148259e-05,0,0,0,0,0,0,0,0,0,1.16223135152335e-05,0,0,0,9.91559553767336e-06,0,0.00018953987847584,2.35948363033978e-06,8.70018390321836e-05,0,0,0,0.0550103830188504,0.000196075569847752,0.00269286650408735,0,0.0459916099693692,0.000353477775822174,0.00136934120793528,0.000336154067059404,0.020032637147036,0,0,0,0,0,0.00025552745512775,0,0.000392694348953742,0,0,0,0,0.0259587462951282,2.16304601591234e-05,1.5260831649299e-05,0,0,0,0,0,0.00011895100125204,0,0.00148006124020067,3.38592127846669e-05,0.000169315944742446,0,0,0,0.00515166648829558,0.000158287702665961,0.00133786641696145,1.82499381529722e-05,0.000862006192769498,9.83588068275772e-06,0.0231132017842458,0.00764707974131384,7.12712967734206e-05
0,0,0,0,0,0,0,0,0,0,0,0,0,0,0,0,0.000266884184725954,0.000130099946256493,0.00387675893145094,0,0,0,0,0,0,0,0,0,0,0,0,0,0,0,0,0,4.08459688947606e-05,1.11709246283984e-05,2.7559067684752e-05,0,0,0,0.0124493660793267,0,2.02269701973768e-05,0,0.0124953047914408,0.000751556430508538,0.00720456414247792,2.59468336662232e-05,0.000917703536640168,0,0,0,0.000248488866056231,0,9.32934412600447e-05,0,0.000298655656745866,0,0,0,0,0.00691646502809935,0,0,0,0,0,0,0,2.96878219652366e-05,0,0.000194453228161804,0,0,0,0,1.80578337878393e-05,0.00232154315956284,1.91406035962842e-05,0.000275824242994643,6.36557534702567e-05,0,0.0219542088231651,0,0.00762414448362884
0,0.00461129193724871,0,0.00236074195529425,0,0.000100705558346153,0,0,0,0.00215202368654863,0,4.2971742207275e-06,0,0,0,0,0.000297063751899562,0.00182301659999188,0.0183421797553341,5.25946770097758e-06,0,1.08603051345983e-05,0,0.000147161101897397,0,0,0,0,0,0,0,0,0,0,0,0.00112645131140358,0,0.000550113343509363,0,0.0550103830188504,0,0,0.00612758618179422,0.000808810854215262,0,0.00553149790266667,0.000263760053601789,0.00323015519992989,0,0.0216035716863161,0,0,0,0,0,0.000213716997105005,0,0.00521020979234186,0,0,0,0,0.00815731089634803,2.62352228755074e-05,8.14560931206046e-05,0,0.000144893975550473,0,0,0,0.00275120040759189,0,0.0214918915165823,2.5603779885172e-05,0.000658156189315144,0,0.000543799601414278,0,0.0166976788402547,7.2606604917839e-05,0.0124676728903583,3.89016585292199e-05,0.00400655832104584,1.76511293567283e-05,0.0596860657249589,0.0371613872523278,2.68656566897324e-05
0.00632139528958204,0,0.00135323741042512,0,0.00048943250133181,0,0,0,0.00619502185997446,0,0,0,0,0,0,0,0.00166106388713871,0.000372776351900965,0.0187450135880571,0,0,0,0,2.72814937120657e-05,0,0,0,0,0,0,0,0,0,0,0,2.85695758485362e-05,0.000108575205626804,1.31491491808865e-05,0.00052015456720018,0.000196075569847752,0.0124493660793267,0.00612758618179422,0,0.000143681335479633,0.000104297719078425,0.00012792988648666,0.0248269401088115,0.00353663377661822,0.025613905855621,0,0.000241609057976947,0,0,0,0.00117858715331799,0,0.0165325266531998,0,0.000246298427270524,0,0.000132094085748993,0,8.15736916587961e-05,0.0146943773418539,0,6.04899749441805e-06,0,0,0,0,0,0.0048837197194105,7.82483064540979e-06,0.0588205602351098,0,0,5.41032022307697e-05,0,0.000152755050596887,0.0138431699310365,4.75801725083354e-05,0.01512897037175,0.00305708774070384,5.57140241031615e-06,0.0938974116333787,5.06845863407139e-05,0.0297080950014114
0,0,0,0,0,0,0,0,0,0,0,0,0,0,0,0,0,4.47558602287612e-05,0.00115171179831148,4.19178559139363e-05,0,0,0,0,0,0,0,0,0,0.000311947945791858,0,0,0,0,0,0.000275768929333012,0,0.000165544180684861,0,0.00269286650408735,0,0.000808810854215262,0.000143681335479633,0,0,0.000170101188102911,1.86623462986773e-05,0.00024993627567997,0,0.00107833725343012,0,0,0,0,0,0,0,0.000375212912042605,0,0,0,0,0.00035498795150818,0,0,0,0,0,0,0,0.000188422622967164,0,0.00708942181809022,0,0,0,0,0,0.00127619202265907,2.77060377885154e-06,0.00270219809677308,0,1.51017564142058e-05,0,0.00204899466479104,0.00122559623256226,0
0,0,0,0,0,0,0,0,0,0,0,0,0,0,0,0,0,0,0.000116494404809306,0,0,0,0,0,0,0,0,0,0,0,0,0,0,0,0,0,0,0,3.11091211516911e-06,0,2.02269701973768e-05,0,0.000104297719078425,0,0,0,0.000140236862681903,0,5.86705194610725e-05,0,0,0,0,0,0,0,0,0,0,0,0,0,0,1.89196354615038e-05,0,0,0,0,0,0,0,0,0,0,0,0,0,0,1.89084284284979e-06,4.21171278973648e-06,0,0,3.68500351270338e-06,0,0.0001775856792146,0,0
0,0,0,0.00947741650149134,0,0.00809557766783655,0,0,0,0.0026936345547882,0,0.000246399842218834,0,0,0,0,0.000369177936340863,0.000583419924877138,0.0149344839954427,0.000357791271332871,0,0,0,0,0,0,0,0,0,1.66282939525519e-05,0,0,0,6.585034364249e-06,0,0.000886604146366089,0,0.000433265939258479,0,0.0459916099693692,0,0.00553149790266667,0.00012792988648666,0.000170101188102911,0,0,0.000234789177628886,0.00114636420217716,0.00217858110584843,0.00848398226072846,0,8.09210473851651e-05,0,0,0,0.000696272391353969,0,0.00166172032958873,0,0,0,0,0.0873041033275197,6.11739732937138e-05,0,0,9.59739657750138e-06,0,0,0,1.04697974176752e-05,0,0.00470131005960533,0,0.000131079214457707,0,5.71523496796766e-05,0,0.0158014073453223,3.298635440457e-05,0.00567551653919409,1.92035631916235e-06,0.000430710942741109,2.66963670156033e-05,0.0421691877605396,0.000497276520961985,1.40049548697785e-05
0.000952161372400938,0,0.00043778874571282,3.10473387695885e-05,7.55351556558739e-05,0,0,0,0,0,1.67709538879197e-05,0,0,0,0,0,0.00126458112618177,0.000519864212818246,0.0208897237385857,0,0,1.33772619341337e-05,0,0,0,0,0,0,0,0,0,0,0,0,8.5285283642696e-06,7.2273612525005e-06,0.00035005910985617,0,0.000446515212734331,0.000353477775822174,0.0124953047914408,0.000263760053601789,0.0248269401088115,1.86623462986773e-05,0.000140236862681903,0.000234789177628886,0,0.000341858305906729,0.00464860544851803,2.26171451023324e-05,0.000190343205074903,0,0,0,0.00113489875992659,0,0.000171053317894076,1.05651195630193e-05,0.000110661987986484,0,0.000147244998937494,0,4.25137767654044e-05,0.0379153977754031,0,0,0,0,0,0,0,7.90180857062352e-05,0.000137292419206199,0.00200064669805392,0,0,7.86856355697039e-05,0,0.000269305769755634,0.0176558925692956,2.12750146008672e-05,0.00773986423569029,0.000437417244623571,2.21034706962781e-06,0.0333774262959839,2.1648309661856e-05,0.00200795700549915
0,0,8.42726675466629e-05,0.000255153814978524,0.000371056990696541,0.000101212034595746,0,0,0,0.000453288138081564,0,0,0,0,0,0,0,2.14897962411964e-05,0.000262557412901785,0,0,5.82291804407061e-06,0,0.000264835976916222,0,0,0,0,0,0,0,0.17338780912898,0.0802066374892877,0.266405674331504,0.232413654202258,0.00801464351608259,0.000641717218925134,0.0171080144205325,0.016837286726946,0.00136934120793528,0.000751556430508538,0.00323015519992989,0.00353663377661822,0.00024993627567997,0,0.00114636420217716,0.000341858305906729,0,0.100797916069982,0.0604645730121292,0.000156367702389863,0,0,0,0.000526398328471546,0,3.85472264418248e-05,1.56814642567191e-05,3.27873055495269e-05,0,0,0,4.60352642263938e-05,0,0.000357419323583191,7.11130225065903e-05,0.000116646090665427,0,0,0,0,0,0.000247053029190831,6.66785252609577e-05,0.126595594622648,0.136384236260124,0.095628577312771,0.101075225272841,0.0058514558398908,0.0130215034960716,0.00478361566696811,0.00171706723204389,0.00548277051257731,8.21668587764983e-05,0.0128998223496888,0.000668178425828303,0
0.0144664411743029,0,0.00730976551837698,0.000353406262879069,0.00253612801886215,0.000238978925433956,0,0,0.00417934430889579,0.000122304797424365,0,0,0,0,0,0,0,8.39701287339481e-06,7.39645410842366e-05,0,0.000138856011846864,0,0.00366475992375981,0,0.00276295617590629,0,0,0,0,0,0,0.000970619394769834,0.000557141568955568,0,0.00237254763646401,0.000101429236978955,0.000102488672919596,1.37722628960988e-06,0.0040267521765573,0.000336154067059404,0.00720456414247792,0,0.025613905855621,0,5.86705194610725e-05,0.00217858110584843,0.00464860544851803,0.100797916069982,0,0.00383860448555973,0.00182267245352251,0,0,0,0.00985632134387597,7.65669435629831e-05,0.00110986935027518,2.54741801351432e-05,0.000592249165954214,0,0.00505590532517039,0,4.38907064249155e-05,0.000339096892786799,4.52525260539124e-06,0.0144720770719381,0,0.00796130100002886,0,0,0,0.00104174577164132,2.23531814937522e-05,0.00276779598653795,0.00153231226082399,0.00209453297263399,0,0.00555890223135936,4.34959196393274e-05,0.00349444830992175,3.33708235531442e-05,0.00591066141892891,0.00119411860007839,2.65124750352475e-06,0.0273903994437225,0,0.000154763923972644
0,0.033940420536671,0,0.0197951749022922,1.75710531278173e-05,0.00134506806860681,0,0,0,0.00136801205978662,0,0,0,0,0,0,4.28170415378467e-05,4.80675738656383e-05,0.00117605401061758,1.07969404917804e-05,0,0.002608230105078,0,0.0268482751898983,0,0,0,0,0,0,0,0.0022232730755626,0,0.00576638072321261,0,0.000292452816439157,0,0.00646213785057481,0,0.020032637147036,2.59468336662232e-05,0.0216035716863161,0,0.00107833725343012,0,0.00848398226072846,2.26171451023324e-05,0.0604645730121292,0.00383860448555973,0,0,0.000170815743501815,0,0,0,0.000769198734279769,0,0.00832743139990039,0,0.000766044196818647,0,0.000971246085742055,0.0013068997108977,0,0.0116800950956051,0,0.0131599148103531,0,0.00305021956841798,0,0.00992237751325071,0,0.00801760751283784,0,0.00673800803321546,0,0.00161274938742642,0,0.00143938624750026,7.23917351845707e-06,0.0113454160297348,0,0.00175217962775089,3.14477184655218e-05,0.0265357051026037,0.00184776477936656,0
0,0,0.00103778565055545,0,0.0163539583565416,0,0.000431220367318019,0,0,0,0,0,0,0,0,0,0,0,0,0,0.00778621646093815,0,0,0,0,0,0,0,0,0,0,0,0,0,0,0,0.000231128574606139,0,0,0,0.000917703536640168,0,0.000241609057976947,0,0,0,0.000190343205074903,0.000156367702389863,0.00182267245352251,0,0,0,0,0,0.00291816603970684,0,0.00038877294806783,0,0.00624109989093674,0,0.0220881884392817,0,0,0.0212571826930446,0,0,0,0,0,0,0,3.54018037519361e-05,0,0.000389038728727939,0,0,0,0,0,0.000583325816062754,0,2.44011757336939e-05,3.06813958787842e-06,0,0.00301058164827201,0,0
0,0,0,0,0,0.0148540480722886,0,0,0,0,0,0.000368661739315793,0,0,0,0,0,0,0,0.000246340448686365,0,0,0,0,0,0,0,0,0,0,0,0,0,0,0,0,0,0,0,0,0,0,0,0,0,8.09210473851651e-05,0,0,0,0.000170815743501815,0,0,0,0,0,0.00412705465788517,0,0.000157653110662571,0,6.04097559941483e-05,0,0.00196896155893867,0.00457458090812947,0,0,0,0,0,0,0,0,0,0,0,0,0,0,0,0.000168895309012252,0,0,0,0,0,0.00300877511878351,0,0
0,0,0,0,0,0,0.0141683849774026,0,0,0,0.000165637603913739,0,0,0,0,0,0,0,0,0,0,0,0,0,0,0,0,0,0,0,0,0,0,0,0,0,0,0,0,0,0,0,0,0,0,0,0,0,0,0,0,0,0,0,0,0,0.0199692371265691,0,0,0,0,0,0,0,0,0,0,0,0,0,0,0,0,0,0,0,0,0,0,0,0,0,0,0,0,0,0
0,0,0,0,0,0,0,0.0109147965579191,0,0,0,0.000117338847390579,0,0,0,0,0,0,0,0.000162660795582141,0,0,0,0,0,0,0,0,0,0,0,0,0,0,0,0,0,0,0,0,0,0,0,0,0,0,0,0,0,0,0,0,0,0,0,0,0,0.00230422194720311,0,0,0,0,0,0,0,0,0,0,0,0,0,0,0,0,0,0,0,0,0,0,0,0,4.88859755175838e-06,0,0,0,0
0.0135625448252497,0,0.0192723337523404,0,0.0195125682369362,0,0,0,0.17075366911599,0,0,0,0,0,0.00474949662620993,0,0,0,0.000143705978403322,0,0.000491877605595929,0,0,0,0,0,0,0,0,0,5.89193140405845e-05,0,0,0,0,0,3.08513272203209e-05,0,0.000220424178990409,0,0.000248488866056231,0,0.00117858715331799,0,0,0,0.00113489875992659,0.000526398328471546,0.00985632134387597,0,0.00291816603970684,0,0,0,0,0,0.000265753321045307,0,0.000253231667394885,0,0.0182761048407527,0,0,0.000665285079548762,0,0,0,0.00590329267753572,0,0,0,6.6116055525439e-05,0,0.00438049301396949,0,0,0,0,0,0.000160391869739006,0,0.000816537358099029,9.70627243063971e-05,0,0.00653849099565252,0,0
0,0.0251730642353672,0,0.0271152719328704,0,0.0195138435559197,0,0,0,0.059854456505404,0,0,0,0,0,0.00621134681030811,0,0,1.20518972990557e-05,0,0,0,0,0,0,0,0,0,0,0,0,0,0,0,0,0,0,5.16303459561647e-06,0,0.00025552745512775,0,0.000213716997105005,0,0,0,0.000696272391353969,0,0,7.65669435629831e-05,0.000769198734279769,0,0.00412705465788517,0,0,0,0,0,4.24257997574235e-05,0,0,0,0.0455339007908966,8.26048775129774e-05,0,0,0,0.0156332682168673,0,0,0,2.91743292152686e-05,0,0.000216495425490974,0,0,0,0,0,1.29265107591795e-05,0,0.00138420037361019,0,8.45676694814077e-05,0,0.0036610880744099,0,0
0,0,0.000193171574591881,0,0.000543029473943941,0,0.00181667940239308,0,0,0,0.0370759065163288,0,0.000431315624777619,0,0,0,0,0,0.000169162671590715,0,0.00826839584396055,0,0,0,0,0,0,0,0,0,0.00236142520243938,0,0,0,0,0,1.82894597844426e-05,0,0.000280900701380988,0,9.32934412600447e-05,0,0.0165325266531998,0,0,0,0.000171053317894076,3.85472264418248e-05,0.00110986935027518,0,0.00038877294806783,0,0.0199692371265691,0,0.000265753321045307,0,0,0,0.0207828978785753,0,0.000598608328142498,0,0,0.0562039329549105,0,0.000180477157380454,0,0,0,0.000718423183377346,0,0.0226880363204822,0,0.0532332564190339,0,0,0,0,0,0.000451488101831601,0,0.0014729217465125,0.000168682053063446,0,0.0148312499552567,0,0.000277257019463987
0,6.04490233687642e-05,0,0.00198334933330032,0,5.53996889236454e-05,0,0.00316426263765329,0,2.12098924921117e-05,0,0.0533858738228481,0,0,0,0,7.31112119241796e-06,0,0.000124605795093368,0.00205249777405796,0,0.00033953734750217,0,0.000101540131253166,0,0,0,0,0,0.00154354154166082,0,0,0,0,0,1.95932001257784e-05,0,0.000130899988971522,0,0.000392694348953742,0,0.00521020979234186,0,0.000375212912042605,0,0.00166172032958873,1.05651195630193e-05,1.56814642567191e-05,2.54741801351432e-05,0.00832743139990039,0,0.000157653110662571,0,0.00230422194720311,0,4.24257997574235e-05,0,0,0,0.00559612297822654,0,0,0.0213109485735514,4.76143347398296e-06,0.00161262579536923,0,0.00119174799489998,0,0.000631281765678948,0,0.0293498893814908,0,0.0574837219850054,0,0,0,0,0,9.43348798153562e-05,0,0.00383384962708608,0,1.76007785364917e-05,0,0.0190508766918935,0.00125315264035613,0
0,0,0.00090253359260852,0,0.00121517548666623,0,0,0,0,0,0.000685929797514567,0,0.000399728753080565,0,0.00304161682947855,0,0,0,0,0,0,0,0,0,0,0,0,0,0,0,0,0,0,0,0,0,2.75770736333199e-06,0,2.0710042567734e-06,0,0.000298655656745866,0,0.000246298427270524,0,0,0,0.000110661987986484,3.27873055495269e-05,0.000592249165954214,0,0.00624109989093674,0,0,0,0.000253231667394885,0,0.0207828978785753,0,0,0,0.0111497727366178,0,0,0.00300843869285256,0,0.000326489631748916,0,0.000118111817988325,0,0.00644710167427152,0,0.00796284162889298,0,0.000117685327330743,0,0,0,0,0,0.000215738614481622,0,0,5.6851799326462e-07,0,0.00289463272718674,0,0
0,0,0,0.000189751977377556,0,0,0,0,0,0,0,0,0,4.00200115109328e-05,0,0,0,0,0,0,0,4.59884033015531e-06,0,6.46092985884476e-05,0,0,0,0,0,0,0,0,0,0,0,0,0,0,0,0,0,0,0,0,0,0,0,0,0,0.000766044196818647,0,6.04097559941483e-05,0,0,0,0,0,0.00559612297822654,0,0,0,0.0021836624971242,4.86205952592569e-05,0,1.61454559960628e-05,0,2.94449693499759e-05,0,0,0,0.00175398813902372,0,0,0,0,0,0,0,0,0,0,0,0,0,3.40534381869227e-05,0,0
0.000148602958273233,0,0.0044383556404007,0,0.0069499867337971,0,0,0,0.00135257174270978,0,0,0,0,0,0.00104992081413592,0,5.67347935750799e-05,4.66287733375963e-06,7.32447708891347e-05,0,0,0,0,0,0,0,0,0,0,0,0,0,0,0,0,0,0,0,0,0,0,0,0.000132094085748993,0,0,0,0.000147244998937494,0,0.00505590532517039,0,0.0220881884392817,0,0,0,0.0182761048407527,0,0.000598608328142498,0,0.0111497727366178,0,0,0,0,2.94883043835626e-05,0,0,0,0,0,0.00366986018567092,0,0,0,0.000417390345216584,0,0,0,0,0,1.36649456867252e-05,0,6.45234291412173e-05,4.24913928931637e-06,0,0.000989408878116293,0,0
0,0.00221999130260334,0,0,0,0,0,0,0,0.0019244103136516,0,0,0,0,0,0,0,0.000236124058733203,0,0,0,0,0,0,0,0,0,0,0,0,0,0,0,0,0,0,0,0,0,0,0,0,0,0,0,0,0,0,0,0.000971246085742055,0,0.00196896155893867,0,0,0,0.0455339007908966,0,0,0,0.0021836624971242,0,0,0,0,0,0,0.0015975145983551,0,0,0,0.00406829065293562,0,0,0,0,0,0,0,0,0,0,0,1.26670816348641e-05,0,0.000646337035681193,0,0
0,0,0,0.00275692565943813,0,0.0123124896069226,0,0.00584388423026651,0,9.87219834198476e-05,0,0.00841349024130329,0,0,0,0,0.000161097251181306,0.000308075190275293,0.00601173758870115,0.0449356618782828,0,5.44414710105979e-06,0,0,0,0,0,0,0,0.000162223743860504,0,0,0,0,0,0.00146250527614209,0,0.000540703605310741,0,0.0259587462951282,0,0.00815731089634803,8.15736916587961e-05,0.00035498795150818,0,0.0873041033275197,4.25137767654044e-05,4.60352642263938e-05,4.38907064249155e-05,0.0013068997108977,0,0.00457458090812947,0,0,0,8.26048775129774e-05,0,0.0213109485735514,0,4.86205952592569e-05,0,0,0,0,6.58212823830709e-05,0,3.4626120583801e-05,0,3.65237065998916e-05,0,0.00191841128856496,0,0.0155324623758025,0,9.16106992900387e-06,0,4.06674911070165e-05,0,0.0200974125164006,3.34885144724579e-05,0.0135814788773654,0,0.000390240989644651,3.7902287049653e-06,0.0218488839135064,0.000712525684294086,0
9.81560127812811e-05,0,2.04426994265764e-05,0,0.000594580016562647,0,0,0,0.000135637982038302,2.25727412824623e-05,0.00326553301527412,0,0,0,0,0,0.000304263570166184,0.000157932426658762,0.00652741342013347,0,0.0331552333871887,0,0,0,0,0,0,0,0,0,4.64689899574749e-05,0,0,0,0,8.96527527707858e-06,0.00130813038774792,0,0.00282876966952985,2.16304601591234e-05,0.00691646502809935,2.62352228755074e-05,0.0146943773418539,0,1.89196354615038e-05,6.11739732937138e-05,0.0379153977754031,0,0.000339096892786799,0,0.0212571826930446,0,0,0,0.000665285079548762,0,0.0562039329549105,4.76143347398296e-06,0.00300843869285256,0,2.94883043835626e-05,0,0,0,0,2.65060002761087e-05,0,0,0,0.000100254563167287,0,0.00331552090238528,0,0.0318290648821544,0,0,0,0,2.27046643248148e-05,0.0145140164645477,5.44479379366326e-05,0.0140446288629978,0.000476981217981231,0,0.0187134456246773,1.03791018641014e-05,0.00101445826693005
0,0,0,0,0,0,0,0,0,0,0,0,0,0,0,0,1.98104486244722e-05,0.00224911785682834,4.62297137464248e-05,0,0,0.0313389360184379,9.49922352672485e-05,0.00232435929257627,0,0.000149953509487661,0,0.000142904162564425,0,0,0,0,0,0,0,0,0,0.00264230895576231,0,1.5260831649299e-05,0,8.14560931206046e-05,0,0,0,0,0,0.000357419323583191,4.52525260539124e-06,0.0116800950956051,0,0,0,0,0,0,0,0.00161262579536923,0,1.61454559960628e-05,0,0,6.58212823830709e-05,0,0,0,0.00495509897159505,0,0.00427998519216909,0,0.0216141270218686,0,0.000361938987529369,0,0,0,0,0,1.3079268531682e-06,0,0.00822276583929116,0,0.000111061025856246,0,0.000622306852343207,2.25622331507606e-05,0
0,0,0,0,0,0,0,0,0,0,0,0,0,0,0,0,9.11848067382061e-05,0,7.12993139349318e-06,0,0,0.000109269659585046,0.0519989731595419,0,0.000266261556265564,0,0.000271819622712738,0,5.07556823485941e-05,0,0,0,0,0,0,0,0,0,0.00212621448034369,0,0,0,6.04899749441805e-06,0,0,0,0,7.11130225065903e-05,0.0144720770719381,0,0,0,0,0,0,0,0.000180477157380454,0,0.000326489631748916,0,0,0,0,2.65060002761087e-05,0,0,0,0.00875258094865873,0,0.016749754149363,0,0.0219824400197401,0,0,0,0,0,0,0,0,0,0.00675358733565162,0.000368713362626878,0,1.75749925113248e-05,0,0
