0,0,165.241723805666,0,0,0,0,0,395.237782865763,0,0,0,0,0,9.05625331401825,0,1.7300229370594,0,20.2254484295845,0,0,0,0,0,0,0,0,0,0,0,0,0,0,0,0,0,5.18770110607147,0,1.25918880105019,0,5.43883876502514,0,141.245338022709,0,0,0,163.61093968153,9.21249860525131,232.86259919405,8.49179989099503,0,0,0,0,206.260659843683,0,2.73656868934631,0,0,0,57.252595692873,0,0,24.6209339946508,0,0,0,0,0,0,0,0,0,8.87391106784344,0,0,0,0,0,243.140120372176,0,12.5072871744633,77.4898677766323,0,313.040690243244,0,7.1601185798645
0,0,0,375.345238730311,0,5.78607285022736,0,0,0,760.843482553959,0,0,0,0,0,20.0509985685349,0,0,4.65991665422916,0,0,0,0,2.18181076645851,0,0,0,0,0,0,0,0,0,0,0,1.80157046020031,0,5.22520068287849,0,5.57182425260544,0.169616997241974,493.515978187323,0,1.51771634817123,0,11.3924771845341,0,0.688109546899796,1.3510884642601,412.018258422613,0,0,0,0,0,307.78362685442,0,0.48417954146862,0,0,0,134.756595939398,0,0,0,0,0.365588307380676,0,0,0,0.225193157792091,0,1.34535111486912,0,0,0,0,0.404394209384918,6.1179314404726,0,2.95561803877354,0,462.326241277158,6.57421922683716,474.831597939134,65.2453332543373,0
165.241723805666,0,0,0,177.860135912895,0,0,0,79.8740512132645,0,0,0,0,0,0,0,1.93458473682404,0,4.45776255428791,0,0,0,0,0,0,0,0,0,0,0,0,0,0,0,0,0,1.74015241861343,0,6.11927226185799,0,14.9963873624802,0,17.1223900467157,0,0,0,139.927753150463,0,202.119560815394,0,48.0102987587452,0,0,0,192.919633790851,0,35.1744809895754,0,36.4136105775833,0,93.3667896687984,0,0,20.4144810438156,0,0,0,0,0,0,0,0,0,15.9686687737703,0,0,0,0,0.181944161653519,75.7006799653172,0,12.4856516867876,119.634102851152,0,273.896862342954,0,1.87217104434967
0,375.345238730311,0,0,0,302.367759376764,0,0,0,130.336953520775,0,0,0,0,0,0,0.232694819569588,3.17941753566265,14.1674996167421,0.948032736778259,0,0,0,1.72436034679413,0,0,0,0,0,0,0,0,0,0,0,160.348299123347,1.86395828425884,0,0,47.0095311999321,0,94.8733802437782,0.50315697491169,2.63336025178432,0,70.2788753509521,0,0,2.293391674757,75.1979928463697,0,95.5893467068672,0,0,0,234.407951712608,0,6.00779950618744,0,14.8823348879814,0,54.7127412557602,3.50949543714523,0,0,0,0,0,0,0,0,0,4.35607720911503,0,0,0,0,0,120.696120940149,0,18.4716812670231,0,437.122693881392,0,636.416818320751,3.71725241839886,0
0,0,177.860135912895,0,0,0,16.1744630634785,0,12.1465306282043,0,29.657466173172,0,0,0,0,0,0,0,0,0,8.40757122635841,0,0,0,0,0,0,0,0,0,0,0,0,0,0,0.282691180706024,181.168405532837,0,0.842045366764069,0,6.21427142620087,0,2.2791786044836,0,0,0,35.9627598300576,0,2.40980672836304,0,285.195946574211,0,213.019370079041,0,119.535029172897,0,53.2401071041822,0,16.1001619100571,0,3.89479285478592,0,0,8.38411172479391,0,0,0,0,0,0,0,0,0,3.21704290807247,0,0,0,0,0,28.1963678225875,0,3.27041828632355,115.962281316519,0,337.570813447237,0,1.59814536571503
0,5.78607285022736,0,302.367759376764,0,0,0,5.22278833389282,0,171.924692392349,0,5.72182703018188,0,0,0,0,0,0,1.08029854297638,44.3453550934792,0,0,0,0,0,0,0,0,0,0,0,0,0,0,0,31.9330949783325,0,0,0,1.19277477264404,0,3.07872539758682,0,0,0,0,0,0,0,2.35973048210144,0,430.517112731934,0,0,0,70.7404995560646,0,78.7776564955711,0,0,0,0,43.770562171936,0,0,0,0,0,0,0,0,0,0,0,0,0,0,0,2.40068626403809,0,0,0,255.710017368197,0.356932938098907,38.3435557484627,0,0
0,0,0,0,16.1744630634785,0,0,0,0,0,2.29901075363159,0,0,0,0,0,0,0,0,0,13.7736306786537,0,0,0,0,0,0,0,0,0,0,0,0,0,0,0,48.5350812673569,0,0,0,0,0,0,0,0,0,0,0,0,0,8.2947633266449,0,168.058439314365,0,0,0,30.6893064975739,0,17.676410317421,0,0,0,0,0,0,0,0,0,0,0,0,0,0,0,0,0,0,0,0,0,0,0,18.820328950882,28.8382434844971,2.14057922363281,0,0
0,0,0,0,0,5.22278833389282,0,0,0,0,0,29.5008730888367,0,41.1024594306946,0,0,0,0,0,1.33860540390015,0,0,0,0,0,0,0,0,0,0,0,0,0,0,0,3.36649918556213,0,0,0,0,0,0,0,0,0,0,0,0,0,0,0,7.364297747612,0,2,0,0,0,0,0,0,0,0,0,0,0,0,0,0,0,0,0,0,0,0,0,0,0,0,0,0,0,0,76.7165750563145,0,0,0,0
395.237782865763,0,79.8740512132645,0,12.1465306282043,0,0,0,0,0,0,0,0,0,45.8952351510525,0,665.997360363603,58.0168438255787,1168.67150825262,0,1.06217551231384,0,4.60624153912067,0,12.3805669248104,0,11.2199851721525,0,0,0,0,0,0,0,0,0,4.54121832549572,0,13.2082586586475,2.4143967628479,21.5130424499512,0.754867687821388,85.7814816534519,0,0,1.12121307849884,121.801063776016,2.8314123749733,112.837682127953,0.60253056883812,0,0,0,0,1334.85075837374,0,2.93995699286461,0,0,0,178.192959800363,0,0,20.7129330486059,0,0,0,48.2578485459089,0,20.2771038115025,0,0,0,6.434789031744,0,0,0,0,2.88280534744263,258.477586366236,0.301518768072128,79.2670030295849,624.65850161016,0,141.617138877511,0,90.67662358284
0,760.843482553959,0,130.336953520775,0,171.924692392349,0,0,0,0,0,0,0,0,0,17.420854061842,1.5461899638176,181.112785577774,20.5180616378784,0,0,0,0,362.28310418129,0,0,0,0,0,0,0,0,0,0.294699788093567,0,2.43183237314224,0,95.1963900923729,0,1.35487389564514,0,79.120644107461,0,0.524940431118011,0,0.971281409263611,0,6.09503251314163,0.445423394441605,15.9865778386593,0,0,0,0,0,435.63923573494,0,0.266687512397766,0,0,0,2.86418414115906,0,0,0,0,170.716055124998,0,0,0,0,0,1.2584091424942,0,0,0,0,0,0,0,46.4303590655327,0,1249.39075945318,0,42.0367378145456,6.05260398983955,0
0,0,0,0,29.657466173172,0,2.29901075363159,0,0,0,0,0,235.588647663593,0,0,0,0,0,0,0,864.374698996544,0,0,0,0,0,0,0,1.08136677742004,0,1.04035469889641,0,0,0,0,0,596.746423274279,0,1475.70710673928,0,0.174422740936279,0,0,0,0,0,0.244948819279671,0,0,0,14.3522654473782,0,0,0,0,0,1676.8728711307,0,222.880353420973,0,0,0,0,70.434133425355,0,0,0,0,0,0,0,6.70857262611389,0,110.797892332077,0,0,0,0,0,74.8316163346171,0,518.833541184664,388.44142138958,281.601136490703,2.27004955708981,0,0
0,0,0,0,0,5.72182703018188,0,29.5008730888367,0,0,0,0,0,168.869653657079,0,0,0,0,0,724.164140745997,0,0,0,0,0,0,0,24.587644174695,0,184.10245937109,0,0,0,0,0,332.160517096519,0,1562.24587610364,0,0,0,0,0,0,0,1.39453855156898,0,0,0,0,0,8.87848556041718,0,0,0,0,0,3370.38997368515,0,2295.28479032218,0,0,598.275157064199,0,0,0,0,0,0,0,21.6682593524456,0,205.179808810353,0,0,0,0,0,0,0,293.873648539186,0,1382.28860734403,0,3.12511858344078,0,0
0,0,0,0,0,0,0,0,0,0,235.588647663593,0,0,0,77.2915388345718,0,0,0,0,0,0,0,0,0,0,0,0,0,62.0952945351601,0,0,0,0,0,0,0,0,0,0,0,0,0,0,0,0,0,0,0,0,0,0,0,0,0,0,0,136.977837055922,0,818.946564853191,0,1.24140959978104,0,0,0,0,0,0,0,0,0,0,86.55749553442,0,0,0,0,0,0,0,0,0,0,63.1465258598328,190.656693100929,0,0,0
0,0,0,0,0,0,0,41.1024594306946,0,0,0,168.869653657079,0,0,0,16.4786001443863,0,0,0,0,0,0,0,0,0,0,0,236.029841840267,0,0,0,0,0,0,0,0,0,0,0,0,0,0,0,0,0,0,0,0,0,0,0,0,0,0,0,0,0,151.300945222378,0,1689.98436072469,0,0,0,0,0,0,0,0,0,0,292.467718735337,0,4.06777362525463,0,0,0,0,0,0,0,0,0,175.311559200287,29.3799572587013,0,0,0
9.05625331401825,0,0,0,0,0,0,0,45.8952351510525,0,0,0,77.2915388345718,0,0,0,93.1865788400173,0.527734756469727,3.0881889462471,0,0,0,0,0,0.357220530509949,0,29.2522172033787,0,2.45048168301582,0,0,0,0,0,0,0,0,0,0,0,0,0,1.01515746116638,0,0,0,0,0,16.8399371802807,0,0,0,0,0,53.1939067542553,0,0,0,578.357156813145,0,455.113233134151,0,0,0,0,0,0,18.0983643531799,0,93.211262345314,0,0,0,0,0,0,0,0,0,0,0,0,24.1657765954733,0,2.30489741265774,0,0
0,20.0509985685349,0,0,0,0,0,0,0,17.420854061842,0,0,0,16.4786001443863,0,0,0,41.1279148459435,0,0,0,0,0,0,0,63.8217506408691,0,0,0,0,0,0,0,0,0,0,0,0,0,0,0,0,0,0,0,0,0,0,0,1.8833321928978,0,13.6597905158997,0,0,0,10.8234615474939,0,0,0,43.0118969678879,0,301.582400023937,0,0,0,0,35.1934394091368,0,25.5062128305435,0,0,0,0,0,0,0,0,0,0,0,0,0,72.1558541059494,0,0,0,0
1.7300229370594,0,1.93458473682404,0.232694819569588,0,0,0,0,665.997360363603,1.5461899638176,0,0,0,0,93.1865788400173,0,0,8484.77102925628,3541.29377445579,0,0,0,297.757266819477,78.9675189554691,291.634392023087,2.90007436275482,1856.3694306463,0,118.982889324427,0,0,0,0,0,0,0.739007383584976,4.14643120765686,0,0.339716911315918,19.1197101324797,38.7414060235023,38.7860091328621,198.701304510236,2.05667565762997,0.265352576971054,2.39860779047012,364.780761957169,0,0,1.60981899499893,0,0,0,0,38.1612465679646,0,3.05974289774895,0,0,0,118.262304246426,0,0,29.9561730027199,0,6.11850228905678,17.7424323856831,1.49956095218658,4.9176287651062,392.526280462742,0,1.02215456962585,0,5.37408563494682,0,0,0,0,17.1578678414226,299.956703074276,11.1632404327393,71.701363094151,5659.82406319678,0,228.005535140634,0,39.6344734281301
0,0,0,3.17941753566265,0,0,0,0,58.0168438255787,181.112785577774,0,0,0,0,0.527734756469727,41.1279148459435,8484.77102925628,0,3703.42178587615,0,0,4.93389558792114,46.6198361366987,780.02286785841,24.0405315607786,356.379025354981,37.1917376965284,127.919219136238,0,0,0,0,0,0,0,3.41150590777397,0,0,0,96.9281879886985,5.56473495066166,113.690398313105,26.4338464587927,8.13078965246677,0,36.8561576083302,43.5157035887241,0,0,3.53768685460091,0,0,0,0,3.06453990936279,13.6821251511574,0,0,0,0,9.63180470466614,21.3394507169724,0,2.02567391097546,0,0,174.80619814992,0,158.459554210305,13.0513590574265,0,0,0,0,0,0,0,0,55.7194895744324,37.7470282539725,22.4246021732688,8.71729981899261,4522.19711894542,0,250.088266566396,5.45664283633232,3.43800789117813
20.2254484295845,4.65991665422916,4.45776255428791,14.1674996167421,0,1.08029854297638,0,0,1168.67150825262,20.5180616378784,0,0,0,0,3.0881889462471,0,3541.29377445579,3703.42178587615,0,0,0.323131501674652,0,20.1761430799961,28.0025904476643,5.23580758273602,0,24.9839038550854,0,0,0,0,0,0,0,0,57.8088744878769,11.0387591719627,0,6.77427506446838,813.749879643321,90.7076980471611,1084.12482322752,542.289220504463,37.8440806269646,0,399.34087818861,865.446004755795,0,0,32.6601916179061,0.144492790102959,0,0,0,7.19479322433472,6.54047085344791,0.52075332403183,0,0,0,0.689494848251343,0,1.2362904548645,84.2867186814547,0,0,3.40263026952744,0,6.12324929237366,5.17477408051491,0,0,14.5074892789125,25.8625785708427,0,0,0,0,731.019762471318,896.638291805983,257.57039411366,219.195341989398,3428.91074965894,0,2665.85634414852,60.0052791684866,141.133252725005
0,0,0,0.948032736778259,0,44.3453550934792,0,1.33860540390015,0,0,0,724.164140745997,0,0,0,0,0,0,0,0,0,0,0,0,0,0,0,0,0,0,0,0,0,0,0,658.723555140197,0,184.834411919117,0,0,0,0,0,0,0,33.254277780652,0,0,0,0,0,9.90505456924438,0,0,0,0,0,569.466020688415,0,0,0,0,4408.23534031957,0,0,0,0,0,0,0,0,0,0,0,0,0,0,0,265.811292529106,0,10.5014840662479,0,313.465938895941,0,33.7279453128576,0,0
0,0,0,0,8.40757122635841,0,13.7736306786537,0,1.06217551231384,0,864.374698996544,0,0,0,0,0,0,0,0.323131501674652,0,0,0,0,0,0,0,0,0,0,0,0,0,0,0,0,0,1977.43999799341,0,465.260371625423,0,3.7084533944726,0,0,0,0,0,0.907855331897736,0,0.395754158496857,0,102.016518473625,0,117.797389239073,0,4.903978317976,0,781.786951184273,0,17.6592867523432,0,3.92118817567825,0,0,708.348823323846,0,0,0,0,0,0,0,0,0,22.6490193903446,0,0,0,0,0,1007.56043601036,0,320.578922599554,369.477948859334,0,73.2996755093336,0,0
0,0,0,0,0,0,0,0,0,0,0,0,0,0,0,0,0,4.93389558792114,0,0,0,0,1903.6946606487,252.159213751554,0,48.6625310778618,0,4.42956566810608,0,0,0,0,0,0,0,0,0,1638.65612819791,0.962532758712769,0,0,0,0,0,0,0,0,5.38078466057777,0,3.9223001152277,0,0,0,0,0,0,0,0,0,0,0,0,0,0,5125.6476662457,196.327607631683,238.956898093224,0,5.44283476471901,0,6.93946427106857,0,0,0,0,0,0,0,0,0,1106.65454091132,0,1237.38463176787,369.080991357565,0,0,0
0,0,0,0,0,0,0,0,4.60624153912067,0,0,0,0,0,0,0,297.757266819477,46.6198361366987,20.1761430799961,0,0,1903.6946606487,0,0,380.259478926659,0,16.3301465809345,0,576.971438035369,0,0,0,0,0,0,0,0,15.9452012181282,1249.12820403278,0,0,0,0.314132273197174,0,0,0,0.922542363405228,15.717383980751,48.9303041994572,0,0,0,0,0,0,0,0,0,0,0,0,0,0,0,330.232278227806,8946.70143213868,0,226.307909935713,0,11.844332203269,0,480.809311255813,0,0,0,0,0,0.305328279733658,0,0,23.5508437156677,1260.44873547554,1087.97511248291,210.400586947799,0.692004889249802,0,0
0,2.18181076645851,0,1.72436034679413,0,0,0,0,0,362.28310418129,0,0,0,0,0,0,78.9675189554691,780.02286785841,28.0025904476643,0,0,252.159213751554,0,0,0,41.6532510519028,0,0,0,0,0,0,0,0.259527891874313,0,0,0,290.811367422342,0,0,0,3.3827857375145,0,0,0,0,0.307675093412399,48.2287870049477,0,0.367861807346344,0,0,0,0,0,16.932600453496,0,0,0,0,0,0,0,0,165.968744471669,0,1026.96567468345,0,9.27494791150093,1.16527092456818,0,0,0,0,0,0,0.343830436468124,0,0.100441932678223,0.252008765935898,490.687036946416,0,1497.23285079002,7.74041104316711,7.58412455022335,0.397359728813171,0
0,0,0,0,0,0,0,0,12.3805669248104,0,0,0,0,0,0.357220530509949,0,291.634392023087,24.0405315607786,5.23580758273602,0,0,0,380.259478926659,0,0,0,133.934517934918,0,0,0,0,0,0,0,0,0,0,0,427.382325202227,0,0.581776797771454,0,7.38991352915764,0,0,0,0,9.95758527517319,93.537080898881,0,0,0,0,0,111.010167092085,0,0,0,0,0,0.474132835865021,0,0,0,0,209.932230070233,3.25177597999573,565.637425497174,0,426.136560425162,0,0,0,0,0,0,0,0,0,0.724609553813934,0,281.256821900606,103.161525726318,0,18.7529946863651,0,1.18864488601685
0,0,0,0,0,0,0,0,0,0,0,0,0,0,0,63.8217506408691,2.90007436275482,356.379025354981,0,0,0,48.6625310778618,0,41.6532510519028,0,0,0,59.5402144193649,0,0,0,0,0,0,0,0,0,0,0,0,0,0,0,0,0,0,0,0,0,0,0,0,0,0,0,0,0,0,0,0,0,0,0,0,247.184371560812,0,70.1189106702805,0,64.9494753032923,0,20.312580704689,0,0,0,0,0,0,0,0,0,0,0,158.273757770658,0,0,0,0
0,0,0,0,0,0,0,0,11.2199851721525,0,0,0,0,0,29.2522172033787,0,1856.3694306463,37.1917376965284,24.9839038550854,0,0,0,16.3301465809345,0,133.934517934918,0,0,0,442.365878850222,0,0,0,0,0,0,0,0,0,0,0,0,0,0.205459386110306,0,0,0,0,0,0.209656655788422,0,0,0,0,0,0.470990985631943,0,0,0,0,0,0,0,0,0,0,29.5768185853958,0,39.9010106623173,0,502.287001311779,0,1303.76163071394,0,0,0,0,0,0,0,2.40596371889114,4.11281490325928,0,316.672900334001,0,0.927551865577698,0,0
0,0,0,0,0,0,0,0,0,0,0,24.587644174695,0,236.029841840267,0,0,0,127.919219136238,0,0,0,4.42956566810608,0,0,0,59.5402144193649,0,0,0,287.161809295416,0,0,0,0,0,0,0,191.868598222733,0,0,0,0,0,0,0,0,0,0,0,0,0,0,0,0,0,0,0,40.4706633836031,0,241.166213780642,0,0,0,0,133.213254958391,0,0,0,35.5228090882301,0,3708.64688689262,0,334.778276026249,0,0,0,0,0,0,0,205.578872829676,0,218.665809959173,2,0,0,0
0,0,0,0,0,0,0,0,0,0,1.08136677742004,0,62.0952945351601,0,2.45048168301582,0,118.982889324427,0,0,0,0,0,576.971438035369,0,0,0,442.365878850222,0,0,0,592.531071454287,0,0,0,0,0,0,0,102.819422587752,0,0,0,0,0,0,0,0,0,0,0,0,0,0,0,0,0,1.46796488761902,0,8.3056675195694,0,0,0,0,0,0,28.6014523506165,0,0,0,6.49571800231934,0,3025.62594814599,0,104.939492195845,0,0,0,0,0,0,0,30.6216051578522,472.484949052334,15.832479596138,0,0,0
0,0,0,0,0,0,0,0,0,0,0,184.10245937109,0,0,0,0,0,0,0,0,0,0,0,0,0,0,0,287.161809295416,0,0,0,0,0,0,0,0,0,744.068506002426,0,0,0,0,0,0,0,0,0,0,0,0,0,0,0,0,0,0,0,338.510819092393,0,0,0,0,0,0,0,0,0,0,0,0,53.06737588346,0,2075.72109103203,0,0,0,0,0,0,0,269.634250253439,0,114.270544409752,0,0,0,0
0,0,0,0,0,0,0,0,0,0,1.04035469889641,0,0,0,0,0,0,0,0,0,0,0,0,0,0,0,0,0,592.531071454287,0,0,0,0,0,0,0,0,0,442.848167866468,0,0,0,0,0,0,0,0,0,0,0,0,0,0,0,0,0,8.72230425477028,0,0,0,0,0,0,0,0,0,0,0,0,0,0,32.1748451888561,0,404.27452622354,0,0,0,0,0,0,0,207.206549286842,184.857580751181,18.6501636505127,0,0,0
0,0,0,0,0,0,0,0,0,0,0,0,0,0,0,0,0,0,0,0,0,0,0,0,0,0,0,0,0,0,0,0,344.164171099663,40.5475197732449,0,522.52045956254,267.414330750704,0,0,0,0,0,0,0,0,0,0,1554.09720087051,71.2310865521431,2.10486197471619,0,0,0,0,0,0,0,0,0,0,0,0,0,0,0,0,0,0,0,0,0,0,0,0,1117.63503247499,717.885929346085,158.337999239564,0,313.835967987776,68.438759803772,0,0,196.134414806962,0,0,0,0
0,0,0,0,0,0,0,0,0,0,0,0,0,0,0,0,0,0,0,0,0,0,0,0,0,0,0,0,0,0,0,344.164171099663,0,5.27327305078506,59.5699070394039,5.43345129489899,419.109348937869,0,0,0,0,0,0,0,0,0,0,393.765927821398,1.35369753837585,0,0,0,0,0,0,0,0,0,0,0,0,0,0,0,0,0,0,0,0,0,0,0,0,0,91.658689647913,2236.19612215459,0,126.208941370249,1.05060458183289,188.53469286859,0,0,47.9815313220024,0,0,0,0
0,0,0,0,0,0,0,0,0,0.294699788093567,0,0,0,0,0,0,0,0,0,0,0,0,0,0.259527891874313,0,0,0,0,0,0,0,40.5475197732449,5.27327305078506,0,884.060449182987,332.806096404791,0,460.785479173064,9.75689363479614,0,0,0,0.611588358879089,0,0,0,0,2174.845338732,47.8556433320045,65.3316171169281,0,0,0,0,0,0,0,0,0,0,0,0,0,0,0,0,0,0,0,0,0,0,0,0,5.3411598354578,36.2067124843597,2358.26058228314,1030.70986619592,42.7770712524652,10.7906557619572,478.670094281435,20.9537137746811,381.16994780302,186.386498063803,1.01705646514893,0,0
0,0,0,0,0,0,0,0,0,0,0,0,0,0,0,0,0,0,0,0,0,0,0,0,0,0,0,0,0,0,0,0,59.5699070394039,884.060449182987,0,0,369.461492910981,14.8531420230865,275.383756399155,0,0,0,0,0,0,0,0,1441.39819128811,21.1642171144485,2.7849748134613,0,0,0,0,0,0,0,0,0,0,0,0,0,0,0,0,0,0,0,0,0,0,0,0,0,83.5782416164875,289.740718245506,1987.62808391452,0,303.592244535685,28.3916281759739,499.734382495284,151.030557468534,17.8973944187164,2.59191679954529,0,0
0,1.80157046020031,0,160.348299123347,0.282691180706024,31.9330949783325,0,3.36649918556213,0,2.43183237314224,0,332.160517096519,0,0,0,0,0.739007383584976,3.41150590777397,57.8088744878769,658.723555140197,0,0,0,0,0,0,0,0,0,0,0,522.52045956254,5.43345129489899,332.806096404791,0,0,1038.36758373678,1566.41677473485,0,18.6851579919457,0,20.6967624351382,0.813228845596313,1.39919839799404,0,112.133891522884,2.54396803677082,91.6660180985928,11.0830117613077,24.6359588578343,0,0.364348530769348,0,0,0,4.2293396294117,0.125782251358032,61.2725141048431,0.143429607152939,0,0,0,557.873000264168,0,0,0,0,0,0,0,0,0,0.581425286829472,0,587.127086192369,7.21189785003662,225.102599471807,0,28059.5680614635,1226.4297644496,341.421709626913,0,5192.18860311806,111.371290951967,344.846053406596,0.545427583158016,0
5.18770110607147,0,1.74015241861343,1.86395828425884,181.168405532837,0,48.5350812673569,0,4.54121832549572,0,596.746423274279,0,0,0,0,0,4.14643120765686,0,11.0387591719627,0,1977.43999799341,0,0,0,0,0,0,0,0,0,0,267.414330750704,419.109348937869,0,369.461492910981,1038.36758373678,0,0,1697.87568406761,0,0.45087257027626,0,3.69378265738487,0,0,1.58585804700851,17.8156028911471,43.4549953788519,2.38700942695141,0,1.27782756090164,0,3.51697719097137,0,0.152875483036041,0,1060.31481726468,0,1.8105500638485,0,0.302437156438828,0,0,1414.58239251375,0,0,0,0,0,0,0,0,0.314633071422577,0.743977636098862,47.8301091790199,801.089266523719,0,208.109949953854,71.9697036966681,29313.207760334,0,241.764183074236,6381.38788565248,739.226598143578,85.9960710331798,0,0
0,5.22520068287849,0,0,0,0,0,0,0,95.1963900923729,0,1562.24587610364,0,0,0,0,0,0,0,184.834411919117,0,1638.65612819791,15.9452012181282,290.811367422342,0,0,0,191.868598222733,0,744.068506002426,0,0,0,460.785479173064,14.8531420230865,1566.41677473485,0,0,136.565803736448,0,0,31.746733546257,0,0,0,0,0,736.42684429884,6.75690031051636,242.664069339633,0,0,0,0,0,8.71904072165489,0,410.721966445446,0,0,0,0,364.190769091249,0,325.980222672224,0,279.684275105596,0,0,0,3.24408769607544,0,386.295624390244,0,0,0,534.013330519199,0.842816829681396,545.417133823037,0,18571.7371603101,118.679413318634,1851.13310647011,217.193909138441,65.9844610095024,5.94589638710022,0
1.25918880105019,0,6.11927226185799,0,0.842045366764069,0,0,0,13.2082586586475,0,1475.70710673928,0,0,0,0,0,0.339716911315918,0,6.77427506446838,0,465.260371625423,0.962532758712769,1249.12820403278,0,427.382325202227,0,0,0,102.819422587752,0,442.848167866468,0,0,9.75689363479614,275.383756399155,0,1697.87568406761,136.565803736448,0,0,1.09998714923859,0,18.7387050837278,0,0,0,4.72376422584057,509.650545716286,541.996884293854,0,0,0,0,0,9.02636459469795,0,537.509783416986,0,0,0,0.465120077133179,0,0,296.538836628199,19.402472615242,163.808743998408,0,26.9928721636534,0,0,0,24.8282554149628,0,34.91742362082,0,0,0.845604598522186,157.289879798889,0,1172.78199186176,119.425036326051,17606.5145200193,3435.15959513187,293.044515669346,106.301589131355,0,17.5625380277634
0,5.57182425260544,0,47.0095311999321,0,1.19277477264404,0,0,2.4143967628479,1.35487389564514,0,0,0,0,0,0,19.1197101324797,96.9281879886985,813.749879643321,0,0,0,0,0,0,0,0,0,0,0,0,0,0,0,0,18.6851579919457,0,0,0,0,1.37549650669098,578.032808482647,16.5950110405684,19.179103821516,0,390.243681117892,0.62723895907402,0,3.02281904220581,60.3840907514095,0,0,0,0,0,0.854129545390606,0,0.311863869428635,0,0,0,3.66322660446167,123.528183609247,0.134153753519058,0,0,0,0,0,0,0,0,0.43579425662756,0,0,0,0,0,1305.25626555085,2.86116722226143,62.9525076001883,0,321.635414712131,0,1720.88775419444,22.9833170622587,3.09303450584412
5.43883876502514,0.169616997241974,14.9963873624802,0,6.21427142620087,0,0,0,21.5130424499512,0,0.174422740936279,0,0,0,0,0,38.7414060235023,5.56473495066166,90.7076980471611,0,3.7084533944726,0,0,0,0.581776797771454,0,0,0,0,0,0,0,0,0,0,0,0.45087257027626,0,1.09998714923859,1.37549650669098,0,0,112.817083850503,0,0,0,492.180614255369,0,45.2258103638887,0,1.49297168850899,0,0,0,1.86777201294899,0,3.28956024348736,0,0.465253710746765,0,2.90855424106121,0,0,399.386698380113,0,0,0,0,0,0,0,0,0,7.4518086463213,0,0,0,0,0,992.166442990303,1.10737645626068,136.208057686687,137.42254627496,0,382.218325413764,0,16.263864710927
0,493.515978187323,0,94.8733802437782,0,3.07872539758682,0,0,0.754867687821388,79.120644107461,0,0,0,0,0,0,38.7860091328621,113.690398313105,1084.12482322752,0,0,0,0,3.3827857375145,0,0,0,0,0,0,0,0,0,0,0,20.6967624351382,0,31.746733546257,0,578.032808482647,0,0,314.973497025669,180.426770441234,0.162442579865456,113.894985102117,1.51747116446495,1.71412080526352,0.872301518917084,149.313639633358,0,0,0,0,0,41.1932139694691,0,5.61952562630177,0,0,0,3.37052223086357,1.06757187843323,1.61545670032501,0,0,0.382903277873993,0,0,0,0.379063606262207,0,119.772576138377,0,0,0,0,0,222.542015731335,1.04609768092632,418.324971906841,3.55234315991402,2623.04234178364,1.04723998904228,3392.00178670138,452.004669547081,0
141.245338022709,0,17.1223900467157,0.50315697491169,2.2791786044836,0,0,0,85.7814816534519,0,0,0,0,0,1.01515746116638,0,198.701304510236,26.4338464587927,542.289220504463,0,0,0,0.314132273197174,0,7.38991352915764,0,0.205459386110306,0,0,0,0,0,0,0.611588358879089,0,0.813228845596313,3.69378265738487,0,18.7387050837278,16.5950110405684,112.817083850503,314.973497025669,0,6.64739221334457,20.1643359139562,7.8472211137414,929.016155764461,70.1155116856098,296.914482578635,32.0261650085449,0.534863531589508,0,0,0,20.7791687101126,0,50.5418635159731,0.115823745727539,0.939464874565601,0,23.9788546562195,0,0,57.8465529158711,0,0,0,0,0,0.199409112334251,0,0,0,48.9948010593653,0,0,8.13178712129593,2.37680411338806,11.1394283697009,552.668846748769,4.15875506401062,184.393855668604,1212.48705609888,0.249825119972229,4740.68297295272,0.534241437911987,753.378207579255
0,1.51771634817123,0,2.63336025178432,0,0,0,0,0,0.524940431118011,0,0,0,0,0,0,2.05667565762997,8.13078965246677,37.8440806269646,0,0,0,0,0,0,0,0,0,0,0,0,0,0,0,0,1.39919839799404,0,0,0,19.179103821516,0,180.426770441234,6.64739221334457,0,0,13.2281154170632,0,0,0,0.545013472437859,0,0,0,0,0,0.233843296766281,0,0,0,0,0,0.750413179397583,0,0,0,0,0,0,0,0,0,0,0,0,0,0,0,0,12.1181781068444,0.145587936043739,3.33652149140835,0,116.946881219745,0,71.6125361472368,3.83518803119659,0
0,0,0,0,0,0,0,0,0,0,0,0,0,0,0,0,0.265352576971054,0,0,0,0,0,0,0,0,0,0,0,0,0,0,0,0,0,0,0,0,0,0,0,0,0.162442579865456,20.1643359139562,0,0,0,0,0,0,0,0,0,0,0,0,0,0,0,0,0,0,0,0,0,0,0,0,0,0,0,0,0,0,0,0,0,0,0,0,0,0,0,0.227404087781906,0,0.698775485157967,0,0
0,11.3924771845341,0,70.2788753509521,0,0,0,0,1.12121307849884,0.971281409263611,0,1.39453855156898,0,0,0,0,2.39860779047012,36.8561576083302,399.34087818861,33.254277780652,0,0,0,0,0,0,0,0,0,0,0,0,0,0,0,112.133891522884,1.58585804700851,0,0,390.243681117892,0,113.894985102117,7.8472211137414,13.2281154170632,0,0,5.11716133356094,0,2.60292033851147,30.6131810024381,0,0,0,0,0,8.29863351583481,0,2.94438920915127,0,0,0,4.98522537946701,513.646882429719,0,0,0,0,0,0,0,0,0,2.81188374012709,0,0,0,0,0,987.170816674829,1.54224981367588,80.187101341784,0,278.219318941236,0,2021.8272396028,0,0
163.61093968153,0,139.927753150463,0,35.9627598300576,0,0,0,121.801063776016,0,0.244948819279671,0,0,0,0,0,364.780761957169,43.5157035887241,865.446004755795,0,0.907855331897736,0,0.922542363405228,0.307675093412399,0,0,0,0,0,0,0,0,0,0,0,2.54396803677082,17.8156028911471,0,4.72376422584057,0.62723895907402,492.180614255369,1.51747116446495,929.016155764461,0,0,5.11716133356094,0,0.97722977399826,86.3798085898161,1.1315883398056,2.95040787756443,0,0,0,11.7214148491621,0,18.8239861130714,0,2.62481901794672,0,10.7051283717155,0,0,1212.48391167819,0,0,0,0,0,0,0,0,0,60.0233593508601,0,0,0,0.177098706364632,0.113931842148304,1501.51178280264,0,185.409082494676,1012.03546886891,0,1122.60313797742,0,46.3199307471514
9.21249860525131,0.688109546899796,0,0,0,0,0,0,2.8314123749733,6.09503251314163,0,0,0,0,0,0,0,0,0,0,0,5.38078466057777,15.717383980751,48.2287870049477,9.95758527517319,0,0,0,0,0,0,1554.09720087051,393.765927821398,2174.845338732,1441.39819128811,91.6660180985928,43.4549953788519,736.42684429884,509.650545716286,0,0,1.71412080526352,70.1155116856098,0,0,0,0.97722977399826,0,5278.51182685792,1650.7389215827,0,0,0,0,0.806360363960266,0,0,0,0,0,0.688842713832855,0,0,0,3.45419776439667,0,29.8529343605042,7.68159431219101,0,0,0,0,0,0,703.787517353892,656.579192325473,941.499914959073,605.629163444042,871.591676682234,1416.96336559951,888.088275194168,731.701627492905,811.27837087214,2.86969837546349,445.153453439474,0,0
232.86259919405,1.3510884642601,202.119560815394,2.293391674757,2.40980672836304,0,0,0,112.837682127953,0.445423394441605,0,0,0,0,16.8399371802807,0,0,0,0,0,0.395754158496857,0,48.9303041994572,0,93.537080898881,0,0.209656655788422,0,0,0,0,71.2310865521431,1.35369753837585,47.8556433320045,21.1642171144485,11.0830117613077,2.38700942695141,6.75690031051636,541.996884293854,3.02281904220581,45.2258103638887,0.872301518917084,296.914482578635,0,0,2.60292033851147,86.3798085898161,5278.51182685792,0,1115.709709391,2.35593284666538,0,0,0,294.298197157681,0.357967555522919,3.35490693897009,0,12.3635411784053,0,247.127905219793,0,0,9.68004431575537,0,108.979217022657,0,278.087986394763,0,58.8207117319107,0,0.801662147045135,0.171369820833206,5.33529501408339,31.0783205628395,275.290149182081,58.0760279744864,75.8584266006947,29.9503423050046,542.290070064366,22.397888854146,1736.57378799468,627.196189820766,0,1682.62224185467,0,0
8.49179989099503,412.018258422613,0,75.1979928463697,0,2.35973048210144,0,0,0.60253056883812,15.9865778386593,0,0,0,0,0,1.8833321928978,1.60981899499893,3.53768685460091,32.6601916179061,0,0,3.9223001152277,0,0.367861807346344,0,0,0,0,0,0,0,2.10486197471619,0,65.3316171169281,2.7849748134613,24.6359588578343,0,242.664069339633,0,60.3840907514095,0,149.313639633358,32.0261650085449,0.545013472437859,0,30.6131810024381,1.1315883398056,1650.7389215827,1115.709709391,0,0,0,0,0,1.03231430053711,27.9840575754642,0,24.6853427439928,0,0,1.29146432876587,186.843500137329,0,0,99.0060144364834,0,40.6374272704124,0,21.3260978162289,0,17.6314594447613,0,176.691771194339,0.415244668722153,2.83221024274826,57.6597671508789,33.3282481431961,11.4117826521397,443.734927073121,90.032743871212,618.428517356515,92.2988437861204,290.668575517833,0,1139.44566384703,10.9216759502888,0
0,0,48.0102987587452,0,285.195946574211,0,8.2947633266449,0,0,0,14.3522654473782,0,0,0,0,0,0,0,0.144492790102959,0,102.016518473625,0,0,0,0,0,0,0,0,0,0,0,0,0,0,0,1.27782756090164,0,0,0,1.49297168850899,0,0.534863531589508,0,0,0,2.95040787756443,0,2.35593284666538,0,0,0,101.567026376724,0,0,0,21.0544777214527,0,41.3863216936588,0,7.0406765639782,0,0,1.70425096154213,0,0,0,0,0,0,0,0,0,0.21305450797081,0,0,0,0,0,1.25583305954933,0,0,3.42575264722109,0,320.465217217803,0,0
0,0,0,95.5893467068672,0,430.517112731934,0,7.364297747612,0,0,0,8.87848556041718,0,0,0,13.6597905158997,0,0,0,9.90505456924438,0,0,0,0,0,0,0,0,0,0,0,0,0,0,0,0.364348530769348,0,0,0,0,0,0,0,0,0,0,0,0,0,0,0,0,0,35.4220851063728,0,6.78073716163635,0,188.722971260548,0,0,0,18.408629655838,6.7769650220871,0,0,0,0,0,0,0,0,0,0,0,0,0,0,0,0,0,0,0,1.70420342683792,0,1.12787789106369,0,0
0,0,0,0,213.019370079041,0,168.058439314365,0,0,0,0,0,0,0,0,0,0,0,0,0,117.797389239073,0,0,0,0,0,0,0,0,0,0,0,0,0,0,0,3.51697719097137,0,0,0,0,0,0,0,0,0,0,0,0,0,101.567026376724,0,0,0,0,0,103.969657182693,0,0,0,0,0,0,0,0,0,0,0,0,0,0,0,0,0,0,0,0,0,0,0,0,0,98.221309274435,3,4.03585374355316,0,0
0,0,0,0,0,0,0,2,0,0,0,0,0,0,0,0,0,0,0,0,0,0,0,0,0,0,0,0,0,0,0,0,0,0,0,0,0,0,0,0,0,0,0,0,0,0,0,0,0,0,0,35.4220851063728,0,0,0,0,0,62.2540470957756,0,0,0,0,0,0,0,0,0,0,0,0,0,0,0,0,0,0,0,0,0,0,0,0,0,0,0,0,0
206.260659843683,0,192.919633790851,0,119.535029172897,0,0,0,1334.85075837374,0,0,0,0,0,53.1939067542553,0,38.1612465679646,3.06453990936279,7.19479322433472,0,4.903978317976,0,0,0,111.010167092085,0,0.470990985631943,0,0,0,0,0,0,0,0,0,0.152875483036041,0,9.02636459469795,0,1.86777201294899,0,20.7791687101126,0,0,0,11.7214148491621,0.806360363960266,294.298197157681,1.03231430053711,0,0,0,0,0,0,4.96331542730331,0,3.19982957839966,0,147.685486197472,0,0,3.22836464643478,0,0,0,446.283446922898,0,1.35268640518188,0,0,0,1.82559902966022,0,0,0,0,0,4.14873193204403,0,14.8768086433411,316.161585144699,0,163.298386327922,0,20.869393914938
0,307.78362685442,0,234.407951712608,0,70.7404995560646,0,0,0,435.63923573494,0,0,0,0,0,10.8234615474939,0,13.6821251511574,6.54047085344791,0,0,0,0,16.932600453496,0,0,0,0,0,0,0,0,0,0,0,4.2293396294117,0,8.71904072165489,0,0.854129545390606,0,41.1932139694691,0,0.233843296766281,0,8.29863351583481,0,0,0.357967555522919,27.9840575754642,0,6.78073716163635,0,0,0,0,0,0.783807992935181,0,0,0,0,0,0,0,0,173.861822992563,0,0,0,0,0,1.37877248227596,0,0,0,0,0,5.87762712687254,0,2.77022688090801,0,255.496729433537,0,115.40833902359,0.752841472625732,0
2.73656868934631,0,35.1744809895754,0,53.2401071041822,0,30.6893064975739,0,2.93995699286461,0,1676.8728711307,0,136.977837055922,0,0,0,3.05974289774895,0,0.52075332403183,0,781.786951184273,0,0,0,0,0,0,0,1.46796488761902,0,8.72230425477028,0,0,0,0,0.125782251358032,1060.31481726468,0,537.509783416986,0,3.28956024348736,0,50.5418635159731,0,0,0,18.8239861130714,0,3.35490693897009,0,21.0544777214527,0,103.969657182693,0,4.96331542730331,0,0,0,356.265834599733,0,8.42379605770111,0,0,574.534776061773,0,0,0,0,0,0,0,103.173408508301,0,694.431657418609,0,0,0,0,0,11.8464685752988,0,108.442572578788,1020.6615332514,173.823621690273,366.441978491843,0,42.1925737261772
0,0.48417954146862,0,6.00779950618744,0,78.7776564955711,0,0,0,0.266687512397766,0,3370.38997368515,0,151.300945222378,0,0,0,0,0,569.466020688415,0,0,0,0,0,0,0,40.4706633836031,0,338.510819092393,0,0,0,0,0,61.2725141048431,0,410.721966445446,0,0.311863869428635,0,5.61952562630177,0.115823745727539,0,0,2.94438920915127,0,0,0,24.6853427439928,0,188.722971260548,0,62.2540470957756,0,0.783807992935181,0,0,0,932.838436409831,0,1.64648358523846,413.54593706131,0,0,0,0,0,0,0,27.7446883171797,0,411.933708652854,0,0,0,0,0,1.44865630567074,0,62.663239300251,0,139.505079463124,0,104.57546594739,0.677804350852966,0
0,0,36.4136105775833,0,16.1001619100571,0,17.676410317421,0,0,0,222.880353420973,0,818.946564853191,0,578.357156813145,0,0,0,0,0,17.6592867523432,0,0,0,0,0,0,0,8.3056675195694,0,0,0,0,0,0,0.143429607152939,1.8105500638485,0,0,0,0.465253710746765,0,0.939464874565601,0,0,0,2.62481901794672,0,12.3635411784053,0,41.3863216936588,0,0,0,3.19982957839966,0,356.265834599733,0,0,0,21.7871559262276,0,0,4.1608961224556,0,0,0,0,0,0.26674348115921,0,20.2985907793045,0,0.397802993655205,0,0,0,0,0,1.87262403219938,0,0.40993320941925,17.0815179944038,111.565114736557,347.821721240878,0,0
0,0,0,14.8823348879814,0,0,0,0,0,0,0,2295.28479032218,0,1689.98436072469,0,43.0118969678879,0,0,0,0,0,0,0,0,0,0,0,241.166213780642,0,0,0,0,0,0,0,0,0,0,0,0,0,0,0,0,0,0,0,0,0,0,0,0,0,0,0,0,0,932.838436409831,0,0,0,10.4287813901901,0,0,0,0,0,0,0,0,94.0115000009537,0,0,0,0,0,0,0,0,0,0,0,338.221385717392,0,0,0,0
57.252595692873,0,93.3667896687984,0,3.89479285478592,0,0,0,178.192959800363,0,0,0,1.24140959978104,0,455.113233134151,0,118.262304246426,9.63180470466614,0.689494848251343,0,3.92118817567825,0,0,0,0.474132835865021,0,0,0,0,0,0,0,0,0,0,0,0.302437156438828,0,0.465120077133179,0,2.90855424106121,0,23.9788546562195,0,0,0,10.7051283717155,0.688842713832855,247.127905219793,1.29146432876587,7.0406765639782,0,0,0,147.685486197472,0,8.42379605770111,0,21.7871559262276,0,0,0,0,3.57490283250809,0,0,0,0,0,2.48645895719528,0,0,0,3.97789706289768,0,0,0,0,0,7.97374284267426,0,0,70.0755463093519,0,167.311351068318,0,0
0,134.756595939398,0,54.7127412557602,0,0,0,0,0,2.86418414115906,0,0,0,0,0,301.582400023937,0,21.3394507169724,0,0,0,0,0,0,0,0,0,0,0,0,0,0,0,0,0,0,0,0,0,3.66322660446167,0,3.37052223086357,0,0.750413179397583,0,4.98522537946701,0,0,0,186.843500137329,0,18.408629655838,0,0,0,0,0,1.64648358523846,0,10.4287813901901,0,0,0,0,0,0,0,0,60.3085195720196,0,0,0,0.259278625249863,0,0,0,0,0,4.13135372102261,0,1.01743280887604,0,9.94720423221588,0,11.7455311566591,0.230182528495789,0
0,0,0,3.50949543714523,0,43.770562171936,0,0,0,0,0,598.275157064199,0,0,0,0,0,0,1.2362904548645,4408.23534031957,0,0,0,0,0,0,0,0,0,0,0,0,0,0,0,557.873000264168,0,364.190769091249,0,123.528183609247,0,1.06757187843323,0,0,0,513.646882429719,0,0,0,0,0,6.7769650220871,0,0,0,0,0,413.54593706131,0,0,0,0,0,0,0,0,0,0,0,0,0,0,0,0,0,0,0,0,468.621321216226,0,47.9732296615839,0,232.5636279881,0,875.75704947114,0,0
24.6209339946508,0,20.4144810438156,0,8.38411172479391,0,0,0,20.7129330486059,0,70.434133425355,0,0,0,0,0,29.9561730027199,2.02567391097546,84.2867186814547,0,708.348823323846,0,0,0,0,0,0,0,0,0,0,0,0,0,0,0,1414.58239251375,0,296.538836628199,0.134153753519058,399.386698380113,1.61545670032501,57.8465529158711,0,0,0,1212.48391167819,0,9.68004431575537,0,1.70425096154213,0,0,0,3.22836464643478,0,574.534776061773,0,4.1608961224556,0,3.57490283250809,0,0,0,0,0,0,0,0,0,0,0,0,330.141053013504,0,0,0,0,0,1985.19702737778,0,1031.19015107304,276.352959819138,0,585.671094663441,0,13.2512449920177
0,0,0,0,0,0,0,0,0,0,0,0,0,0,0,0,0,0,0,0,0,5125.6476662457,330.232278227806,165.968744471669,0,247.184371560812,0,133.213254958391,0,0,0,0,0,0,0,0,0,325.980222672224,19.402472615242,0,0,0,0,0,0,0,0,3.45419776439667,0,99.0060144364834,0,0,0,0,0,0,0,0,0,0,0,0,0,0,0,16.3546985387802,522.901557542384,0,183.540779426694,0,237.68494707346,0,0,0,0,0,0,0,0,0,217.77632650733,0,494.298757180572,173.182526305318,0,0,0
0,0,0,0,0,0,0,0,0,0,0,0,0,0,0,0,6.11850228905678,0,0,0,0,196.327607631683,8946.70143213868,0,209.932230070233,0,29.5768185853958,0,28.6014523506165,0,0,0,0,0,0,0,0,0,163.808743998408,0,0,0,0,0,0,0,0,0,108.979217022657,0,0,0,0,0,0,0,0,0,0,0,0,0,0,0,16.3546985387802,0,0,419.469293147326,0,352.747025579214,0,34.9380736351013,0,0,0,0,0,0,0,0,2.31045913696289,349.812418177724,360.089181989431,100.223305463791,0,0,0
0,0.365588307380676,0,0,0,0,0,0,0,170.716055124998,0,0,0,0,0,35.1934394091368,17.7424323856831,174.80619814992,3.40263026952744,0,0,238.956898093224,0,1026.96567468345,3.25177597999573,70.1189106702805,0,0,0,0,0,0,0,0,0,0,0,279.684275105596,0,0,0,0.382903277873993,0,0,0,0,0,29.8529343605042,0,40.6374272704124,0,0,0,0,0,173.861822992563,0,0,0,0,0,0,0,0,522.901557542384,0,0,0,160.241039022803,0,0,0,0,0,0,0,0,0,0,0,86.6253169476986,0,279.823154404759,26.9923973083496,72.2043308913708,0,0
0,0,0,0,0,0,0,0,48.2578485459089,0,0,0,0,0,18.0983643531799,0,1.49956095218658,0,0,0,0,0,226.307909935713,0,565.637425497174,0,39.9010106623173,0,0,0,0,0,0,0,0,0,0,0,26.9928721636534,0,0,0,0,0,0,0,0,7.68159431219101,278.087986394763,0,0,0,0,0,446.283446922898,0,0,0,0,0,0,0,0,0,0,419.469293147326,0,0,0,96.3706813454628,0,0,0,0,0,0,0,0,0,0,0,22.7178005278111,3.31892646849155,0,8.64645309746265,0,0
0,0,0,0,0,0,0,0,0,0,0,0,0,0,0,25.5062128305435,4.9176287651062,158.459554210305,6.12324929237366,0,0,5.44283476471901,0,9.27494791150093,0,64.9494753032923,0,35.5228090882301,0,0,0,0,0,0,0,0,0,0,0,0,0,0,0,0,0,0,0,0,0,21.3260978162289,0,0,0,0,0,0,0,0,0,0,0,60.3085195720196,0,0,183.540779426694,0,160.241039022803,0,0,0,25.0271407365799,0,0,0,0,0,0,0,0,0,0,0,54.7064623832703,0,0,0,0
0,0,0,0,0,0,0,0,20.2771038115025,0,0,0,0,0,93.211262345314,0,392.526280462742,13.0513590574265,5.17477408051491,0,0,0,11.844332203269,1.16527092456818,426.136560425162,0,502.287001311779,0,6.49571800231934,0,0,0,0,0,0,0,0,0,0,0,0,0,0.199409112334251,0,0,0,0,0,58.8207117319107,0,0,0,0,0,1.35268640518188,0,0,0,0.26674348115921,0,2.48645895719528,0,0,0,0,352.747025579214,0,96.3706813454628,0,0,0,293.837869256735,0,0,0,0,0,0,0,0,0,0,69.8481335937977,0,0,0,0
0,0.225193157792091,0,0,0,0,0,0,0,0,0,21.6682593524456,0,292.467718735337,0,0,0,0,0,0,0,6.93946427106857,0,0,0,20.312580704689,0,3708.64688689262,0,53.06737588346,0,0,0,0,0,0,0,3.24408769607544,0,0,0,0.379063606262207,0,0,0,0,0,0,0,17.6314594447613,0,0,0,0,0,0,0,27.7446883171797,0,94.0115000009537,0,0,0,0,237.68494707346,0,0,0,25.0271407365799,0,0,0,47.2544904351234,0,0,0,0,0,0.0876737236976624,0,31.6011758744717,0,54.9801643490791,0,2.48417139053345,0,0
0,0,0,0,0,0,0,0,0,0,6.70857262611389,0,86.55749553442,0,0,0,1.02215456962585,0,0,0,0,0,480.809311255813,0,0,0,1303.76163071394,0,3025.62594814599,0,32.1748451888561,0,0,0,0,0,0,0,24.8282554149628,0,0,0,0,0,0,0,0,0,0.801662147045135,0,0,0,0,0,0,0,103.173408508301,0,20.2985907793045,0,0,0,0,0,0,34.9380736351013,0,0,0,293.837869256735,0,0,0,144.624009013176,0,0,0,0,0,0,0,2.04108065366745,477.910903468728,33.6339013278484,1.93057227134705,0,0
0,1.34535111486912,0,4.35607720911503,0,0,0,0,0,1.2584091424942,0,205.179808810353,0,4.06777362525463,0,0,0,0,14.5074892789125,0,0,0,0,0,0,0,0,334.778276026249,0,2075.72109103203,0,0,0,0,0,0.581425286829472,0.314633071422577,386.295624390244,0,0.43579425662756,0,119.772576138377,0,0,0,2.81188374012709,0,0,0.171369820833206,176.691771194339,0,0,0,0,0,1.37877248227596,0,411.933708652854,0,0,0,0.259278625249863,0,0,0,0,0,0,0,0,47.2544904351234,0,0,0,0,0,0,0,2.76999676972628,0,349.138001427054,0,14.4686022996902,0,1100.79294452816,7.63856545090675,0
8.87391106784344,0,15.9686687737703,0,3.21704290807247,0,0,0,6.434789031744,0,110.797892332077,0,0,0,0,0,5.37408563494682,0,25.8625785708427,0,22.6490193903446,0,0,0,0,0,0,0,104.939492195845,0,404.27452622354,0,0,0,0,0,0.743977636098862,0,34.91742362082,0,7.4518086463213,0,48.9948010593653,0,0,0,60.0233593508601,0,5.33529501408339,0.415244668722153,0.21305450797081,0,0,0,1.82559902966022,0,694.431657418609,0,0.397802993655205,0,3.97789706289768,0,0,330.141053013504,0,0,0,0,0,0,0,144.624009013176,0,0,0,0,0,0,0,42.6001438349485,0,404.839122608304,262.701916031539,75.8061479628086,371.55073042959,0,72.9251728951931
0,0,0,0,0,0,0,0,0,0,0,0,0,0,0,0,0,0,0,0,0,0,0,0,0,0,0,0,0,0,0,1117.63503247499,91.658689647913,5.3411598354578,0,587.127086192369,47.8301091790199,0,0,0,0,0,0,0,0,0,0,703.787517353892,31.0783205628395,2.83221024274826,0,0,0,0,0,0,0,0,0,0,0,0,0,0,0,0,0,0,0,0,0,0,0,0,0,35.8898635208607,129.080443322659,0,590.461528614163,31.5089385211468,0,0,133.437469616532,0,0,0,0
0,0,0,0,0,0,0,0,0,0,0,0,0,0,0,0,0,0,0,0,0,0,0,0,0,0,0,0,0,0,0,717.885929346085,2236.19612215459,36.2067124843597,83.5782416164875,7.21189785003662,801.089266523719,0,0,0,0,0,0,0,0,0,0,656.579192325473,275.290149182081,57.6597671508789,0,0,0,0,0,0,0,0,0,0,0,0,0,0,0,0,0,0,0,0,0,0,0,0,35.8898635208607,0,0,54.3377664089203,0,661.471902534366,0,0,220.423685073853,0,1.76819363236427,0,0
0,0,0,0,0,0,0,0,0,0,0,0,0,0,0,0,0,0,0,0,0,0,0,0.343830436468124,0,0,0,0,0,0,0,158.337999239564,0,2358.26058228314,289.740718245506,225.102599471807,0,534.013330519199,0.845604598522186,0,0,0,8.13178712129593,0,0,0,0,941.499914959073,58.0760279744864,33.3282481431961,0,0,0,0,0,0,0,0,0,0,0,0,0,0,0,0,0,0,0,0,0,0,0,0,129.080443322659,0,0,107.828077077866,283.501823097467,13.5660620927811,518.95257666707,15.0566550195217,537.159293651581,158.850119188428,10.3811364471912,0,0
