0,0,52.0518402457237,0,2.29533585906029,0,0,0,693.346135869622,0,0,0,0,0,0,0,0,1.08652244508266,5.11575673520565,0,0,0,0,0,0,0,0,0,0,0,0,0,0,0.244901090860367,0,0,0,0,0,0,2.78003394603729,1.71014608442783,64.0047529637814,0,0,0,0,1.34357164800167,136.385053634644,0,18.1272995173931,0,0,0,395.547000050545,0,0.564938724040985,0,0,0,17.7690815329552,0,0,2.87186503410339,0,0,0,0,0,0,0,0,0.186666965484619,0,0,0,0,0,0.218363761901855,84.4713097065687,0,0.934242725372314,322.473933920264,0,112.18668140471,0,0
0,0,0,74.3644670248032,0,0,0,0,0.67194963991642,585.027401924133,0,0,0,0,0,0.329716473817825,4.39973942935467,2.33746658265591,43.6558090150356,0,0,0,0,0,0,0,0,0,0,0,0,0,0,0,0,0.851820707321167,0,0,0,0,0,228.069566942751,0.289840459823608,0,0,0,0,2.4496705532074,1.2030123770237,236.972450256348,0,0,0,0,0,383.53893558681,0,9.18008621037006,0,3.09822680056095,0,24.5417849719524,0,0.314328163862228,0,0,0,0,0,0,0,0,0.503823548555374,0,0,0,0,0,60.6709326356649,6.27380965650082,2.15921384096146,0.161185771226883,54.5565494149923,0,83.5777603089809,29.9835001826286,0
52.0518402457237,0,0,0,465.093706399202,0,0,0,37.3395254909992,0,0,0,0,0,0,0,0,0.336941763758659,8.33456845581532,0,0,0,0,0,0,0,0,0,0,0,0,0,0,0,0,0,0.477573424577713,0,0,0,3.44359382987022,0.368080452084541,91.778162047267,0,3.68501758575439,0,37.3720371425152,0.457145556807518,329.355714067817,0,315.489692747593,0,0,0,232.808278501034,0,44.320103302598,0,90.5145053565502,0,5.41219818592072,0,0,4.67855569720268,0,0,0,0,0,0,0,0,0,5.35605482757092,0,0,0,0,0,21.5953950285912,0,3.63125489652157,167.455799639225,0,760.436704695225,0,4.25506101548672
0,74.3644670248032,0,0,0,340.265991806984,0,0,0,427.761864751577,0,0,0,0,0,0,0.170276865363121,0.626142159104347,15.8118466287851,0,0,0,0,0,0,0,0,0,0,0,0,0,0,0,0,0.43825951218605,0.686978995800018,0,0,10.1887941211462,0,148.482422485948,1.45488712191582,0.958607211709023,0,22.6314472705126,0,0.516739726066589,0,375.944277361035,0,40.4404403269291,0,0,0,469.277789592743,0,45.0515862703323,0,8.54516762495041,0,52.3838997781277,1.84514753520489,0,0,0,0,0,0,0,0,0,2.28826926648617,0,0,0,0,0,25.2680981904268,0.89430370926857,1.62791167199612,0,224.658589765429,0,664.658840000629,2.26572225987911,0.1793033182621
2.29533585906029,0,465.093706399202,0,0,0,0,0,262.764822900295,0,0,0,0,0,0,0,0,0,3.57147365808487,0,285.621154204011,0,0,0,0,0,0,0,0,0,0,0,0,0,0,0,7.06600522994995,0,0,0,1.35587854683399,0,8.04784741997719,0,0.240893766283989,0,30.4367761909962,0,0.163811400532722,0,225.551391154528,0,6.67558145523071,0,32.7008099555969,0,1.06193250417709,0,0.921059936285019,0,10.6953866183758,0,0,13.1430072188377,0,0,0,0,0,0,0,0,0,0.522736355662346,0,0,0,0,0,37.2146414667368,0,0.465640336275101,191.063600093126,1.62297230958939,346.768082216382,0,0
0,0,0,340.265991806984,0,0,0,0,0,80.2785894870758,0,0,0,0,0,0,0,0.249194264411926,10.5598776638508,350.756213009357,0,0,0,0,0,0,0,0,0,0,0,0,0,0,0,71.6471848785877,0,0,0,15.5089655518532,0,48.7342518568039,0,0.211900725960732,0,25.9852687269449,0,0,0,14.1452461481094,0,83.3090699315071,0,0,0,6.07466220855713,0,0.318495184183121,0,0,0,0,83.7315822392702,0,0,0,0,0,0,0,0,0,0.688254594802856,0,0,0,0,0,254.732820630074,0.250977098941803,2.1946737319231,0,914.152748703957,0,420.02629481256,0,0.974928975105286
0,0,0,0,0,0,0,0,0,0,0,0,0,0,0,0,0,0,0,0,0,0,0,0,0,0,0,0,0,0,0,0,0,0,0,0,0,0,0,0,0,0,0,0,0,0,0,0,0,0,45.1971964836121,0,78.9865124225616,0,0,0,47.7660315334797,0,0,0,0,0,0,0,0,0,0,0,0,0,0,0,0,0,0,0,0,0,0,0,0,0,0,0,0,0,0
0,0,0,0,0,0,0,0,0,0,0,0,0,0,0,0,0,0,0,0,0,0,0,0,0,0,0,0,0,0,0,0,0,0,0,0,0,0,0,0,0,0,0,0,0,0,0,0,0,0,0,0,0,1,0,0,0,0,0,0,0,0,0,0,0,0,0,0,0,0,0,0,0,0,0,0,0,0,0,0,0,0,3.50159478187561,0,0,0,0
693.346135869622,0.67194963991642,37.3395254909992,0,262.764822900295,0,0,0,0,6.03231847286224,0,0,0,0,60.2551225423813,0,192.13412219286,58.2611164599657,72.6804530620575,0,0,0.573633909225464,0,0,0,0,0,0,0,0,0,0,0,0,0,0,0,0,266.267760410905,0,0.539429783821106,0,62.7828986048698,0,0,0,0,0.288951873779297,2.74796146154404,0,44.1369645297527,0,0,0,1466.56055699289,0,0,0,0,0,162.436087995768,0,0,0,0,0,0,0.996671766042709,0,0,0,0,0,0,0,0,0,0,3.3758924305439,0.172674357891083,0,39.6197220236063,331.041697472334,0,113.263824924827,0,0.270442306995392
0,585.027401924133,0,427.761864751577,0,80.2785894870758,0,0,6.03231847286224,0,0,0,0,0,0,180.797775626183,34.6110171824694,400.543258935213,49.5384449064732,0,0,0,0,74.6205962598324,0,0,0,0,0,0,0,0,0,0,0,0,0,405.102165997028,0,0.288685590028763,0,29.064203903079,0,2.05587911605835,0,0.275290280580521,0.278714686632156,0,0.207054316997528,6.71762979030609,0,67.5389593839645,0,0,0,1063.85601454973,0,2.68722850084305,0,0,0,106.781152412295,0,0.678052261471748,0,0,22.539500951767,0,2.38183581829071,0,0,0,0.597711503505707,0,0,0,0,0,2.38726562261581,4.54507683217525,54.7242842465639,0,1150.9189054966,13.0641308277845,112.786719277501,67.6223007440567,0
0,0,0,0,0,0,0,0,0,0,0,0,0,0,0,0,0,0,0,0,1052.72218473256,0,0,0,0,0,0,0,0,0,29.9053543359041,0,0,0,0,0,457.844004809856,0,1694.25421208143,0,0,0,0,0,0,0,2.61490467190742,0,0,0,0,0,0,0,0,0,868.155329436064,0,0,0,0,0,0,138.708992436528,0,0,0,0,0,0,0,0,0,16.1314471513033,0,0,0,0,0,5.12157344818115,0,24.3207981586456,386.198769927025,0,2.08371043205261,0,0
0,0,0,0,0,0,0,0,0,0,0,0,0,55.3076982498169,0,0,0,0,0,937.333883970976,0,0,0,0,0,0,0,0,0,0,0,0,0,0,0,101.69067800045,0,328.417819499969,0,0,0,0,0,0,0,2.63283324241638,0,0,0,0,0,0,0,0,0,0,0,1264.5171918273,0,8.46031314134598,0,0,651.710285305977,0,0,0,0,0,0,0,0,0,28.936940908432,0,0,0,0,0,48.0293574333191,0,2.56089177727699,0,122.025784015656,0,23.3737682104111,0,0
0,0,0,0,0,0,0,0,0,0,0,0,0,0,4,0,0,0,0,0,0,0,0,0,0,0,0,0,0,0,0,0,0,0,0,0,0,0,0,0,0,0,0,0,0,0,0,0,0,0,0,0,0,0,0,0,5.37662649154663,0,138.818279474974,0,0,0,0,0,0,0,0,0,0,0,0,0,0,0,0,0,0,0,0,0,0,0,0,0,0,0,0
0,0,0,0,0,0,0,0,0,0,0,55.3076982498169,0,0,0,133.575264692307,0,0,0,0,0,0,0,0,0,0,0,20.5396647453308,0,0,0,0,0,0,0,0,0,0,0,0,0,0,0,0,0,0,0,0,0,0,0,0,0,0,0,0,0,0,0,142.177671074867,0,0,0,0,0,0,0,0,0,0,0,0,0,0,0,0,0,0,0,0,0,0,0,6,0,0,0
0,0,0,0,0,0,0,0,60.2551225423813,0,0,0,4,0,0,0,309.916706487536,7.95560067892075,11.0273593813181,0,0,0,0,0,0,0,0,0,0,0,0,0,0,0,0,0,0,0,0,0,0,0,0,0,0,0,0,0,0,0,0,0,0,0,119.520344510674,0,0,0,70.2061042189598,0,110.245244264603,0,0,0,0,0,0,0,0,24.1341049671173,0,0,0,0,0,0,0,0,0,0,0,0,55.5695353448391,3.57132768630981,0,0,0
0,0.329716473817825,0,0,0,0,0,0,0,180.797775626183,0,0,0,133.575264692307,0,0,8.95845395326614,145.109075248241,0,0,0,0,0,0,0,0,0,0,0,0,0,0,0,0,0,0,0,0,0,0,0,0,0,0,0,0,0,0,0,0,0,1.32861989736557,0,0,0,206.117463573813,0,0.368733316659927,0,11.5945741981268,0,233.519060850143,0,0,0,0,0,0,0,0,0,0,0,0,0,0,0,0,0,0,0,0,152.941225737333,13.4356294870377,0,0,0
0,4.39973942935467,0,0.170276865363121,0,0,0,0,192.13412219286,34.6110171824694,0,0,0,0,309.916706487536,8.95845395326614,0,17100.3255251125,5897.49095324427,0,0,42.4542534947395,320.594271749258,2.36399544775486,43.3685227036476,5.10600171983242,142.729717195034,0,0,0,0,0,0,0,0,0,0,0,0,10.2076108306646,12.9137990474701,21.5315439850092,84.9021978750825,13.0676950961351,6.923005387187,13.5803062617779,9.63182711601257,1.9721405506134,0.449212700128555,0.465841501951218,0.194153681397438,0,0,0,44.1260249912739,0,1.21048352122307,0.983738258481026,0,0,41.3237960040569,0,22.4259182363749,49.0483058840036,0,35.9473420381546,0,0.64287406206131,8.63133907318115,5.99155825376511,0,0,6.35127714276314,9.43345011770725,0,0,0,0,117.360967621207,247.420331545174,16.1681184023619,63.5802655369043,8580.62623362243,353.119353875518,109.50120100379,2.43383097648621,24.2859547510743
1.08652244508266,2.33746658265591,0.336941763758659,0.626142159104347,0,0.249194264411926,0,0,58.2611164599657,400.543258935213,0,0,0,0,7.95560067892075,145.109075248241,17100.3255251125,0,5359.62375608087,0,0,562.505002737045,3.35641473531723,29.3302388936281,5.79737201333046,869.933760285378,3.14952516555786,5.76544284820557,0,0,0,0,0,0,0,0,0,0,0,15.7106279805303,8.28776462376118,47.4897747561336,41.1389896422625,22.4718342870474,13.208233743906,10.7813814505935,11.1835446506739,0,2.1699196100235,1.37331409752369,0,0,0,0,3.18766681849957,0.764776527881622,1.00643256306648,2.95401220023632,0,0.126821294426918,0,0,25.4848308041692,40.5447651818395,82.2700445652008,0,0,0,372.378101766109,0,0.206883937120438,0,6.30003315210342,7.83526939153671,0,0,0,0,164.414414413273,150.427519910038,28.2534656226635,29.7529556527734,11086.6518530697,287.577238120139,94.3408123403788,2.46172776818275,6.42374013364315
5.11575673520565,43.6558090150356,8.33456845581532,15.8118466287851,3.57147365808487,10.5598776638508,0,0,72.6804530620575,49.5384449064732,0,0,0,0,11.0273593813181,0,5897.49095324427,5359.62375608087,0,0,0,9.02709592878819,4.69935208559036,0.830748379230499,1.83506214618683,3.1016480922699,3.53671717643738,0,0,0,0,0,0,0,0,6.58216358721256,0.235854536294937,0.209193140268326,0.964072644710541,200.156709387898,196.679310306907,1032.87109671533,1393.89954020083,482.457011215389,112.960083693266,328.416805662215,128.8357937783,28.2991631180048,8.33828604221344,31.5564157217741,2.93357434868813,3.82772490382195,0,0,4.93579491972923,2.65034806728363,20.1436330229044,32.7621097117662,0,0,0,0,258.40931096673,522.670251578093,0,0,0,0,4.39371213316917,0,0.437816709280014,0,186.893348947167,94.1365234553814,0,0,0,0,3151.4798341319,3367.58644030243,709.960436120629,549.915330484509,6304.63644208014,88.5935716480017,2080.37758217752,73.0743991434574,242.330629833043
0,0,0,0,0,350.756213009357,0,0,0,0,0,937.333883970976,0,0,0,0,0,0,0,0,0,0,0,0,0,0,0,0,0,0,0,0,0,0,0,1970.37274312973,0,132.526196718216,0,0,0,0,0,0,0,5.92578560113907,0,0,0,0,0,81.9930851459503,0,0,0,0,0,70.3553478717804,0,0,0,0,1831.77405649424,0,0,0,0,0,0,0,0,0,0,0,0,0,0,0,565.185897529125,0,0.595080316066742,0,225.803094834089,0,26.467743948102,0,0
0,0,0,0,285.621154204011,0,0,0,0,0,1052.72218473256,0,0,0,0,0,0,0,0,0,0,0,0,0,0,0,0,0,0,0,0.56314443051815,0,0,0,0,0,1648.6924020648,0,225.818052470684,0,0,0,0,0,0,0,6.40300250053406,0,0,0,137.164455860853,0,0,0,0,0,54.5455026626587,0,0,0,0,0,0,1012.9166239351,0,0,0,0,0,0,0,0,0,3.76937094330788,0,0,0,0,0,506.247784078121,0,129.745207548141,704.938532352448,71.5744743347168,133.541328638792,0,1.08716607093811
0,0,0,0,0,0,0,0,0.573633909225464,0,0,0,0,0,0,0,42.4542534947395,562.505002737045,9.02709592878819,0,0,0,174.960399627686,138.858613759279,0,5,0,5,0,0,0,0,0,0,0,0,0,1229.38948914409,0,0,0,0,0,0,0,0,0,0,0,550.000751927495,0,0,0,0,0,0,0,0.621781229972839,0,0,0,0,0,0,3114.12539065629,79.0230541229248,171.968267530203,0,0.267775237560272,0,98.2135179340839,0,1.90458080172539,0,0,0,0,0,0,0.219686552882195,606.028779938817,0,805.422754839063,39.4401401281357,0.436787307262421,0,0
0,0,0,0,0,0,0,0,0,0,0,0,0,0,0,0,320.594271749258,3.35641473531723,4.69935208559036,0,0,174.960399627686,0,0,31.8249378800392,0,0,0,29.075742661953,0,0,0,0,0,0,0,0,0,677.105561032891,0,0,0,0,0,0,0,0,0.22672875225544,203.299003973603,0,0,0,0,0,0,0,0,0,0,0,0,0,0,0,6.67707085609436,2042.64551489055,0,82.4096325188875,0,53.0150952339172,0,65.1880557835102,0,0,0,0,0,0,0,0,0,933.587846800685,222.547066062689,0.498314768075943,3.0211094468832,0,0
0,0,0,0,0,0,0,0,0,74.6205962598324,0,0,0,0,0,0,2.36399544775486,29.3302388936281,0.830748379230499,0,0,138.858613759279,0,0,0,4,0,0,0,0,0,0,0,0,0,0,0,727.018344432116,0,0,0,0.875668108463287,0,0,0,0,0,0,0,6.61569380760193,0,0,0,0,0,48.4118890464306,0,0,0,0,0,0,0,0,302.619334191084,0,324.850901901722,0,0,0,0,0,0,0,0,0,0,0,0,0,502.331846475601,0,270.373461052775,0.15872411429882,273.021524190903,0,0
0,0,0,0,0,0,0,0,0,0,0,0,0,0,0,0,43.3685227036476,5.79737201333046,1.83506214618683,0,0,0,31.8249378800392,0,0,0,6,0,0,0,0,0,0,0,0,0,0,0,316.038047343493,0,0,0,15.6548002660275,0,0,0,0,0.512858271598816,189.824032232165,0,0,0,0,0,30.7618555128574,0,0,0,0,0,3.32364791631699,0,0,0,0,56.6798737943172,0,247.5854575634,0,94.697912633419,0,7.25677597522736,0,0,0,0,0,0,0,0,0,41.7816641777754,96.8627247214317,0,177.862107500434,0,0
0,0,0,0,0,0,0,0,0,0,0,0,0,0,0,0,5.10600171983242,869.933760285378,3.1016480922699,0,0,5,0,4,0,0,0,52.0468860268593,0,0,0,0,0,0,0,0,0,0,0,0,0,0,0,0,0,0,0,0,0,0,0,0,0,0,0,0,0,0,0,0,0,0,0,0,0,0,12.6248625516891,0,129.070768356323,0,28.2592467963696,0,0,0,0,0,0,0,0,0,0,0,43.0406168699265,0,0,0,0
0,0,0,0,0,0,0,0,0,0,0,0,0,0,0,0,142.729717195034,3.14952516555786,3.53671717643738,0,0,0,0,0,6,0,0,0,1,0,0,0,0,0,0,0,0,0,0,0,0,0,0,0,0,0,0,0,0,0,0,0,0,0,0,0,0,0,0,0,0,0,0,0,0,0,0,0,0,1,0,0,0,0,0,0,0,0,0,0,0,0,22.0605441331863,0.578155785799026,0,0,0
0,0,0,0,0,0,0,0,0,0,0,0,0,20.5396647453308,0,0,0,5.76544284820557,0,0,0,5,0,0,0,52.0468860268593,0,0,0,157.630523443222,0,0,0,0,0,0,0,40.4170069694519,0,0,0,0,0,0,0,0,0,0,0,0,0,0,0,0,0,0,0,0,0,11.2519903182983,0,0,0,0,0,0,0,0,19.0216633081436,0,141.374963402748,0,0,0,0,0,0,0,0,0,0,0,0,0,0,0,0
0,0,0,0,0,0,0,0,0,0,0,0,0,0,0,0,0,0,0,0,0,0,29.075742661953,0,0,0,1,0,0,0,3,0,0,0,0,0,0,0,51.6655788421631,0,0,0,0,0,0,0,0,0,4.06229484081268,0,0,0,0,0,0,0,0,0,0,0,0,0,0,0,0,0,0,0,0,0,0,299.378666117787,0,0,0,0,0,0,0,0,0,4.88010993599892,0,0,0,0,0
0,0,0,0,0,0,0,0,0,0,0,0,0,0,0,0,0,0,0,0,0,0,0,0,0,0,0,157.630523443222,0,0,0,0,0,0,0,0,0,20.5055374503136,0,0,0,0,0,0,0,0,0,0,0,0,0,0,0,0,0,0,0,2.43570631742477,0,0,0,0,0,0,0,0,0,0,0,0,0,0,314.842984750867,0,0,0,0,0,0,0,0.570500463247299,0,0,0,0,0,0
0,0,0,0,0,0,0,0,0,0,29.9053543359041,0,0,0,0,0,0,0,0,0,0.56314443051815,0,0,0,0,0,0,0,3,0,0,0,0,0,0,0,0,0,474.717987537384,0,0,0,0,0,0,0,0,0,0,0,0,0,0,0,0,0,74.2191827148199,0,0,0,0,0,0,4.9404539167881,0,0,0,0,0,0,0,0,0,159.344986602664,0,0,0,0,0,0,0,2.25197863578796,0,0,2.25963890552521,0,0
0,0,0,0,0,0,0,0,0,0,0,0,0,0,0,0,0,0,0,0,0,0,0,0,0,0,0,0,0,0,0,0,219.018123149872,175.970628969371,0,53.8007794618607,0,0,0,0,0,0,0,0,0,0,0,1169.13925871253,0,0,0,0,0,0,0,0,0,0,0,0,0,0,0,0,0,0,0,0,0,0,0,0,0,0,1614.22097735107,103.460691213608,53.6720563024282,0,95.2496410012245,25.7295455634594,0,0,694.101265996695,0,0,0,0
0,0,0,0,0,0,0,0,0,0,0,0,0,0,0,0,0,0,0,0,0,0,0,0,0,0,0,0,0,0,0,219.018123149872,0,1.88203346729279,32.4923393055797,1,166.936993926764,0,0,0,0,0,0,0,0,0,0,224.963585197926,0,0,0,0,0,0,0,0,0,0,0,0,0,0,0,0,0,0,0,0,0,0,0,0,0,0,62.5129035115242,498.654700294137,7.81003062427044,18.0309104025364,0,471.523783385754,0,0,11.6255397796631,0,0,0,0
0.244901090860367,0,0,0,0,0,0,0,0,0,0,0,0,0,0,0,0,0,0,0,0,0,0,0,0,0,0,0,0,0,0,175.970628969371,1.88203346729279,0,1081.40751558542,892.30033865571,0,70.6539543867111,3.33037516474724,0,0,0,9.32112556695938,0,0,0,0,3577.48771095276,158.58316475153,30.0165829062462,0,0,0,0,0,0,0,0,0,0,0,0,0,0,0,0,0,0,0,0,0,0,0,0.36924546957016,240.201318815351,27.186472684145,2944.69076898694,267.111887276173,62.5825960189104,13.5301833152771,32.5153239369392,40.7841352820396,309.163696587086,103.20894908905,15.7667610645294,0,0
0,0,0,0,0,0,0,0,0,0,0,0,0,0,0,0,0,0,0,0,0,0,0,0,0,0,0,0,0,0,0,0,32.4923393055797,1081.40751558542,0,0,484.028278499842,2.09153720736504,109.223552107811,0,0,3.91287964582443,0,0,0,0,0,1639.45105738938,15.8130058050156,2.78710603713989,0,0,0,0,0,0,0,0,0,0,0,0,0,0,0,0,0,0,0,0,0,0,0,0,7.22575950622559,206.782725706697,131.530888438225,1083.98150625825,0,57.6423184946179,0,113.339675784111,78.3268952667713,0,0.266824275255203,0,0
0,0.851820707321167,0,0.43825951218605,0,71.6471848785877,0,0,0,0,0,101.69067800045,0,0,0,0,0,0,6.58216358721256,1970.37274312973,0,0,0,0,0,0,0,0,0,0,0,53.8007794618607,1,892.30033865571,0,0,863.321544796228,889.316608428955,0,2.95977759361267,0,3.76127219200134,0,4.08197176456451,0,1.78067462146282,0,495.582599043846,0,50.1281920075417,0,14.6641380488873,0,0,0,0,0,0.272316873073578,0,0,0,0,1076.71675747633,0,0,0,0,0,0,0,0,0,0,0,46.3952070623636,0,554.58727774024,0,14031.8732600659,852.273776769638,73.7026362419128,0,2277.22831648588,330.575656175613,117.647311851382,0.265579491853714,0
0,0,0.477573424577713,0.686978995800018,7.06600522994995,0,0,0,0,0,457.844004809856,0,0,0,0,0,0,0,0.235854536294937,0,1648.6924020648,0,0,0,0,0,0,0,0,0,0,0,166.936993926764,0,484.028278499842,863.321544796228,0,0,1333.06153158844,0,0,0,0,0,0.723462760448456,0,20.4765668213367,90.4773708879948,4.97027738392353,0,6.96858289837837,0,0,0,0,0,0,0,0,0,0,0,0,357.359573349357,0,0,0,0,0,0,0,0,0,0,0.423793703317642,68.4882548004389,0,55.9305678233504,246.508423954248,12606.2815625966,0,262.196844264865,1415.40860906243,206.100474983454,254.908072978258,0,0
0,0,0,0,0,0,0,0,0,405.102165997028,0,328.417819499969,0,0,0,0,0,0,0.209193140268326,132.526196718216,0,1229.38948914409,0,727.018344432116,0,0,0,40.4170069694519,0,20.5055374503136,0,0,0,70.6539543867111,2.09153720736504,889.316608428955,0,0,156.510328352451,0,0,0.483380913734436,1.1946088373661,0,0,1.06222468614578,0,273.597064197063,5.86591339111328,454.532245606184,0,0,0,0,0,206.906203404069,0,7.75182981789112,0,0,0,0,11.138858705759,0,107.602197542787,0,286.4777123034,0,0,0,41.4983259290457,0,12.4676516354084,0,0,0,78.682120859623,0.947127282619476,727.556971222162,0,5476.20989580452,160.751975774765,1328.18397286534,25.978462934494,245.801313713193,0,0
0,0,0,0,0,0,0,0,266.267760410905,0,1694.25421208143,0,0,0,0,0,0,0,0.964072644710541,0,225.818052470684,0,677.105561032891,0,316.038047343493,0,0,0,51.6655788421631,0,474.717987537384,0,0,3.33037516474724,109.223552107811,0,1333.06153158844,156.510328352451,0,0,0,6.24112516641617,24.6148726791143,0,0,0,7.09460288286209,764.937239438295,210.328277647495,2.66767448186874,0,0,0,0,67.6954397857189,0,67.289194047451,0,0,0,0,0,0,13.1070324480534,0,222.995543137193,0,279.065650701523,0,0,0,0,0,230.601420879364,0,0,0,35.1108967065811,0,1137.80210669339,0,5807.69378621876,765.745335876942,29.2888477444649,381.872337937355,0,0
0,0,0,10.1887941211462,0,15.5089655518532,0,0,0,0.288685590028763,0,0,0,0,0,0,10.2076108306646,15.7106279805303,200.156709387898,0,0,0,0,0,0,0,0,0,0,0,0,0,0,0,0,2.95977759361267,0,0,0,0,0.378549337387085,878.841452375054,6.87412130832672,40.3074718117714,1.66462993621826,97.4606148153543,0.311392694711685,15.005321264267,0,125.160364925861,3.02710127830505,0.247255861759186,0,0,0,1.18065819144249,0,6.11737954616547,0,0.249612346291542,0,0,77.2312970757484,0.54090216755867,0,0,0,0,0,0,0,0,33.3208650350571,0.892758965492249,0,0,0,0,358.506007134914,12.0453712940216,42.3758118152618,1.75020618736744,91.2227455824614,0.237127929925919,400.089332565665,13.6894130706787,0.178085878491402
2.78003394603729,0,3.44359382987022,0,1.35587854683399,0,0,0,0.539429783821106,0,0,0,0,0,0,0,12.9137990474701,8.28776462376118,196.679310306907,0,0,0,0,0,0,0,0,0,0,0,0,0,0,0,0,0,0,0,0,0.378549337387085,0,0.644852519035339,608.011837393045,0,13.1303369402885,0,87.0934110432863,12.3218427598476,67.600127607584,0.123090997338295,0,0,0,0,0,0,2.51049408316612,0,0,0,0,0,0.39660581946373,10.2436789125204,0,0,0,0,0,0,0,0,0,41.2980999052525,0,0,0,0,3.08383475244045,111.804255641997,4.71278408169746,87.8074856698513,28.1269817501307,0,212.199526175857,0,42.941738948226
1.71014608442783,228.069566942751,0.368080452084541,148.482422485948,0,48.7342518568039,0,0,0,29.064203903079,0,0,0,0,0,0,21.5315439850092,47.4897747561336,1032.87109671533,0,0,0,0,0.875668108463287,0,0,0,0,0,0,0,0,0,0,3.91287964582443,3.76127219200134,0,0.483380913734436,6.24112516641617,878.841452375054,0.644852519035339,0,168.689602218568,232.944790929556,0.280620485544205,245.623117923737,1.77061508595943,307.706911087036,120.796468302608,576.704403474927,0,9.57804262638092,0,0,0,5.18443791568279,0,611.316154852509,0,0.167602032423019,0,0,412.047209501266,6.71588169038296,0,0.615133658051491,0.390994638204575,1.29643115401268,0,0,6.24937558174133,0,861.11022721231,0.545975536108017,0,0,0,2.9186840057373,2618.47273089737,25.2014071792364,761.667737603188,21.15256755054,2155.20082144439,2.05194240808487,4028.65046936274,1356.0423527807,1.35710799694061
64.0047529637814,0.289840459823608,91.778162047267,1.45488712191582,8.04784741997719,0,0,0,62.7828986048698,0,0,0,0,0,0,0,84.9021978750825,41.1389896422625,1393.89954020083,0,0,0,0,0,15.6548002660275,0,0,0,0,0,0,0,0,9.32112556695938,0,0,0,1.1946088373661,24.6148726791143,6.87412130832672,608.011837393045,168.689602218568,0,9.92500525712967,101.18278208375,5.57530963420868,194.635768480599,98.0656662881374,312.779036685824,10.644081890583,8.76273831725121,0,0,0,2.42232668399811,0,261.287985056639,2.07580554485321,0.239305332303047,0,0,0,4.73838048428297,650.089389890432,0,0.171276956796646,0,20.45274913311,0,0,0,0,6.08700252324343,524.428513154387,0,0,1.67582714557648,0,48.1296512186527,2800.65034908056,10.1064070612192,605.59138866514,1306.49611450732,4.54646581411362,6107.69033977389,1.80169689655304,1342.74435022473
0,0,0,0.958607211709023,0,0.211900725960732,0,0,0,2.05587911605835,0,0,0,0,0,0,13.0676950961351,22.4718342870474,482.457011215389,0,0,0,0,0,0,0,0,0,0,0,0,0,0,0,0,4.08197176456451,0,0,0,40.3074718117714,0,232.944790929556,9.92500525712967,0,0,56.9221401363611,0.368966460227966,0.882998883724213,0,3.29478798806667,0,0,0,0,0,0.252478033304214,0,16.4568170160055,0,0,0,0,26.3773111402988,2.6352581679821,0,0,0,0,0,0,0,0,105.074349164963,3.16775894165039,0,0,0,0,810.893604293466,18.2509043738246,322.764746040106,1.12597118318081,63.9226466864347,0,248.362673655152,15.3076296448708,0
0,0,3.68501758575439,0,0.240893766283989,0,0,0,0,0,0,0,0,0,0,0,6.923005387187,13.208233743906,112.960083693266,0,0,0,0,0,0,0,0,0,0,0,0,0,0,0,0,0,0.723462760448456,0,0,1.66462993621826,13.1303369402885,0.280620485544205,101.18278208375,0,0,2.04051470756531,17.0203055292368,0,0.266476511955261,0,0,0,0,0,0,0,2.93613809347153,0,0,0,0,0,0.757364958524704,48.4646683335304,0,0,0,0,0,0,0,0,0.516980469226837,12.0325657725334,0,0,0,0,1.92374157905579,250.95517320931,0.225980624556541,64.2989314496517,19.8942339718342,1.45461273193359,82.213232383132,0,4.83610437810421
0,0,0,22.6314472705126,0,25.9852687269449,0,0,0,0.275290280580521,0,2.63283324241638,0,0,0,0,13.5803062617779,10.7813814505935,328.416805662215,5.92578560113907,0,0,0,0,0,0,0,0,0,0,0,0,0,0,0,1.78067462146282,0,1.06222468614578,0,97.4606148153543,0,245.623117923737,5.57530963420868,56.9221401363611,2.04051470756531,0,0.671100437641144,1.55668869614601,0,49.7724238187075,0,5.85664865374565,0,0,0,2.96554973721504,0,110.682960838079,0,0.757061779499054,0,0,791.761252574623,0.374357327818871,0,0,0,0,0,0,2.08078637719154,0,592.483842015266,0,0,0,0,0,1459.92200855166,11.6061379685998,474.111978426576,2.48348486423492,107.960164144635,1.46896979212761,890.47413803637,4.42742589116096,1.78221759200096
0,0,37.3720371425152,0,30.4367761909962,0,0,0,0,0.278714686632156,2.61490467190742,0,0,0,0,0,9.63182711601257,11.1835446506739,128.8357937783,0,6.40300250053406,0,0,0,0,0,0,0,0,0,0,0,0,0,0,0,20.4765668213367,0,7.09460288286209,0.311392694711685,87.0934110432863,1.77061508595943,194.635768480599,0.368966460227966,17.0203055292368,0.671100437641144,0,12.1515151262283,75.4347499087453,0,11.7626979351044,0,0,0,0,0,98.5909397751093,0,0,0,0,0,1.37959671020508,758.516494184732,0,0,0,0,0,0,0,0,0,136.789584681392,0,0,0,0,2.35804706811905,1268.62035042048,0.691895246505737,460.37223111093,49.3733547851443,0.243248611688614,1007.44034409523,0,4.73028185963631
1.34357164800167,2.4496705532074,0.457145556807518,0.516739726066589,0,0,0,0,0.288951873779297,0,0,0,0,0,0,0,1.9721405506134,0,28.2991631180048,0,0,0,0.22672875225544,0,0.512858271598816,0,0,0,0,0,0,1169.13925871253,224.963585197926,3577.48771095276,1639.45105738938,495.582599043846,90.4773708879948,273.597064197063,764.937239438295,15.005321264267,12.3218427598476,307.706911087036,98.0656662881374,0.882998883724213,0,1.55668869614601,12.1515151262283,0,2703.76165962219,1116.00359097123,0,0,0,0,0,0,0,1.07666301727295,0,0,0,0,0,0,0,0.532236218452454,0,2.67149771749973,0,0,0,0,7.6307829618454,0.95301154255867,1878.51343926787,1571.55626799166,763.418763786554,1533.7424864471,3335.05307631195,4191.26434648037,402.840830311179,487.508766412735,1277.4373883903,17.5713794529438,1482.11933732033,0,0
136.385053634644,1.2030123770237,329.355714067817,0,0.163811400532722,0,0,0,2.74796146154404,0.207054316997528,0,0,0,0,0,0,0.449212700128555,2.1699196100235,8.33828604221344,0,0,0,203.299003973603,0,189.824032232165,0,0,0,4.06229484081268,0,0,0,0,158.58316475153,15.8130058050156,0,4.97027738392353,5.86591339111328,210.328277647495,0,67.600127607584,120.796468302608,312.779036685824,0,0.266476511955261,0,75.4347499087453,2703.76165962219,0,161.192240670323,4.31148791313171,0,0,0,9.49150359630585,0,0.604646250605583,0,0,0,0,0,0,1.32050646841526,0,147.043450325727,0,303.099245175719,0,2.68192800879478,0,68.9212215840816,0.38448503613472,31.1020491570234,0,0,6.62542164325714,56.3355419039726,4.38977110385895,384.820090055466,1.27733159065247,1219.09860964119,834.831219553947,0,1209.22888416797,0.191144853830338,0.776229470968246
0,236.972450256348,0,375.944277361035,0,14.1452461481094,0,0,0,6.71762979030609,0,0,0,0,0,0,0.465841501951218,1.37331409752369,31.5564157217741,0,0,550.000751927495,0,6.61569380760193,0,0,0,0,0,0,0,0,0,30.0165829062462,2.78710603713989,50.1281920075417,0,454.532245606184,2.66767448186874,125.160364925861,0.123090997338295,576.704403474927,10.644081890583,3.29478798806667,0,49.7724238187075,0,1116.00359097123,161.192240670323,0,0,2.28070358932018,0,0,0,8.97491192817688,0,179.958997115493,0,48.6735485196114,0,5.96940763294697,2.59230035543442,0.703706443309784,263.357959017158,0.176022782921791,203.140541702509,0,36.6676989495754,0,240.336160361767,0,170.875122740865,0,0,0,9.8063679933548,12.5517024993896,167.514049217105,7.54066176712513,956.704413220286,22.1587540358305,377.159418538213,0,863.567607194185,11.4937449097633,0
18.1272995173931,0,315.489692747593,0,225.551391154528,0,45.1971964836121,0,44.1369645297527,0,0,0,0,0,0,0,0.194153681397438,0,2.93357434868813,0,137.164455860853,0,0,0,0,0,0,0,0,0,0,0,0,0,0,0,6.96858289837837,0,0,3.02710127830505,0,0,8.76273831725121,0,0,0,11.7626979351044,0,4.31148791313171,0,0,0,3.78303170204163,0,50.5891525745392,0,46.4540601670742,0,202.708319500089,0,52.0910269021988,0,0,10.6538483202457,0,0,0,0,0,0,0,0,0,1.27668572962284,0,0,0,0,0,139.985912442207,0,0.948566570878029,106.212779670954,1.54096707701683,610.609062239528,0,0.159323781728745
0,0,0,40.4404403269291,0,83.3090699315071,0,0,0,67.5389593839645,0,0,0,0,0,1.32861989736557,0,0,3.82772490382195,81.9930851459503,0,0,0,0,0,0,0,0,0,0,0,0,0,0,0,14.6641380488873,0,0,0,0.247255861759186,0,9.57804262638092,0,0,0,5.85664865374565,0,0,0,2.28070358932018,0,0,0,35.5825348198414,0,108.845461428165,0,50.2162012755871,0,49.9011681973934,0,105.52218234539,73.2970378994942,0,0,0,0,0,0,0,0,0,0,0,0,0,0,0,275.069121718407,0.532893240451813,0.712109863758087,0,50.2509152442217,0,215.987134560943,0,0
0,0,0,0,6.67558145523071,0,78.9865124225616,0,0,0,0,0,0,0,0,0,0,0,0,0,0,0,0,0,0,0,0,0,0,0,0,0,0,0,0,0,0,0,0,0,0,0,0,0,0,0,0,0,0,0,3.78303170204163,0,0,0,0,0,93.6642882525921,0,0,0,0,0,0,0,0,0,0,0,0,0,0,0,0,0,0,0,0,0,0,0,0,0,184.160394906998,0,0,0,0
0,0,0,0,0,0,0,1,0,0,0,0,0,0,0,0,0,0,0,0,0,0,0,0,0,0,0,0,0,0,0,0,0,0,0,0,0,0,0,0,0,0,0,0,0,0,0,0,0,0,0,35.5825348198414,0,0,0,0,0,88.5236407518387,0,50.0784698724747,0,0,0,0,0,0,0,0,0,0,0,0,0,0,0,0,0,0,0,0,0,0,1,0,0,0,0
395.547000050545,0,232.808278501034,0,32.7008099555969,0,0,0,1466.56055699289,0,0,0,0,0,119.520344510674,0,44.1260249912739,3.18766681849957,4.93579491972923,0,0,0,0,0,30.7618555128574,0,0,0,0,0,0,0,0,0,0,0,0,0,67.6954397857189,0,0,0,2.42232668399811,0,0,0,0,0,9.49150359630585,0,50.5891525745392,0,0,0,0,0,0,0,0,0,260.235024914145,0,0,0,0,0,0,496.137402445078,0,0,0,0,0,0,0,0,0,0,0,0.226981922984123,0,116.730770885944,44.0025958418846,0,40.1117407083511,0,0
0,383.53893558681,0,469.277789592743,0,6.07466220855713,0,0,0,1063.85601454973,0,0,0,0,0,206.117463573813,0,0.764776527881622,2.65034806728363,0,0,0,0,48.4118890464306,0,0,0,0,0,0,0,0,0,0,0,0,0,206.906203404069,0,1.18065819144249,0,5.18443791568279,0,0.252478033304214,0,2.96554973721504,0,0,0,8.97491192817688,0,108.845461428165,0,0,0,0,0,0,0,0,0,252.308845713735,0.499543413519859,0,0,0,398.002580672503,0,0,0,0,0,0.350423902273178,0,0,0,0,0,3.0324779599905,0.446765959262848,170.985222622752,0,172.738790661097,0,55.8521014600992,0,0
0.564938724040985,0,44.320103302598,0,1.06193250417709,0,47.7660315334797,0,0,0,868.155329436064,0,5.37662649154663,0,0,0,1.21048352122307,1.00643256306648,20.1436330229044,0,54.5455026626587,0,0,0,0,0,0,0,0,0,74.2191827148199,0,0,0,0,0,0,0,67.289194047451,0,2.51049408316612,0,261.287985056639,0,2.93613809347153,0,98.5909397751093,0,0.604646250605583,0,46.4540601670742,0,93.6642882525921,0,0,0,0,0,654.825841471553,0,0,0,0.129233449697495,692.48090288043,0,0,0,0,0,0,0,0,0,925.158527925611,0,0,0,0,0.568998754024506,14.4616823494434,0,5.92539200186729,39.8099391460419,0,726.102896586061,0,71.8176544159651
0,9.18008621037006,0,45.0515862703323,0,0.318495184183121,0,0,0,2.68722850084305,0,1264.5171918273,0,0,0,0.368733316659927,0.983738258481026,2.95401220023632,32.7621097117662,70.3553478717804,0,0.621781229972839,0,0,0,0,0,0,0,2.43570631742477,0,0,0,0,0,0.272316873073578,0,7.75182981789112,0,6.11737954616547,0,611.316154852509,2.07580554485321,16.4568170160055,0,110.682960838079,0,1.07666301727295,0,179.958997115493,0,50.2162012755871,0,88.5236407518387,0,0,0,0,0,477.710688278079,0,14.5712516158819,732.454471707344,0,5.61624065041542,0,5.40798738598824,0,0.704635262489319,0,852.067426204681,0,962.195921376348,0,0,0,0,0,229.351016193628,1.07700081169605,30.6878035366535,0.173027098178864,26.4413176476955,0.48515710234642,658.141805022955,140.472860753536,0
0,0,90.5145053565502,0,0.921059936285019,0,0,0,0,0,0,0,138.818279474974,0,70.2061042189598,0,0,0,0,0,0,0,0,0,0,0,0,0,0,0,0,0,0,0,0,0,0,0,0,0,0,0,0.239305332303047,0,0,0,0,0,0,0,202.708319500089,0,0,0,0,0,654.825841471553,0,0,0,84.9196070879698,0,0,0,0,0,0,0,0,0,0,0,0,0,0,0,0,0,0,0.640917420387268,0,0,0,0,38.1996625065804,0,0
0,3.09822680056095,0,8.54516762495041,0,0,0,0,0,0,0,8.46031314134598,0,142.177671074867,0,11.5945741981268,0,0.126821294426918,0,0,0,0,0,0,0,0,0,11.2519903182983,0,0,0,0,0,0,0,0,0,0,0,0.249612346291542,0,0.167602032423019,0,0,0,0.757061779499054,0,0,0,48.6735485196114,0,49.9011681973934,0,50.0784698724747,0,0,0,477.710688278079,0,0,0,383.161486387253,2.2567190527916,0,0,0,1.95447021722794,0,20.4932465553284,0,154.197953939438,0,0,0.201075345277786,0,0,0,0,0.843085289001465,0,0,0,3.19161453843117,0,5.42943416535854,0,0
17.7690815329552,0,5.41219818592072,0,10.6953866183758,0,0,0,162.436087995768,0,0,0,0,0,110.245244264603,0,41.3237960040569,0,0,0,0,0,0,0,3.32364791631699,0,0,0,0,0,0,0,0,0,0,0,0,0,0,0,0,0,0,0,0,0,0,0,0,0,52.0910269021988,0,0,0,260.235024914145,0,0,0,84.9196070879698,0,0,0,0,0,0,0,0,100.083719998598,0,14.9032031297684,0,0,0,0,0,0,0,0,0,0,0,0,2.80996200442314,0,37.2643665969372,0,0
0,24.5417849719524,0,52.3838997781277,0,0,0,0,0,106.781152412295,0,0,0,0,0,233.519060850143,0,0,0,0,0,0,0,0,0,0,0,0,0,0,0,0,0,0,0,0,0,0,0,0,0,0,0,0,0,0,0,0,0,5.96940763294697,0,105.52218234539,0,0,0,252.308845713735,0,14.5712516158819,0,383.161486387253,0,0,0,0,0,0,64.4468304514885,0,4,0,0,0,0,0,0,0,0,0,0,0,0,0,2,0,20.7005551457405,0,0
0,0,0,1.84514753520489,0,83.7315822392702,0,0,0,0,0,651.710285305977,0,0,0,0,22.4259182363749,25.4848308041692,258.40931096673,1831.77405649424,0,0,0,0,0,0,0,0,0,0,0,0,0,0,0,1076.71675747633,0,11.138858705759,0,77.2312970757484,0.39660581946373,412.047209501266,4.73838048428297,26.3773111402988,0.757364958524704,791.761252574623,1.37959671020508,0,0,2.59230035543442,0,73.2970378994942,0,0,0,0.499543413519859,0.129233449697495,732.454471707344,0,2.2567190527916,0,0,0,2.79167146235704,0,0,0,0,0,0,4.63162939250469,0,720.737472034991,0.22445997595787,0,0,0,0,3450.44008779526,14.7185910120606,643.616841167212,1.38911505043507,318.054793447256,0,689.465261653066,53.5111394226551,0.226077616214752
2.87186503410339,0.314328163862228,4.67855569720268,0,13.1430072188377,0,0,0,0,0.678052261471748,138.708992436528,0,0,0,0,0,49.0483058840036,40.5447651818395,522.670251578093,0,1012.9166239351,0,0,0,0,0,0,0,0,0,4.9404539167881,0,0,0,0,0,357.359573349357,0,13.1070324480534,0.54090216755867,10.2436789125204,6.71588169038296,650.089389890432,2.6352581679821,48.4646683335304,0.374357327818871,758.516494184732,0,1.32050646841526,0.703706443309784,10.6538483202457,0,0,0,0,0,692.48090288043,0,0,0,0,0,2.79167146235704,0,0,0,0,0,0,0,0,0,0.91253425180912,463.937928527594,0,0,0,0,16.0964026674628,3285.73970512301,1.29548087716103,631.932726889849,417.515251964331,8.03231287002563,1208.94793664664,0.852955758571625,35.8691483139992
0,0,0,0,0,0,0,0,0,0,0,0,0,0,0,0,0,82.2700445652008,0,0,0,3114.12539065629,6.67707085609436,302.619334191084,0,0,0,0,0,0,0,0,0,0,0,0,0,107.602197542787,0,0,0,0,0,0,0,0,0,0,0,263.357959017158,0,0,0,0,0,0,0,5.61624065041542,0,0,0,0,0,0,0,0,106.92908783257,0,21.9867417067289,0,578.958596199751,0,0,0,0,0,0,0,0,0,252.418966397643,0,166.490043133497,12.1847223043442,11.1782327890396,0,0
0,0,0,0,0,0,0,0,0,0,0,0,0,0,0,0,35.9473420381546,0,0,0,0,79.0230541229248,2042.64551489055,0,56.6798737943172,0,0,0,0,0,0,0,0,0,0,0,0,0,222.995543137193,0,0,0.615133658051491,0.171276956796646,0,0,0,0,0.532236218452454,147.043450325727,0.176022782921791,0,0,0,0,0,0,0,0,0,0,0,0,0,0,0,0,0,189.867535814643,0,0,0,6.32093989849091,0,0,0,0,0,0,0,0,0,640.233092948794,70.6589522957802,0,26.033633261919,0,0
0,0,0,0,0,0,0,0,0,22.539500951767,0,0,0,0,0,0,0,0,0,0,0,171.968267530203,0,324.850901901722,0,12.6248625516891,0,0,0,0,0,0,0,0,0,0,0,286.4777123034,0,0,0,0.390994638204575,0,0,0,0,0,0,0,203.140541702509,0,0,0,0,0,398.002580672503,0,5.40798738598824,0,1.95447021722794,0,64.4468304514885,0,0,106.92908783257,0,0,0,579.019223481417,0,154.856482595205,0,0,0,0,0,0,0,0,0,427.030903965235,0,114.011166244745,0,622.089756041765,0,0
0,0,0,0,0,0,0,0,0.996671766042709,0,0,0,0,0,0,0,0.64287406206131,0,0,0,0,0,82.4096325188875,0,247.5854575634,0,0,0,0,0,0,0,0,0,0,0,0,0,279.065650701523,0,0,1.29643115401268,20.45274913311,0,0,0,0,2.67149771749973,303.099245175719,0,0,0,0,0,496.137402445078,0,0,0,0,0,100.083719998598,0,0,0,0,189.867535814643,0,0,0,124.010714888573,0,59.5621929466724,0,0,0,0,0,0,0,0,0,525.115345463157,14.4144622087479,0,457.88821144402,0,0
0,0,0,0,0,0,0,0,0,2.38183581829071,0,0,0,0,0,0,8.63133907318115,372.378101766109,4.39371213316917,0,0,0.267775237560272,0,0,0,129.070768356323,0,19.0216633081436,0,0,0,0,0,0,0,0,0,0,0,0,0,0,0,0,0,0,0,0,0,36.6676989495754,0,0,0,0,0,0,0,0.704635262489319,0,20.4932465553284,0,4,0,0,21.9867417067289,0,579.019223481417,0,0,0,210.748513400555,0,0,0,0,0,0,0,0,0,0,0,36.4217526465654,0,0.72115957736969,0,0
0,0,0,0,0,0,0,0,0,0,0,0,0,0,24.1341049671173,0,5.99155825376511,0,0,0,0,0,53.0150952339172,0,94.697912633419,0,1,0,0,0,0,0,0,0,0,0,0,0,0,0,0,0,0,0,0,0,0,0,2.68192800879478,0,0,0,0,0,0,0,0,0,0,0,14.9032031297684,0,0,0,0,0,0,124.010714888573,0,0,0,431.995869517326,0,0,0,0,0,0,0,0,0,0,0.346448749303818,0,0.975525468587875,0,0
0,0,0,0,0,0,0,0,0,0,0,0,0,0,0,0,0,0.206883937120438,0.437816709280014,0,0,98.2135179340839,0,0,0,28.2592467963696,0,141.374963402748,0,0,0,0,0,0,0,0,0,41.4983259290457,0,0,0,6.24937558174133,0,0,0,2.08078637719154,0,0,0,240.336160361767,0,0,0,0,0,0,0,852.067426204681,0,154.197953939438,0,0,4.63162939250469,0,578.958596199751,0,154.856482595205,0,210.748513400555,0,0,0,264.458333611488,0,0,0,0,0,0,0,248.130882412195,0,0,0,46.0877155065536,0,0
0,0,0,0,0,0,0,0,0,0,0,0,0,0,0,0,0,0,0,0,0,0,65.1880557835102,0,7.25677597522736,0,0,0,299.378666117787,0,0,0,0,0,0,0,0,0,0,0,0,0,0,0,0,0,0,0,68.9212215840816,0,0,0,0,0,0,0,0,0,0,0,0,0,0,0,0,6.32093989849091,0,59.5621929466724,0,431.995869517326,0,0,0,1.77480506896973,0,0,0,0,0,0,0,175.83142054081,126.500730395317,0,0,0,0
0.186666965484619,0.503823548555374,0,2.28826926648617,0,0.688254594802856,0,0,0,0.597711503505707,0,28.936940908432,0,0,0,0,6.35127714276314,6.30003315210342,186.893348947167,0,0,1.90458080172539,0,0,0,0,0,0,0,314.842984750867,0,0,0,0,0,0,0,12.4676516354084,0,33.3208650350571,0,861.11022721231,6.08700252324343,105.074349164963,0.516980469226837,592.483842015266,0,7.6307829618454,0.38448503613472,170.875122740865,0,0,0,0,0,0.350423902273178,0,962.195921376348,0,0,0,0,720.737472034991,0.91253425180912,0,0,0,0,0,0,264.458333611488,0,0,1.38261711597443,0,0,0,0,125.28113912046,5.41508938372135,987.923632338643,0.892178907990456,53.6325688809156,0.270621240139008,763.968163773417,266.089707732201,0.763904586434364
0,0,5.35605482757092,0,0.522736355662346,0,0,0,0,0,16.1314471513033,0,0,0,0,0,9.43345011770725,7.83526939153671,94.1365234553814,0,3.76937094330788,0,0,0,0,0,0,0,0,0,159.344986602664,0,0,0.36924546957016,0,0,0,0,230.601420879364,0.892758965492249,41.2980999052525,0.545975536108017,524.428513154387,3.16775894165039,12.0325657725334,0,136.789584681392,0.95301154255867,31.1020491570234,0,1.27668572962284,0,0,0,0,0,925.158527925611,0,0,0.201075345277786,0,0,0.22445997595787,463.937928527594,0,0,0,0,0,0,0,1.77480506896973,1.38261711597443,0,0,0,0,0,2.33526603877544,45.0681134685874,0,509.774620175362,9.98081946372986,0.209900930523872,1163.79265478253,0.688353598117828,207.834064155817
0,0,0,0,0,0,0,0,0,0,0,0,0,0,0,0,0,0,0,0,0,0,0,0,0,0,0,0,0,0,0,1614.22097735107,62.5129035115242,240.201318815351,7.22575950622559,46.3952070623636,0.423793703317642,0,0,0,0,0,0,0,0,0,0,1878.51343926787,0,0,0,0,0,0,0,0,0,0,0,0,0,0,0,0,0,0,0,0,0,0,0,0,0,0,0,135.697432368994,210.002127796412,0,209.138294614851,83.0805785059929,0,0,648.132770165801,0,0,0,0
0,0,0,0,0,0,0,0,0,0,0,0,0,0,0,0,0,0,0,0,0,0,0,0,0,0,0,0,0,0,0,103.460691213608,498.654700294137,27.186472684145,206.782725706697,0,68.4882548004389,0,0,0,0,0,0,0,0,0,0,1571.55626799166,0,0,0,0,0,0,0,0,0,0,0,0,0,0,0,0,0,0,0,0,0,0,0,0,0,0,135.697432368994,0,16.9313347190619,368.306001976132,0,543.919193841517,0,0,145.008068352938,0,0,0,0
0,0,0,0,0,0,0,0,0,0,0,0,0,0,0,0,0,0,0,0,0,0,0,0,0,0,0,0,0,0,0,53.6720563024282,7.81003062427044,2944.69076898694,131.530888438225,554.58727774024,0,78.682120859623,0,0,0,0,1.67582714557648,0,0,0,0,763.418763786554,6.62542164325714,9.8063679933548,0,0,0,0,0,0,0,0,0,0,0,0,0,0,0,0,0,0,0,0,0,0,0,0,210.002127796412,16.9313347190619,0,58.9485447704792,15.8371345251799,2.13991159200668,267.631957933307,0,23.9963019490242,0,0.916150331497192,0,0
0,0,0,0,0,0,0,0,0,0,0,0,0,0,0,0,0,0,0,0,0,0,0,0,0,0,0,0,0,0,0,0,18.0309104025364,267.111887276173,1083.98150625825,0,55.9305678233504,0.947127282619476,35.1108967065811,0,0,2.9186840057373,0,0,0,0,0,1533.7424864471,56.3355419039726,12.5517024993896,0,0,0,0,0,0,0,0,0,0,0,0,0,0,0,0,0,0,0,0,0,0,0,0,0,368.306001976132,58.9485447704792,0,0.894389688968658,92.644382275641,0,69.8499999046326,14.2285127043724,0,1.87932923436165,0,0
0.218363761901855,60.6709326356649,0,25.2680981904268,0,254.732820630074,0,0,3.3758924305439,2.38726562261581,0,48.0293574333191,0,0,0,0,117.360967621207,164.414414413273,3151.4798341319,565.185897529125,0,0,0,0,0,0,0,0,0,0,0,95.2496410012245,0,62.5825960189104,0,14031.8732600659,246.508423954248,727.556971222162,0,358.506007134914,3.08383475244045,2618.47273089737,48.1296512186527,810.893604293466,1.92374157905579,1459.92200855166,2.35804706811905,3335.05307631195,4.38977110385895,167.514049217105,0,275.069121718407,0,0,0,3.0324779599905,0.568998754024506,229.351016193628,0,0.843085289001465,0,0,3450.44008779526,16.0964026674628,0,0,0,0,0,0,0,0,125.28113912046,2.33526603877544,209.138294614851,0,15.8371345251799,0.894389688968658,0,119.000217080116,1782.07531254739,8.49452628940344,1416.00825454295,376.52572375536,2273.44436883181,90.445351973176,4.76412926614285
