0,0,225.575183793902,30.8035883903503,18.243746638298,2.18744277954102,0,0,1112.16180577874,0,0,1.14151310920715,0,0,0,0,9.83290956914425,1.31133049726486,59.1317378506064,0,0,0,0,0,29.7815418764949,0,0,0,0,0,0,0,0,0,0,0,14.6249661743641,0.544103682041168,26.3169189840555,0,1.88444072008133,19.5545116961002,1499.08470204473,6.71506235003471,81.0807672515512,7.84194375574589,448.913003616035,0,60.4515388086438,3.209408223629,0,2.60557252168655,0,0,294.214328967035,0,0,5.2798076570034,0,0,121.199435114861,1.30668103694916,2.50951193273067,0,0,0,0,9.67403647303581,0,0,0.437406659126282,0,0.327271893620491,0,0,0,0,0,0,0,0,79.9776809364557,803.224248342216,59.6298428326845,1321.67929487675,0,3.84867389500141
0,0,0,104.754402987659,0,0.506728529930115,0,0,0,290.967228353024,0,0,0,0,0,213.114304795861,0.499954536557198,3.17969587445259,3.32277246564627,0,0,0,0,0.246979087591171,0,0,0,0,0,0,0,0,0,0,0,0,0,25.6536822766066,0,4.54588788747787,0,165.800026714802,0,4.58492408692837,0,60.6535150259733,0,0,0,334.960761293769,0,1.28175926208496,0,0,0,908.610897213221,0,19.5021359324455,0,81.0228420943022,0,943.60274861753,5.49552427977324,0,0,0,38.7419767156243,0,0,0,16.371568672359,0,14.4522912204266,0,0,0,0,0,0,0,15.1119023263454,0,103.171577513218,0,423.846870347857,0.542598694562912,0
225.575183793902,0,0,0,161.599708706141,0,0,0,434.318123400211,0,0,0,0,0,0,0,0.264935120940208,0,2.05237811803818,0,0,0,0,0,3.03190314769745,0,0,0,0,0,0,0,0,0,0,0,17.9485296159983,0,3.96801045536995,0,0,0,95.9000631272793,0,4.36926424503326,0,14.7752688974142,0,68.113556355238,0,83.2323161363602,0,0,0,351.698354333639,0,38.9482943415642,0,20.8843820989132,0,204.045833408833,0,0,3.39653992652893,0,0,0,0.567735254764557,0,0,0,0,0,0,0,0,0,0,0,0,0,1.12063793838024,478.566477105021,65.1012519448996,340.216598451138,0,0
30.8035883903503,104.754402987659,0,0,0,111.68957850337,0,0,2.20941042900085,107.411784619093,0,14.1122709214687,0,0,0,0,0,0.786287248134613,7.35514138638973,0,0,0,0,0,0,0,0,0,0,0,0,0,0,0,0,0.281109780073166,0,5.74540670216084,0,0.684036791324615,0,288.05017978698,2.34512776136398,55.9232753068209,0,66.7226569056511,0,0,0.544870018959045,47.147800758481,0,102.61473736167,0,0,0,12.5411289036274,0,220.317214548588,0,43.4031673371792,0,0,1.00678414106369,0,0,0,12.4490348696709,0,0,0,6.68278739601374,0,1.3022066950798,0,0,0,0,0,0,0,4.75209009647369,0,220.743395328522,1.83256548643112,523.187359429896,0,0
18.243746638298,0,161.599708706141,0,0,0,0,0,2.94491186738014,0,0,0,26.0578606128693,0,23.5592706203461,0,0,0,0,0,4,0,0,0,0,0,0,0,0,0,0,0,0,0,0,0,0,0,0,0,0,0,0,0,0,0,0,0,1.87204131484032,0,457.159597277641,0,0,0,5.41356086730957,0,4.02791380882263,0,5.95401287078857,0,72.6341640949249,0,0,1,0,0,0,0,0,0,0,0,0,0,0,0,0,0,0,0,0,0,571.404358714819,207.91738769412,2.98069640994072,0,0
2.18744277954102,0.506728529930115,0,111.68957850337,0,0,0,12.3044560849667,0,0.395637512207031,0,0,0,0,0,0,0,0,0,0,0,0,0,0,0,0,0,0,0,0,0,0,0,0,0,0,0,0,0,0,0,4.18427860736847,0,0.872170031070709,0,0,0,0,0,0,0,466.086362153292,0,0,0,0,0,242.281881213188,0,10.0557860732079,0,0,0,0,0,0,0,0,0,0,0,0,0.277245193719864,0,0,0,0,0,0,0,0,0,605.387108892202,204.464408487082,5.78408114612103,0,0
0,0,0,0,0,0,0,0,0,0,6.08799171447754,0,0,0,0,0,0,0,0,0,1,0,0,0,0,0,0,0,0,0,0,0,0,0,0,0,0,0,0,0,0,0,0,0,0,0,0,0,0,0,0,0,0,0,0,0,0,0,0,0,0,0,0,0,0,0,0,0,0,0,0,0,0,0,0,0,0,0,0,0,0,0,440.701298952103,0,0,0,0
0,0,0,0,0,12.3044560849667,0,0,0,0,0,0,0,0,0,0,0,0,0,0,0,0,0,0,0,0,0,0,0,0,0,0,0,0,0,0,0,0,0,0,0,0,0,0,0,0,0,0,0,0,0,0,0,0,0,0,0,127.976791381836,0,82.4720005989075,0,0,0,0,0,0,0,0,0,0,0,0,0,0,0,0,0,0,0,0,0,0,35.0858791470528,0,0,0,0
1112.16180577874,0,434.318123400211,2.20941042900085,2.94491186738014,0,0,0,0,0,0,0,0,0,160.116739720106,0,8.8024238049984,0.303849205374718,83.9667211398482,0,0,0,0,0,136.606493659317,0,123.610187441111,0,0,0,0,0,0,0,0,0,2.52867819368839,0.26721066236496,188.104020148516,0,1.45857988297939,2.31687849760056,275.942899093032,1.86534678936005,3.93438385426998,0.682703092694283,11.5110105276108,9.84009033441544,388.306306228042,0,0,0,0,0,728.614510804415,0,0,0,0,0,80.6343461573124,0,0.309208631515503,0,0,0,0.201409310102463,111.325607568026,0,38.8827190548182,0,0,0,0,0,0,0,0,0,0,0,137.171220332384,1126.03397835791,49.1626248210669,591.940502747893,0,7.60212844610214
0,290.967228353024,0,107.411784619093,0,0.395637512207031,0,0,0,0,0,0,0,0,0,22.6837414950132,0.382876083254814,15.3649363219738,2.86009345948696,0,0,0,0,90.9748159199953,0,1.11033616960049,0,0,0,0,0,0,0,0,0,0,0,10.5161956548691,0,2.74703355133533,0,236.428599067032,0,2.20049351453781,0,142.669486694038,0,0,0,19.8393869251013,0,2.01577717065811,0,0,0,231.879804491997,0,0,0,0,0,12.2264326810837,5.12038708478212,0,0,0,40.3766955137253,0,0,0,26.2237004935741,0,142.551153928041,0,0,0,0,0,0,0,17.8239123374224,0,320.797843590379,87.1990419924259,448.991607576609,0.654259666800499,0
0,0,0,0,0,0,6.08799171447754,0,0,0,0,0,0,0,0,0,0,0,0,0,333.265003561974,0,0,0,0,0,0,0,0,0,0,0,0,0,0,0,0,0,0,0,0,0,0,0,0,0,2.91665041446686,0,0,0,0,0,0,0,0,0,1466.87366178632,0,0,0,0,0,0,124.722654491663,0,0,0,0,0,0,0,185.007732450962,0,1.66922956705093,0,0,0,0,0,0,0,0,15.3550705909729,0,1091.2883310914,0,0
1.14151310920715,0,0,14.1122709214687,0,0,0,0,0,0,0,0,0,13.3496831655502,0,0,0,0,0,4208.04283174872,0,0,0,0,0,0,0,41.339666724205,0,94.9998717308044,0,0,0,0,0,0,0,213.675528287888,0,0,0,56.2169849872589,0,0,0,0,0,0,0,0,0,11.1616117358208,0,0,0,0,0,2866.65873804688,0,28.1114390790462,0,0,3.74183166027069,0,0,0,0,0,0,0,0,0,554.342357814312,0,0,0,0,0,0,0,0,0,9.96619844436646,0,126.950902670622,0,0
0,0,0,0,26.0578606128693,0,0,0,0,0,0,0,0,0,0,0,0,0,0,0,0,0,0,0,0,0,0,0,0,0,0,0,0,0,0,0,0,0,0,0,0,0,0,0,0,0,0,0,0,0,11.426607131958,0,0,0,0,0,35.3423643112183,0,157.093388319016,0,0,0,0,0,0,0,0,0,0,0,0,8.34425002336502,0,0,0,0,0,0,0,0,0,0,1151.64740741253,2893.35067814589,0,0,0
0,0,0,0,0,0,0,0,0,0,0,13.3496831655502,0,0,0,0,0,0,0,0,0,0,0,0,0,0,0,24.6468442082405,0,0,0,0,0,0,0,0,0,0,0,0,0,0,0,0,0,0,0,0,0,0,0,0,0,0,0,0,0,0,0,3021.13332349062,0,0,0,0,0,0,0,0,0,0,10.6399071216583,0,0,0,0,0,0,0,0,0,0,0,1.33015808463097,1954.79394087195,0,0,0
0,0,0,0,23.5592706203461,0,0,0,160.116739720106,0,0,0,0,0,0,0,5.5895562171936,0,0,0,0,0,0,0,36.1224966347218,0,179.582470864058,0,0,0,0,0,0,0,0,0,0,0.169055998325348,3.47421608865261,0,0,0,7.19532643258572,0,0,0,0,0.303788393735886,60.7255113571882,0,0,0,0,0,0.848170399665833,0,0,0,0,0,22.7735869586468,0,0,0,0,0,0,14.2727857083082,0,75.1704767644405,0,0,0,0,0,0,0,0,0,0,0,4.82885944843292,194.241448476911,10.9684157669544,18.8165075778961,0,0
0,213.114304795861,0,0,0,0,0,0,0,22.6837414950132,0,0,0,0,0,0,0,3.42055535316467,0,0,0,0,0,58.1975551396608,0,98.3947120457888,0,0,0,0,0,0,0,0,0,0,0,5.04211413860321,0,0,0,3.1381188929081,0,0.188659504055977,0,0,0,0.269750118255615,0,7.6904356777668,0,0,0,0,0,22.458793669939,0,1.95258349180222,0,0,0,30.9217284172773,0,0,0,0,31.8030788600445,0,0,0,0,0,0,0,0,0,0,0,0,0,4.63694593310356,0,147.142384245992,5.98466482758522,5.50979879498482,0,0
9.83290956914425,0.499954536557198,0.264935120940208,0,0,0,0,0,8.8024238049984,0.382876083254814,0,0,0,0,5.5895562171936,0,0,4447.42169670761,3040.47337666899,0,0,0,608.997042655945,0.838049829006195,337.999643929303,0,37.4213526248932,0,0,0,0,0,0,0,0,0,0,7.63820560276508,22.9645871222019,10.0800557881594,20.2322898954153,189.663972392678,515.592129901052,9.56911049038172,54.4139508157969,21.4740883558989,132.111954607069,22.1432757228613,11.8945386335254,4.01551325619221,0,0,0,0,18.3875438943505,0.200229704380035,0,0,0,0,0,0,1.38038907945156,0,0,60.0394291877747,1.38673843443394,286.804063394666,0,0,2.65151532739401,0,22.3835997954011,0,0,0,0,0,0,0,7.43050170689821,4.77411784231663,5988.10592950135,1844.58992103487,573.381653524935,9.1913863196969,136.867909640074
1.31133049726486,3.17969587445259,0,0.786287248134613,0,0,0,0,0.303849205374718,15.3649363219738,0,0,0,0,0,3.42055535316467,4447.42169670761,0,3011.65194546431,0,0,40.2112638950348,0,1.07806596159935,0,127.479598134756,0,0,0,0,0,0,0,0,0,0,0,0,0.685282647609711,104.101240321994,17.7646723762155,1836.06919748336,145.391396947205,63.4646202549338,5.9270896166563,746.594881646335,78.4986450076103,0,1.24511322379112,2.60207362473011,0,0,0,0,0,15.9341486245394,0,1.74207282811403,0,0.536620512604713,0,0,20.2325073182583,0,0,0,3.30402398109436,0,0,0,11.5177152082324,0,131.696495965123,0,0,0,0,0,0,0,49.6189797669649,0,10425.1990289688,3088.47787820548,1838.99013718218,95.3172145038843,26.8851069360971
59.1317378506064,3.32277246564627,2.05237811803818,7.35514138638973,0,0,0,0,83.9667211398482,2.86009345948696,0,0,0,0,0,0,3040.47337666899,3011.65194546431,0,0,0,0,0,0,44.8840144723654,0,0,0,0,0,0,0,0,0,0,0,0,0.724785879254341,34.451218560338,99.9668356776237,213.81887550652,965.83217689395,2675.9947181344,160.599668040872,333.433768250048,1643.6753789559,2413.41395183653,0,147.170046076179,9.42019504308701,0,1.68026661872864,0,0,143.366216287017,3.46987619996071,0,7.06433640420437,0,0.183727934956551,0,0,20.1352018564939,0,0,0,10.5010453313589,15.4973343759775,0,0,4.60643414407969,0,13.9280978292227,0,0,0,0,0,0,0.875580430030823,27.4020758122206,18.5669808834791,4916.4981815666,745.409962713718,3202.76498405635,64.6679585203528,463.690326705575
0,0,0,0,0,0,0,0,0,0,0,4208.04283174872,0,0,0,0,0,0,0,0,0,0,0,0,0,0,0,0,0,0,0,0,0,0,0,42.2676610648632,0,16.5053839683533,0,0,0,0,0,0,0,0,0,0,0,0,0,0,0,0,0,0,0,1036.12727800012,0,0,0,0,7173.82691389322,0,0,0,0,0,0,0,0,0,0,0,0,0,0,0,0,0,0,0,469.556319892406,0,111.036799907684,0,0
0,0,0,0,4,0,1,0,0,0,333.265003561974,0,0,0,0,0,0,0,0,0,0,0,0,0,0,0,0,0,0,0,0,0,0,0,0,0,123.218997478485,0,0,0,0,0,0,0,0,0,753.607477873564,0,0,0,0,0,0,0,0,0,164.222097218037,0,0,0,0,0,0,326.792949587107,0,0,0,0,0,0,0,0,0,0,0,0,0,0,0,0,0,0,25.2109395265579,0,1558.96769371629,0,0
0,0,0,0,0,0,0,0,0,0,0,0,0,0,0,0,0,40.2112638950348,0,0,0,0,940.758614063263,37.9133584797382,0,0,0,0,0,0,0,0,0,86.5005540847778,0.91840785741806,0,0,127.912858709693,15.6611843705177,0,0,0,0,0,0,0,0,0,0,900.562113791704,0,0,0,0,0,0,0,0,0,0,0,0,0,0,2962.41292712092,18.6542911529541,0,0,0,0,0,0,0,0,0,0,8.46437335014343,0,0,0,0,8.06216806173325,2555.87995412946,5500.2996160388,0,0,0
0,0,0,0,0,0,0,0,0,0,0,0,0,0,0,0,608.997042655945,0,0,0,0,940.758614063263,0,0.966979339718819,220.511236727238,0,0,0,0,0,0,0,0,3.04008717834949,0.142765939235687,0,0,25.2417894750834,534.697054281831,0,0,0,0,0,0,0,0,15.4978181198239,22.0936281681061,9.47574822604656,0,0,0,0,0,0,0,0,0,0,0,0,0,0,113.380152225494,2033.64182382822,3.32997994124889,16.1743674278259,0,0,0,0,0,0,0,0,0,0,0,0,82.5209078788757,215.511409014463,2425.32481189072,4618.17971120775,0,0,0
0,0.246979087591171,0,0,0,0,0,0,0,90.9748159199953,0,0,0,0,0,58.1975551396608,0.838049829006195,1.07806596159935,0,0,0,37.9133584797382,0.966979339718819,0,0.713875949382782,26.3947057276964,0,0,0,0,0,0,0,104.379953086376,0,0,0,265.430954173207,18.3598982989788,0,0,1.53968441486359,0,0,0,0,0,1.88270549476147,0,220.273934587836,0,0,0,0,0,3.50310289859772,0,0,0,0,0,4.00991049408913,0,0,18.3403970301151,1.60961194336414,669.869194224477,0.445301175117493,0,0,0,0,0.556499242782593,0,0,0,0,0,0,0,110.446169897914,5.2765578776598,585.650398477912,10.942756652832,16.766557097435,0,0
29.7815418764949,0,3.03190314769745,0,0,0,0,0,136.606493659317,0,0,0,0,0,36.1224966347218,0,337.999643929303,0,44.8840144723654,0,0,0,220.511236727238,0.713875949382782,0,0,9.22380968928337,0,0,0,0,0,0,0.200874820351601,0,0,0.149300247430801,31.5498146265745,131.008943364024,0,1.06388281285763,0,111.224647924304,0,0.303126782178879,0,4.18799570947886,54.4507327675819,78.3128523528576,15.7733143121004,0,0,0,0,87.8950583040714,0,0,0,0,0,38.5697455257177,0,0,0,0,256.863632395864,5.30098621547222,302.540993601084,0,12.8353984802961,0,0,0,0,0,0,0,0,0,0,30.0228057950735,22.5167370438576,645.143794506788,136.49205186218,121.321117579937,0,0
0,0,0,0,0,0,0,0,0,1.11033616960049,0,0,0,0,0,98.3947120457888,0,127.479598134756,0,0,0,0,0,26.3947057276964,0,0,0,0,0,0,0,0,0,0,0,0,0,1.44248703122139,0,0,0,0,0,0,0,0,0,0,0,0,0,0,0,0,0,0,0,0,0,2.27068066596985,0,10.9946494102478,0,0,0,0,13.6080940365791,0,0,0,0,0,0,0,0,0,0,0,0,0,1.16602173447609,0,106.995440900326,2.46508154273033,0,0,0
0,0,0,0,0,0,0,0,123.610187441111,0,0,0,0,0,179.582470864058,0,37.4213526248932,0,0,0,0,0,0,0,9.22380968928337,0,0,0,0,0,0,0,0,0,0,0,0,0,0.592884957790375,0,0,0,11.2951171547174,0,0,0,0,0,42.1687555909157,0,0,0,0,0,9.17981725931168,0,0,0,0,0,24.8120112419128,0,0,0,0,0,0,0.28988716006279,0,0.477425813674927,0,0,0,0,0,0,0,0,0,0,0,0.619902312755585,244.255877226591,0,17.8753468096256,0,0
0,0,0,0,0,0,0,0,0,0,0,41.339666724205,0,24.6468442082405,0,0,0,0,0,0,0,0,0,0,0,0,0,0,0,17.9363529682159,0,0,0,0,0,0,0,166.395179212093,0,0,0,0,0,0,0,0,0,0,0,0,0,0,0,0,0,0,0,0,0,0,0,0,0,0,0,0,0,0,0,0,1132.90797048807,0,0,0,0,0,0,0,0,0,0,0,794.460962176323,10864.0979542732,0,0,0
0,0,0,0,0,0,0,0,0,0,0,0,0,0,0,0,0,0,0,0,0,0,0,0,0,0,0,0,0,0,39.628677457571,0,0,0,0,0,0,0,0,0,0,0,0,0,0,0,0,0,0,0,0,0,0,0,0,0,0,0,15.4485683441162,0,0,0,0,0,0,0,0,0,0,0,0,7615.45209571719,0,637.982901275158,0,0,0,0,0,0,0,7.38257217407227,1067.12825286388,8250.26581144333,0,0,0
0,0,0,0,0,0,0,0,0,0,0,94.9998717308044,0,0,0,0,0,0,0,0,0,0,0,0,0,0,0,17.9363529682159,0,0,0,0,0,0,0,0,0,70.2767030000687,0,0,0,0,0,0,0,0,0,0,0,0,0,0,0,0,0,0,0,39.6902043819427,0,0,0,0,0,0,0,0,0,0,0,0,0,0,1494.99776053429,0,0,0,0,0,0,0,0,0,211.705421984196,7.93909749388695,0,0,0
0,0,0,0,0,0,0,0,0,0,0,0,0,0,0,0,0,0,0,0,0,0,0,0,0,0,0,0,39.628677457571,0,0,0,0,0,0,0,0,0,0,0,0,0,0,0,0,0,0,0,0,0,0,0,0,0,0,0,1.36180448532104,0,0,0,0,0,0,0,0,0,0,0,0,0,0,500.021654099226,0,2930.34589526057,0,0,0,0,0,0,0,0,3.17867159843445,0,0,0,0
0,0,0,0,0,0,0,0,0,0,0,0,0,0,0,0,0,0,0,0,0,0,0,0,0,0,0,0,0,0,0,0,4848.02033545077,0,68.4663140624762,52.7293647229671,559.905697822571,0,0,0,0,0,0,0,0,0,0,685.442828252912,0.657721817493439,0,0,0,0,0,0,0,0,0,0,0,0,0,0,0,0,0,0,0,0,0,0,0,0,0,2207.61091968417,1908.25633153319,0,0,200.466118320823,579.505052119493,0,0,6.09565132856369,0,0,0,0
0,0,0,0,0,0,0,0,0,0,0,0,0,0,0,0,0,0,0,0,0,0,0,0,0,0,0,0,0,0,0,4848.02033545077,0,0,0.415525823831558,295.44028866291,22.2877173274755,0,0,0,0,0,0,0,0,0,0,568.989476621151,2.51311630010605,4.94695472717285,0,0,0,0,0,0,0,0,0,0,0,0,0,0,0,0,0,0,0,0,0,0,0,0,2498.56623023748,1042.77530354261,0,0,9.42537999153137,107.082665428519,0,0,1812.91303485632,0,0,0,0
0,0,0,0,0,0,0,0,0,0,0,0,0,0,0,0,0,0,0,0,0,86.5005540847778,3.04008717834949,104.379953086376,0.200874820351601,0,0,0,0,0,0,0,0,0,2634.63070213795,0,0,68.471681907773,280.46120839566,0,0,0,0,0,0,0,0,313.718667164445,0.216737523674965,5.59678256511688,0,0,0,0,0,0,0,0,0,0,0,0,0,0,6.19205212593079,0.931726440787315,47.2710795402527,0.195094972848892,0,0,0,0,0,0,3.53011751174927,0,1278.69939631224,182.126547664404,0,0,58.4408607333899,460.317602589726,74.4067769348621,83.9870484471321,0,0,0
0,0,0,0,0,0,0,0,0,0,0,0,0,0,0,0,0,0,0,0,0,0.91840785741806,0.142765939235687,0,0,0,0,0,0,0,0,68.4663140624762,0.415525823831558,2634.63070213795,0,0,5.06699788570404,37.776099935174,123.381485432386,0,0,0,0.1883235424757,0,0,0,0,1671.15676964819,0.93995413184166,69.7091086357832,0,0,0,0,0,0,0,0,0,0,0,0,0,0,0,0,1.23584187030792,0,0,0,0,0,0,0,21.5220824182034,0,2680.00700208545,128.007549703121,0,6.83168655633926,62.4083471894264,733.976843714714,464.63748537004,10.0380377173424,0,0,0
0,0,0,0.281109780073166,0,0,0,0,0,0,0,0,0,0,0,0,0,0,0,42.2676610648632,0,0,0,0,0,0,0,0,0,0,0,52.7293647229671,295.44028866291,0,0,0,13673.2427524924,17.8749461174011,0,106.724684298038,71.9149503111839,0.234108984470367,0,0,0,1.72277343273163,0,344.98334017396,48.0556017756462,118.89406722784,0,0,0,0,0,0,0,0,0,0,0,0,343.616486340761,0,0,0,0,0,0,0,0,0,0,0,1.47818464040756,257.971383452415,0,0,25891.7498338372,11522.518253088,910.272231698036,0,2465.93750083447,649.161435961723,40.1770677566528,0,0
14.6249661743641,0,17.9485296159983,0,0,0,0,0,2.52867819368839,0,0,0,0,0,0,0,0,0,0,0,123.218997478485,0,0,0,0.149300247430801,0,0,0,0,0,0,559.905697822571,22.2877173274755,0,5.06699788570404,13673.2427524924,0,0,182.9786016047,0.519958436489105,32.5949078798294,0,1.76161260902882,0,0,0,191.702829301357,125.812868438661,0.947551771998405,0.988211572170258,0,0,0,0,0.994153574109077,0,0,0,0,0,0,0,0,0,0,0,0,0,0,0,0,0,0,0,0,59.9545967429876,0,0,9459.82402738929,14830.5884950459,0,83.425551533699,7874.78418244421,1664.13160088658,90.2151789739728,0,0
0.544103682041168,25.6536822766066,0,5.74540670216084,0,0,0,0,0.26721066236496,10.5161956548691,0,213.675528287888,0,0,0.169055998325348,5.04211413860321,7.63820560276508,0,0.724785879254341,16.5053839683533,0,127.912858709693,25.2417894750834,265.430954173207,31.5498146265745,1.44248703122139,0,166.395179212093,0,70.2767030000687,0,0,0,68.471681907773,37.776099935174,17.8749461174011,0,0,3057.35267341882,0,0,11.6270439401269,0.108622029423714,0.268616549670696,0,1.23205571621656,0,11.9718409925699,0,2009.89890251309,0,0,0,0,0,15.6382440626621,0,29.9569985717535,0,7.15492962300777,0,32.8309789597988,2.45717412233353,0,131.155385702848,32.6298612952232,476.048403739929,16.7039757966995,1.51676803827286,0,6.26785232126713,0,1517.04528534412,0,0,0,0,2.28699412941933,142.903736412525,0,10954.9244151562,2322.41263138503,4349.14580626786,9423.15103778243,66.5535011216998,0,0
26.3169189840555,0,3.96801045536995,0,0,0,0,0,188.104020148516,0,0,0,0,0,3.47421608865261,0,22.9645871222019,0.685282647609711,34.451218560338,0,0,15.6611843705177,534.697054281831,18.3598982989788,131.008943364024,0,0.592884957790375,0,0,0,0,0,0,280.46120839566,123.381485432386,0,182.9786016047,3057.35267341882,0,0,0,0,12.3826966583729,0,0.736769258975983,0,1.98915896564722,336.987328805029,0.652246177196503,75.9794677421451,0,0,0,0,130.376398980618,0.229646191000938,0,0,0,0,0.346263915300369,0,0,0,0,355.106497183442,19.8937495350838,110.910444974899,0,0,0,7.33012294769287,0,17.3616601228714,0,0,132.44244132936,0.91590878367424,0,74.1358587741852,1655.64247005433,9750.14191642404,4502.74776759744,891.291424125433,10.0415417104959,0,0
0,4.54588788747787,0,0.684036791324615,0,0,0,0,0,2.74703355133533,0,0,0,0,0,0,10.0800557881594,104.101240321994,99.9668356776237,0,0,0,0,0,0,0,0,0,0,0,0,0,0,0,0,106.724684298038,0.519958436489105,0,0,0,14.8952398300171,615.766032211483,0.304978311061859,26.5337737798691,0.279509700834751,592.523259595037,0.39653368294239,7.0344460606575,21.7610820382833,86.9753685593605,0,0,0,0,0,0.472468867897987,0,14.3809016495943,0,0.728875428438187,0,0.15764519572258,0.919872619211674,0,0,0,2.79818961024284,0,0,0,0.163570508360863,0,3.16597029566765,0,0,0,0,0,439.071102708578,4.36593486368656,0.17384734749794,0,212.271599084139,23.8724693655968,424.679931432009,2.09648802131414,0
1.88444072008133,0,0,0,0,0,0,0,1.45857988297939,0,0,0,0,0,0,0,20.2322898954153,17.7646723762155,213.81887550652,0,0,0,0,0,1.06388281285763,0,0,0,0,0,0,0,0,0,0,71.9149503111839,32.5949078798294,0,0,14.8952398300171,0,3.48840122669935,138.949873097241,0,9.52545429766178,1.04087540507317,70.6643342673779,96.9363402277231,1263.49587339163,856.520911172032,0,0,0,0,0.220019042491913,0,0,0,0,0,0,0,0,0,0,0,0,0.230283051729202,0,0,0,0,0.183500468730927,0,0,0,0,0,203.912705823779,174.37847211957,0.161450654268265,0.278810203075409,87.8605473712087,8.82280756533146,699.209476523101,0,21.2049733474851
19.5545116961002,165.800026714802,0,288.05017978698,0,4.18427860736847,0,0,2.31687849760056,236.428599067032,0,56.2169849872589,0,0,0,3.1381188929081,189.663972392678,1836.06919748336,965.83217689395,0,0,0,0,1.53968441486359,0,0,0,0,0,0,0,0,0,0,0,0.234108984470367,0,11.6270439401269,0,615.766032211483,3.48840122669935,0,267.493606299162,611.254517495632,1.61482702940702,708.04204981029,11.5715164095163,0,16.1267794892192,898.208007648587,0,4.37958326935768,0,0,0,159.108730822802,0,415.187425233424,0,58.5738557428122,0,81.8115741312504,68.9486712664366,0,0,0,39.8786828219891,0,0,0,126.434004515409,0,547.035298019648,0,0,0,0,0,0.227231293916702,0,67.2874569520354,0.16666316986084,2471.2653671205,306.764773219824,4407.35925949365,362.155009560287,4.30641130357981
1499.08470204473,0,95.9000631272793,2.34512776136398,0,0,0,0,275.942899093032,0,0,0,0,0,7.19532643258572,0,515.592129901052,145.391396947205,2675.9947181344,0,0,0,0,0,111.224647924304,0,11.2951171547174,0,0,0,0,0,0,0,0.1883235424757,0,1.76161260902882,0.108622029423714,12.3826966583729,0.304978311061859,138.949873097241,267.493606299162,0,12.3647027611732,211.40367334336,11.571901768446,963.407246127725,92.9847612679005,1022.64196445048,160.139023318887,0,0,0,0,92.0131767168641,0,0,0.663899347186089,0,0,5.34547789394855,0,1.29930555820465,1.31914591789246,0,0,1.38264970481396,43.1848710328341,0,23.9707687497139,0.384712934494019,0,5.83132933080196,9.63092076778412,0,0,0,0,0,1.36733166873455,2.54644291847944,21.9857650622725,3790.15583492815,66.8396482914686,3357.56722079962,7.75333100557327,410.400864750147
6.71506235003471,4.58492408692837,0,55.9232753068209,0,0.872170031070709,0,0,1.86534678936005,2.20049351453781,0,0,0,0,0,0.188659504055977,9.56911049038172,63.4646202549338,160.599668040872,0,0,0,0,0,0,0,0,0,0,0,0,0,0,0,0,0,0,0.268616549670696,0,26.5337737798691,0,611.254517495632,12.3647027611732,0,0,196.855015337467,3.26303722709417,0,0.152344018220901,10.9209682792425,0,2.24446749687195,0,0,0,3.81711956858635,0,17.7775560766459,0,0.327299892902374,0,0.428790390491486,8.26616826653481,0,0,0,2.44172252714634,0,0,0,2.91212406009436,0,1.48175055533648,0,0,0,0,0,0,0,4.86511813104153,0.4393709897995,213.808452807367,13.9017642736435,313.73543690145,0.347736045718193,0.601104274392128
81.0807672515512,0,4.36926424503326,0,0,0,0,0,3.93438385426998,0,0,0,0,0,0,0,54.4139508157969,5.9270896166563,333.433768250048,0,0,0,0,0,0.303126782178879,0,0,0,0,0,0,0,0,0,0,0,0,0,0.736769258975983,0.279509700834751,9.52545429766178,1.61482702940702,211.40367334336,0,0,1.41887024044991,293.336295217276,0,3.53068789839745,0,0,0,0,0,0,0,0,0,0,0,0,0,0.369408190250397,0,0,0,0,0,0,0,0,0,0,0,0,0,0,0,0,0,0,0.156489327549934,99.4685953631997,3.19244475662708,229.845788627863,0,32.3676139041781
7.84194375574589,60.6535150259733,0,66.7226569056511,0,0,0,0,0.682703092694283,142.669486694038,0,0,0,0,0,0,21.4740883558989,746.594881646335,1643.6753789559,0,0,0,0,0,0,0,0,0,0,0,0,0,0,0,0,1.72277343273163,0,1.23205571621656,0,592.523259595037,1.04087540507317,708.04204981029,11.571901768446,196.855015337467,1.41887024044991,0,8.71229085326195,0,0.970194429159164,39.0352001413703,0,1.33013650774956,0,0,0,69.6916533634067,0,37.4758189618587,0,3.21321606636047,0,3.93089044094086,87.9164023250341,0,0,0,5.33577677607536,0,0,0,6.1521168500185,0,10.3670077621937,0,0,0,0,0,30.7583191394806,0,18.4062186554074,0,1419.595826298,168.975510329008,1833.13933573663,5.63688721507788,1.2639923542738
448.913003616035,0,14.7752688974142,0,0,0,0,0,11.5110105276108,0,2.91665041446686,0,0,0,0,0,132.111954607069,78.4986450076103,2413.41395183653,0,753.607477873564,0,0,0,4.18799570947886,0,0,0,0,0,0,0,0,0,0,0,191.702829301357,0,1.98915896564722,0.39653368294239,70.6643342673779,11.5715164095163,963.407246127725,3.26303722709417,293.336295217276,8.71229085326195,0,0,6.10101588070393,0,0,0,0,0,5.06335522979498,0,21.5687116086483,1.65685665607452,0,0,0,0,0.110698111355305,839.485785871744,0,0,0,0.198008075356483,0,0,0.310383096337318,0,0.2998036891222,0,0,0,0,0,0,2.74452304840088,0.737610377371311,3.61070322245359,535.735471338034,83.0685804709792,1116.20336824656,0.761883497238159,151.006017334759
0,0,0,0,0,0,0,0,9.84009033441544,0,0,0,0,0,0.303788393735886,0.269750118255615,22.1432757228613,0,0,0,0,0,15.4978181198239,1.88270549476147,54.4507327675819,0,0,0,0,0,0,685.442828252912,568.989476621151,313.718667164445,1671.15676964819,344.98334017396,125.812868438661,11.9718409925699,336.987328805029,7.0344460606575,96.9363402277231,0,92.9847612679005,0,0,0,0,0,3156.8813881129,1897.05806283653,0,0,0,0,2.95928540825844,0,0,0,0,0,0,0.469088852405548,0,0,0,11.4191317260265,4.78752212226391,14.9395236670971,0,0,0,0,0,0,373.5718857795,1769.51476603746,180.031683221459,16.6082998812199,1045.37695656717,1313.42711838335,63.7805386483669,418.447128131986,1316.48652949929,0.418287441134453,2.89508849382401,0,0
60.4515388086438,0,68.113556355238,0.544870018959045,1.87204131484032,0,0,0,388.306306228042,0,0,0,0,0,60.7255113571882,0,11.8945386335254,1.24511322379112,147.170046076179,0,0,0,22.0936281681061,0,78.3128523528576,0,42.1687555909157,0,0,0,0,0.657721817493439,2.51311630010605,0.216737523674965,0.93995413184166,48.0556017756462,0.947551771998405,0,0.652246177196503,21.7610820382833,1263.49587339163,16.1267794892192,1022.64196445048,0.152344018220901,3.53068789839745,0.970194429159164,6.10101588070393,3156.8813881129,0,9475.81851415336,0,0,0,0,78.389700204134,0,0,0.375638499855995,0,0,132.1172837466,0,0,0,0,47.7151622772217,0,55.7923123091459,0,931.494465723634,0,6.00571095943451,0,0,0,2.51520022749901,0.36633637547493,0,195.026154890656,246.216816358268,0.237063452601433,78.4403673112392,2379.15699031204,8.72157702594995,1840.29092347622,0,2.27281127870083
3.209408223629,334.960761293769,0,47.147800758481,0,0,0,0,0,19.8393869251013,0,0,0,0,0,7.6904356777668,4.01551325619221,2.60207362473011,9.42019504308701,0,0,900.562113791704,9.47574822604656,220.273934587836,15.7733143121004,0,0,0,0,0,0,0,4.94695472717285,5.59678256511688,69.7091086357832,118.89406722784,0.988211572170258,2009.89890251309,75.9794677421451,86.9753685593605,856.520911172032,898.208007648587,160.139023318887,10.9209682792425,0,39.0352001413703,0,1897.05806283653,9475.81851415336,0,0,2.98112341761589,0,0,0,81.3979329019785,0,317.301859475672,0,295.459334984422,0,146.746828615665,25.1335839480162,0,795.504190146923,10.7600195258856,81.1285997703671,6.19844284653664,3.86575794219971,0,206.588821195066,0,181.523845747113,0,0,0,0,0,78.5274259895086,188.385122671723,365.993349164724,32.71999681741,5742.70057978481,13.6161865592003,1148.08055666089,0,0
0,0,83.2323161363602,0,457.159597277641,0,0,0,0,0,0,0,11.426607131958,0,0,0,0,0,0,0,0,0,0,0,0,0,0,0,0,0,0,0,0,0,0,0,0,0,0,0,0,0,0,0,0,0,0,0,0,0,0,0,0,0,0,0,311.662483394146,0,6.56081092357635,0,6.54682230949402,0,0,0,0,0,0,0,0,0,0,0,0,0,0,0,0,0,0,0,0,0,927.151863634586,12.4077810049057,0,0,0
2.60557252168655,1.28175926208496,0,102.61473736167,0,466.086362153292,0,0,0,2.01577717065811,0,11.1616117358208,0,0,0,0,0,0,1.68026661872864,0,0,0,0,0,0,0,0,0,0,0,0,0,0,0,0,0,0,0,0,0,0,4.37958326935768,0,2.24446749687195,0,1.33013650774956,0,0,0,2.98112341761589,0,0,0,0,0,0,0,70.7726978957653,0,3.74126559495926,0,0,0,0,0,0,1.52321153879166,0,0,0,0.340820521116257,0,0.148366644978523,0,0,0,0,0,0,0,0,0,491.975165456533,0,106.900616660714,0,0
0,0,0,0,0,0,0,0,0,0,0,0,0,0,0,0,0,0,0,0,0,0,0,0,0,0,0,0,0,0,0,0,0,0,0,0,0,0,0,0,0,0,0,0,0,0,0,0,0,0,0,0,0,0,0,0,0,0,3,0,0,0,0,0,0,0,0,0,0,0,0,0,0,0,0,0,0,0,0,0,0,0,0,0,0,0,0
0,0,0,0,0,0,0,0,0,0,0,0,0,0,0,0,0,0,0,0,0,0,0,0,0,0,0,0,0,0,0,0,0,0,0,0,0,0,0,0,0,0,0,0,0,0,0,0,0,0,0,0,0,0,0,0,0,0,0,0,0,0,0,0,0,0,0,0,0,0,0,0,0,0,0,0,0,0,0,0,0,0,0,0,0,0,0
294.214328967035,0,351.698354333639,0,5.41356086730957,0,0,0,728.614510804415,0,0,0,0,0,0.848170399665833,0,18.3875438943505,0,143.366216287017,0,0,0,0,0,87.8950583040714,0,9.17981725931168,0,0,0,0,0,0,0,0,0,0.994153574109077,0,130.376398980618,0,0.220019042491913,0,92.0131767168641,0,0,0,5.06335522979498,2.95928540825844,78.389700204134,0,0,0,0,0,0,0,0,0,0,0,0.305594474077225,0,0,0,0,0,0,54.4139577299356,0,0.549198120832443,0,0,0,0,0,0,0,0,0,0,0,90.3763717114925,494.777974262834,32.0136159807444,228.212983205914,0,1.12896084785461
0,908.610897213221,0,12.5411289036274,0,0,0,0,0,231.879804491997,0,0,0,0,0,22.458793669939,0.200229704380035,15.9341486245394,3.46987619996071,0,0,0,0,3.50310289859772,0,0,0,0,0,0,0,0,0,0,0,0,0,15.6382440626621,0.229646191000938,0.472468867897987,0,159.108730822802,0,3.81711956858635,0,69.6916533634067,0,0,0,81.3979329019785,0,0,0,0,0,0,0,1.57560271024704,0,0.60570216178894,0,39.5478341579437,8.51859360933304,0,0,0,46.0906123667955,0,0,0,49.8222985193133,0,100.325937509537,0,0,0,0,0,0,0,18.6516454666853,0,191.868960797787,0,331.534269273281,0.499342083930969,0
0,0,38.9482943415642,0,4.02791380882263,0,0,0,0,0,1466.87366178632,0,35.3423643112183,0,0,0,0,0,0,0,164.222097218037,0,0,0,0,0,0,0,0,0,1.36180448532104,0,0,0,0,0,0,0,0,0,0,0,0,0,0,0,21.5687116086483,0,0,0,311.662483394146,0,0,0,0,0,0,0,875.308552950621,0,12.2423357069492,0,0,1868.52165210247,0,0,0,0,0,0,0,35.2341138124466,0,1259.42674267292,0,0,0,0,0,0,0,0,0,0,3093.7071505785,0,0
5.2798076570034,19.5021359324455,0,220.317214548588,0,242.281881213188,0,127.976791381836,0,0,0,2866.65873804688,0,0,0,1.95258349180222,0,1.74207282811403,7.06433640420437,1036.12727800012,0,0,0,0,0,0,0,0,0,39.6902043819427,0,0,0,0,0,0,0,29.9569985717535,0,14.3809016495943,0,415.187425233424,0.663899347186089,17.7775560766459,0,37.4758189618587,1.65685665607452,0,0.375638499855995,317.301859475672,0,70.7726978957653,0,0,0,1.57560271024704,0,0,0,1191.91627509892,0,360.230524286628,106.732795789838,0,0,0,7.45794919878244,0,0,0,590.740779951215,0,187.414553970098,0,0,0,0,0,0,0,7.04475761204958,0,8.86230681836605,0.708753928542137,604.202928245068,0,0.311421543359756
0,0,20.8843820989132,0,5.95401287078857,0,0,0,0,0,0,0,157.093388319016,0,0,0,0,0,0,0,0,0,0,0,0,0,0,0,15.4485683441162,0,0,0,0,0,0,0,0,0,0,0,0,0,0,0,0,0,0,0,0,0,6.56081092357635,0,3,0,0,0,875.308552950621,0,0,0,0,0,0,12.165096282959,0,0,0,0,0,0,0,217.149891376495,0,0,0,0,0,0,0,0,0,0,2369.37881946564,1585.61276996136,89.8785221278667,0,0
0,81.0228420943022,0,43.4031673371792,0,10.0557860732079,0,82.4720005989075,0,0,0,28.1114390790462,0,3021.13332349062,0,0,0,0.536620512604713,0.183727934956551,0,0,0,0,0,0,2.27068066596985,0,0,0,0,0,0,0,0,0,0,0,7.15492962300777,0,0.728875428438187,0,58.5738557428122,0,0.327299892902374,0,3.21321606636047,0,0,0,295.459334984422,0,3.74126559495926,0,0,0,0.60570216178894,0,1191.91627509892,0,0,0,91.777963578701,21.4077301323414,0,0,0,12.9555229246616,0,3.65894277393818,0,140.746818780899,0,2.7785118073225,0,0,0,0,0,0,0,8.2894394993782,0,0.643005728721619,12.17951130867,328.393202647567,0,0
121.199435114861,0,204.045833408833,0,72.6341640949249,0,0,0,80.6343461573124,0,0,0,0,0,22.7735869586468,0,0,0,0,0,0,0,0,0,38.5697455257177,0,24.8120112419128,0,0,0,0,0,0,0,0,0,0,0,0.346263915300369,0,0,0,5.34547789394855,0,0,0,0,0,132.1172837466,0,6.54682230949402,0,0,0,0.305594474077225,0,12.2423357069492,0,0,0,0,0,0,3.26891535520554,0,0,0,14.6442850232124,0,182.375207737088,0,0,0,0,0,0,0,0,0,0,0,0,48.9731065779924,0.730258643627167,70.2540467232466,0,0
1.30668103694916,943.60274861753,0,0,0,0,0,0,0,12.2264326810837,0,0,0,0,0,30.9217284172773,0,0,0,0,0,0,0,4.00991049408913,0,10.9946494102478,0,0,0,0,0,0,0,0,0,0,0,32.8309789597988,0,0.15764519572258,0,81.8115741312504,0,0.428790390491486,0,3.93089044094086,0,0.469088852405548,0,146.746828615665,0,0,0,0,0,39.5478341579437,0,360.230524286628,0,91.777963578701,0,0,0.920100629329681,0,0,0,11.6119838804007,0,0,0,5.32858695089817,0,0.927386894822121,0,0,0,0,0,0,0,17.0918360501528,0,4.67449755966663,0,246.28770826757,0,0
2.50951193273067,5.49552427977324,0,1.00678414106369,0,0,0,0,0.309208631515503,5.12038708478212,0,3.74183166027069,0,0,0,0,1.38038907945156,20.2325073182583,20.1352018564939,7173.82691389322,0,0,0,0,0,0,0,0,0,0,0,0,0,0,0,343.616486340761,0,2.45717412233353,0,0.919872619211674,0,68.9486712664366,1.29930555820465,8.26616826653481,0.369408190250397,87.9164023250341,0.110698111355305,0,0,25.1335839480162,0,0,0,0,0,8.51859360933304,0,106.732795789838,0,21.4077301323414,0,0.920100629329681,0,0,0,0,3.53045804798603,0,0,0,0.324941009283066,0,0.201191887259483,0,0,0,0,0,0,0,8.6729124635458,0,3310.6061912179,6.68745784461498,321.66627535224,0,0.230201914906502
0,0,3.39653992652893,0,1,0,0,0,0,0,124.722654491663,0,0,0,0,0,0,0,0,0,326.792949587107,0,0,0,0,0,0,0,0,0,0,0,0,0,0,0,0,0,0,0,0,0,1.31914591789246,0,0,0,839.485785871744,0,0,0,0,0,0,0,0,0,1868.52165210247,0,12.165096282959,0,3.26891535520554,0,0,0,0,0,0,0,0,0,0,0,0,0,0,0,0,0,0,0,0,0,0,0,196.564517587423,0,0
0,0,0,0,0,0,0,0,0,0,0,0,0,0,0,0,0,0,0,0,0,2962.41292712092,113.380152225494,18.3403970301151,0,0,0,0,0,0,0,0,0,6.19205212593079,0,0,0,131.155385702848,0,0,0,0,0,0,0,0,0,0,0,795.504190146923,0,0,0,0,0,0,0,0,0,0,0,0,0,0,0,0,9,0,0,0,0,0,0,0,0,0,0,0,0,0,4.18632245063782,0,274.253107219934,396.788897156715,0,0,0
0,0,0,0,0,0,0,0,0,0,0,0,0,0,0,0,60.0394291877747,0,0,0,0,18.6542911529541,2033.64182382822,1.60961194336414,256.863632395864,0,0,0,0,0,0,0,0,0.931726440787315,0,0,0,32.6298612952232,355.106497183442,0,0,0,0,0,0,0,0,11.4191317260265,47.7151622772217,10.7600195258856,0,0,0,0,0,0,0,0,0,0,0,0,0,0,0,0,2.1555402725935,436.684734687209,0,0,0,0,0,0,0,0,0,0,0,0,93.9516785144806,66.4313099235296,1222.26698598266,1060.97431196272,0,0,0
0,38.7419767156243,0,12.4490348696709,0,0,0,0,0.201409310102463,40.3766955137253,0,0,0,0,0,31.8030788600445,1.38673843443394,3.30402398109436,10.5010453313589,0,0,0,3.32997994124889,669.869194224477,5.30098621547222,13.6080940365791,0,0,0,0,0,0,0,47.2710795402527,1.23584187030792,0,0,476.048403739929,19.8937495350838,2.79818961024284,0,39.8786828219891,1.38264970481396,2.44172252714634,0,5.33577677607536,0,4.78752212226391,0,81.1285997703671,0,1.52321153879166,0,0,0,46.0906123667955,0,7.45794919878244,0,12.9555229246616,0,11.6119838804007,3.53045804798603,0,9,2.1555402725935,0,2.45739637315273,0,0,47.153960198164,0,104.716091066599,0,0,0,0,0,0,0,197.668815881014,4.34855675697327,346.037596032023,5.55451253056526,161.172092810273,0.286584720015526,0
9.67403647303581,0,0.567735254764557,0,0,0,0,0,111.325607568026,0,0,0,0,0,14.2727857083082,0,286.804063394666,0,15.4973343759775,0,0,0,16.1743674278259,0.445301175117493,302.540993601084,0,0.28988716006279,0,0,0,0,0,0,0.195094972848892,0,0,0,16.7039757966995,110.910444974899,0,0.230283051729202,0,43.1848710328341,0,0,0,0.198008075356483,14.9395236670971,55.7923123091459,6.19844284653664,0,0,0,0,54.4139577299356,0,0,0,0,0,14.6442850232124,0,0,0,0,436.684734687209,2.45739637315273,0,0,55.7009250074625,0,0,0,0,0,0,0,0,0,0,15.0016453713179,22.7609873712063,184.608596429229,36.3138113766909,35.1443736553192,0,0
0,0,0,0,0,0,0,0,0,0,0,0,0,0,0,0,0,0,0,0,0,0,0,0,0,0,0,0,0,0,0,0,0,0,0,0,0,1.51676803827286,0,0,0,0,0,0,0,0,0,0,0,3.86575794219971,0,0,0,0,0,0,0,0,0,3.65894277393818,0,0,0,0,0,0,0,0,0,0,19.4708772599697,0,0,0,0,0,0,0,0,0,1.13872942328453,0,0.230266496539116,0,3.38396576046944,0,0
0,0,0,0,0,0,0,0,38.8827190548182,0,0,0,0,0,75.1704767644405,0,0,0,0,0,0,0,0,0,12.8353984802961,0,0.477425813674927,0,0,0,0,0,0,0,0,0,0,0,0,0,0,0,23.9707687497139,0,0,0,0,0,931.494465723634,0,0,0,0,0,0.549198120832443,0,0,0,0,0,182.375207737088,0,0,0,0,0,0,55.7009250074625,0,0,0,0,0,0,0,0,0,0,0,0,0,0,16.1445224583149,0,21.3536691665649,0,0
0.437406659126282,16.371568672359,0,6.68278739601374,0,0,0,0,0,26.2237004935741,0,0,0,10.6399071216583,0,0,2.65151532739401,11.5177152082324,4.60643414407969,0,0,0,0,0,0,0,0,1132.90797048807,0,0,0,0,0,0,0,0,0,6.26785232126713,0,0.163570508360863,0,126.434004515409,0.384712934494019,2.91212406009436,0,6.1521168500185,0.310383096337318,0,0,206.588821195066,0,0.340820521116257,0,0,0,49.8222985193133,0,590.740779951215,0,140.746818780899,0,5.32858695089817,0.324941009283066,0,0,0,47.153960198164,0,19.4708772599697,0,0,0,278.612343505025,0,0,0,0,0,0,0,23.9928700625896,0,391.199350036681,1040.2113738656,417.831017099321,0,0
0,0,0,0,0,0,0,0,0,0,185.007732450962,0,8.34425002336502,0,0,0,0,0,0,0,0,0,0,0,0,0,0,0,7615.45209571719,0,500.021654099226,0,0,0,0,0,0,0,7.33012294769287,0,0,0,0,0,0,0,0,0,6.00571095943451,0,0,0,0,0,0,0,35.2341138124466,0,217.149891376495,0,0,0,0,0,0,0,0,0,0,0,0,0,0,895.994992554188,0,0,0,0,0,0,0,0,543.938786149025,445.239219844341,0,0,0
0.327271893620491,14.4522912204266,0,1.3022066950798,0,0.277245193719864,0,0,0,142.551153928041,0,554.342357814312,0,0,0,0,22.3835997954011,131.696495965123,13.9280978292227,0,0,0,0,0.556499242782593,0,0,0,0,0,1494.99776053429,0,0,0,0,0,0,0,1517.04528534412,0,3.16597029566765,0.183500468730927,547.035298019648,5.83132933080196,1.48175055533648,0,10.3670077621937,0.2998036891222,0,0,181.523845747113,0,0.148366644978523,0,0,0,100.325937509537,0,187.414553970098,0,2.7785118073225,0,0.927386894822121,0.201191887259483,0,0,0,104.716091066599,0,0,0,278.612343505025,0,0,0,0,0,0,0,0,0,107.834435403347,0,306.454341329634,10.7902348861098,416.315161652863,0.982210889458656,0.340947479009628
0,0,0,0,0,0,0,0,0,0,1.66922956705093,0,0,0,0,0,0,0,0,0,0,0,0,0,0,0,0,0,637.982901275158,0,2930.34589526057,0,0,0,0,0,0,0,17.3616601228714,0,0,0,9.63092076778412,0,0,0,0,0,0,0,0,0,0,0,0,0,1259.42674267292,0,0,0,0,0,0,0,0,0,0,0,0,0,0,895.994992554188,0,0,0,0,0,0,0,0,0,0,0,0,22.6283242702484,0,0
0,0,0,0,0,0,0,0,0,0,0,0,0,0,0,0,0,0,0,0,0,0,0,0,0,0,0,0,0,0,0,2207.61091968417,2498.56623023748,3.53011751174927,21.5220824182034,1.47818464040756,0,0,0,0,0,0,0,0,0,0,0,373.5718857795,0,0,0,0,0,0,0,0,0,0,0,0,0,0,0,0,0,0,0,0,0,0,0,0,0,0,0,719.230343818665,34.8503592014313,0,0,0,0,0,51.7978655099869,0,0,0,0
0,0,0,0,0,0,0,0,0,0,0,0,0,0,0,0,0,0,0,0,0,0,0,0,0,0,0,0,0,0,0,1908.25633153319,1042.77530354261,0,0,257.971383452415,59.9545967429876,0,0,0,0,0,0,0,0,0,0,1769.51476603746,2.51520022749901,0,0,0,0,0,0,0,0,0,0,0,0,0,0,0,0,0,0,0,0,0,0,0,0,0,719.230343818665,0,0,0,1.01455903053284,27.7309482991695,0,0,1784.88928285241,0,0,0,0
0,0,0,0,0,0,0,0,0,0,0,0,0,0,0,0,0,0,0,0,0,8.46437335014343,0,0,0,0,0,0,0,0,0,0,0,1278.69939631224,2680.00700208545,0,0,0,132.44244132936,0,0,0,0,0,0,0,0,180.031683221459,0.36633637547493,0,0,0,0,0,0,0,0,0,0,0,0,0,0,0,0,0,0,0,0,0,0,0,0,0,34.8503592014313,0,0,224.912221252918,0,0,0.945985913276672,41.98282815516,1.96451735496521,52.8508733212948,0,0,0
0,0,0,0,0,0,0,0,0,0,0,0,0,0,0,0,0,0,0,0,0,0,0,0,0,0,0,0,0,0,0,0,0,182.126547664404,128.007549703121,0,0,2.28699412941933,0.91590878367424,0,0,0,0,0,0,0,0,16.6082998812199,0,0,0,0,0,0,0,0,0,0,0,0,0,0,0,0,0,0,0,0,0,0,0,0,0,0,0,0,224.912221252918,0,0,0,1.28797084093094,2,9.18375596404076,0,0,0,0
0,0,0,0,0,0,0,0,0,0,0,0,0,0,0,0,0,0,0,0,0,0,0,0,0,0,0,0,0,0,0,200.466118320823,9.42537999153137,0,0,25891.7498338372,9459.82402738929,142.903736412525,0,439.071102708578,203.912705823779,0.227231293916702,0,0,0,30.7583191394806,0,1045.37695656717,195.026154890656,78.5274259895086,0,0,0,0,0,0,0,0,0,0,0,0,0,0,0,0,0,0,0,0,0,0,0,0,0,1.01455903053284,0,0,0,11153.3604348004,0,0,3690.14221823215,32.6211570501328,9.2868881970644,0,0
0,0,0,0,0,0,0,0,0,0,0,0,0,0,0,0,0,0,0.875580430030823,0,0,0,0,0,0,0,0,0,0,0,0,579.505052119493,107.082665428519,0,6.83168655633926,11522.518253088,14830.5884950459,0,74.1358587741852,4.36593486368656,174.37847211957,0,1.36733166873455,0,0,0,2.74452304840088,1313.42711838335,246.216816358268,188.385122671723,0,0,0,0,0,0,0,0,0,0,0,0,0,0,0,0,0,0,0,0,0,0,0,0,0,27.7309482991695,0,0,11153.3604348004,0,0,115.70334982872,6604.03948971629,32.9617063999176,14.478149741888,0,0.159408509731293
0,15.1119023263454,0,4.75209009647369,0,0,0,0,0,17.8239123374224,0,0,0,0,0,4.63694593310356,7.43050170689821,49.6189797669649,27.4020758122206,0,0,0,82.5209078788757,110.446169897914,30.0228057950735,1.16602173447609,0,0,0,0,0,0,0,58.4408607333899,62.4083471894264,910.272231698036,0,10954.9244151562,1655.64247005433,0.17384734749794,0.161450654268265,67.2874569520354,2.54644291847944,4.86511813104153,0,18.4062186554074,0.737610377371311,63.7805386483669,0.237063452601433,365.993349164724,0,0,0,0,0,18.6516454666853,0,7.04475761204958,0,8.2894394993782,0,17.0918360501528,8.6729124635458,0,4.18632245063782,93.9516785144806,197.668815881014,15.0016453713179,1.13872942328453,0,23.9928700625896,0,107.834435403347,0,0,0,0.945985913276672,1.28797084093094,0,0,0,2855.67360583693,3064.11811748147,5594.17733578384,396.689337335527,3.17424426227808,0
