0,0,4.96432369833123,0,9.03536615371704,0,0,0,6.19442644890617,0,0,0,0,0,3.54996003423418,0,0,0,5.63698219685327,0,0,0,0,0,10.5634174346924,0,0,0,0,0,0,0,0,0,0,0,0,0,0,0,0,0,7.99281432411887,0,0,0,0,0,3.00244099299113,0,0,0,0,0,4.86428691473874,0,0,0,0,0,3.14480934645,0,0,0,0,0,0,0,0,0,0,0,0,0,0,0,0,0,0,0,0,0,6.40395647030251,0,5.62764288516755,0,0
0,0,0,4.71505591701659,0,0,0,0,0,4.41209602532563,0,0,0,0,0,0,0,0,3.16237580776215,0,0,0,0,18.6132827758789,0,0,0,0,0,0,0,0,0,0,0,35.2041168212891,0,0,0,0,0,13.2229572516221,0,0,0,0,0,0,0,4.73859296488936,0,0,0,0,0,5.68829592092503,0,5.00578154169995,0,5.65450841409189,0,0,0,0,0,0,15.8349021998319,0,0,0,0,0,21.2793598175049,0,0,0,0,0,0,0,0,0,4.92981886258201,0,8.59565105935158,6.56698703765869,0
4.96432369833123,0,0,0,3.12194884341696,0,0,0,4.1836368897382,0,0,0,0,0,0,0,0,0,7.31218965564455,0,0,0,0,0,0,0,0,0,0,0,0,0,0,0,0,0,0,0,0,0,0,0,13.1810576915741,0,0,0,0,0,3.3553586136211,0,0,0,0,0,2.87139744758606,0,0,0,0,0,2.9528785943985,0,0,0,0,0,0,0,0,0,0,0,0,0,0,0,0,0,0,0,0,0,5.86055865883827,0,7.59169218152068,0,0
0,4.71505591701659,0,0,0,4.60272938272227,0,0,0,2.81809751192729,0,0,0,0,0,5.79427170753479,0,88.2284317016602,69.8069892883301,0,0,49.1489295959473,0,0,0,0,0,0,0,0,0,0,0,51.9573669433594,0,45.7566385269165,0,63.3767509460449,0,46.8789334548147,0,42.094988219592,104.083824157715,31.094066619873,0,13.8462439951514,0,48.2997531061587,0,17.323220373709,0,3.86749240108158,0,0,0,0,0,3.34239223798116,0,0,0,3.22994633515676,27.3849553921643,0,0,0,0,0,0,0,40.2220064798991,0,37.0654259636289,0,0,0,0,0,63.3450993129185,0,43.005235242414,0,16.5244613669135,0,10.6293298178957,48.2552299499512,0
9.03536615371704,0,3.12194884341696,0,0,0,3.72154060999552,0,4.43605738804664,0,36.7733612060547,0,0,0,0,0,0,0,26.291376431783,0,0,0,0,0,0,0,0,0,0,0,44.0012817382812,0,55.2756614685059,0,0,0,62.4368616739909,0,72.056526184082,0,35.3664123535156,0,36.2778691564287,0,0,0,20.8191823439165,49.9618606567383,48.1880272456578,0,4.14531544374056,0,3.90539848804474,0,3.78243069837589,0,23.9084040224552,0,6.23180377483368,0,3.80645608901978,0,0,6.80041174579867,0,0,0,0,0,0,0,46.6655387878418,0,42.9744138717651,0,0,0,0,0,51.6236318262612,0,44.4997331179105,4.50525995651325,5.07253403464953,9.60955544352531,0,35.8910630544027
0,0,0,4.60272938272227,0,0,0,3.35826295072382,0,0,0,0,0,3.84959337115288,0,3.32940782441033,0,0,70.1346740722656,3.58291077613831,0,0,0,0,0,0,0,0,0,0,0,0,0,0,0,23.6410422098069,0,61.8821964263916,0,34.692304206617,0,39.9837551646762,50.210578918457,0,0,16.3711186742601,0,49.4751038021512,0,44.3290754726955,0,4.23037406073676,0,4.14130256086026,0,4.00490546226501,0,0,0,0,0,3.15973198609274,10.3175595930845,0,53.41845703125,0,0,0,0,0,0,0,39.8647727966309,0,0,0,0,0,38.8644183765758,0,56.7928085327148,0,4.59387760333978,3.26779013872147,13.9485581789535,57.6875228881836,0
0,0,0,0,3.72154060999552,0,0,0,0,0,3.78772212134467,0,2.8805408337537,0,0,0,0,0,0,0,0,0,0,0,0,0,0,0,0,0,0,0,0,0,0,0,0,0,0,0,0,0,0,0,0,0,0,0,0,0,4.98958998567918,0,3.14243060302734,0,0,0,5.0257203578949,0,5.63144985834758,0,0,0,0,0,0,0,0,0,0,0,0,0,0,0,0,0,0,0,0,0,0,0,4.0891592155529,4.71478312492371,0,0,0
0,0,0,0,0,3.35826295072382,0,0,0,0,0,4.15286588668823,0,3.06535935401917,0,0,0,0,0,6.44351351261139,0,0,0,0,0,0,0,0,0,0,0,0,0,0,0,0,0,0,0,0,0,0,0,0,0,0,0,0,0,0,0,3.90245841289389,0,3.51638927717467,0,0,0,0,0,2.94244988759359,0,0,8.75976238250732,0,0,0,0,0,0,0,0,0,0,0,0,0,0,0,0,0,0,0,4.08156398095583,0,2.9842780658177,0,0
6.19442644890617,0,4.1836368897382,0,4.43605738804664,0,0,0,0,59.9461196899414,0,0,15.5882730484009,0,10.1757826112174,0,22.2945900465557,52.251119445352,19.1275890386105,0,0,0,28.2447998523712,36.3940963745117,9.45035338791049,65.0009460449219,16.63801679978,0,26.3742322921753,0,0,0,0,0,0,79.7445907592773,85.1996078491211,0,3.73877616836911,0,69.291919708252,89.109992980957,13.2759511533536,62.2830505371094,0,0,0,0,9.17745236555735,0,0,0,0,0,6.44706152330388,0,0,0,0,0,11.2236327391404,70.169911702474,94.8298263549805,0,0,0,0,3.51432754312243,0,19.8364705421306,0,0,0,0,0,0,0,0,104.744724273682,63.121545791626,83.4038543701172,6.48650189150463,12.9780673956278,17.6561680180686,6.40257877548419,57.6153430938721,0
0,4.41209602532563,0,2.81809751192729,0,0,0,0,59.9461196899414,0,0,0,0,0,0,29.1785105296544,44.8716368801379,25.2989388633751,21.8270710666974,0,0,0,0,5.88836540860578,33.0094184875488,23.5617207884789,51.1694175720215,0,0,0,0,0,0,0,0,0,114.478073120117,5.66278198590645,0,0,0,99.1546783447266,0,0,0,0,0,0,0,14.7133989334106,0,0,0,0,49.4864506721497,3.74350577422551,0,0,0,0,64.1804580688477,27.1968631744385,0,0,0,0,5.92945342497392,0,25.5970010757446,61.6700223286947,0,0,0,0,0,0,13.9278116226196,0,59.160327911377,0,7.23760442733765,0,13.1528934192657,13.3147850036621,4.86567158025244,105.114120483398,0
0,0,0,0,36.7733612060547,0,3.78772212134467,0,0,0,0,0,4.85110959709596,0,0,0,0,0,0,0,4.9168863090468,0,0,0,0,0,0,0,3.48440837860107,0,5.38669588925087,0,0,0,0,0,7.00151003507122,0,4.42685827594133,0,0,0,0,0,0,0,21.0524267469134,0,30.7038282394409,0,0,0,4.10533215999603,0,0,0,5.8039142813136,0,5.6525549252828,0,0,0,0,11.4304463207722,0,0,0,0,0,0,0,7.64894887222641,0,9.05646615761977,0,0,0,0,0,9.76068195230082,0,7.05554334016947,5.46062522660941,0,0,0,0
0,0,0,0,0,0,0,4.15286588668823,0,0,0,0,0,3.46644014120102,0,0,0,0,0,3.65839337193689,0,0,0,0,0,0,0,0,0,6.59888631525174,0,0,0,0,0,2.88735703059605,0,3.955588411929,0,0,0,0,0,0,0,11.7246332168579,0,0,0,0,0,0,0,0,0,0,0,6.76821865069616,0,2.73558902740479,0,0,4.57029185003164,0,0,0,0,0,0,0,16.1950054168701,0,10.496343194532,0,0,0,0,0,0,0,11.9528864920139,0,8.02305039432314,0,9.65881061553955,0,0
0,0,0,0,0,0,2.8805408337537,0,15.5882730484009,0,4.85110959709596,0,0,0,5.11672067642212,0,7.44227918139044,69.1087989807129,0,0,0,0,0,0,0,0,4.40864658355713,0,4.57331207078262,0,0,0,0,0,0,0,0,0,0,0,0,0,0,0,0,0,0,0,0,0,6.54558748006821,0,3.98838032616509,0,19.148063659668,0,0,0,3.59264546632767,0,6.10630178451538,0,0,0,0,0,0,0,0,18.2891578674316,0,2.95291066169739,0,0,0,0,0,0,0,0,0,0,4.95854916731516,5.01627024482278,0,0,0
0,0,0,0,0,3.84959337115288,0,3.06535935401917,0,0,0,3.46644014120102,0,0,0,3.31819401468549,0,18.6628612577915,0,0,0,0,0,0,0,0,0,2.95352300008138,0,0,0,0,0,0,0,0,0,0,0,0,0,0,0,0,0,0,0,0,0,0,0,3.40506557760567,0,3.01996649636163,0,0,0,4.76496744155884,0,4.29361522371933,0,6.64653337001801,0,0,0,0,0,0,0,0,5.31331167221069,0,0,0,0,0,0,0,0,0,0,0,3.3374490629543,0,0,0,0
3.54996003423418,0,0,0,0,0,0,0,10.1757826112174,0,0,0,5.11672067642212,0,0,72.3626403808594,19.3901134436612,52.8059897171824,52.4611448560442,0,0,0,28.3058930397034,0,31.8867633125999,44.0459289550781,11.3048145686631,0,5.42074695962374,0,0,0,0,0,0,131.502468109131,0,0,0,0,0,163.296627044678,0,0,0,0,0,0,0,0,0,0,0,0,7.46798616119578,0,0,0,2.7530951499939,0,5.65796395763755,0,0,0,0,0,0,35.9712677001953,0,7.23504022227393,0,0,0,0,0,0,0,0,152.048889160156,0,0,0,10.8877416727494,5.44194670559205,0,0,0
0,0,0,5.79427170753479,0,3.32940782441033,0,0,0,29.1785105296544,0,0,0,3.31819401468549,72.3626403808594,0,50.7449401508678,23.2603556127362,48.1360969543457,0,0,0,46.7409553527832,15.2032335996628,77.9931945800781,17.8463256670081,53.5577239990234,0,0,0,0,0,0,0,0,0,0,96.2544250488281,0,0,0,44.7950401306152,0,0,0,0,0,0,0,0,0,3.78390026773725,0,0,61.8609237670898,3.57792043685913,0,0,0,4.60858865503995,62.7788276672363,4.25449028827142,0,0,0,0,0,0,11.171734554427,0,0,0,0,0,0,0,108.85676574707,0,126.757286071777,103.389701843262,0,136.305328369141,18.4515456394716,8.17683347066244,0,0,0
0,0,0,0,0,0,0,0,22.2945900465557,44.8716368801379,0,0,7.44227918139044,0,19.3901134436612,50.7449401508678,0,26.515624079196,24.0791561806819,0,0,34.1118602752686,9.93773816416903,40.4232599139214,17.2669202737294,38.7003868103027,13.1527419595074,0,4.78322654410645,0,0,0,0,0,87.6082191467285,98.8696966625395,86.6409861246745,107.146022209754,87.9261989593506,81.3173889747033,63.3006359597911,76.8634612414302,47.7761260235896,72.8789132436116,42.583343233381,77.0706209455218,55.688921045374,80.4181095123291,80.8115884992811,80.2749476962619,0,0,0,0,28.0561867590664,49.6540305397727,71.4120051066081,0,5.9375057220459,0,21.6358980774473,45.452080599467,97.8051605224609,85.0364608764648,0,18.5166625976562,0,15.7936039924622,32.1103782653809,12.7064777951318,0,5.27974998950958,0,68.5681308110555,0,0,75.8399124145508,0,92.4400916656891,76.5913786888123,85.3190706570943,67.9327620873084,19.8505477566916,8.17312525488296,59.1855716705322,58.2240165710449,49.049567283468
0,0,0,88.2284317016602,0,0,0,0,52.251119445352,25.2989388633751,0,0,69.1087989807129,18.6628612577915,52.8059897171824,23.2603556127362,26.515624079196,0,24.3078199541766,96.5457153320312,0,5.40481887353915,29.3032546865529,12.9158309532778,37.9262677360983,11.2619733948269,40.4620406490633,5.34584387143453,0,0,0,0,0,0,0,98.3818299666695,121.922803243001,100.260155513369,96.7793807983398,86.126251669491,78.6402107238769,63.7533060541216,70.637262556288,63.353984620836,49.7614084879557,79.4130917210733,80.4704027175903,84.5563840866089,113.355041503906,82.972477806939,0,0,0,0,54.2037856861696,31.0334479957819,0,0,0,0,51.0914508919967,29.9233602050721,82.5281414455838,0,0,0,4.25047731399536,48.8536567687988,25.5832988739014,38.71022772789,0,0,54.9812240600586,81.1895790100098,0,0,70.61474609375,0,89.1659739228333,96.5981484389887,79.1228684790341,94.6532086824116,18.7191349865734,10.8463630118927,70.4449165784396,60.5251376628876,72.8582019805908
5.63698219685327,3.16237580776215,7.31218965564455,69.8069892883301,26.291376431783,70.1346740722656,0,0,19.1275890386105,21.8270710666974,0,0,0,0,52.4611448560442,48.1360969543457,24.0791561806819,24.3078199541766,0,64.5426406860352,0,0,45.6148579915365,32.8743808052757,30.542821590717,37.0346234639486,40.0845090425931,0,0,0,0,0,0,63.1210556030273,58.894947052002,67.406416565062,71.6365151462785,73.2166865718481,60.9669242799282,54.9288263159283,49.8736406178408,41.926816519509,31.0586274879205,10.7934112637131,9.10317645773376,49.1993648926657,42.4109181597613,55.5425681733249,47.2050321941023,55.2149187339531,0,0,0,0,41.6749831928926,47.6527729034424,48.8176018397013,84.2789993286133,0,0,39.2265958786011,62.8757276535034,63.0266558803729,62.5659217834473,52.1184972127279,0,0,0,61.9451179504395,40.5350276947022,74.7011615753174,0,53.0710977896666,48.8601485963852,0,36.5850715637207,59.4784927368164,0,58.9120215442185,59.1218064898755,52.3500548641856,50.766760968227,15.5275452587029,23.9145004932697,32.367511538223,42.5134690502022,32.2706023590905
0,0,0,0,0,3.58291077613831,0,6.44351351261139,0,0,0,3.65839337193689,0,0,0,0,0,96.5457153320312,64.5426406860352,0,0,42.7080109914144,0,30.4632968902588,0,0,0,0,0,0,0,0,0,0,0,5.57169086659681,0,12.9164273142815,0,22.9887682914734,0,38.6409189436171,0,0,0,20.0481125582819,0,36.5576324462891,0,23.124572912852,0,0,0,0,0,0,0,6.90540976822376,0,0,0,0,6.28298648861381,0,35.8756640298026,0,31.8963864644368,0,23.3135814666748,0,18.5836105012057,0,15.2502602905524,0,0,0,0,0,11.1159794165342,0,16.769852983683,0,5.70240133458918,0,21.1192554235458,0,0
0,0,0,0,0,0,0,0,0,0,4.9168863090468,0,0,0,0,0,0,0,0,0,0,0,0,0,0,0,0,0,15.1778774261475,0,13.4399906961541,0,0,0,0,0,15.4969319587058,0,18.5667660713196,0,33.8545150756836,0,24.0704751710097,0,0,0,17.1721511003448,48.8443845113119,39.5343845367432,0,0,0,0,0,0,0,7.69884923667824,0,0,0,0,0,0,5.21196298654999,0,33.8447418212891,0,0,0,0,0,18.8504954620644,0,14.216572482513,0,0,0,0,0,13.1703995488514,0,12.5173343177636,5.74335068376069,5.28069663047791,17.7316956127746,0,25.9081928253174
0,0,0,49.1489295959473,0,0,0,0,0,0,0,0,0,0,0,0,34.1118602752686,5.40481887353915,0,42.7080109914144,0,0,3.50675965423015,6.24361050029871,20.6572608947754,3.70163543619348,0,3.13831910593756,0,0,0,0,0,0,0,0,0,7.6839605442581,6.12935085296631,71.4286422729492,0,37.6935361589704,0,37.7626304626465,0,44.7273730227822,0,58.9023265838623,0,8.22171746871688,0,0,0,0,37.3472938537598,0,0,27.5352994600932,0,0,0,0,34.5629537900289,0,5.75986734939138,3.84691688219706,6.15529744774595,0,5.19012115326795,0,7.30043614506721,0,18.8531841913859,0,0,0,0,0,78.1662445068359,0,10.2782430441396,0,5.37268898381847,4.21282197128643,27.5346027871837,35.2737998962402,0
0,0,0,0,0,0,0,0,28.2447998523712,0,0,0,0,0,28.3058930397034,46.7409553527832,9.93773816416903,29.3032546865529,45.6148579915365,0,0,3.50675965423015,0,0,3.97062249732229,0,11.85287128962,0,3.68443803625982,0,0,0,0,0,0,0,0,0,5.6396490017573,0,0,0,0,0,0,0,0,0,8.20265697781844,0,0,0,0,0,26.1041180928548,0,24.5068416595459,0,0,0,21.9960205078125,0,0,0,0,5.20452287089054,0,8.42076434029473,0,7.93849960900354,0,5.17676151491875,0,22.8467102050781,0,0,0,0,0,0,0,7.53404532131396,7.17965718935121,3.90205943584442,18.5192764282227,0,0
0,18.6132827758789,0,0,0,0,0,0,36.3940963745117,5.88836540860578,0,0,0,0,0,15.2032335996628,40.4232599139214,12.9158309532778,32.8743808052757,30.4632968902588,0,6.24361050029871,0,0,0,2.95593069749357,0,0,0,0,0,0,0,0,0,0,0,6.39964226816521,0,0,0,42.3781242370605,0,0,0,45.5316467285156,0,11.3345886866252,0,10.9954087106805,0,0,0,0,0,6.8760886481314,0,18.2347044944763,0,21.4662952423096,0,27.0866527557373,31.2734136581421,0,9.0941588478465,0,4.94821254340795,0,6.75192664390387,0,11.4662887573242,0,0,0,0,0,0,0,0,0,5.53002370825069,0,5.39249421826643,0,9.91764615302862,0,0
10.5634174346924,0,0,0,0,0,0,0,9.45035338791049,33.0094184875488,0,0,0,0,31.8867633125999,77.9931945800781,17.2669202737294,37.9262677360983,30.542821590717,0,0,20.6572608947754,3.97062249732229,0,0,0,4.47295539519366,0,0,0,0,0,0,0,0,0,0,0,5.24181723744614,0,0,0,46.7360954284668,0,0,0,0,0,8.34476485958806,0,0,0,0,0,18.0144343614578,0,0,0,0,0,30.3873741149902,0,0,0,0,4.58573823625391,0,4.49057117882621,0,5.82419178947326,0,7.60978937149048,0,0,0,0,0,0,0,72.3575057983398,0,10.174090506374,10.3660644243161,36.0225296020508,8.26541007013249,0,0
0,0,0,0,0,0,0,0,65.0009460449219,23.5617207884789,0,0,0,0,44.0459289550781,17.8463256670081,38.7003868103027,11.2619733948269,37.0346234639486,0,0,3.70163543619348,0,2.95593069749357,0,0,52.2835922241211,3.59169015985854,0,0,0,0,0,0,0,83.8525390625,0,0,0,0,0,0,0,0,0,76.6331024169922,0,0,0,0,0,0,0,0,0,22.01060962677,0,0,0,0,91.4255981445312,19.4117761452993,0,0,3.5454154979615,0,3.41931321526651,0,5.58046446076021,37.5062942504883,4.35619083317843,0,0,0,0,0,0,0,107.183029174805,0,0,0,12.6039805086397,0,0,0,0
0,0,0,0,0,0,0,0,16.63801679978,51.1694175720215,0,0,4.40864658355713,0,11.3048145686631,53.5577239990234,13.1527419595074,40.4620406490633,40.0845090425931,0,0,0,11.85287128962,0,4.47295539519366,52.2835922241211,0,0,3.10374015569687,0,0,0,0,0,0,0,0,0,0,0,0,64.2290802001953,0,0,0,0,0,0,4.54672026634216,0,0,0,0,0,23.2361827330156,0,0,0,0,0,15.9913236971559,0,0,0,0,0,0,0,0,3.80168770913218,0,8.16106464244701,0,0,0,0,0,0,101.962261199951,0,0,0,17.5836785366661,32.845157623291,63.1886215209961,0,0
0,0,0,0,0,0,0,0,0,0,0,0,0,2.95352300008138,0,0,0,5.34584387143453,0,0,0,3.13831910593756,0,0,0,3.59169015985854,0,0,0,2.85892317951589,0,0,0,0,0,0,0,3.85064264444204,0,0,0,0,0,0,0,0,0,0,0,0,0,0,0,0,0,0,0,0,0,0,0,0,0,0,2.8991618837629,0,0,0,4.56192796461044,0,5.48027154450775,0,2.74173402786255,0,0,0,0,0,0,0,7.29763223029472,0,4.06142176430801,0,0,0,0
0,0,0,0,0,0,0,0,26.3742322921753,0,3.48440837860107,0,4.57331207078262,0,5.42074695962374,0,4.78322654410645,0,0,0,15.1778774261475,0,3.68443803625982,0,0,0,3.10374015569687,0,0,0,4.07970832351945,0,0,0,0,0,0,0,0,0,0,0,0,0,0,0,29.9006099700928,0,11.6418727584507,0,0,0,0,0,0,0,6.08909245032185,0,3.96856265068054,0,11.1039877414703,0,0,18.2023221121894,0,3.26167001989153,0,0,0,5.48925077915192,0,4.98530200269351,0,6.84235206246376,0,0,0,0,0,0,0,6.23043126530117,5.92608944095414,9.90515613555908,0,0,0
0,0,0,0,0,0,0,0,0,0,0,6.59888631525174,0,0,0,0,0,0,0,0,0,0,0,0,0,0,0,2.85892317951589,0,0,0,0,0,0,0,0,0,4.19551563542118,0,0,0,0,0,0,0,0,0,0,0,0,0,0,0,0,0,0,0,5.78677110902725,0,0,0,0,0,0,0,0,0,0,0,0,2.83610229492187,0,4.50403331045742,0,0,0,0,0,0,0,7.51291051915331,0,4.28349825766234,0,0,0,0
0,0,0,0,44.0012817382812,0,0,0,0,0,5.38669588925087,0,0,0,0,0,0,0,0,0,13.4399906961541,0,0,0,0,0,0,0,4.07970832351945,0,0,0,0,0,0,0,0,0,4.39737815235766,0,42.9933013916016,0,41.9786758422852,0,0,0,21.6946618897574,0,44.0366706848145,0,0,0,0,0,0,0,5.84713590950061,0,0,0,0,0,0,16.2238016490695,0,0,0,0,0,0,0,6.46805982589722,0,4.0025515274335,0,0,0,0,0,55.4926043919155,0,4.03622568325258,3.16435901323954,0,36.722265958786,0,0
0,0,0,0,0,0,0,0,0,0,0,0,0,0,0,0,0,0,0,0,0,0,0,0,0,0,0,0,0,0,0,0,4.44955211381984,6.8986379338294,17.2569770812988,5.73203271755608,100.809005737305,20.8768882751465,0,8.48818906148275,31.761926651001,0,0,0,0,30.2448768615723,43.4244284196333,8.38666566545649,0,7.51852847635746,0,0,0,0,0,0,0,0,0,0,0,0,0,0,0,0,0,0,0,0,0,0,0,0,5.94698966837444,6.70083625322126,10.2272840923276,14.132719039917,8.60659356356296,73.0117492675781,36.5992584228516,73.8969383239746,4.97733659870857,0,31.2448301315308,0,0
0,0,0,0,55.2756614685059,0,0,0,0,0,0,0,0,0,0,0,0,0,0,0,0,0,0,0,0,0,0,0,0,0,0,4.44955211381984,0,10.1687798500061,4.24513967654535,3.16518175601959,4.10426287527208,0,0,0,16.7638015985489,17.8789463043213,17.2137079238892,0,0,35.0102348327637,40.8338788350423,5.6424743052279,8.39477047466096,0,0,0,0,0,0,0,0,0,0,0,0,0,0,47.0634231567383,0,0,0,0,0,0,0,0,0,68.5087432861328,6.25508100351363,5.56023451876724,19.4825592041016,6.27677892334759,12.2510170382123,6.81215967469745,0,71.830675760905,6.1309024858727,0,13.3894352829247,0,17.294584274292
0,0,0,51.9573669433594,0,0,0,0,0,0,0,0,0,0,0,0,0,0,63.1210556030273,0,0,0,0,0,0,0,0,0,0,0,0,6.8986379338294,10.1687798500061,0,4.23376315707196,11.0989521745592,0,6.75679297740858,0,35.7246704101562,37.0451011657715,23.7288089116414,0,57.3935432434082,0,36.9522844950358,47.9493999481201,6.53531361385838,20.0753269195557,21.7144555250804,0,0,0,0,0,0,0,0,0,0,0,0,57.5292701721191,0,0,0,0,0,0,0,0,0,67.3924713134766,0,18.6578373114268,10.3011002540588,6.38849677216138,6.96661873491538,8.77616642094866,19.4718882242839,6.92588339128356,16.6893558502197,5.52719000780617,4.00193202495575,30.382772509257,40.2310028076172,0
0,0,0,0,0,0,0,0,0,0,0,0,0,0,0,0,87.6082191467285,0,58.894947052002,0,0,0,0,0,0,0,0,0,0,0,0,17.2569770812988,4.24513967654535,4.23376315707196,0,44.0927658081055,7.06363868270953,59.789888381958,10.1964409901546,0,34.9708480834961,16.1857643127441,23.699409087499,0,0,0,48.1474487781525,5.76443708574864,10.3385724583976,0,0,0,0,0,0,0,0,0,0,0,0,0,0,0,0,0,0,0,0,0,0,0,0,0,7.7621111869812,4.10584231359618,6.04986441803668,5.00197898485259,12.343508039202,6.29906049486879,12.8164129257202,9.76549496575192,4.00179895323676,0,17.7772026128239,0,31.4120356241862
0,35.2041168212891,0,45.7566385269165,0,23.6410422098069,0,0,79.7445907592773,0,0,2.88735703059605,0,0,131.502468109131,0,98.8696966625395,98.3818299666695,67.406416565062,5.57169086659681,0,0,0,0,0,83.8525390625,0,0,0,0,0,5.73203271755608,3.16518175601959,11.0989521745592,44.0927658081055,0,14.9171388721466,11.1403830710986,0,33.5239455699921,102.691986083984,50.4069844473654,79.9714691162109,50.5142242302329,0,32.8444520968768,65.0491228103638,27.8802481886187,106.854949951172,32.3386525103131,0,0,0,0,0,0,89.6687469482422,30.7852268218994,0,0,0,0,21.1109512121632,0,78.383854675293,0,60.6694107055664,0,0,0,68.3345603942871,0,63.0440696716309,94.7766952514648,8.45153031583692,0,14.1617902927928,26.179162979126,8.33215889217625,72.2290809358869,16.251851730278,111.042822265625,9.52046339095023,6.97368710247805,43.542858900387,44.2174715881348,71.066520690918
0,0,0,0,62.4368616739909,0,0,0,85.1996078491211,114.478073120117,7.00151003507122,0,0,0,0,0,86.6409861246745,121.922803243001,71.6365151462785,0,15.4969319587058,0,0,0,0,0,0,0,0,0,0,100.809005737305,4.10426287527208,0,7.06363868270953,14.9171388721466,0,119.041988372803,6.36185937377912,150.346099853516,43.6217847924966,74.3291053771973,47.6152140679213,120.67626953125,48.4348936762129,21.2558174133301,40.6698902029986,50.2385304995946,36.6774042063746,35.4819822311401,0,0,0,0,0,0,10.4701368110084,0,0,0,0,0,43.9181747436523,18.9794672966003,0,0,0,0,0,0,0,0,0,70.2608278447931,0,5.45059773740212,0,7.93482195889508,23.6867145233684,8.00619694725989,53.3817863464355,10.1473938531434,9.13085315000484,7.18777659325282,40.3239440249234,0,46.7970621779158
0,0,0,63.3767509460449,0,61.8821964263916,0,0,0,5.66278198590645,0,3.955588411929,0,0,0,96.2544250488281,107.146022209754,100.260155513369,73.2166865718481,12.9164273142815,0,7.6839605442581,0,6.39964226816521,0,0,0,3.85064264444204,0,4.19551563542118,0,20.8768882751465,0,6.75679297740858,59.789888381958,11.1403830710986,119.041988372803,0,3.45421640078227,84.7774055798848,109.094863891602,55.2582538759327,90.9004073143005,50.2348301341233,0,53.8633157235605,91.4262390136719,10.7473459877334,95.5751571655273,11.0590461886492,0,0,0,0,0,0,0,22.1477077657526,0,0,0,0,29.5655839148532,0,8.96289222794796,0,8.20653249744625,0,7.57390022277832,0,3.9869130452474,0,10.1441344221433,0,0,0,7.91716497568857,0,22.8473624266222,136.681954956055,7.03777441134334,101.467391967773,11.1935476347724,12.2520346005758,27.6425930395023,44.7840391487911,84.8624267578125
0,0,0,0,72.056526184082,0,0,0,3.73877616836911,0,4.42685827594133,0,0,0,0,0,87.9261989593506,96.7793807983398,60.9669242799282,0,18.5667660713196,6.12935085296631,5.6396490017573,0,5.24181723744614,0,0,0,0,0,4.39737815235766,0,0,0,10.1964409901546,0,6.36185937377912,3.45421640078227,0,0,81.1213912963867,113.941139221191,13.1297553550629,0,41.4965232849121,0,44.4919787753712,4.14024257400761,5.40068785777459,0,0,0,0,0,0,0,6.19879842334323,0,0,0,0,0,0,18.2889735558454,0,5.65641741617031,0,7.1899222433567,0,0,0,5.48525352911516,0,3.29620764421862,0,0,0,12.115451457491,0,14.4916618809691,0,6.17147736853059,7.13632830687814,4.633412812372,10.4903413293126,0,41.3228483200073
0,0,0,46.8789334548147,0,34.692304206617,0,0,0,0,0,0,0,0,0,0,81.3173889747033,86.126251669491,54.9288263159283,22.9887682914734,0,71.4286422729492,0,0,0,0,0,0,0,0,0,8.48818906148275,0,35.7246704101562,0,33.5239455699921,150.346099853516,84.7774055798848,0,0,84.5962632497152,28.4589757311876,63.7765527205034,36.0796612826261,35.7881908416748,14.3984800015454,50.5121524810791,20.6150670392774,0,14.87988592607,0,44.6556186676025,0,0,0,0,0,40.4336814880371,0,0,0,0,13.4968085924294,0,73.4519119262695,0,78.4552154541016,0,0,0,59.6685451160778,0,61.4343917369843,0,9.0723249912262,0,0,0,16.9527164858334,95.6725002288818,57.187453409036,80.1849044799805,42.7865240164762,70.7705855369568,21.5820153432015,44.9120860099792,113.89208984375
0,0,0,0,35.3664123535156,0,0,0,69.291919708252,0,0,0,0,0,0,0,63.3006359597911,78.6402107238769,49.8736406178408,0,33.8545150756836,0,0,0,0,0,0,0,0,0,42.9933013916016,31.761926651001,16.7638015985489,37.0451011657715,34.9708480834961,102.691986083984,43.6217847924966,109.094863891602,81.1213912963867,84.5962632497152,0,53.9560731252035,19.7477813890983,52.047924041748,28.9055847167969,78.8702707290649,11.4304533394705,14.208870669206,11.2997963259564,61.6102956136068,0,0,0,0,0,0,42.3366710662842,0,0,0,0,0,99.4139060974121,16.680796725322,0,0,0,0,0,0,0,43.9188537597656,0,45.357538874944,0,16.8945525856905,0,0,88.4958406448364,16.3412552336231,89.8398986816406,47.0432764830323,40.0572243906969,66.6124420166016,15.1339168814577,89.5863075256348,29.5725871876972
0,13.2229572516221,0,42.094988219592,0,39.9837551646762,0,0,89.109992980957,99.1546783447266,0,0,0,0,163.296627044678,44.7950401306152,76.8634612414302,63.7533060541216,41.926816519509,38.6409189436171,0,37.6935361589704,0,42.3781242370605,0,0,64.2290802001953,0,0,0,0,0,17.8789463043213,23.7288089116414,16.1857643127441,50.4069844473654,74.3291053771973,55.2582538759327,113.941139221191,28.4589757311876,53.9560731252035,0,14.8670753973502,29.8285942340116,23.8055191040039,31.0011014992061,35.2505984306335,17.2329629350216,26.2539462089539,16.834544557157,0,56.8646697998047,0,0,0,0,0,24.0285004346799,0,0,0,0,29.6403516026007,0,41.3195017109746,0,39.3421534785518,0,34.993615063754,77.8062133789062,28.6455008937467,0,20.9776677854026,101.810729980469,98.8208618164062,0,38.3592361103405,0,35.6463980017975,78.9090335028512,28.9991737362516,71.8569259643555,19.326967623112,59.5945837656657,20.3726613036524,13.9962916571299,58.7671864827474
7.99281432411887,0,13.1810576915741,104.083824157715,36.2778691564287,50.210578918457,0,0,13.2759511533536,0,0,0,0,0,0,0,47.7761260235896,70.637262556288,31.0586274879205,0,24.0704751710097,0,0,0,46.7360954284668,0,0,0,0,0,41.9786758422852,0,17.2137079238892,0,23.699409087499,79.9714691162109,47.6152140679213,90.9004073143005,13.1297553550629,63.7765527205034,19.7477813890983,14.8670753973502,0,27.4671804904938,20.9179607782608,52.83467725118,25.3535301255147,16.2049642629033,15.8894454507477,40.5973106384277,25.7956428527832,0,0,0,47.1156845092773,0,21.5847767524719,0,0,0,0,0,62.0838680267334,23.7719707269273,109.02808380127,0,0,0,0,0,0,30.9515686035156,53.6859130859375,21.9067052601796,0,28.515540599823,61.3059692382812,27.5648679733276,65.8279264662001,30.0525345219801,67.3090097763959,27.1901301387999,18.853865786717,53.5645702586455,14.4512542880587,66.7887893676758,10.3436105732952
0,0,0,31.094066619873,0,0,0,0,62.2830505371094,0,0,0,0,0,0,0,72.8789132436116,63.353984620836,10.7934112637131,0,0,37.7626304626465,0,0,0,0,0,0,0,0,0,0,0,57.3935432434082,0,50.5142242302329,120.67626953125,50.2348301341233,0,36.0796612826261,52.047924041748,29.8285942340116,27.4671804904938,0,0,21.6595331512648,0,35.0297961235046,0,31.911208987236,0,0,0,0,0,0,0,0,0,0,0,0,31.9376779224562,0,37.8010387420654,0,39.6767425537109,0,0,0,28.8064511617025,0,24.4319078312364,111.064094543457,0,0,0,0,42.8363330556739,60.1576436360677,28.6135493388689,0,26.439955558417,36.9522476196289,16.4758128558888,30.8564309014214,0
0,0,0,0,0,0,0,0,0,0,0,0,0,0,0,0,42.583343233381,49.7614084879557,9.10317645773376,0,0,0,0,0,0,0,0,0,0,0,0,0,0,0,0,0,48.4348936762129,0,41.4965232849121,35.7881908416748,28.9055847167969,23.8055191040039,20.9179607782608,0,0,0,30.9848979949951,0,31.2217000325521,0,0,0,0,0,0,0,21.0267074108124,0,0,0,0,0,0,26.9952144622803,0,0,0,0,0,0,0,36.2943045298258,0,25.1070410410563,0,0,0,0,67.3226936340332,35.6504575289213,0,26.279634652634,40.0696444829305,0,15.5143957773844,0,12.1477296617296
0,0,0,13.8462439951514,0,16.3711186742601,0,0,0,0,0,11.7246332168579,0,0,0,0,77.0706209455218,79.4130917210733,49.1993648926657,20.0481125582819,0,44.7273730227822,0,45.5316467285156,0,76.6331024169922,0,0,0,0,0,30.2448768615723,35.0102348327637,36.9522844950358,0,32.8444520968768,21.2558174133301,53.8633157235605,0,14.3984800015454,78.8702707290649,31.0011014992061,52.83467725118,21.6595331512648,0,0,46.6772327423096,33.3738365726195,0,27.6733777054507,0,16.1496138095856,0,0,103.652587890625,0,0,17.4246958755865,0,0,0,0,13.3424136082993,0,50.2968207568657,0,42.612496426231,0,28.3457126617432,0,33.418053656134,0,30.9220841298649,118.819129943848,39.1123428344727,0,33.3903005599976,0,27.9701340234533,99.6937788258428,36.2537252038499,103.895637512207,32.056002528404,62.0416816711426,18.8259944309925,26.6030563915477,53.1808376312256
0,0,0,0,20.8191823439165,0,0,0,0,0,21.0524267469134,0,0,0,0,0,55.688921045374,80.4704027175903,42.4109181597613,0,17.1721511003448,0,0,0,0,0,0,0,29.9006099700928,0,21.6946618897574,43.4244284196333,40.8338788350423,47.9493999481201,48.1474487781525,65.0491228103638,40.6698902029986,91.4262390136719,44.4919787753712,50.5121524810791,11.4304533394705,35.2505984306335,25.3535301255147,0,30.9848979949951,46.6772327423096,0,33.1523620736316,22.1729995736889,34.855172475179,23.3244895935059,0,0,0,0,0,23.0960734376339,0,0,0,0,0,60.0107879638672,9.48232825792575,0,45.5467770894369,0,0,0,0,0,33.2811297139814,0,28.6834563855349,38.9157905578613,35.9480560909618,69.6388931274414,51.7802705764771,59.3925653273059,27.6535633818011,68.9008941650391,29.2000377875766,33.6545705862621,18.8388406313383,19.5072825086617,0,24.6880758948948
0,0,0,48.2997531061587,49.9618606567383,49.4751038021512,0,0,0,0,0,0,0,0,0,0,80.4181095123291,84.5563840866089,55.5425681733249,36.5576324462891,48.8443845113119,58.9023265838623,0,11.3345886866252,0,0,0,0,0,0,0,8.38666566545649,5.6424743052279,6.53531361385838,5.76443708574864,27.8802481886187,50.2385304995946,10.7473459877334,4.14024257400761,20.6150670392774,14.208870669206,17.2329629350216,16.2049642629033,35.0297961235046,0,33.3738365726195,33.1523620736316,0,8.19944609320441,6.81441676502118,0,50.3700199127197,0,0,0,0,56.7768204428933,45.8466939926147,0,0,0,0,41.8797598206595,43.4926895728478,36.0694686889648,0,13.6232104301453,0,0,0,63.2935485839844,65.2063484191895,64.8719260475852,61.5572913674747,10.2188302292654,7.01717587117549,11.3074254259864,8.34694167024025,14.4894583280801,20.1687069141005,12.4866202387035,7.97008614219836,10.9653465256485,56.3823288546668,12.261730096279,36.8564894287675,41.43564453125
3.00244099299113,0,3.3553586136211,0,48.1880272456578,0,0,0,9.17745236555735,0,30.7038282394409,0,0,0,0,0,80.8115884992811,113.355041503906,47.2050321941023,0,39.5343845367432,0,8.20265697781844,0,8.34476485958806,0,4.54672026634216,0,11.6418727584507,0,44.0366706848145,0,8.39477047466096,20.0753269195557,10.3385724583976,106.854949951172,36.6774042063746,95.5751571655273,5.40068785777459,0,11.2997963259564,26.2539462089539,15.8894454507477,0,31.2217000325521,0,22.1729995736889,8.19944609320441,0,5.10268304222508,0,0,0,0,0,0,16.5168799687,0,17.1264125823975,0,3.8872674703598,0,0,36.0214848114272,0,8.78211758039103,0,6.45906154725743,0,3.93806971609592,0,9.78362101970575,0,50.4610801126765,13.5528964996338,9.5807533996147,0,9.53643094692972,68.4102462768555,22.4082859882906,0,10.6952520501557,31.744788234196,71.0133590698242,11.0786670076902,44.1352939605713,26.4937162579231
0,4.73859296488936,0,17.323220373709,0,44.3290754726955,0,0,0,14.7133989334106,0,0,0,0,0,0,80.2749476962619,82.972477806939,55.2149187339531,23.124572912852,0,8.22171746871688,0,10.9954087106805,0,0,0,0,0,0,0,7.51852847635746,0,21.7144555250804,0,32.3386525103131,35.4819822311401,11.0590461886492,0,14.87988592607,61.6102956136068,16.834544557157,40.5973106384277,31.911208987236,0,27.6733777054507,34.855172475179,6.81441676502118,5.10268304222508,0,0,62.785005569458,0,0,0,15.2108249664307,0,12.8172322039878,0,7.62209886908531,0,6.605712890625,29.4813798477775,0,8.18475479267063,0,9.37881521504335,0,4.28867662693821,0,13.0302595945254,0,14.4572128181249,79.3686141967773,10.2185905774434,0,20.3125846862793,0,26.4712181405235,37.0934227534703,8.88374372539432,0,24.1260060388215,72.3966360092163,15.8481937574225,28.5727124046861,120.089752197266
0,0,0,0,4.14531544374056,0,4.98958998567918,0,0,0,0,0,6.54558748006821,0,0,0,0,0,0,0,0,0,0,0,0,0,0,0,0,0,0,0,0,0,0,0,0,0,0,0,0,0,25.7956428527832,0,0,0,23.3244895935059,0,0,0,0,0,3.52631809576502,0,3.15961921215057,0,4.85324847698212,0,5.14129863936326,0,0,0,0,0,0,0,0,0,0,0,0,0,0,36.7272758483887,0,0,0,0,0,45.1866989135742,0,0,4.75655554441305,0,25.0986992518107,0,0
0,0,0,3.86749240108158,0,4.23037406073676,0,3.90245841289389,0,0,0,0,0,3.40506557760567,0,3.78390026773725,0,0,0,0,0,0,0,0,0,0,0,0,0,0,0,0,0,0,0,0,0,0,0,44.6556186676025,0,56.8646697998047,0,0,0,16.1496138095856,0,50.3700199127197,0,62.785005569458,0,0,0,4.73101587164892,0,0,0,4.92111619313558,0,4.23120773755587,0,3.90236753550443,11.5892817775408,0,0,0,0,0,0,0,0,0,0,0,0,0,0,0,60.364236831665,0,48.7625274658203,0,5.00088920593262,5.34171311060588,12.5614923371209,0,0
0,0,0,0,3.90539848804474,0,3.14243060302734,0,0,0,4.10533215999603,0,3.98838032616509,0,0,0,0,0,0,0,0,0,0,0,0,0,0,0,0,0,0,0,0,0,0,0,0,0,0,0,0,0,0,0,0,0,0,0,0,0,3.52631809576502,0,0,0,0,0,5.07088590537508,0,5.05151732563972,0,0,0,0,0,0,0,0,0,0,0,0,0,0,0,0,0,0,0,0,0,0,0,5.21283252239227,6.44903469085693,0,0,0
0,0,0,0,0,4.14130256086026,0,3.51638927717467,0,0,0,0,0,3.01996649636163,0,0,0,0,0,0,0,0,0,0,0,0,0,0,0,0,0,0,0,0,0,0,0,0,0,0,0,0,0,0,0,0,0,0,0,0,0,4.73101587164892,0,0,0,0,0,3.37552845478058,0,2.84597384929657,0,0,7.59897565841675,0,0,0,0,0,0,0,0,0,0,0,0,0,0,0,0,0,0,0,3.0982772509257,0,0,0,0
4.86428691473874,0,2.87139744758606,0,3.78243069837589,0,0,0,6.44706152330388,49.4864506721497,0,0,19.148063659668,0,7.46798616119578,61.8609237670898,28.0561867590664,54.2037856861696,41.6749831928926,0,0,37.3472938537598,26.1041180928548,0,18.0144343614578,0,23.2361827330156,0,0,0,0,0,0,0,0,0,0,0,0,0,0,0,47.1156845092773,0,0,103.652587890625,0,0,0,0,3.15961921215057,0,0,0,0,129.966445922852,0,0,0,0,7.44665537198385,72.4275512695312,0,0,0,0,0,11.148832321167,0,16.6018983188428,0,0,0,0,0,0,0,0,0,0,0,3.27419373393059,18.0499503236258,25.2844550132751,0,0,0
0,5.68829592092503,0,0,0,4.00490546226501,0,0,0,3.74350577422551,0,0,0,0,0,3.57792043685913,49.6540305397727,31.0334479957819,47.6527729034424,0,0,0,0,6.8760886481314,0,22.01060962677,0,0,0,0,0,0,0,0,0,0,0,0,0,0,0,0,0,0,0,0,0,0,0,15.2108249664307,0,0,0,0,129.966445922852,0,0,0,0,0,61.1252098083496,0,0,0,0,0,6.33652929904613,0,19.2177629470825,0,0,0,0,0,0,0,0,0,0,0,0,0,14.7684303305366,0,6.75025492244297,0,0
0,0,0,0,23.9084040224552,0,5.0257203578949,0,0,0,5.8039142813136,0,0,0,0,0,71.4120051066081,0,48.8176018397013,0,7.69884923667824,0,24.5068416595459,0,0,0,0,0,6.08909245032185,0,5.84713590950061,0,0,0,0,89.6687469482422,10.4701368110084,0,6.19879842334323,0,42.3366710662842,0,21.5847767524719,0,21.0267074108124,0,23.0960734376339,56.7768204428933,16.5168799687,0,4.85324847698212,0,5.07088590537508,0,0,0,0,0,4.85653020445777,0,0,0,0,11.9572017814912,0,26.5700294857933,0,0,0,19.0662989616394,0,9.33117776638196,0,6.36590224725229,0,50.9863986968994,0,0,83.2100524902344,40.9723511639763,0,8.8052444534917,7.71976173537118,39.0913124084473,10.8690266052478,0,19.9611347615719
0,5.00578154169995,0,3.34239223798116,0,0,0,0,0,0,0,6.76821865069616,0,4.76496744155884,0,0,0,0,84.2789993286133,6.90540976822376,0,27.5352994600932,0,18.2347044944763,0,0,0,0,0,5.78677110902725,0,0,0,0,0,30.7852268218994,0,22.1477077657526,0,40.4336814880371,0,24.0285004346799,0,0,0,17.4246958755865,0,45.8466939926147,0,12.8172322039878,0,4.92111619313558,0,3.37552845478058,0,0,0,0,0,5.6095881455823,0,3.75397455124628,8.75268315712302,0,28.832652386497,0,21.6748475305962,0,11.6601908404057,0,9.42549048754398,0,8.52206320856768,0,0,0,0,0,51.8111152648926,0,13.3708987348298,0,11.3111403396255,0,7.02332358002343,24.4990876515706,0
0,0,0,0,6.23180377483368,0,5.63144985834758,0,0,0,5.6525549252828,0,3.59264546632767,0,2.7530951499939,0,5.9375057220459,0,0,0,0,0,0,0,0,0,0,0,3.96856265068054,0,0,0,0,0,0,0,0,0,0,0,0,0,0,0,0,0,0,0,17.1264125823975,0,5.14129863936326,0,5.05151732563972,0,0,0,4.85653020445777,0,0,0,0,0,0,14.2728214263916,0,0,0,0,0,0,0,6.24461623348256,0,0,0,0,0,0,0,0,0,0,3.03507324059804,0,0,0,0
0,5.65450841409189,0,0,0,0,0,2.94244988759359,0,0,0,2.73558902740479,0,4.29361522371933,0,4.60858865503995,0,0,0,0,0,0,0,21.4662952423096,0,0,0,0,0,0,0,0,0,0,0,0,0,0,0,0,0,0,0,0,0,0,0,0,0,7.62209886908531,0,4.23120773755587,0,2.84597384929657,0,0,0,5.6095881455823,0,0,0,4.74048001138788,12.54900598526,0,28.449024772644,0,17.4078622731295,0,8.63524619425376,0,5.15182098188708,0,0,0,0,0,0,0,0,0,0,0,3.7442113161087,0,6.52286124229431,0,0
3.14480934645,0,2.9528785943985,0,3.80645608901978,0,0,0,11.2236327391404,64.1804580688477,0,0,6.10630178451538,0,5.65796395763755,62.7788276672363,21.6358980774473,51.0914508919967,39.2265958786011,0,0,0,21.9960205078125,0,30.3873741149902,91.4255981445312,15.9913236971559,0,11.1039877414703,0,0,0,0,0,0,0,0,0,0,0,0,0,0,0,0,0,0,0,3.8872674703598,0,0,0,0,0,7.44665537198385,61.1252098083496,0,0,0,0,0,0,0,0,0,0,0,0,0,7.17530450820923,0,0,0,0,0,0,0,0,0,0,0,0,12.4318659092417,9.35215239091353,4.40549945831299,0,0
0,0,0,3.22994633515676,0,3.15973198609274,0,0,70.169911702474,27.1968631744385,0,0,0,6.64653337001801,0,4.25449028827142,45.452080599467,29.9233602050721,62.8757276535034,0,0,0,0,27.0866527557373,0,19.4117761452993,0,0,0,0,0,0,0,0,0,0,0,0,0,0,0,0,0,0,0,0,0,0,0,6.605712890625,0,3.90236753550443,0,0,72.4275512695312,0,0,3.75397455124628,0,4.74048001138788,0,0,14.0714378356934,0,0,0,0,0,7.30295032721299,0,0,0,0,0,0,0,0,0,0,0,72.9988861083984,0,33.6656595313031,0,0,0,0
0,0,0,27.3849553921643,0,10.3175595930845,0,8.75976238250732,94.8298263549805,0,0,4.57029185003164,0,0,0,0,97.8051605224609,82.5281414455838,63.0266558803729,6.28298648861381,0,34.5629537900289,0,31.2734136581421,0,0,0,0,0,0,0,0,0,57.5292701721191,0,21.1109512121632,43.9181747436523,29.5655839148532,0,13.4968085924294,99.4139060974121,29.6403516026007,62.0838680267334,31.9376779224562,0,13.3424136082993,60.0107879638672,41.8797598206595,0,29.4813798477775,0,11.5892817775408,0,7.59897565841675,0,0,0,8.75268315712302,0,12.54900598526,0,14.0714378356934,0,0,36.8963935662669,0,32.7090754614936,0,25.8745161554088,0,21.6627048982446,0,20.4046018543928,0,0,0,0,0,20.4742696437916,103.431855519613,18.1852125292529,0,27.3966576670359,89.5604598999023,15.712792908193,35.3712815015744,0
0,0,0,0,6.80041174579867,0,0,0,0,0,11.4304463207722,0,0,0,0,0,85.0364608764648,0,62.5659217834473,0,5.21196298654999,0,0,0,0,0,0,0,18.2023221121894,0,16.2238016490695,0,47.0634231567383,0,0,0,18.9794672966003,0,18.2889735558454,0,16.680796725322,0,23.7719707269273,0,26.9952144622803,0,9.48232825792575,43.4926895728478,36.0214848114272,0,0,0,0,0,0,0,11.9572017814912,0,14.2728214263916,0,0,0,0,0,0,45.0564479827881,0,0,0,0,0,22.3205628152621,0,19.5313757937976,0,0,0,0,163.199142456055,18.3922288717822,0,14.9927363824698,11.4017444625211,8.92834138870239,12.6628508805801,0,23.2253673446011
0,0,0,0,0,53.41845703125,0,0,0,0,0,0,0,0,0,0,0,0,52.1184972127279,35.8756640298026,0,5.75986734939138,0,9.0941588478465,0,3.5454154979615,0,2.8991618837629,0,0,0,0,0,0,0,78.383854675293,0,8.96289222794796,0,73.4519119262695,0,41.3195017109746,109.02808380127,37.8010387420654,0,50.2968207568657,0,36.0694686889648,0,8.18475479267063,0,0,0,0,0,0,0,28.832652386497,0,28.449024772644,0,0,36.8963935662669,0,0,0,8.47040702002717,0,12.5579782164984,0,9.65228992110243,0,18.9629705548286,0,0,0,0,0,79.4323421825062,0,8.36235710813479,0,10.7238252401352,6.58007937953586,28.4983134509848,42.0328305562337,0
0,0,0,0,0,0,0,0,0,0,0,0,0,0,0,0,18.5166625976562,0,0,0,33.8447418212891,3.84691688219706,5.20452287089054,0,4.58573823625391,0,0,0,3.26167001989153,0,0,0,0,0,0,0,0,0,5.65641741617031,0,0,0,0,0,0,0,45.5467770894369,0,8.78211758039103,0,0,0,0,0,0,0,26.5700294857933,0,0,0,0,0,0,45.0564479827881,0,0,0,5.84832810318988,0,5.09613308139899,0,6.85663775385837,0,21.6954467391968,0,0,0,0,0,0,0,5.99366719246495,5.66210662617403,0,22.6142758456143,0,0
0,15.8349021998319,0,0,0,0,0,0,0,5.92945342497392,0,0,0,0,0,0,0,4.25047731399536,0,31.8963864644368,0,6.15529744774595,0,4.94821254340795,0,3.41931321526651,0,0,0,0,0,0,0,0,0,60.6694107055664,0,8.20653249744625,0,78.4552154541016,0,39.3421534785518,0,39.6767425537109,0,42.612496426231,0,13.6232104301453,0,9.37881521504335,0,0,0,0,0,6.33652929904613,0,21.6748475305962,0,17.4078622731295,0,0,32.7090754614936,0,8.47040702002717,0,0,0,6.13204017281532,0,9.22766101075131,0,32.635311126709,0,0,0,0,0,63.6804618835449,0,4.56415180037583,0,4.01698433430422,0,15.5227561846171,0,0
0,0,0,0,0,0,0,0,3.51432754312243,0,0,0,0,0,35.9712677001953,0,15.7936039924622,48.8536567687988,0,0,0,0,8.42076434029473,0,4.49057117882621,0,0,0,0,0,0,0,0,0,0,0,0,0,7.1899222433567,0,0,0,0,0,0,0,0,0,6.45906154725743,0,0,0,0,0,11.148832321167,0,0,0,0,0,0,0,0,0,0,5.84832810318988,0,0,0,3.87699552377065,0,4.27340364456177,0,0,0,0,0,0,0,0,0,9.09548836245256,4.93097268044949,0,10.7312836488088,0,0
