0,0,0.00579760960738964,0,5.928729987744e-05,0,0,0,0.0296722201265434,0,0,0,0,0,0,0,9.26123813931728e-06,0,0.000332720297155743,0,0,0,0,0,0.00576945926309235,0,0,0,0,0,0,0,0,0,0,0,0,0,0.000342222194156442,0,0,2.18066427542301e-05,0.004839036880586,0,0,9.28458729613666e-06,0,0,0.0177419293257113,0,0.000501815429212676,0,0,0,0.0780259605212015,0,0.000106344522129863,0,0,0,0.00474325495933822,0,0,0,0,0,0,4.8369323462678e-05,0,0,0,0,0,0,0,0,0,0,1.63432976953865e-06,3.45901027991647e-06,0,2.9454259207463e-06,0.00022795059532111,7.27637863607547e-06,0.0134873690148617,0,0.00100235729588826
0,0,0,0.0470996757209491,0,0,0,0,0,0.0161169625788265,0,0.000138159374855562,0,0,0,0.00293232036926973,2.13434007920551e-05,4.33596085184129e-05,0.00844432676339649,0.00202358761520994,0,0,0,0.0618193332729106,0,0.00432305348795616,0,0,0,0,0,0,0,0,0,0.000108538744657261,0,0.00183857910504991,0,0,0.000623529617474874,0.00610087091078426,7.16740022626942e-05,0.000427067799925823,0.000201803935473079,0.00124106995767376,1.24161436215318e-05,0,0,0.0365374056930467,0,0,0,0,0,0.158807649589368,0,0.00112724306009759,0,0,0,0.0524171718970879,0.00436963286505071,0,0,0,0.072403914363168,0,0.00949582089069331,0,0.000223099379655159,0,0.000226295426023679,0,0,0,0,0,8.89582753685498e-05,7.39724911135548e-06,0.0011861894924246,0,0.000719174105798405,0,0.0148643729075494,3.7565325838553e-05,8.80703430989737e-05
0.00579760960738964,0,0,0,0.064081607020726,0,0,0,0.0291443137373539,0,0,0,0,0,0,0,0,0,5.74494661921318e-05,0,0,0,0,0,0.00292835843708178,0,0,0,0,0,0,0,0,0,0,0,0,0,0.000253013540600597,0,0.000490969950042587,2.19542813325207e-05,0.00965626040568608,0,0,0,0,0,0.0232357812048546,0,0.0812260510242317,0,0,0,0.0765840950378841,0,0.00558888579479686,0,0,0,0.0134457034149571,0,0,0.00205552525266913,0,0,0,0,0,0,0,2.78450171102241e-05,0,0,0,0,0,0,0,0,0,1.88911007335941e-05,0.000157906965929615,0,0.0138930908156205,0,0.00377935330848365
0,0.0470996757209491,0,0,0,0.026059437446658,0,0,0,0.00251579251191488,0,0,0,0,0,0.0217417335521403,0,0,7.37572559247335e-05,0.00110160099318414,0,0,0,0.00231243704421277,0,0.000149814280914207,0,0,0,0,0,0,0,0,0,1.52910455749888e-05,0,0.000138699093270003,0,0,0,0.00100250428125812,0,0,0,0.000170757654877889,0,0,0,0.00268349316358158,0,0.036601985731966,0,0,0,0.0363300805190385,0,0.0285266261487036,0,7.04569632686055e-05,0,0.0292765409185526,0.00025343342950173,0,0,0,0.00179793915510178,0,0.00105363210527011,0,0,0,7.83016498763769e-05,0,0,0,0,0,0.000244357956715934,0,7.74582406134476e-05,0,0.00133875007211898,0,0.00532010075645226,0,0
5.928729987744e-05,0,0.064081607020726,0,0,0,3.39574559653361e-05,0,0.00242594905123702,0,0,0,0,0,0.000186874410538232,0,0,0,0,0,0.00761836398708511,0,0,0,0.000759240495370904,0,0,0,0,0,0,0,0,0,0,0,0,0,5.75841335345627e-05,0,0,0,0.00169242787679476,0,0,0,0,0,0,0,0.0552332938514614,0,0,0,0.000724296036003729,0,0.00197372163360745,0,0.00423722253030748,0,0,0,0,0.00155196957497984,0,0,0,0,0,0,0,0,0,0,0,0,0,0,0,0,0,2.42836192695791e-06,0.00135196370434595,0,0.010892484700809,0,0.000407028105487226
0,0,0,0.026059437446658,0,0,0,0,0,0.00155358825050551,0,0.00251858542255495,0,0,0,0,0,0,0,0.00207345253312883,0,0,0,0,0,0,0,0,0,0,0,0,0,0,0,0.000376233357949086,0,0,0,0,0,0,0,0,0,0,0,0,0,0,0,0.0221052047562516,0,0,0,0.000244626024573542,0,0.00768969751498284,0,0.00239735164855846,0,0,0,0,0,0,0,0,0,0,0,0,0,0,0,0,0,0,6.30999779481835e-05,0,0,0,0.00393458733424925,0.000144924131500073,0.00186133287755423,0,0
0,0,0,0,3.39574559653361e-05,0,0,0,0,0,0.00114832375767449,0,0,0,0,0,0,0,0,0,0.000131530673244285,0,0,0,0,0,0,0,0,0,0,0,0,0,0,0,0,0,0,0,0,0,0,0,0,0,0,0,0,0,0.000899973554700253,0,0.00766787911528527,0,0,0,0.0062233563174466,0,0.00187580301742307,0,0,0,0,0.000342981478567593,0,0,0,0,0,0,0,0,0,0,0,0,0,0,0,0,0,0,0.000197004093715893,0,2.03049715509051e-05,0,0
0,0,0,0,0,0,0,0,0,0,0,0,0,0,0,0,0,0,0,0,0,0,0,0,0,0,0,0,0,0,0,0,0,0,0,0,0,0,0,0,0,0,0,0,0,0,0,0,0,0,0,0,0,0,0,0,0,0,0,0,0,0,0,0,0,0,0,0,0,0,0,0,0,0,0,0,0,0,0,0,0,0,0.00120475163479026,0,0,0,0
0.0296722201265434,0,0.0291443137373539,0,0.00242594905123702,0,0,0,0,0,0,0,0,0,0.0457172322394245,0,0.00191602369716917,0.000135148068876112,0.00179064832548261,0,0,0,0,0,0.0410588237050646,0,0.00589811753999041,0,0,0,0,0,0,0,0,0,3.97034317531467e-06,0,0.000866980892511527,0,0.000178625904441919,0,0.00166777064171016,0,0.000437140748238066,6.08226987289039e-05,0.000121096528978997,0,0.0023994206523275,0,0.00635275613682571,0,0,0,0.243369551051384,0,0.00118205766371704,0,0,0,0.0200904173640079,0,0,0.00013947982578556,0,0,0,0.00688179115651525,0,0.000387848961466014,0,0,0,0,0,0,0,0,0,1.54125181224359e-06,0,0.000114493438513318,0.00358282217131679,0.000135576667770223,0.00494876897065625,0,0.00207841519466239
0,0.0161169625788265,0,0.00251579251191488,0,0.00155358825050551,0,0,0,0,0,3.89212386726922e-05,0,0,0,0.0140422835807067,0,0.000770205620770333,0.000799195147613419,0.0019106437312205,0,0,0,0.00951418585255209,0,0.0035737484647861,0,0,0,0,0,0,0,0,0,0,0,6.92293854121984e-05,0,0,0,0.0188347642463718,0,0.000138764654961226,0,0,0,0,0,0.00936082222202234,0,0,0,0,0,0.0762421722567218,0,1.39079744465641e-05,0,0,0,0.0195808298023537,0.000598036019892926,0,0,0,0.0043323642718149,0,0.00334417366925674,0,0,0,0.000203514755372458,0,0,0,0,0,0,0,8.19565934051574e-05,0,0.00171811433327016,1.18526701664706e-05,0.0109516591365237,0.00244768265401525,0
0,0,0,0,0,0,0.00114832375767449,0,0,0,0,0,0.00310391740278684,0,0,0,0,0,0,0,0.0268727489749365,0,0,0,0,0,0,0,0,0,0.000227228361408809,0,0,0,0,0,3.27372705155755e-05,0,0.00217078924724898,0,0,0,0,0,0,0,0,0,0,0,0,0,0,0,0,0,0.0533515144641796,0,0.00157999583898132,0,0,0,0,0.000114538348188046,0,0,0,0,0,0,0,0,0,0.000506559227320004,0,0,0,0,0,5.62891644151614e-05,0,0.000273350258588043,0.00135309334599843,1.10527771539637e-05,0,0,0
0,0.000138159374855562,0,0,0,0.00251858542255495,0,0,0,3.89212386726922e-05,0,0,0,0.0102001984025486,0,0,0,0,0,0.0386809200425766,0,0,0,0,0,0,0,0.000129507306619045,0,0.0133312108883269,0,0,0,0,0,5.48291658533681e-05,0,0.0110127528946012,0,0,0,0,0,0,0,3.83211369296658e-05,0,0,0,0,0,0,0,0,0,0,0,0.0662875889185638,0,0.00317058938658976,0,0,0.00372927299821892,0,0,0,0,0,0,0,0,0,0.00495531666222528,0,0,0,0,0,6.110396421579e-06,0,4.330965392593e-06,0,0.00126980251864459,1.08359373930678e-05,0.000392363417064103,0,0
0,0,0,0,0,0,0,0,0,0,0.00310391740278684,0,0,0,0.00949687681840281,0,0,0,0,0,0,0,0,0,0,0,0,0,0.00462445220817857,0,0,0,0,0,0,0,0,0,0,0,0,0,0,0,0,0,0,0,0,0,0,0,0.000227236140211294,0,0,0,0.000293082508309863,0,0.00755507300600599,0,0.00122478851929051,0,0,0,0,0,0,0,0,0,0,0,0,0,0,0,0,0,0,0,0,0,0.000721293276929671,0.000128600097539332,0,0,0
0,0,0,0,0,0,0,0,0,0,0,0.0102001984025486,0,0,0,0,0,0,0,0,0,0,0,0,0,0,0,0.00944509618576637,0,0,0,0,0,0,0,0,0,0,0,0,0,0,0,0,0,0,0,0,0,0,0,0,0,0,0,0,0,0.0149407639383129,0,0.0533263224449508,0,0,0,0,0,0,0,0,0,0,0.00199267464322594,0,0.00426484736065374,0,0,0,0,0,0,0,0,0,0.000504836440998957,0.000849156910445303,0,0,0
0,0,0,0,0.000186874410538232,0,0,0,0.0457172322394245,0,0,0,0.00949687681840281,0,0,0,0.00558670190356192,5.90970638241328e-05,9.05461870937148e-06,0,0,0,0,0,0.000927039029955209,0,0.01254778783862,0,0,0,0,0,0,0,0,0,0,0,0,0,0,0,0,0,0,0,0,0,0.000823895184865246,0,0.00265160986891329,0,0,0,0.00733608914126596,0,0,0,0.00521147562727961,0,0.11665691946144,0,0,0,0,0,0,0,0,0.0100724332299532,0,0,0,0,0,0,0,0,0,0,0,0,0.000270867746877616,2.84036151840194e-05,0,0,0
0,0.00293232036926973,0,0.0217417335521403,0,0,0,0,0,0.0140422835807067,0,0,0,0,0,0,0,0.000474683085673072,0,0,0,0,0,0.0108332231402648,0,0.00656387942098289,0,0,0,0,0,0,0,0,0,0,0,0.000206585928525371,0,0,0,0.000323859149822018,0,0,0,0,0,0,0,0.00347354650636625,0,0,0,0,0,0.00283223697820273,0,0.000485519007192721,0,0.000103822974574995,0,0.062875144114565,1.92815792224814e-05,0,0,0,0.0216382119601386,0,0.00545717567140895,0,0,0,0,0,0,0,0,0,0,0,0.000170312789866413,0,0.000356828562996612,6.92533977040611e-05,0.0018398603395734,0,0
9.26123813931728e-06,2.13434007920551e-05,0,0,0,0,0,0,0.00191602369716917,0,0,0,0,0,0.00558670190356192,0,0,0.0902736521270492,0.0555930897970109,3.48268021904999e-05,0,0,0,0,0.000584827044096402,0,0.00563695545219985,0,0,0,0,0,0,0,0,1.07346548328395e-06,7.69779216038415e-05,0,0,0,0.00269118816965555,0.000506605930655502,0.0030983439162749,0.000882624508953028,0.00147218803046491,0.00122429592576403,0.000392923546313657,0,0.000190551778006539,0,0,0,0,0,0.000113596797381511,0,1.80373928036571e-05,0,0,0,0,7.02211026767929e-06,0.000127462343918918,0,0,0,0,0,0,0,0,0,0,0,0,0,0,0,2.84470058898251e-05,0.000210973709699162,3.28648088791456e-05,0,0.0468103770080895,0.0457278198384477,0.00277290798660672,0.000145929767469807,0.00102377101282252
0,4.33596085184129e-05,0,0,0,0,0,0,0.000135148068876112,0.000770205620770333,0,0,0,0,5.90970638241328e-05,0.000474683085673072,0.0902736521270492,0,0.0488780669983903,0.000113973487177054,0,0.000424894086370347,0,0.00866349682881556,0,0.00637108857152804,5.06473412135063e-05,0,0,0,0,0,0,0,0,2.38833437859871e-06,3.94285909979442e-05,9.84802952908308e-06,0,0,0.000272865047817397,0.000777077467183598,0.000443912734188458,0.000567176433001805,0.000143778017273319,0.000887571670806547,2.90613040816119e-05,0,4.97746160882691e-05,0,0,0,0,0,0,5.07539777744986e-05,0,0,0,0,0,0.00178026150004824,0.000103662493033687,0,2.23624822445283e-05,0,0.00117523004974574,0,9.94580282297978e-05,0,0,0,0,0,0,0,0,0,2.77445127632486e-05,2.17022514343216e-05,2.73503393038616e-05,0,0.0352911347518163,0.019577721759962,0.00101693665032082,0.000294577587701225,0.000193004126458216
0.000332720297155743,0.00844432676339649,5.74494661921318e-05,7.37572559247335e-05,0,0,0,0,0.00179064832548261,0.000799195147613419,0,0,0,0,9.05461870937148e-06,0,0.0555930897970109,0.0488780669983903,0,0.00313862973902483,0,0,0,0.000397813835334657,0.000113295820339344,3.81711226813191e-05,0,0,0,0,0,0,0,0,0,5.19257342874685e-05,0.00126660905577173,0.000420855487713942,1.7794527493034e-05,0,0.0404177099768817,0.0558228025541387,0.0737735103950523,0.023911509407198,0.0197341119311365,0.0370456771725723,0.00634886862887367,0,0.00315444021569696,0.000381029777372999,0.000107350064954525,0,0,0,0.000106381555841256,0.000946023513124833,0.000663920598841465,0,0,0,0,9.58285044351343e-05,0.00697656983418707,0.000109215361144499,0,0,0.000247428513496716,0,9.17210204461518e-05,0,0,0,0.000103536576471506,0,0,0,0,0,0.00168123691910164,0.00188646433844819,0.002011164790661,0,0.0409695128857442,0.00879519763005963,0.0644627192489371,0.0183585990872623,0.0139886942535801
0,0.00202358761520994,0,0.00110160099318414,0,0.00207345253312883,0,0,0,0.0019106437312205,0,0.0386809200425766,0,0,0,0,3.48268021904999e-05,0.000113973487177054,0.00313862973902483,0,0,0,0,0,0,0,0,0,0,0,0,0,0,0,0,0.00914522290086011,0,0.00655855056261195,0,0,8.83575229253045e-05,0.00170710984490835,4.39110359327162e-05,0.00225531166172725,0,0.00497854839001977,0,0,0,0.000526327029236337,0,0,0,0,0,0,0,0.0228666390412882,0,0,0,0.000782684923894772,0.161455070026606,0,0,0,0,0,6.9746456172724e-06,0,0,0,1.89966362272941e-05,0,0,0,0,0,0.00192444661185959,0,0.000905001223368723,0,0.00332945770591294,1.13026818304749e-06,0.00568840422391253,0.00337245722636737,0
0,0,0,0,0.00761836398708511,0,0.000131530673244285,0,0,0,0.0268727489749365,0,0,0,0,0,0,0,0,0,0,0,0,0,0,0,0,0,0,0,0,0,0,0,0,0,0.00386804169393659,0,0.000283065967150891,0,0,0,6.48200760379261e-05,0,0,0,0.00703161280637695,0,0,0,0,0,0,0,0,0,0.00258387609726764,0,0,0,0,0,0,0.0567028035184397,0,0,0,0,0,0,0,0,0,0,0,0,0,0,0,0.000586169950593818,0,0,0.00103848607225733,2.02879291115124e-05,0.00323000227149437,0,0
0,0,0,0,0,0,0,0,0,0,0,0,0,0,0,0,0,0.000424894086370347,0,0,0,0,0.00151799948570564,0.00551339766219851,0,0.0053187284890992,0,0.00137102843564289,0,0,0,0,0,0,0,0,0,0.0176078958385118,0,0,0,0,0,0,0,0,0,0,0,0.00066372459584866,0,0,0,0,0,0,0,0,0,0,0,0,0,0,0.055489487863081,6.2899934394118e-05,0.0035092427736488,0,0.00135968084626953,0,0.000304660486334922,0,0,0,0,0,0,0,0,0,0.00423226816413129,0,0.00272817631200185,0.00167550201856107,0,0,0
0,0,0,0,0,0,0,0,0,0,0,0,0,0,0,0,0,0,0,0,0,0.00151799948570564,0,0,0.0010899035616951,0,0,0,0.00329364777623664,0,0,0,0,0,0,0,0,0,0.010437913063499,0,0,0,1.07366082470122e-05,0,0,0,0,0,0.00233187835269435,0,0,0,0,0,0,0,0,0,0,0,0,0,0,0,0.00108750042960186,0.050287260263749,0,0.00116547550691479,0,2.02507123925519e-05,0,0.000304507733557473,0,0,0,0,0,0,0,0,0,0.000461391680119394,0.00133137979697114,0.00204731127520766,0.000206991445386973,0,0
0,0.0618193332729106,0,0.00231243704421277,0,0,0,0,0,0.00951418585255209,0,0,0,0,0,0.0108332231402648,0,0.00866349682881556,0.000397813835334657,0,0,0.00551339766219851,0,0,0,0.0139077223978852,0,0,0,0,0,0,0,0,0,0,0,0.00782856271190988,0,0,0,0.000691449629416853,0,0,0,0.000131708175933086,0,0,0,0.00634030838062954,0,0,0,0,0,0.0547779449379516,0,0,0,0,0,0.0490166035585888,9.0452222720796e-05,0,0.00131903677435455,0,0.388285087749844,0,0.0130039919755749,0,0,0,0,0,0,0,0,0,1.3531339490013e-06,0,0.0025488787377799,0,0.00175490371879196,0,0.0020549238067648,0,0
0.00576945926309235,0,0.00292835843708178,0,0.000759240495370904,0,0,0,0.0410588237050646,0,0,0,0,0,0.000927039029955209,0,0.000584827044096402,0,0.000113295820339344,0,0,0,0.0010899035616951,0,0,0,0.0182255058690397,0,0,0,0,0,0,0,0,0,0,0,0.00858450106414078,0,0,0,0.000119557656515882,0,0,0,0,0,0.000941337819183106,0,0.000300005510567474,0,0,0,0.0517684217982175,0,0.000169325667187568,0,0,0,0.0321386929527718,0,0,0,0,9.73405781357014e-05,0,0.0734547022191188,0,0.0190971352485811,0,0,0,0,0,0,0,0,0,0,0,0.00178587740206179,0.00110079191513673,0,0.00308208574777361,0,0
0,0.00432305348795616,0,0.000149814280914207,0,0,0,0,0,0.0035737484647861,0,0,0,0,0,0.00656387942098289,0,0.00637108857152804,3.81711226813191e-05,0,0,0.0053187284890992,0,0.0139077223978852,0,0,0,0,0,0,0,0,0,0,0,6.67372604174973e-06,0,0.000367607246367969,0,0,0,0.000139337362824666,0,0,0,8.05358657884105e-06,0,0,0,0.000617925833870119,0,0,0,0,0,0.0034019539087147,0,0,0,0,0,0.0189451869914825,4.24880570008921e-05,0,0.00172272223039952,0,0.0135750854099321,0,0.128466360113237,0,0,0,0,0,0,0,0,0,0,0,6.72033942262315e-05,0,0.000500848468228475,0,0.000379882053742556,0,0
0,0,0,0,0,0,0,0,0.00589811753999041,0,0,0,0,0,0.01254778783862,0,0.00563695545219985,5.06473412135063e-05,0,0,0,0,0,0,0.0182255058690397,0,0,0,0,0,0,0,0,0,0,0,0,0,4.53812559756292e-05,0,0,0,0,0,0,0,0,0,0,0,0,0,0,0,0.000560723387090956,0,0,0,0,0,0.00262137379070985,0,0,0,0,0,0,0.000907832782321406,0,0.0104595479032387,0,0,0,0,0,0,0,0,0,0,0,0,3.70316383239506e-05,3.10972145035009e-06,0,0,0
0,0,0,0,0,0,0,0,0,0,0,0.000129507306619045,0,0.00944509618576637,0,0,0,0,0,0,0,0.00137102843564289,0,0,0,0,0,0,0,0.0248153693889127,0,0,0,0,0,0,0,0.00113402242447855,0,0,0,0,0,0,0,0,0,0,0,0,0,0,0,0,0,0,0,0.00035035493762028,0,0.000825894518860515,0,0,0,0,4.29622486990411e-05,0,0,0,0,0,0.0416280896396418,0,0.00782426845857381,0,0,0,0,0,0,0,0,0,0.00210037388675435,0.00299182414850795,0,0,0
0,0,0,0,0,0,0,0,0,0,0,0,0.00462445220817857,0,0,0,0,0,0,0,0,0,0.00329364777623664,0,0,0,0,0,0,0,0.0130271345198252,0,0,0,0,0,0,0,0.000398126377975942,0,0,0,0,0,0,0,0,0,0,0,0,0,0,0,0,0,0,0,0.00385934727402217,0,0,0,0,0,0,0,0,0,0,0,0,0.0211316565081131,0,0.00244925074137273,0,0,0,0,0,0,0,0.000509533828450118,0.000939713855291179,0,0,0,0
0,0,0,0,0,0,0,0,0,0,0,0.0133312108883269,0,0,0,0,0,0,0,0,0,0,0,0,0,0,0,0.0248153693889127,0,0,0,0,0,0,0,0,0,0.00177067945843364,0,0,0,0,0,0,0,0,0,0,0,0,0,0,0,0,0,0,0,0.00116083237307003,0,0,0,0,0,0,0,0,0,0,0,0,0.00166009877421374,0,0.0766481108086918,0,0,0,0,0,0,0,0,0,0.00126794524513691,0,0,0,0
0,0,0,0,0,0,0,0,0,0,0.000227228361408809,0,0,0,0,0,0,0,0,0,0,0,0,0,0,0,0,0,0.0130271345198252,0,0,0,0,0,0,0,0,0,0.00174561287948902,0,0,0,0,0,0,0,0,0,0,0,0,0,0,0,0,0,0.000254342824878047,0,0,0,0,0,0,0,0,0,0,0,0,0,0,0.000111671518406843,0,0.00861829075906046,0,0,0,0,0,0,0,0,0.000190876619180025,0,0,0,0
0,0,0,0,0,0,0,0,0,0,0,0,0,0,0,0,0,0,0,0,0,0,0,0,0,0,0,0,0,0,0,0,0.00385711609907701,0.000260322056735444,0,0.00130259443744481,0,0,0,0.0101704397135684,0,0,0,0,0,0,0,0.0369465060216737,0,0.00234203969374179,0,0,0,0,0,0,0,0,0,0,0,0,0,0,0,0,0,0,0,0,0,0,0,0,0.0653938298201937,0,0.000101888480006578,0,0.00134425058888927,0,0,0,0.0017430351453803,0,0,0,0
0,0,0,0,0,0,0,0,0,0,0,0,0,0,0,0,0,0,0,0,0,0,0,0,0,0,0,0,0,0,0,0.00385711609907701,0,0,0.0188888710650156,0.00036788923323769,0.00124979950346473,0,0,0.00207328311737826,0,0,0,0,0,0,0,0.116012728282457,0.000650588270376884,0.0357880083680964,0,0,0,0,0,0,0,0,0,0,0,0,0,0,0,0,0,0,0,0,0,0,0,0,0,0.0712407855085902,0,0.00175285981289611,0,8.14474879007321e-06,0,0,0.000290093684487167,0,0,0,0
0,0,0,0,0,0,0,0,0,0,0,0,0,0,0,0,0,0,0,0,0,0,0,0,0,0,0,0,0,0,0,0.000260322056735444,0,0,0.086890237334968,0.00414369051056472,0.00104047017724418,0.000492329989551501,0.00222253282295392,0,0,0,0,0,0,0,0,0.0434198039715836,0,0.000866174817818676,0,0,0,0,0,0,0,0,0,0,0,0,0,0,0,0,0,0,0,0,0,0,0,0,4.67040614375949e-05,0,0.194910330146332,0.0206077657469802,0.00155860474131202,0,0.00282798701785328,0,0.00405395044025593,4.07858591279953e-06,9.6696209490113e-06,0,0
0,0,0,0,0,0,0,0,0,0,0,0,0,0,0,0,0,0,0,0,0,0,0,0,0,0,0,0,0,0,0,0,0.0188888710650156,0.086890237334968,0,4.12175187490082e-06,0.00512847479042887,1.29876231069787e-05,0.00161475232151914,0,0,0,0,0,0.000366358672518467,0,0,0.0314007498377702,0,0,0,0,0,0,0,0,0,0,0,0,0,0,0,0,0,0,0,0,0,0,0,0,0,0,0,0.00949446458676007,0.02488762257579,0.254365345017202,0,0.000420367544596204,0,0.00608132936755031,0.00132976288695403,0.000388423742284983,0,0,0
0,0.000108538744657261,0,1.52910455749888e-05,0,0.000376233357949086,0,0,0,0,0,5.48291658533681e-05,0,0,0,0,1.07346548328395e-06,2.38833437859871e-06,5.19257342874685e-05,0.00914522290086011,0,0,0,0,0,6.67372604174973e-06,0,0,0,0,0,0.00130259443744481,0.00036788923323769,0.00414369051056472,4.12175187490082e-06,0,0.00119055942296402,0.00652155554132277,6.31699958830723e-06,0.00169902787626706,0,7.10599262399385e-05,0,0.000108983658525901,0,3.07358706816081e-05,0,0.000242954225365088,0,7.67147126645832e-05,0,0,0,0,0,1.33206981269614e-06,0,0.00189499825361709,0,0,0,0,0.003033876530406,0,0,0,0,0,1.85429295528788e-05,0,1.0944778755349e-06,0,0,0,0.000539536380065515,1.57915159770079e-05,0.000905383983247975,0,0.0473898518883765,0.000173170997301461,0.00536913824217458,0,0.00232857530306889,0.000239751127356498,0.00218229674810696,1.98260984623038e-05,0
0,0,0,0,0,0,0,0,3.97034317531467e-06,0,3.27372705155755e-05,0,0,0,0,0,7.69779216038415e-05,3.94285909979442e-05,0.00126660905577173,0,0.00386804169393659,0,0,0,0,0,0,0,0,0,0,0,0.00124979950346473,0.00104047017724418,0.00512847479042887,0.00119055942296402,0,5.95516032424757e-05,0.0111518551845548,0,0.000187692556632028,3.89930861281235e-05,0.000993217676957151,1.37882860180258e-05,0.000516271041728251,4.73647687179925e-05,0.00292380330646779,0.00839214120545639,0.000114813996829164,3.41844469512292e-06,0,0,0,0,0,0,1.19894055517919e-05,0,0,0,0,0,0,0.0030583398825685,0,0,0,0,0,0,0,0,0,0,0,0.00234884149038189,0.000286708148094764,0.00685571488042424,0.000457465126416727,0.0532447747023055,0,0.00409217011044227,0.0049977942548787,0.00103963978765249,0.000802887362344134,0,0.000178026639162012
0,0.00183857910504991,0,0.000138699093270003,0,0,0,0,0,6.92293854121984e-05,0,0.0110127528946012,0,0,0,0.000206585928525371,0,9.84802952908308e-06,0.000420855487713942,0.00655855056261195,0,0.0176078958385118,0,0.00782856271190988,0,0.000367607246367969,0,0.00113402242447855,0,0.00177067945843364,0,0,0,0.000492329989551501,1.29876231069787e-05,0.00652155554132277,5.95516032424757e-05,0,0.00701040047746996,0,0,0.00474737434008881,0.000178127910612476,0.000107322057031242,0,0.00099876808785875,0,0.00422347066733831,0,0.00206571859309058,0,0,0,0,0,0.000339167950660054,0,0.000564804586784592,0,0,0,0.00143208086761269,0.00708193534026726,0,0.00621925033523445,0,0.00425484019828032,0,0.000139849849024667,0,0,0,0.0010120412402687,0,0,0,0.00203256779121045,0,0.00301728367535024,0.000189211765281734,0.117898522012925,0.000155440506251187,0.00857916215879978,0.00309048510847633,0.00197714197242108,0.00020739777639404,0
0.000342222194156442,0,0.000253013540600597,0,5.75841335345627e-05,0,0,0,0.000866980892511527,0,0.00217078924724898,0,0,0,0,0,0,0,1.7794527493034e-05,0,0.000283065967150891,0,0.010437913063499,0,0.00858450106414078,0,4.53812559756292e-05,0,0.000398126377975942,0,0.00174561287948902,0,0,0.00222253282295392,0.00161475232151914,6.31699958830723e-06,0.0111518551845548,0.00701040047746996,0,0,0,8.96930015826667e-06,0.000589303894129528,0,0,0,0,0.000768580437289434,0.00704123485025689,0,1.55788107949812e-05,0,0,0,0.00488531092162876,0,0.000130229305666408,0,0,0,0,0,0,0.000337417235294438,0,0.000533791776605872,0,0.004147952889412,0,0,0,0.000276756579626269,0,0,0,0,0,0.000511998727227468,0,0.00407522783216508,0.00086667912737205,0.0584188356228127,0.00251795646037046,0.000768945418512195,0.00419799876914538,0,0
0,0,0,0,0,0,0,0,0,0,0,0,0,0,0,0,0,0,0,0,0,0,0,0,0,0,0,0,0,0,0,0.0101704397135684,0.00207328311737826,0,0,0.00169902787626706,0,0,0,0,0,0.00648889954284741,7.74509734965765e-05,0,0,0.000686616630920599,0,0.0238471305771264,0.000299491343588887,0.176046556212506,0,0,0,0,0,0,0,0,0,0,0,0,0.0161103008624652,0,0,0,0,0,0,0,0,0,0,0,0.00316735275754914,0,0,0,0.0278445058415422,0,0,0,0.000248444165691793,0,0.0271341269185341,3.08547583783084e-05,0
0,0.000623529617474874,0.000490969950042587,0,0,0,0,0,0.000178625904441919,0,0,0,0,0,0,0,0.00269118816965555,0.000272865047817397,0.0404177099768817,8.83575229253045e-05,0,0,0,0,0,0,0,0,0,0,0,0,0,0,0,0,0.000187692556632028,0,0,0,0,0.000783794092159545,0.146965172648318,0.000516507491332445,0.0459256774051557,0.000758565861853572,0.0473562114051278,2.26867386926337e-05,0.00221015457380408,0,0.000190491944992671,0,0,0,0.000130780753401352,1.82539433308925e-05,0.000938364274564559,0,0,0,0,0,1.09817254217459e-05,0.015989697179352,0,0,0,0,0,0,0,0,0,0,0,0,0,0,1.16468705074931e-06,0.000546393893946868,2.01880545678439e-06,0,0.00303304657373566,0.00060333273167803,0.0581331207648667,0.000412466823559994,0.0236327607732105
2.18066427542301e-05,0.00610087091078426,2.19542813325207e-05,0.00100250428125812,0,0,0,0,0,0.0188347642463718,0,0,0,0,0,0.000323859149822018,0.000506605930655502,0.000777077467183598,0.0558228025541387,0.00170710984490835,0,0,0,0.000691449629416853,0,0.000139337362824666,0,0,0,0,0,0,0,0,0,7.10599262399385e-05,3.89930861281235e-05,0.00474737434008881,8.96930015826667e-06,0.00648889954284741,0.000783794092159545,0,0.0239388741957499,0.0253345684152108,0.000568726967106447,0.102070531707501,1.53377984983363e-05,0.0210709598145566,0.0222976844588156,0.0346665878483771,0,0,0,0,0,0.00901621928647178,0,0.00730300009082821,0,0,0,0.00157377902554083,0.0145756338215236,0,0,0,0.0020227270283775,0,0.0010435130513767,0,0,0,0.00129206102235829,0,0,0,0,0,0.00109584334839209,1.75856353879208e-05,0.00492491088631764,0,0.0170140226876004,0.00020096467497253,0.169753939466731,0.0889210767318566,0.000125558791897507
0.004839036880586,7.16740022626942e-05,0.00965626040568608,0,0.00169242787679476,0,0,0,0.00166777064171016,0,0,0,0,0,0,0,0.0030983439162749,0.000443912734188458,0.0737735103950523,4.39110359327162e-05,6.48200760379261e-05,0,1.07366082470122e-05,0,0.000119557656515882,0,0,0,0,0,0,0,0,0,0,0,0.000993217676957151,0.000178127910612476,0.000589303894129528,7.74509734965765e-05,0.146965172648318,0.0239388741957499,0,0.000290041498655564,0.0119752681847263,0.00177552707736113,0.00257949645417608,0.000743539318020987,0.0198826615801656,2.52534537963484e-05,0.00126479701158466,0,0,0,0.00139499888467184,8.89937393001801e-06,0.0123762605140092,0,0,0,0,1.03279927127262e-05,5.73619217758635e-05,0.000644608095540735,0,0,0,0,0,0,0,0,0,0,0,0,0,0,2.30771425996354e-06,0.00290428611235227,9.06317095519141e-05,1.0590076248988e-05,0.0120870674108141,0.000793621138378674,0.10531875060491,0.000688977859569671,0.0858725667034542
0,0.000427067799925823,0,0,0,0,0,0,0,0.000138764654961226,0,0,0,0,0,0,0.000882624508953028,0.000567176433001805,0.023911509407198,0.00225531166172725,0,0,0,0,0,0,0,0,0,0,0,0,0,0,0,0.000108983658525901,1.37882860180258e-05,0.000107322057031242,0,0,0.000516507491332445,0.0253345684152108,0.000290041498655564,0,0.000620569574409468,0.0540659066303768,0,0,0.000123974243802245,5.12166834026381e-05,0,0,0,0,0,0,0,0,0,0,0,0.000128766374883372,0.00803179575998005,0,0,0,6.51621794314407e-05,0,6.86635268860808e-05,0,0,0,6.75318434257373e-05,0,0,0,0,0,0.00170248194159245,4.30439647255705e-06,0.00157739511114928,0,0.00104251911454055,9.0863394483374e-05,0.0138874177041764,0.0440229096255144,0.000178936750589503
0,0.000201803935473079,0,0,0,0,0,0,0.000437140748238066,0,0,0,0,0,0,0,0.00147218803046491,0.000143778017273319,0.0197341119311365,0,0,0,0,0,0,0,0,0,0,0,0,0,0,0,0.000366358672518467,0,0.000516271041728251,0,0,0,0.0459256774051557,0.000568726967106447,0.0119752681847263,0.000620569574409468,0,0.000502362715544136,0.000395437246783483,0,0.00640809521685173,0,0,0,0,0,0,0,0.00014230472072476,0,0,0,0,0,0,0,0,0,0,0,0,0,0,0,0,0,0,0,0,0,7.71890542443525e-06,0.00116734814615516,0,0,0.000835307907125433,0.000255893529442823,0.0062935316798212,0.000555561868447782,0.00977210381332336
9.28458729613666e-06,0.00124106995767376,0,0.000170757654877889,0,0,0,0,6.08226987289039e-05,0,0,3.83211369296658e-05,0,0,0,0,0.00122429592576403,0.000887571670806547,0.0370456771725723,0.00497854839001977,0,0,0,0.000131708175933086,0,8.05358657884105e-06,0,0,0,0,0,0,0,0,0,3.07358706816081e-05,4.73647687179925e-05,0.00099876808785875,0,0.000686616630920599,0.000758565861853572,0.102070531707501,0.00177552707736113,0.0540659066303768,0.000502362715544136,0,0.00012281658825157,0,0.000336273852552816,0.00156505442828434,0,0,0,0,0,3.1156182890122e-05,5.7068784792961e-06,0.00092252596654657,0,0,0,0.000108803782949217,0.011783435106726,0,0,0,1.58422246152609e-05,0,0.000180041468710517,0,0,0,9.72419965632534e-06,0,0,0,0,0,0.000434642150551658,1.05225407026024e-05,0.00165930811208016,0,0.00263350008728916,0.000233728493698795,0.0427273058398779,0.0121373353290265,2.2604317323087e-05
0,1.24161436215318e-05,0,0,0,0,0,0,0.000121096528978997,0,0,0,0,0,0,0,0.000392923546313657,2.90613040816119e-05,0.00634886862887367,0,0.00703161280637695,0,0,0,0,0,0,0,0,0,0,0,0,0,0,0,0.00292380330646779,0,0,0,0.0473562114051278,1.53377984983363e-05,0.00257949645417608,0,0.000395437246783483,0.00012281658825157,0,0,0.00187828596430904,0,0,0,0,0,0,0,0.00142290157919853,0,0,0,0,0,1.48208662944225e-05,0.0348624378493333,0,0,0,0,0,0,0,0,0,0,0,0,0,0,5.84833524271068e-06,0.00908066782338436,0,0.000136157725907846,0.00041800478568752,7.26621850832759e-05,0.0500859590108151,0,0.000393039696180956
0,0,0,0,0,0,0,0,0,0,0,0,0,0,0,0,0,0,0,0,0,0,0,0,0,0,0,0,0,0,0,0.0369465060216737,0.116012728282457,0.0434198039715836,0.0314007498377702,0.000242954225365088,0.00839214120545639,0.00422347066733831,0.000768580437289434,0.0238471305771264,2.26867386926337e-05,0.0210709598145566,0.000743539318020987,0,0,0,0,0,0.036797452384502,0.291834302470458,0,0,0,0,0,0,0,0,0,0,0,0,0,0,0,0,0,0,0,0,0,0,0,0,0.0136751166604688,9.38025019375371e-05,0.0223750364477182,0.0408358002953261,0.00134895220301609,0.00169288178658219,0.00018358237724958,0.000527838516615755,0.026121569845007,5.22080824660081e-05,0.0408482473225454,0,0
0.0177419293257113,0,0.0232357812048546,0,0,0,0,0,0.0023994206523275,0,0,0,0,0,0.000823895184865246,0,0.000190551778006539,4.97746160882691e-05,0.00315444021569696,0,0,0,0.00233187835269435,0,0.000941337819183106,0,0,0,0,0,0,0,0.000650588270376884,0,0,0,0.000114813996829164,0,0.00704123485025689,0.000299491343588887,0.00221015457380408,0.0222976844588156,0.0198826615801656,0.000123974243802245,0.00640809521685173,0.000336273852552816,0.00187828596430904,0.036797452384502,0,0.00568141584016849,0,0,0,0,0.000487687160328234,0,0.00243890678316465,0,0.000252544882399266,0,0.0118709127861915,0,0,0.00015907881186106,0,0.00162423424357991,0,0.00299266158335992,0,0,0,0.00203222929157483,0,0,0,0,0,0,0,8.3580860909289e-05,6.43256093130277e-06,0.00395338467859445,0.00905601294818667,8.34316429053248e-05,0.0336878278414364,0.000255944885846571,0.00230312782795586
0,0.0365374056930467,0,0.00268349316358158,0,0,0,0,0,0.00936082222202234,0,0,0,0,0,0.00347354650636625,0,0,0.000381029777372999,0.000526327029236337,0,0.00066372459584866,0,0.00634030838062954,0,0.000617925833870119,0,0,0,0,0,0.00234203969374179,0.0357880083680964,0.000866174817818676,0,7.67147126645832e-05,3.41844469512292e-06,0.00206571859309058,0,0.176046556212506,0,0.0346665878483771,2.52534537963484e-05,5.12166834026381e-05,0,0.00156505442828434,0,0.291834302470458,0.00568141584016849,0,0,9.04817954004919e-05,0,0,0,0.0188474154695919,0,0.00856756060442107,0,0.00197331976387088,0,0.0345404290559259,0.00974240337300599,0,0.000319208764090617,0,0.0150072699457831,0,0.00876222598681506,0,0.000829940913627131,0,0,0,0.00736852603133841,0,0.00197734966417375,0,0.00104655870173172,0,0.00228173848939819,0,0.00141283683246811,7.76420296978074e-06,0.0338044580218307,0.00041949876121278,0
0.000501815429212676,0,0.0812260510242317,0,0.0552332938514614,0,0.000899973554700253,0,0.00635275613682571,0,0,0,0,0,0.00265160986891329,0,0,0,0.000107350064954525,0,0,0,0,0,0.000300005510567474,0,0,0,0,0,0,0,0,0,0,0,0,0,1.55788107949812e-05,0,0.000190491944992671,0,0.00126479701158466,0,0,0,0,0,0,0,0,0,0,0,0.00510662162918263,0,0.0108625907981104,0,0.020078651137556,0,0.000676399844082853,0,0,0.000181842560997732,0,0,0,0,0,0,0,0,0,0,0,0,0,0,0,0,0,1.49561486081786e-05,0.000389244606518094,0,0.00205261104032902,0,0.000602951907652327
0,0,0,0.036601985731966,0,0.0221052047562516,0,0,0,0,0,0,0,0,0,0,0,0,0,0,0,0,0,0,0,0,0,0,0,0,0,0,0,0,0,0,0,0,0,0,0,0,0,0,0,0,0,0,0,9.04817954004919e-05,0,0,0,0,0,0,0,0.0099988802755055,0,0.00953941728042266,0,0.00116152837394267,0,0,0,0,0,0,0,0,0,0,0,0,0,0,0,0,0,0,0,0,7.56133190658096e-05,0,2.31156453207042e-05,0,0
0,0,0,0,0,0,0.00766787911528527,0,0,0,0,0,0.000227236140211294,0,0,0,0,0,0,0,0,0,0,0,0,0,0,0,0,0,0,0,0,0,0,0,0,0,0,0,0,0,0,0,0,0,0,0,0,0,0,0,0,0,0,0,0,0,0.0220205977141477,0,0,0,0,0,0,0,0,0,0,0,0,0,0,0,0,0,0,0,0,0,0,0,6.95967528698658e-07,0,0,0,0
0,0,0,0,0,0,0,0,0,0,0,0,0,0,0,0,0,0,0,0,0,0,0,0,0,0,0,0,0,0,0,0,0,0,0,0,0,0,0,0,0,0,0,0,0,0,0,0,0,0,0,0,0,0,0,0,0,0,0,0,0,0,0,0,0,0,0,0,0,0,0,0,0,0,0,0,0,0,0,0,0,0,0,0,0,0,0
0.0780259605212015,0,0.0765840950378841,0,0.000724296036003729,0,0,0,0.243369551051384,0,0,0,0,0,0.00733608914126596,0,0.000113596797381511,0,0.000106381555841256,0,0,0,0,0,0.0517684217982175,0,0.000560723387090956,0,0,0,0,0,0,0,0,0,0,0,0.00488531092162876,0,0.000130780753401352,0,0.00139499888467184,0,0,0,0,0,0.000487687160328234,0,0.00510662162918263,0,0,0,0,0,0.000416190057539584,0,0,0,0.0138247540155,0,0,0.000160171791505116,0,0,0,0.0379368333249895,0,0,0,0,0,0,0,0,0,0,0,0,0,0.00192974959776645,0.000381294115905138,0,0.00263908309205162,0,0.000302794015922164
0,0.158807649589368,0,0.0363300805190385,0,0.000244626024573542,0,0,0,0.0762421722567218,0,0,0,0,0,0.00283223697820273,0,5.07539777744986e-05,0.000946023513124833,0,0,0,0,0.0547779449379516,0,0.0034019539087147,0,0,0,0,0,0,0,0,0,1.33206981269614e-06,0,0.000339167950660054,0,0,1.82539433308925e-05,0.00901621928647178,8.89937393001801e-06,0,0,3.1156182890122e-05,0,0,0,0.0188474154695919,0,0,0,0,0,0,0,8.29814836707039e-05,0,0,0,0.0169707335940067,0.000208272276485005,0,0,0,0.0865302086364885,0,0.00768264262767466,0,0,0,0.00016984500837066,0,0,0,0,0,4.88011616168579e-06,0,0.000169300577989449,0,0.000721943668770004,3.82004845334689e-06,0.00996372889532661,0.000677872607392008,0
0.000106344522129863,0,0.00558888579479686,0,0.00197372163360745,0,0.0062233563174466,0,0.00118205766371704,0,0.0533515144641796,0,0.000293082508309863,0,0,0,1.80373928036571e-05,0,0.000663920598841465,0,0.00258387609726764,0,0,0,0.000169325667187568,0,0,0,0,0,0.000254342824878047,0,0,0,0,0,1.19894055517919e-05,0,0.000130229305666408,0,0.000938364274564559,0,0.0123762605140092,0,0.00014230472072476,5.7068784792961e-06,0.00142290157919853,0,0.00243890678316465,0,0.0108625907981104,0,0,0,0.000416190057539584,0,0,0,0.017874039262691,0,0.000339201121525654,0,0,0.000894143489825206,0,0,0,0,0,0,0,0.000105976265995555,0,0.000498365419233765,0,0,0,0,0,7.13619647253995e-05,0,3.23012815512343e-06,0.000669042858707764,0,0.0109595884153644,0,0.00102201277753383
0,0.00112724306009759,0,0.0285266261487036,0,0.00768969751498284,0,0,0,1.39079744465641e-05,0,0.0662875889185638,0,0.0149407639383129,0,0.000485519007192721,0,0,0,0.0228666390412882,0,0,0,0,0,0,0,0.00035035493762028,0,0.00116083237307003,0,0,0,0,0,0.00189499825361709,0,0.000564804586784592,0,0,0,0.00730300009082821,0,0,0,0.00092252596654657,0,0,0,0.00856756060442107,0,0.0099988802755055,0,0,0,8.29814836707039e-05,0,0,0,0.028798695418807,0,0.0048656346820431,0.0187399938370301,0,0,0,1.32166191684608e-05,0,3.69772027433019e-05,0,2.7520307164316e-05,0,0.0162774903219304,0,0,0,0,0,0.000240448582842125,0,0.000102322132350078,0,0.000338101473101051,2.98091772272504e-05,0.0258981002184923,0,0
0,0,0,0,0.00423722253030748,0,0.00187580301742307,0,0,0,0.00157999583898132,0,0.00755507300600599,0,0.00521147562727961,0,0,0,0,0,0,0,0,0,0,0,0,0,0.00385934727402217,0,0,0,0,0,0,0,0,0,0,0,0,0,0,0,0,0,0,0,0.000252544882399266,0,0.020078651137556,0,0.0220205977141477,0,0,0,0.017874039262691,0,0,0,0.000996831891603657,0,0,0,0,0,0,0,0,7.84866770048966e-05,0,0.00272515443906679,0,0,0,0,0,0,0,0,0,0,0.000168735073856723,0,4.86438467889078e-06,0,0
0,0,0,7.04569632686055e-05,0,0.00239735164855846,0,0,0,0,0,0.00317058938658976,0,0.0533263224449508,0,0.000103822974574995,0,0,0,0,0,0,0,0,0,0,0,0.000825894518860515,0,0,0,0,0,0,0,0,0,0,0,0,0,0,0,0,0,0,0,0,0,0.00197331976387088,0,0.00953941728042266,0,0,0,0,0,0.028798695418807,0,0,0,0.00370225418477463,0,0,0,0,0,0,0,0,0.00783263791635274,0,0,0,0,0,0,0,0,0,0,0,0.000538745932578192,5.3342675339074e-05,0,0,0
0.00474325495933822,0,0.0134457034149571,0,0,0,0,0,0.0200904173640079,0,0,0,0.00122478851929051,0,0.11665691946144,0,0,0,0,0,0,0,0,0,0.0321386929527718,0,0.00262137379070985,0,0,0,0,0,0,0,0,0,0,0,0,0,0,0,0,0,0,0,0,0,0.0118709127861915,0,0.000676399844082853,0,0,0,0.0138247540155,0,0.000339201121525654,0,0.000996831891603657,0,0,0,0,0,0,0,0,0.000396650826819602,0,0.00749076137887859,0,0,0,0,0,0,0,0,0,0,0,0,1.54151746245357e-05,0,2.28553684563397e-05,0,0
0,0.0524171718970879,0,0.0292765409185526,0,0,0,0,0,0.0195808298023537,0,0,0,0,0,0.062875144114565,7.02211026767929e-06,0.00178026150004824,9.58285044351343e-05,0.000782684923894772,0,0,0,0.0490166035585888,0,0.0189451869914825,0,0,0,0,0,0,0,0,0,0,0,0.00143208086761269,0,0,0,0.00157377902554083,1.03279927127262e-05,0.000128766374883372,0,0.000108803782949217,0,0,0,0.0345404290559259,0,0.00116152837394267,0,0,0,0.0169707335940067,0,0.0048656346820431,0,0.00370225418477463,0,0,0.000218261614104158,0,0,0,0.0947410706728505,0,0.0350025002145161,0,1.98114588333018e-05,0,7.40692233299409e-05,0,0,0,0,0,4.19523706755627e-06,0,0.000549166014406714,0,0.000165474007135959,0,0.0092277050929559,0,0
0,0.00436963286505071,0,0.00025343342950173,0,0,0,0,0,0.000598036019892926,0,0.00372927299821892,0,0,0,1.92815792224814e-05,0.000127462343918918,0.000103662493033687,0.00697656983418707,0.161455070026606,0,0,0,9.0452222720796e-05,0,4.24880570008921e-05,0,0,0,0,0,0,0,0,0,0.003033876530406,0,0.00708193534026726,0,0.0161103008624652,1.09817254217459e-05,0.0145756338215236,5.73619217758635e-05,0.00803179575998005,0,0.011783435106726,1.48208662944225e-05,0,0,0.00974240337300599,0,0,0,0,0,0.000208272276485005,0,0.0187399938370301,0,0,0,0.000218261614104158,0,0,0,0,0.00012617699469959,0,0.000534978738915269,0,2.32213014669524e-05,0,0.000170490169838272,0,0,0,0,0,0.00198625217576312,0,0.00455758950555175,0,0.00191652542004378,2.89508043143449e-05,0.013388910110578,0.0100073262186179,0
0,0,0.00205552525266913,0,0.00155196957497984,0,0.000342981478567593,0,0.00013947982578556,0,0.000114538348188046,0,0,0,0,0,0,0,0.000109215361144499,0,0.0567028035184397,0,0,0,0,0,0,0,0,0,0,0,0,0,0,0,0.0030583398825685,0,0.000337417235294438,0,0.015989697179352,0,0.000644608095540735,0,0,0,0.0348624378493333,0,0.00015907881186106,0,0.000181842560997732,0,0,0,0.000160171791505116,0,0.000894143489825206,0,0,0,0,0,0,0,0,0,0,0,0,0,0,0,0,0,0,0,0,0,0,0.00951639320325502,0,1.13183870686235e-05,0.000325311707624607,1.81324215311831e-05,0.0159492947353463,0,0.000206684107252743
0,0,0,0,0,0,0,0,0,0,0,0,0,0,0,0,0,2.23624822445283e-05,0,0,0,0.055489487863081,0.00108750042960186,0.00131903677435455,0,0.00172272223039952,0,4.29622486990411e-05,0,0,0,0,0,0,0,0,0,0.00621925033523445,0,0,0,0,0,0,0,0,0,0,0,0.000319208764090617,0,0,0,0,0,0,0,0,0,0,0,0,0,0,0,6.64249970300426e-05,0.0017157172878902,0,0.00117052841028293,0,2.06705535674701e-05,0,0,0,0,0,0,0,0,0,0.00220352668830316,0,0.000749549644584483,0.000509180154957448,0,0,0
0,0,0,0,0,0,0,0,0,0,0,0,0,0,0,0,0,0,0,0,0,6.2899934394118e-05,0.050287260263749,0,9.73405781357014e-05,0,0,0,0,0,0,0,0,0,0,0,0,0,0.000533791776605872,0,0,0,0,0,0,0,0,0,0.00162423424357991,0,0,0,0,0,0,0,0,0,0,0,0,0,0,0,6.64249970300426e-05,0,0,0.00012234118512928,0,0.000413054921260074,0,2.59137882171359e-05,0,0,0,0,0,0,0,0,0,0.000674824026551953,0.000241401816617373,8.02330185974222e-05,0,0,0
0,0.072403914363168,0,0.00179793915510178,0,0,0,0,0,0.0043323642718149,0,0,0,0,0,0.0216382119601386,0,0.00117523004974574,0.000247428513496716,0,0,0.0035092427736488,0,0.388285087749844,0,0.0135750854099321,0,0,0,0,0,0,0,0,0,0,0,0.00425484019828032,0,0,0,0.0020227270283775,0,6.51621794314407e-05,0,1.58422246152609e-05,0,0,0,0.0150072699457831,0,0,0,0,0,0.0865302086364885,0,1.32166191684608e-05,0,0,0,0.0947410706728505,0.00012617699469959,0,0.0017157172878902,0,0,0,0.0241401600404301,0,0,0,0,0,0,0,0,0,1.35255717453454e-05,0,0.00053184459254461,0,0.00174461943142279,0,0.00567937974082449,0,0
4.8369323462678e-05,0,0,0,0,0,0,0,0.00688179115651525,0,0,0,0,0,0,0,0,0,0,0,0,0,0.00116547550691479,0,0.0734547022191188,0,0.000907832782321406,0,0,0,0,0,0,0,0,0,0,0,0.004147952889412,0,0,0,0,0,0,0,0,0,0.00299266158335992,0,0,0,0,0,0.0379368333249895,0,0,0,0,0,0.000396650826819602,0,0,0,0,0.00012234118512928,0,0,0,0.00246601171442379,0,0,0,0,0,0,0,0,0,0,0,0.00531095044312615,0.000197937716204904,0,0.00681435774550698,0,0
0,0.00949582089069331,0,0.00105363210527011,0,0,0,0,0,0.00334417366925674,0,0,0,0,0,0.00545717567140895,0,9.94580282297978e-05,9.17210204461518e-05,6.9746456172724e-06,0,0.00135968084626953,0,0.0130039919755749,0,0.128466360113237,0,0,0,0,0,0,0,0,0,1.85429295528788e-05,0,0.000139849849024667,0,0,0,0.0010435130513767,0,6.86635268860808e-05,0,0.000180041468710517,0,0,0,0.00876222598681506,0,0,0,0,0,0.00768264262767466,0,3.69772027433019e-05,0,0,0,0.0350025002145161,0.000534978738915269,0,0.00117052841028293,0,0.0241401600404301,0,0,0,0.00987827735002423,0,0,0,0,0,0,0,1.00788762734225e-05,0,3.14863708270009e-05,0,0.000272878867328251,0,0.00213469457133053,0,0
0,0,0,0,0,0,0,0,0.000387848961466014,0,0,0,0,0,0.0100724332299532,0,0,0,0,0,0,0,2.02507123925519e-05,0,0.0190971352485811,0,0.0104595479032387,0,0,0,0,0,0,0,0,0,0,0,0,0,0,0,0,0,0,0,0,0,0,0,0,0,0,0,0,0,0,0,7.84866770048966e-05,0,0.00749076137887859,0,0,0,0,0.000413054921260074,0,0.00246601171442379,0,0,0,0,0,0,0,0,0,0,0,0,0,0,0,0,0,0,0
0,0.000223099379655159,0,0,0,0,0,0,0,0,0,0,0,0.00199267464322594,0,0,0,0,0,0,0,0.000304660486334922,0,0,0,0,0,0.0416280896396418,0,0.00166009877421374,0,0,0,0,0,1.0944778755349e-06,0,0,0,0,0,0,0,0,0,0,0,0,0,0.000829940913627131,0,0,0,0,0,0,0,2.7520307164316e-05,0,0.00783263791635274,0,1.98114588333018e-05,2.32213014669524e-05,0,2.06705535674701e-05,0,0,0,0.00987827735002423,0,0,0,0.00013755940171562,0,0,0,0,0,0,0,0,0,0.000921469229702878,0,8.65423619572852e-05,0,0
