0,0.238102874159813,0.129360785805865,0,0,0,0,0,0.1460950587477,0.236990784605344,0,0,0,0,0.170510321855545,0,0.457975178956985,0.257693946361542,0.268821051453843,0,0,0,0,0,0,0,0,0,0,0,0,0,0,0,0,0,0,0,0.254853217303753,0,0.421008296310902,0.239522660772006,0.311737749147119,0,0,0,0.286181856142847,0,0.182104491722331,0.285091874274341,0,0,0,0,0.140403605099265,0,0.28723215063413,0.28306519985199,0,0,0.165276358951814,0,0,0.381754577159882,0,0,0,0,0,0,0,0.308399945497513,0,0.329545359952109,0,0,0,0,0,0.387561493823605,0.227521792054176,0.373105110491023,0.206185432713015,0.281903833150864,0.290323861581939,0,0.263023696839809
0.238102874159813,0,0.236994341015816,0.152920176467252,0,0.098780299982299,0,0,0.214862864464521,0.121015007084852,0,0,0,0,0,0,0,0,0.322601421011819,0,0,0,0,0,0,0,0,0,0,0,0,0,0,0,0,0,0,0.271219372749329,0.255817224936826,0.329367085918784,0,0.250480331286318,0.20579420030117,0.264451295137405,0,0.277837132414182,0.289220303297043,0.234580405056477,0.224097514152527,0.176364664487013,0,0,0,0,0,0.126703994786915,0,0.308712484315038,0,0.156323492527008,0,0.13982202950865,0.384546756744385,0,0,0,0,0,0,0,0,0,0.327928513288498,0,0,0,0,0,0.358222567786773,0,0.392218433320522,0.258822333067656,0.215485881940164,0,0.254382496237332,0.264314451813698,0
0.129360785805865,0.236994341015816,0,0,0.143923942310115,0,0,0,0.126837607179627,0,0,0,0,0,0,0,0.238864966801235,0.273804664611816,0.243734770200469,0,0.16044607758522,0,0,0,0,0,0,0,0,0,0,0,0,0,0,0,0.192249473929405,0,0,0,0.234449833254271,0.208885416388512,0.254789337581475,0,0,0,0.219713030505354,0,0.19032678146695,0.296315759420395,0.162131222697996,0,0,0,0.110783756134056,0,0.160458104264352,0,0.149416113699669,0,0.150459913985573,0,0,0.203564902146657,0,0,0,0,0,0,0,0.259813010692596,0,0.240688865496354,0,0,0,0,0.33569623529911,0.252247285755242,0.316244274377823,0.25457546540669,0.236277533982176,0.233224987983704,0.224102104893502,0.204857125878334,0.241696531573931
0,0.152920176467252,0,0,0,0.095758986307515,0,0,0.25292095541954,0.097777270406735,0,0,0,0,0,0,0.238632981975873,0.266510993242264,0.251440037662784,0.214047466715177,0,0,0,0,0,0,0,0,0,0,0,0,0,0,0,0.174391244848569,0,0,0.260890156030655,0.247457498798565,0.241713324189186,0.277420272634846,0,0,0,0.249869645289753,0,0,0,0.193083171485069,0,0.152864596925508,0,0,0,0.1292375909443,0,0.232208371109196,0,0.150029291643908,0,0,0.292867263779044,0,0,0,0,0,0,0,0.293950945138931,0,0.275005776669092,0,0,0,0,0,0.287441866623389,0,0.342422189957955,0,0.242683758655953,0.265938649574916,0.229314901161557,0.27517176654778,0
0,0,0.143923942310115,0,0,0,0.146324083209038,0,0.117708011285255,0,0,0,0,0,0,0,0.245791867375374,0,0.22866112490495,0,0.151124514201108,0,0,0,0,0,0,0,0,0,0,0,0,0,0,0,0.152707612799371,0,0,0,0.186100429910071,0,0.228433630388716,0,0,0,0.199300625175238,0,0.20524228643626,0,0.156242236870863,0,0.140761747956276,0,0,0,0,0,0.157437120874723,0,0,0,0,0.147369621942441,0,0,0,0,0,0,0,0,0,0.220262746016184,0,0,0,0,0.249979674816132,0.206033981981732,0,0.229420459932751,0.178824109135456,0,0.187252485205636,0,0.232744209468365
0,0.098780299982299,0,0.095758986307515,0,0,0,0.106070786714554,0,0.0947972302539991,0,0.178962825073136,0,0,0,0,0.240783363580704,0.255532723665237,0.207223568643842,0.125005626119673,0,0,0,0,0,0,0,0,0,0,0,0,0,0,0,0.187628655135632,0,0,0.2513128221035,0.215159376462301,0,0.221553993505844,0.18483978509903,0,0,0.222435627664839,0.212756782770157,0,0,0.201446134597063,0,0.17343650308887,0,0,0,0,0,0.206370237959574,0,0,0,0,0.196406528353691,0,0,0,0,0,0,0,0,0,0.225437953704741,0.231195002794266,0,0,0,0,0.207230380475521,0,0.271380552223751,0,0.165251358371714,0.154927376657724,0.147004453716679,0.210413839668036,0
0,0,0,0,0.146324083209038,0,0,0,0,0,0,0,0,0,0,0,0,0,0,0,0.127876381778601,0,0,0,0,0,0,0,0,0,0,0,0,0,0,0,0,0,0,0,0,0,0,0,0,0,0,0,0,0,0.158495004918124,0,0.150555853759693,0,0,0,0.138934577236304,0,0.148932489100844,0,0,0,0,0,0,0,0,0,0,0,0,0,0,0,0,0,0,0,0,0,0,0,0.136206518858671,0,0.175264596939087,0,0
0,0,0,0,0,0.106070786714554,0,0,0,0,0,0,0,0,0,0,0,0,0,0,0,0,0,0,0,0,0,0,0,0,0,0,0,0,0,0,0,0,0,0,0,0,0,0,0,0,0,0,0,0,0,0.104565314948559,0,0,0,0,0,0,0,0,0,0,0,0,0,0,0,0,0,0,0,0,0,0,0,0,0,0,0,0,0,0,0,0,0,0,0
0.1460950587477,0.214862864464521,0.126837607179627,0.25292095541954,0.117708011285255,0,0,0,0,0.199126318097115,0,0,0,0,0.160589498939902,0,0.1391452994375,0,0.270734902885225,0,0.131134785711765,0,0,0,0.17912994146347,0,0.14920499920845,0,0,0,0,0,0,0,0,0,0,0,0.208593595527603,0,0.314843863248825,0.234250135719776,0.239528868846067,0,0,0,0.272865415974097,0.242678105831146,0.197790090077453,0.240699196855227,0.121584637090564,0,0,0,0.182703621331877,0,0,0,0,0,0.16392561090844,0,0,0.221541002392769,0,0,0.279622435569763,0.147854838682258,0,0.17810682952404,0,0,0,0.320757538080215,0,0,0,0,0.214446678757668,0.253478780388832,0,0.222361296770119,0.171311662511466,0.192538286274985,0.212953954374277,0,0
0.236990784605344,0.121015007084852,0,0.097777270406735,0,0.0947972302539991,0,0,0.199126318097115,0,0,0,0,0,0,0.162364046160991,0,0,0,0,0,0,0,0.169710385799408,0,0,0,0,0,0,0,0,0,0,0,0,0,0.156066876360957,0.239789347563471,0,0,0.194920625311859,0,0,0,0,0.23074971139431,0,0,0.135195288274969,0,0,0,0,0,0.177624371316236,0,0.218890551477671,0,0,0,0.171696234701408,0.237305089831352,0,0,0,0.160501554318063,0,0.162244422361255,0,0,0,0,0,0,0,0,0,0,0,0.213791850285652,0.22516231238842,0.159749450219433,0.159859203414065,0.143257454569851,0.168095171451569,0
0,0,0,0,0,0,0,0,0,0,0,0,0.160222420010014,0,0,0,0,0,0,0,0.13336984944279,0,0,0,0,0,0,0,0,0,0.14714944643991,0,0,0,0,0,0.159678345531908,0,0.12406993887411,0,0,0,0,0,0,0,0.186097800731659,0,0,0,0,0,0.19340792298317,0,0,0,0.172792144512184,0,0.164517836456389,0,0,0,0,0.147756253472633,0,0,0,0,0,0,0,0.130230816415487,0,0.166439184891199,0,0,0,0,0,0,0,0.155940736033793,0.133808885483032,0,0.145650545992549,0,0
0,0,0,0,0,0.178962825073136,0,0,0,0,0,0,0,0.156049340880579,0,0,0,0,0,0.142779253485586,0,0,0,0,0,0,0,0.166726097464561,0,0.11336430038015,0,0,0,0,0,0.157087615219417,0,0.146265466803206,0,0.174355417490005,0,0.226507539550463,0,0,0,0.202598770459493,0,0,0,0.160193994641304,0,0.203908293806719,0,0,0,0,0,0.159707578811816,0,0.142559777139401,0,0,0.149227468833249,0,0,0,0,0,0,0,0,0,0.2119514399641,0,0,0,0,0,0.18240161438783,0,0.207726205595666,0,0.139636261761189,0.169050946831703,0.157597061660555,0,0
0,0,0,0,0,0,0,0,0,0,0.160222420010014,0,0,0,0.139299273490906,0,0,0,0,0,0,0,0,0,0,0,0.108626844982306,0,0,0,0,0,0,0,0,0,0,0,0,0,0,0,0,0,0,0,0,0,0,0,0,0,0,0,0,0,0.140973567253067,0,0.158105996541176,0,0,0,0,0,0,0,0,0,0,0,0,0.150197404481116,0,0,0,0,0,0,0,0,0,0,0.169849453788055,0.202123848928346,0,0,0
0,0,0,0,0,0,0,0,0,0,0,0.156049340880579,0,0,0,0.126429170370102,0,0,0,0,0,0,0,0,0,0.116233505308628,0,0.152776373922825,0,0,0,0,0,0,0,0,0,0,0,0,0,0,0,0,0,0,0,0,0,0,0,0,0,0,0,0,0,0.153023031239326,0,0.158143532289951,0,0,0,0,0,0,0,0,0,0,0,0,0,0,0,0,0,0,0,0,0,0,0.154157275614006,0.159862990085131,0,0,0
0.170510321855545,0,0,0,0,0,0,0,0.160589498939902,0,0,0,0.139299273490906,0,0,0,0.151966258883476,0,0,0,0,0,0,0,0,0,0,0,0.100410882383585,0,0,0,0,0,0,0,0,0,0,0,0,0,0,0,0,0,0,0,0,0,0,0,0,0,0.162057730667996,0,0,0,0.167004361748695,0,0.171614449297156,0,0,0,0,0,0,0,0,0,0,0,0,0,0,0,0,0,0,0,0,0,0.140946357682421,0.140273720026016,0,0,0
0,0,0,0,0,0,0,0,0,0.162364046160991,0,0,0,0.126429170370102,0,0,0,0.139149107038975,0,0,0,0,0,0,0,0,0,0,0,0,0,0,0,0,0,0,0,0,0,0,0,0,0,0,0,0,0,0,0,0,0,0,0,0,0,0,0,0,0,0,0,0.18093089778702,0,0,0,0,0,0,0.135369868742095,0,0,0,0,0,0,0,0,0,0,0,0,0,0.123963136358041,0.115605468551318,0,0,0
0.457975178956985,0,0.238864966801235,0.238632981975873,0.245791867375374,0.240783363580704,0,0,0.1391452994375,0,0,0,0,0,0.151966258883476,0,0,0.162191767422626,0.277530269563701,0,0,0,0.141864318140004,0,0.14145371162643,0,0.127354597753338,0,0,0,0,0,0,0,0,0,0,0,0.321550220251083,0.295830330765638,0.273810079329399,0.248631103983465,0.238786223928134,0,0,0.292592023313046,0.278368723992342,0,0.293429926037788,0.282352179288864,0,0,0,0,0.158459231257439,0,0,0.274247466163202,0,0,0,0,0.295743376016617,0.281825584173203,0,0.153853937983513,0,0.171875305473804,0,0.163575851917267,0,0,0.28848190009594,0.2935864229997,0,0,0,0,0.31267362504321,0.308980140722159,0.340840044617653,0.322982460260391,0.24177111196588,0.153077566657554,0.281302664214618,0.242092444499334,0.250026757302492
0.257693946361542,0,0.273804664611816,0.266510993242264,0,0.255532723665237,0,0,0,0,0,0,0,0,0,0.139149107038975,0.162191767422626,0,0.257705770063424,0,0,0.118316497653723,0,0,0,0.130540665921654,0,0,0,0,0,0,0,0,0,0,0,0,0,0.276113411675979,0.289438769221306,0.245543494820595,0.239779302342372,0.190894097089767,0,0.275721827565238,0.291114546997207,0,0.260806906968355,0.294986993074417,0,0.240825682878494,0,0,0,0,0,0.286282558773839,0,0,0,0,0.265884086489677,0.303694705168406,0,0,0,0,0.125291741069625,0,0,0,0.303847128436679,0.28865693915974,0,0,0,0,0.306386523829599,0.313902394047805,0.326429738260027,0.304791772531139,0.254085076301158,0.150514592592781,0.289792494687529,0.256888040341437,0.239253390580416
0.268821051453843,0.322601421011819,0.243734770200469,0.251440037662784,0.22866112490495,0.207223568643842,0,0,0.270734902885225,0,0,0,0,0,0,0,0.277530269563701,0.257705770063424,0,0.353141874074936,0,0,0,0,0.290143251419067,0,0,0,0,0,0,0,0,0,0,0,0.246694763501485,0,0.275977067649364,0.281997908127084,0.299260937895115,0.199536082842055,0.1895203357912,0.154291488230228,0,0.28565898717097,0.301022986955217,0,0.266752375039592,0.284661113431579,0.227651298046112,0.214623874425888,0,0,0.26793996989727,0.244791358709335,0.268017918309745,0.283657066269619,0,0,0.228783704340458,0,0.350173168778419,0.304275354201143,0,0,0,0,0,0,0,0.286668214533064,0.303342188422633,0.317991455899009,0,0,0,0,0.315222200558611,0.34774082238342,0.340051841984991,0.375388573488947,0.224720310132323,0.222440123558044,0.301843883785363,0.199096612214485,0.203999624446486
0,0,0,0.214047466715177,0,0.125005626119673,0,0,0,0,0,0.142779253485586,0,0,0,0,0,0,0.353141874074936,0,0,0,0,0,0,0,0,0,0,0,0,0,0,0,0,0.162642332236722,0,0.171960764738361,0,0.162652724498027,0,0.210074844883709,0,0,0,0.213945052586496,0,0,0,0.18753525018692,0,0.113208004335562,0,0,0,0,0,0.15240438133214,0,0,0,0,0.177316516927569,0,0,0,0,0,0,0,0,0,0.197385996580124,0,0,0,0,0,0.192237836005313,0,0.239133880801604,0,0.157113698993573,0.194805110494296,0.173947815587999,0,0
0,0,0.16044607758522,0,0.151124514201108,0,0.127876381778601,0,0.131134785711765,0,0.13336984944279,0,0,0,0,0,0,0,0,0,0,0,0,0,0,0,0,0,0,0,0,0,0,0,0,0,0.164500674965952,0,0.161389598082031,0,0.162919417023659,0,0.208125002682209,0,0,0,0.223378827174505,0,0.18568367511034,0,0.14994142009098,0,0.138442361461265,0,0,0,0.133729864549373,0,0.242596998810768,0,0,0,0,0.176308528859319,0,0,0,0,0,0,0,0,0,0.162574145942926,0,0,0,0,0,0.175848260466699,0,0.191451071615679,0.154183524650879,0,0.220742912024491,0,0
0,0,0,0,0,0,0,0,0,0,0,0,0,0,0,0,0,0.118316497653723,0,0,0,0,0.113049647365011,0.192242619282794,0,0.160066969807331,0,0.143315086561826,0,0,0,0,0,0,0,0,0,0.129906200305457,0.15852136697088,0,0,0,0,0,0,0,0,0,0,0.27735832090731,0,0,0,0,0,0,0,0,0,0,0,0,0,0,0.130135475801486,0.121854691803455,0.188581510714306,0,0.181913839363241,0,0.142304339342647,0,0,0,0,0,0,0,0,0,0.233080769286436,0,0.116369390033728,0.140326571352077,0,0,0
0,0,0,0,0,0,0,0,0,0,0,0,0,0,0,0,0.141864318140004,0,0,0,0,0.113049647365011,0,0,0.156794395382431,0,0.17334470454426,0,0.132283325824473,0,0,0,0,0,0,0,0,0.108070895075798,0.170516435862579,0,0,0,0.327976167201996,0,0,0,0,0.450557300820947,0,0.342661529779434,0,0,0,0,0,0,0,0.330500185489655,0,0,0,0,0,0,0.12725318223238,0.158792545211931,0,0.182135307605852,0,0.137694546154567,0,0.155533751398325,0,0,0,0,0,0,0,0,0,0.335941105449865,0.129065352809935,0.129148699211917,0.311070382595062,0,0
0,0,0,0,0,0,0,0,0,0.169710385799408,0,0,0,0,0,0,0,0,0,0,0,0.192242619282794,0,0,0,0.20654783397913,0,0,0,0,0,0,0,0,0,0,0,0.152029376997743,0,0,0,0.185371018946171,0,0,0,0,0,0,0,0.151830578843753,0,0,0,0,0,0.181992744494762,0,0,0,0,0,0.188948199152946,0,0,0.130245249015543,0,0.190476402542822,0,0.178550806466403,0,0,0,0,0,0,0,0,0,0,0,0.210154119522913,0,0.163517198735668,0,0.151920970529318,0,0
0,0,0,0,0,0,0,0,0.17912994146347,0,0,0,0,0,0,0,0.14145371162643,0,0.290143251419067,0,0,0,0.156794395382431,0,0,0,0.169301031955651,0,0,0,0,0,0,0,0,0,0,0,0.254289071215424,0,0,0.260028675198555,0.276916936039925,0,0,0,0,0.409983476003011,0,0.279534041881561,0,0,0,0,0.207146348875193,0,0,0,0,0,0,0,0,0,0,0.212854190862605,0,0.184989063429489,0,0.162517616324288,0,0,0,0,0,0,0,0,0,0,0,0.266298400043835,0.16211962384781,0,0.308011241257191,0,0
0,0,0,0,0,0,0,0,0,0,0,0,0,0.116233505308628,0,0,0,0.130540665921654,0,0,0,0.160066969807331,0,0.20654783397913,0,0,0,0.133827514946461,0,0,0,0,0,0,0,0,0,0,0,0,0,0,0,0,0,0,0,0,0,0,0,0,0,0,0,0,0,0,0,0,0,0,0,0,0,0,0.201166227459908,0,0.178464210033417,0,0,0,0,0,0,0,0,0,0,0,0,0,0.128035278618336,0,0,0,0
0,0,0,0,0,0,0,0,0.14920499920845,0,0,0,0.108626844982306,0,0,0,0.127354597753338,0,0,0,0,0,0.17334470454426,0,0.169301031955651,0,0,0,0.103090080618858,0,0,0,0,0,0,0,0,0,0,0,0,0,0,0,0,0,0,0,0,0,0,0,0,0,0,0,0,0,0,0,0,0,0,0,0,0.170317651970046,0,0.16243871745277,0,0.162736203769843,0,0,0,0,0,0,0,0,0,0,0,0,0.162614560973497,0,0,0,0
0,0,0,0,0,0,0,0,0,0,0,0.166726097464561,0,0.152776373922825,0,0,0,0,0,0,0,0.143315086561826,0,0,0,0.133827514946461,0,0,0,0.153396391533355,0,0,0,0,0,0,0,0.130812029783311,0,0,0,0,0,0,0,0,0,0,0,0,0,0,0,0,0,0,0,0,0,0.140747908968478,0,0,0,0,0,0,0,0,0,0,0.163655370924437,0,0.136250555515289,0,0,0,0,0,0,0,0.143786959350109,0,0.148008264939893,0.148853739102681,0,0,0
0,0,0,0,0,0,0,0,0,0,0,0,0,0,0.100410882383585,0,0,0,0,0,0,0,0.132283325824473,0,0,0,0.103090080618858,0,0,0,0.154836541219127,0,0,0,0,0,0,0,0.153278746484649,0,0,0,0,0,0,0,0,0,0,0,0,0,0,0,0,0,0.123538609594107,0,0.153386129380821,0,0,0,0,0,0,0.131946384967839,0,0,0,0.165758416448769,0,0.16649965473096,0,0,0,0,0,0,0,0,0,0,0.135538644923104,0.138387888669968,0,0,0
0,0,0,0,0,0,0,0,0,0,0,0.11336430038015,0,0,0,0,0,0,0,0,0,0,0,0,0,0,0,0.153396391533355,0,0,0,0,0,0,0,0,0,0.130031788131086,0,0,0,0,0,0,0,0,0,0,0,0,0,0,0,0,0,0,0,0.190449984787508,0,0,0,0,0,0,0,0,0,0,0,0,0.15755917554578,0,0.185539634253345,0,0,0,0,0,0,0,0.183228105306625,0,0.159203876275569,0,0,0,0
0,0,0,0,0,0,0,0,0,0,0.14714944643991,0,0,0,0,0,0,0,0,0,0,0,0,0,0,0,0,0,0.154836541219127,0,0,0,0,0,0,0,0,0,0.147945367892583,0,0,0,0,0,0,0,0,0,0,0,0,0,0,0,0,0,0.161004317303499,0,0,0,0,0,0,0,0,0,0,0,0,0,0,0.167462341765934,0,0.215457389281458,0,0,0,0,0,0,0,0.140858491477759,0.101872280240059,0,0,0,0
0,0,0,0,0,0,0,0,0,0,0,0,0,0,0,0,0,0,0,0,0,0,0,0,0,0,0,0,0,0,0,0,0.135426913835301,0.289866118085763,0,0.159500713730271,0.241851827750603,0,0,0,0,0,0,0,0,0,0,0.259036362181028,0,0,0,0,0,0,0,0,0,0,0,0,0,0,0,0,0,0,0,0,0,0,0,0,0,0,0.200386442490801,0.129953442966196,0.234229727454905,0,0.217332224535311,0.269285432994366,0,0,0.137260486489361,0,0,0,0
0,0,0,0,0,0,0,0,0,0,0,0,0,0,0,0,0,0,0,0,0,0,0,0,0,0,0,0,0,0,0,0.135426913835301,0,0.178006067872047,0,0.132668480277061,0.156925336797796,0,0,0,0,0,0,0,0,0,0,0.233239413530399,0.491690903902054,0.460274408260981,0,0,0,0,0,0,0,0,0,0,0,0,0,0,0,0,0,0,0,0,0,0,0,0,0.195760879168908,0.156571370569809,0.204624727368355,0,0,0.187701401895148,0,0,0.164319327584019,0,0,0,0
0,0,0,0,0,0,0,0,0,0,0,0,0,0,0,0,0,0,0,0,0,0,0,0,0,0,0,0,0,0,0,0.289866118085763,0.178006067872047,0,0.172529969120694,0.139464103671131,0,0.14960214905321,0.110345249126355,0,0,0,0,0,0,0,0,0.224407802520404,0,0,0,0,0,0,0,0,0,0,0,0,0,0,0,0,0,0,0,0,0,0,0,0,0,0,0.281930095950762,0,0.150270136153874,0.190609069067543,0.146143543324908,0,0.16673932226042,0,0.186158747303971,0,0,0,0
0,0,0,0,0,0,0,0,0,0,0,0,0,0,0,0,0,0,0,0,0,0,0,0,0,0,0,0,0,0,0,0,0,0.172529969120694,0,0,0.191697902507284,0.137736521661282,0.157379278567582,0,0,0,0,0,0,0,0,0.407079119263555,0.527953088283539,0.385453164577484,0,0,0,0,0,0,0,0,0,0,0,0,0,0,0,0,0,0,0,0,0,0,0,0,0.236253142356873,0.274950357346699,0.171870265277319,0.200350485289538,0,0.280376787063169,0.103693074413708,0.277539263394746,0.205378749260777,0,0,0,0
0,0,0,0.174391244848569,0,0.187628655135632,0,0,0,0,0,0.157087615219417,0,0,0,0,0,0,0,0.162642332236722,0,0,0,0,0,0,0,0,0,0,0,0.159500713730271,0.132668480277061,0.139464103671131,0,0,0.126560148003477,0.170776851053836,0.114696813374758,0.164477612384978,0,0.220147877931595,0,0,0,0.20829255346741,0,0.195041653182771,0,0.181170986033976,0,0.194959912787784,0,0,0,0,0,0.146231217825987,0,0,0,0,0.169845443680272,0,0,0,0,0,0,0,0.211026206612587,0,0.211656525731087,0,0.155177615916729,0,0.13690593331042,0,0.167000388168957,0.142961547690995,0.151063964819276,0,0.152548459519495,0.193352702174111,0.188918342185717,0,0
0,0,0.192249473929405,0,0.152707612799371,0,0,0,0,0,0.159678345531908,0,0,0,0,0,0,0,0.246694763501485,0,0.164500674965952,0,0,0,0,0,0,0,0,0,0,0.241851827750603,0.156925336797796,0,0.191697902507284,0.126560148003477,0,0,0.123429979494559,0,0.144295230231903,0,0.228931042822925,0,0,0,0.192636407613754,0.282443363000365,0.199772176643213,0,0.200261315813771,0,0,0,0,0,0.166807036072423,0,0.210090346634388,0,0,0,0,0.149542117578201,0,0,0,0,0,0,0,0,0,0.270569831132889,0.237627187068912,0.167341582235509,0,0.184549054702905,0.137335311447848,0.167922501180477,0,0.153334072225117,0.149035747784899,0.163362767786071,0.192455787284701,0,0.269593179225922
0,0.271219372749329,0,0,0,0,0,0,0,0.156066876360957,0,0.146265466803206,0,0,0,0,0,0,0,0.171960764738361,0,0.129906200305457,0.108070895075798,0.152029376997743,0,0,0,0.130812029783311,0,0.130031788131086,0,0,0,0.14960214905321,0.137736521661282,0.170776851053836,0,0,0.153719440769152,0.223142519593239,0,0.188450295478106,0,0,0,0.227594041162067,0,0.538013915974732,0,0.323323862984191,0,0,0,0,0,0.225012794137001,0,0.149123215885175,0,0,0,0,0.201407884978979,0,0.144410437724042,0.111117653548717,0.284595389605528,0,0.286738783121109,0,0.152690345564714,0,0.141056911247533,0,0,0,0.189602180322011,0.164651407222999,0.186431477112909,0,0.188027820218489,0.149589895051998,0.280051099299407,0.211765744901718,0.285320871013996,0,0
0.254853217303753,0.255817224936826,0,0.260890156030655,0,0.2513128221035,0,0,0.208593595527603,0.239789347563471,0.12406993887411,0,0,0,0,0,0.321550220251083,0,0.275977067649364,0,0.161389598082031,0.15852136697088,0.170516435862579,0,0.254289071215424,0,0,0,0.153278746484649,0,0.147945367892583,0,0,0.110345249126355,0.157379278567582,0.114696813374758,0.123429979494559,0.153719440769152,0,0,0.298514664173126,0.275547573342919,0.303975106704803,0,0,0,0.247505676873187,0.509172582481385,0.242203758886227,0.301377203202609,0,0,0,0,0.210480640106129,0.239502122004827,0.144398196253769,0,0,0,0,0,0,0.204548846612969,0,0.151728782897131,0.311443760991096,0.233561866368673,0,0,0,0.150839516463188,0,0.146956771004716,0,0,0,0.182262109312336,0,0.194676448852521,0.126593054020229,0.199235351690503,0.295921086518224,0.227798773790125,0.264508265284865,0,0
0,0.329367085918784,0,0.247457498798565,0,0.215159376462301,0,0,0,0,0,0.174355417490005,0,0,0,0,0.295830330765638,0.276113411675979,0.281997908127084,0.162652724498027,0,0,0,0,0,0,0,0,0,0,0,0,0,0,0,0.164477612384978,0,0.223142519593239,0,0,0.289673164797326,0.249154754998379,0.241425567971809,0.209661492705345,0,0.274398506776087,0.283239378886563,0,0.314984142780304,0.150615819478156,0,0.209431502278204,0,0,0,0.242701485753059,0,0.250356468398488,0,0.1807616725564,0,0,0.216072030210247,0,0,0,0,0,0,0,0,0.306142807006836,0.265632284015922,0.295643612742424,0,0,0,0,0.254697515541371,0.31172368603368,0.265470781129569,0.311893753707409,0.281678726729433,0.269779761135578,0.238325438843275,0.232752602328272,0.235216384132703
0.421008296310902,0,0.234449833254271,0.241713324189186,0.186100429910071,0,0,0,0.314843863248825,0,0,0,0,0,0,0,0.273810079329399,0.289438769221306,0.299260937895115,0,0.162919417023659,0,0,0,0,0,0,0,0,0,0,0,0,0,0,0,0.144295230231903,0,0.298514664173126,0.289673164797326,0,0.235096299555153,0.243757416882653,0,0,0.286755059571827,0.261882654179364,0,0.219274266282233,0.281400680541992,0.203643466745104,0,0,0,0,0,0.256362651288509,0.296941296756268,0.23190650343895,0,0.280348211526871,0,0.250781536102295,0.179309094052636,0,0,0,0,0,0,0,0.236698046326637,0.281713724136353,0.27185681876209,0,0,0,0,0.289454856012241,0.267278936745106,0.29734509686629,0.286906515558561,0.277180110702444,0.289047592878342,0.250978799892475,0.262291883428891,0.253413896848503
0.239522660772006,0.250480331286318,0.208885416388512,0.277420272634846,0,0.221553993505844,0,0,0.234250135719776,0.194920625311859,0,0.226507539550463,0,0,0,0,0.248631103983465,0.245543494820595,0.199536082842055,0.210074844883709,0,0,0,0.185371018946171,0.260028675198555,0,0,0,0,0,0,0,0,0,0,0.220147877931595,0,0.188450295478106,0.275547573342919,0.249154754998379,0.235096299555153,0,0.213615935363064,0.173708656004497,0,0.247146703527783,0.252179852037719,0.400426208263352,0.370948904659599,0.327116814296583,0,0.220660805000978,0,0,0,0.207703223718064,0,0.293381844846567,0,0.311124835908413,0,0.295759677886963,0.247904391921296,0.260201692581177,0,0,0.250286072492599,0,0,0,0.299068230849046,0,0.280354228728775,0.229550175368786,0,0,0,0,0.262489550268093,0.278762793789307,0.253043371063578,0.279991539461272,0.244026548493533,0.250671992814818,0.266791464455439,0.21868893392319,0.181645394613345
0.311737749147119,0.20579420030117,0.254789337581475,0,0.228433630388716,0.18483978509903,0,0,0.239528868846067,0,0,0,0,0,0,0,0.238786223928134,0.239779302342372,0.1895203357912,0,0.208125002682209,0,0.327976167201996,0,0.276916936039925,0,0,0,0,0,0,0,0,0,0,0,0.228931042822925,0,0.303975106704803,0.241425567971809,0.243757416882653,0.213615935363064,0,0,0.190359823405743,0.235229866285073,0.270460863297748,0.441023790914761,0.290780137315155,0.350805612206459,0.22623469050114,0.206274524331093,0,0,0.246741602420807,0,0.25900380726263,0.229074109684337,0,0,0.241677979912077,0,0.229719549417496,0.244778269240933,0,0,0.30633682012558,0,0,0,0,0.278679822571576,0.223907536268234,0.281070765165577,0,0,0,0,0.259047930744978,0.269648487325336,0.279035975535711,0.295311034977937,0.259385309411784,0.263767020510776,0.263673133763279,0.220798468589783,0.20702502294731
0,0.264451295137405,0,0,0,0,0,0,0,0,0,0,0,0,0,0,0,0.190894097089767,0.154291488230228,0,0,0,0,0,0,0,0,0,0,0,0,0,0,0,0,0,0,0,0,0.209661492705345,0,0.173708656004497,0,0,0,0,0,0,0,0,0,0,0,0,0,0,0,0.213580727577209,0,0,0,0,0,0,0,0,0,0,0,0,0,0,0,0,0,0,0,0,0.241606063567675,0,0,0,0,0,0.204695320377747,0.144207328557968,0
0,0,0,0,0,0,0,0,0,0,0,0,0,0,0,0,0,0,0,0,0,0,0,0,0,0,0,0,0,0,0,0,0,0,0,0,0,0,0,0,0,0,0.190359823405743,0,0,0,0.268677085638046,0,0,0,0,0,0,0,0,0,0,0,0,0,0,0,0,0,0,0,0,0,0,0,0,0,0,0,0,0,0,0,0,0.292360633611679,0,0,0.229817658662796,0,0,0,0
0,0.277837132414182,0,0.249869645289753,0,0.222435627664839,0,0,0,0,0,0.202598770459493,0,0,0,0,0.292592023313046,0.275721827565238,0.28565898717097,0.213945052586496,0,0,0,0,0,0,0,0,0,0,0,0,0,0,0,0.20829255346741,0,0.227594041162067,0,0.274398506776087,0.286755059571827,0.247146703527783,0.235229866285073,0,0,0,0.294231016635895,0,0,0.197756596903006,0,0.229277529499748,0,0,0,0,0,0.237266155551913,0,0,0,0,0.239264995416808,0,0,0,0,0,0,0,0.226568922400475,0,0.238476008296492,0.290654053290685,0,0,0,0,0.25154738492345,0.308071112632751,0.269397209318268,0.32382071018219,0.275298186802659,0.254561481997371,0.254675301164389,0.232952804815385,0.230050779879093
0.286181856142847,0.289220303297043,0.219713030505354,0,0.199300625175238,0.212756782770157,0,0,0.272865415974097,0.23074971139431,0.186097800731659,0,0,0,0,0,0.278368723992342,0.291114546997207,0.301022986955217,0,0.223378827174505,0,0,0,0,0,0,0,0,0,0,0,0,0,0,0,0.192636407613754,0,0.247505676873187,0.283239378886563,0.261882654179364,0.252179852037719,0.270460863297748,0,0.268677085638046,0.294231016635895,0,0,0.229679462810357,0.280091866850853,0.188814677298069,0,0,0,0.228423575560252,0,0.248971713204232,0.289092227816582,0,0,0.187292370658654,0,0.301831215620041,0.241711989845441,0,0,0,0,0,0,0,0.214371018111706,0.295584907134374,0.236303905162279,0,0,0,0,0.303580354788516,0.258221017471171,0.312210051963727,0.274593060439888,0.278835288718625,0.255829457193613,0.249500318600712,0.247630432248116,0.237292756912885
0,0.234580405056477,0,0,0,0,0,0,0.242678105831146,0,0,0,0,0,0,0,0,0,0,0,0,0,0.450557300820947,0,0.409983476003011,0,0,0,0,0,0,0.259036362181028,0.233239413530399,0.224407802520404,0.407079119263555,0.195041653182771,0.282443363000365,0.538013915974732,0.509172582481385,0,0,0.400426208263352,0.441023790914761,0,0,0,0,0,0.489719193853081,0.44922013578127,0,0,0,0,0,0,0,0,0,0,0,0,0,0,0,0.47601375409535,0.354228585958481,0.395644803841909,0,0,0,0,0,0,0.285284071900666,0.333943926695949,0.321668130310915,0.208132657739851,0.208074810400687,0.34227081377987,0.280242711305618,0.408935863947769,0.479539123788839,0.144764800866445,0.476017412462075,0,0
0.182104491722331,0.224097514152527,0.19032678146695,0,0.20524228643626,0,0,0,0.197790090077453,0,0,0,0,0,0,0,0.293429926037788,0.260806906968355,0.266752375039592,0,0.18568367511034,0,0,0,0,0,0,0,0,0,0,0,0.491690903902054,0,0.527953088283539,0,0.199772176643213,0,0.242203758886227,0.314984142780304,0.219274266282233,0.370948904659599,0.290780137315155,0,0,0,0.229679462810357,0.489719193853081,0,0.414073541368996,0,0,0,0,0.153770292938595,0.270281255245209,0.264114148914814,0,0.176427332063516,0,0.162532263692537,0,0,0.306789057480322,0,0,0.319263815879822,0,0,0,0,0.280043204625448,0,0.323012470505958,0,0.470675826072693,0,0.461998661359151,0.280789637565613,0.267416209943833,0,0.182747845264042,0.369006548328794,0.268246617168188,0.269684988176934,0.248610511422157,0.278746567169825
0.285091874274341,0.176364664487013,0.296315759420395,0.193083171485069,0,0.201446134597063,0,0,0.240699196855227,0.135195288274969,0,0.160193994641304,0,0,0,0,0.282352179288864,0.294986993074417,0.284661113431579,0.18753525018692,0,0.27735832090731,0.342661529779434,0.151830578843753,0.279534041881561,0,0,0,0,0,0,0,0.460274408260981,0,0.385453164577484,0.181170986033976,0,0.323323862984191,0.301377203202609,0.150615819478156,0.281400680541992,0.327116814296583,0.350805612206459,0,0,0.197756596903006,0.280091866850853,0.44922013578127,0.414073541368996,0,0,0.203003632751378,0,0,0.230145931243896,0.162549952665965,0,0.249855280140551,0,0.147423377324795,0,0.121619691019473,0.209054335951805,0,0.316917061805725,0,0.232213112583379,0,0,0,0.261346250772476,0,0.269373550017675,0,0.456947639584541,0.476563752690951,0.466756826266646,0,0.181214879481838,0.342782318592072,0.32527657345414,0.31435765127341,0.374577272196286,0.241612508893013,0.278510626466506,0.322577050030231,0
0,0,0.162131222697996,0,0.156242236870863,0,0.158495004918124,0,0.121584637090564,0,0,0,0,0,0,0,0,0,0.227651298046112,0,0.14994142009098,0,0,0,0,0,0,0,0,0,0,0,0,0,0,0,0.200261315813771,0,0,0,0.203643466745104,0,0.22623469050114,0,0,0,0.188814677298069,0,0,0,0,0,0.169141105410174,0,0,0,0.201591209872909,0,0.18264133577997,0,0,0,0,0.197716174566227,0,0,0,0,0,0,0,0,0,0.206618532538414,0,0,0,0,0,0.201869975154599,0,0.217110857367516,0.195954403281212,0,0.18480787263727,0,0.219774439930916
0,0,0,0.152864596925508,0,0.17343650308887,0,0.104565314948559,0,0,0,0.203908293806719,0,0,0,0,0,0.240825682878494,0.214623874425888,0.113208004335562,0,0,0,0,0,0,0,0,0,0,0,0,0,0,0,0.194959912787784,0,0,0,0.209431502278204,0,0.220660805000978,0.206274524331093,0,0,0.229277529499748,0,0,0,0.203003632751378,0,0,0,0,0,0,0,0.220769228047976,0,0.174207801620165,0,0,0.215968888998032,0,0,0,0,0,0,0,0,0,0.22491597963704,0,0,0,0,0,0.209232560358942,0,0.26773439347744,0,0.178095521254742,0.222159624099731,0.199467485919816,0.202191710472107,0
0,0,0,0,0.140761747956276,0,0.150555853759693,0,0,0,0.19340792298317,0,0,0,0,0,0,0,0,0,0.138442361461265,0,0,0,0,0,0,0,0,0,0,0,0,0,0,0,0,0,0,0,0,0,0,0,0,0,0,0,0,0,0.169141105410174,0,0,0,0,0,0.198933354015849,0,0,0,0,0,0,0.176858648657799,0,0,0,0,0,0,0,0,0,0,0,0,0,0,0,0,0,0,0.127679854631424,0,0,0,0
0,0,0,0,0,0,0,0,0,0,0,0,0,0,0,0,0,0,0,0,0,0,0,0,0,0,0,0,0,0,0,0,0,0,0,0,0,0,0,0,0,0,0,0,0,0,0,0,0,0,0,0,0,0,0,0,0,0.189161280790965,0,0,0,0,0,0,0,0,0,0,0,0,0,0,0,0,0,0,0,0,0,0,0,0,0,0,0,0,0
0.140403605099265,0,0.110783756134056,0,0,0,0,0,0.182703621331877,0,0,0,0,0,0.162057730667996,0,0.158459231257439,0,0.26793996989727,0,0,0,0,0,0.207146348875193,0,0,0,0,0,0,0,0,0,0,0,0,0,0.210480640106129,0,0,0,0.246741602420807,0,0,0,0.228423575560252,0,0.153770292938595,0.230145931243896,0,0,0,0,0,0,0,0,0,0,0.165238446786123,0,0,0,0,0,0,0.141122664766092,0,0,0,0,0,0,0,0,0,0,0,0.335048675537109,0,0.175364393508062,0.188522565727815,0,0.156862843964921,0,0
0,0.126703994786915,0,0.1292375909443,0,0,0,0,0,0.177624371316236,0,0,0,0,0,0,0,0,0.244791358709335,0,0,0,0,0.181992744494762,0,0,0,0,0,0,0,0,0,0,0,0,0,0.225012794137001,0.239502122004827,0.242701485753059,0,0.207703223718064,0,0,0,0,0,0,0.270281255245209,0.162549952665965,0,0,0,0,0,0,0,0.213460622976224,0,0,0,0.175001187525966,0,0,0,0,0.210121374915947,0,0,0,0,0,0.239814229309559,0,0,0,0,0,0.237614288926125,0,0.248164743940899,0.206940591335297,0.17726164030247,0.1677493084636,0.178748228251934,0,0
0.28723215063413,0,0.160458104264352,0,0,0,0.138934577236304,0,0,0,0.172792144512184,0,0.140973567253067,0,0,0,0,0,0.268017918309745,0,0.133729864549373,0,0,0,0,0,0,0,0.123538609594107,0,0.161004317303499,0,0,0,0,0,0.166807036072423,0,0.144398196253769,0,0.256362651288509,0,0.25900380726263,0,0,0,0.248971713204232,0,0.264114148914814,0,0.201591209872909,0,0.198933354015849,0,0,0,0,0,0.198239667589466,0,0,0,0,0.246972883725917,0,0,0,0,0,0,0,0.338230915367603,0,0.235811508993968,0,0,0,0,0.28107675909996,0.286537716537714,0,0.182153542789648,0.182353029007553,0.312101453542709,0.219315502217262,0,0.27232911331313
0.28306519985199,0.308712484315038,0,0.232208371109196,0,0.206370237959574,0,0,0,0.218890551477671,0,0.159707578811816,0,0.153023031239326,0,0,0.274247466163202,0.286282558773839,0.283657066269619,0.15240438133214,0,0,0.330500185489655,0,0,0,0,0,0,0.190449984787508,0,0,0,0,0,0.146231217825987,0,0.149123215885175,0,0.250356468398488,0.296941296756268,0.293381844846567,0.229074109684337,0.213580727577209,0,0.237266155551913,0.289092227816582,0,0,0.249855280140551,0,0.220769228047976,0,0.189161280790965,0,0.213460622976224,0,0,0,0.139699146151543,0,0,0.248898700663625,0,0,0,0,0,0,0,0.324212200584866,0,0.24602903757269,0.304707676172256,0,0,0,0,0.255871319368984,0.292836040258408,0.324411519936153,0,0.243383303191055,0.190062519162893,0.27005658772672,0.302603535841559,0.222651347517967
0,0,0.149416113699669,0,0.157437120874723,0,0.148932489100844,0,0,0,0.164517836456389,0,0.158105996541176,0,0.167004361748695,0,0,0,0,0,0.242596998810768,0,0,0,0,0,0,0,0.153386129380821,0,0,0,0,0,0,0,0.210090346634388,0,0,0,0.23190650343895,0,0,0,0,0,0,0,0.176427332063516,0,0.18264133577997,0,0,0,0,0,0.198239667589466,0,0,0,0.172704877316459,0,0,0.245632720490297,0,0,0,0,0,0,0,0.17746186380585,0,0,0,0,0,0,0,0.216284861167272,0,0,0.153006408167513,0.210344687104225,0.220684149485325,0,0
0,0.156323492527008,0,0.150029291643908,0,0,0,0,0,0,0,0.142559777139401,0,0.158143532289951,0,0,0,0,0,0,0,0,0,0,0,0,0,0.140747908968478,0,0,0,0,0,0,0,0,0,0,0,0.1807616725564,0,0.311124835908413,0,0,0,0,0,0,0,0.147423377324795,0,0.174207801620165,0,0,0,0,0,0.139699146151543,0,0,0,0,0,0,0,0,0,0,0,0,0,0,0,0,0,0,0,0,0.288387805223465,0,0,0,0.138693395863051,0.164184723388065,0.204098832051633,0,0
0.165276358951814,0,0.150459913985573,0,0,0,0,0,0.16392561090844,0,0,0,0,0,0.171614449297156,0,0,0,0.228783704340458,0,0,0,0,0,0,0,0,0,0,0,0,0,0,0,0,0,0,0,0,0,0.280348211526871,0,0.241677979912077,0,0,0,0.187292370658654,0,0.162532263692537,0,0,0,0,0,0.165238446786123,0,0,0,0.172704877316459,0,0,0,0,0,0,0,0,0,0,0,0,0,0,0.242451911171277,0,0,0,0,0,0,0,0,0.180765929130407,0,0.220360552271207,0,0
0,0.13982202950865,0,0,0,0,0,0,0,0.171696234701408,0,0,0,0,0,0.18093089778702,0,0,0,0,0,0,0,0.188948199152946,0,0,0,0,0,0,0,0,0,0,0,0,0,0,0,0,0,0.295759677886963,0,0,0,0,0,0,0,0.121619691019473,0,0,0,0,0,0.175001187525966,0,0,0,0,0,0,0,0,0,0,0.195628176866607,0,0.194139259832877,0,0,0,0,0,0,0,0,0,0,0,0,0,0,0,0.170779702067375,0,0
0,0.384546756744385,0,0.292867263779044,0,0.196406528353691,0,0,0,0.237305089831352,0,0.149227468833249,0,0,0,0,0.295743376016617,0.265884086489677,0.350173168778419,0.177316516927569,0,0,0,0,0,0,0,0,0,0,0,0,0,0,0,0.169845443680272,0,0.201407884978979,0,0.216072030210247,0.250781536102295,0.247904391921296,0.229719549417496,0,0,0.239264995416808,0.301831215620041,0,0,0.209054335951805,0,0.215968888998032,0,0,0,0,0,0.248898700663625,0,0,0,0,0,0,0,0,0,0,0,0,0.262332379817963,0,0.272673418952359,0,0,0,0,0,0.235162528312583,0.315573424100876,0.28544973056635,0,0.162899520665084,0.171778496641379,0.25352911369599,0.334311008453369,0
0.381754577159882,0,0.203564902146657,0,0.147369621942441,0,0,0,0.221541002392769,0,0.147756253472633,0,0,0,0,0,0.281825584173203,0.303694705168406,0.304275354201143,0,0.176308528859319,0,0,0,0,0,0,0,0,0,0,0,0,0,0,0,0.149542117578201,0,0.204548846612969,0,0.179309094052636,0.260201692581177,0.244778269240933,0,0,0,0.241711989845441,0,0.306789057480322,0,0.197716174566227,0,0.176858648657799,0,0,0,0.246972883725917,0,0.245632720490297,0,0,0,0,0,0,0,0,0,0,0,0,0,0,0.2733612879505,0,0,0,0,0.296687136093775,0.233529067277647,0,0.25266557538215,0.165960621675132,0,0.277982899206401,0,0.21080157160759
0,0,0,0,0,0,0,0,0,0,0,0,0,0,0,0,0,0,0,0,0,0.130135475801486,0.12725318223238,0.130245249015543,0,0,0,0,0,0,0,0,0,0,0,0,0,0.144410437724042,0,0,0,0,0,0,0,0,0,0,0,0.316917061805725,0,0,0,0,0,0,0,0,0,0,0,0,0,0,0,0,0.139729867253555,0,0,0,0,0,0,0,0,0,0,0,0,0,0.239686434801242,0,0.106780423272041,0.186865404248238,0,0,0
0,0,0,0,0,0,0,0,0,0,0,0,0,0,0,0,0.153853937983513,0,0,0,0,0.121854691803455,0.158792545211931,0,0.212854190862605,0,0.170317651970046,0,0.131946384967839,0,0,0,0,0,0,0,0,0.111117653548717,0.151728782897131,0,0,0,0,0,0,0,0,0.47601375409535,0,0,0,0,0,0,0,0,0,0,0,0,0,0,0,0,0,0,0,0.175053917095065,0,0.18354625089301,0,0.156867122798062,0,0,0,0,0,0,0,0,0,0.337174562741284,0.132549166857937,0.115229919552803,0.375789195299149,0,0
0,0,0,0,0,0,0,0,0.279622435569763,0.160501554318063,0,0,0,0,0,0,0,0,0,0,0,0.188581510714306,0,0.190476402542822,0,0.201166227459908,0,0,0,0,0,0,0,0,0,0,0,0.284595389605528,0.311443760991096,0,0,0.250286072492599,0.30633682012558,0,0,0,0,0.354228585958481,0.319263815879822,0.232213112583379,0,0,0,0,0,0.210121374915947,0,0,0,0,0,0.195628176866607,0,0,0.139729867253555,0,0,0,0.202935758195106,0,0,0,0,0,0,0,0,0,0,0,0.283772587970789,0,0.325351464251677,0,0.277594185626025,0,0
0,0,0,0,0,0,0,0,0.147854838682258,0,0,0,0,0,0,0,0.171875305473804,0,0,0,0,0,0.182135307605852,0,0.184989063429489,0,0.16243871745277,0,0,0,0,0,0,0,0,0,0,0,0.233561866368673,0,0,0,0,0,0,0,0,0.395644803841909,0,0,0,0,0,0,0.141122664766092,0,0,0,0,0,0,0,0,0,0,0.175053917095065,0,0,0,0.157475516725989,0,0,0,0,0,0,0,0,0,0,0,0.235390523253138,0.179991049287112,0,0.351489166418711,0,0
0,0,0,0,0,0,0,0,0,0.162244422361255,0,0,0,0,0,0.135369868742095,0,0.125291741069625,0,0,0,0.181913839363241,0,0.178550806466403,0,0.178464210033417,0,0,0,0,0,0,0,0,0,0,0,0.286738783121109,0,0,0,0,0,0,0,0,0,0,0,0,0,0,0,0,0,0,0,0,0,0,0,0.194139259832877,0,0,0,0,0.202935758195106,0,0,0,0,0,0,0,0,0,0,0,0,0,0.256074942648411,0,0.138062236276833,0,0.28045870612065,0,0
0,0,0,0,0,0,0,0,0.17810682952404,0,0,0,0,0,0,0,0.163575851917267,0,0,0,0,0,0.137694546154567,0,0.162517616324288,0,0.162736203769843,0,0.165758416448769,0,0,0,0,0,0,0,0,0,0,0,0,0,0,0,0,0,0,0,0,0,0,0,0,0,0,0,0,0,0,0,0,0,0,0,0,0.18354625089301,0,0.157475516725989,0,0,0,0.163249752769868,0,0,0,0,0,0,0,0,0,0,0.162740475873449,0,0,0,0
0,0,0,0.293950945138931,0,0,0,0,0,0,0,0,0,0,0,0,0,0,0,0,0,0.142304339342647,0,0,0,0,0,0.163655370924437,0,0.15755917554578,0,0,0,0,0,0.211026206612587,0,0.152690345564714,0,0,0,0.299068230849046,0,0,0,0.226568922400475,0,0,0,0.261346250772476,0,0,0,0,0,0,0,0.324212200584866,0,0,0,0,0.262332379817963,0,0,0,0,0,0,0,0,0,0.136744569648396,0,0,0,0,0,0,0,0.192272384070495,0,0.151252343077359,0,0.278462026268244,0.32071840763092,0
0.308399945497513,0,0.259813010692596,0,0,0,0,0,0,0,0.130230816415487,0,0.150197404481116,0,0,0,0,0,0.286668214533064,0,0,0,0.155533751398325,0,0,0,0,0,0.16649965473096,0,0.167462341765934,0,0,0,0,0,0,0,0.150839516463188,0.306142807006836,0.236698046326637,0,0.278679822571576,0,0,0,0.214371018111706,0,0.280043204625448,0,0,0,0,0,0,0,0.338230915367603,0,0.17746186380585,0,0,0,0,0,0,0.156867122798062,0,0,0,0.163249752769868,0,0,0,0.197739589427199,0,0,0,0,0,0.24029104411602,0,0,0.196407236158848,0.307334840297699,0.312193222948023,0,0
0,0.327928513288498,0,0.275005776669092,0,0.225437953704741,0,0,0,0,0,0.2119514399641,0,0,0,0,0.28848190009594,0.303847128436679,0.303342188422633,0.197385996580124,0,0,0,0,0,0,0,0.136250555515289,0,0.185539634253345,0,0,0,0,0,0.211656525731087,0,0.141056911247533,0,0.265632284015922,0.281713724136353,0.280354228728775,0.223907536268234,0,0,0.238476008296492,0.295584907134374,0,0,0.269373550017675,0,0.22491597963704,0,0,0,0.239814229309559,0,0.24602903757269,0,0,0,0,0.272673418952359,0,0,0,0,0,0,0,0.136744569648396,0,0,0.236053824424744,0,0,0,0,0.268826346654091,0.281506841381391,0.194420924037695,0.354114532470703,0.317238262919013,0.301122307777405,0.290197890258331,0.30636754451376,0.239085499197245
0.329545359952109,0,0.240688865496354,0,0.220262746016184,0.231195002794266,0,0,0.320757538080215,0,0.166439184891199,0,0,0,0,0,0.2935864229997,0.28865693915974,0.317991455899009,0,0.162574145942926,0,0,0,0,0,0,0,0,0,0.215457389281458,0,0,0,0,0,0.270569831132889,0,0.146956771004716,0.295643612742424,0.27185681876209,0.229550175368786,0.281070765165577,0,0,0.290654053290685,0.236303905162279,0,0.323012470505958,0,0.206618532538414,0,0,0,0,0,0.235811508993968,0.304707676172256,0,0,0.242451911171277,0,0,0.2733612879505,0,0,0,0,0,0,0,0.197739589427199,0.236053824424744,0,0,0,0,0,0.270988514477556,0.265201634403025,0,0.24451899883293,0.322413495774348,0.319008201360703,0.311114768480535,0,0.348526622309829
0,0,0,0,0,0,0,0,0,0,0,0,0,0,0,0,0,0,0,0,0,0,0,0,0,0,0,0,0,0,0,0.200386442490801,0.195760879168908,0.281930095950762,0.236253142356873,0.155177615916729,0.237627187068912,0,0,0,0,0,0,0,0,0,0,0.285284071900666,0,0.456947639584541,0,0,0,0,0,0,0,0,0,0,0,0,0,0,0,0,0,0,0,0,0,0,0,0,0,0.14466618962377,0.257678463223921,0,0.230624475701504,0.228699084032666,0,0,0.182376520461347,0,0,0,0
0,0,0,0,0,0,0,0,0,0,0,0,0,0,0,0,0,0,0,0,0,0,0,0,0,0,0,0,0,0,0,0.129953442966196,0.156571370569809,0,0.274950357346699,0,0.167341582235509,0,0,0,0,0,0,0,0,0,0,0.333943926695949,0.470675826072693,0.476563752690951,0,0,0,0,0,0,0,0,0,0,0,0,0,0,0,0,0,0,0,0,0,0,0,0,0.14466618962377,0,0,0.284216560160514,0,0.200468285285375,0,0.241324212688666,0.157150498458317,0,0,0,0
0,0,0,0,0,0,0,0,0,0,0,0,0,0,0,0,0,0,0,0,0,0,0,0,0,0,0,0,0,0,0,0.234229727454905,0.204624727368355,0.150270136153874,0.171870265277319,0.13690593331042,0,0.189602180322011,0,0,0,0,0,0,0,0,0,0.321668130310915,0,0.466756826266646,0,0,0,0,0,0,0,0,0,0,0,0,0,0,0,0,0,0,0,0,0,0,0,0,0.257678463223921,0,0,0.207242429452507,0.199025416308466,0,0.204928464168413,0,0.172841387838125,0,0,0,0
0,0,0,0,0,0,0,0,0,0,0,0,0,0,0,0,0,0,0,0,0,0,0,0,0,0,0,0,0,0,0,0,0,0.190609069067543,0.200350485289538,0,0.184549054702905,0.164651407222999,0.182262109312336,0,0,0,0,0,0,0,0,0.208132657739851,0.461998661359151,0,0,0,0,0,0,0,0,0,0,0,0,0,0,0,0,0,0,0,0,0,0,0,0,0,0,0.284216560160514,0.207242429452507,0,0,0.302651027014836,0.133425068855286,0.203217679914087,0.168174364010373,0,0,0,0
