0,3.54585819678163e-05,0.014842011402119,0,0.00162774951888892,0,0,0,0.0540662088854188,0,0,0,0,0,0,0,5.17560334475884e-06,0,0.00301400016323125,0,0,0,0,0,0,0,0,0,0,0,0,0,0,0,0,0,0,0,0,0,9.03619040047037e-05,4.66705710031857e-05,0.0184298064093652,0,0,0,0.000168478409527121,0.000542788844242774,0.0334981676155184,0.000339534131877127,0,0,0,0,0.52646102919327,0,4.57219116686591e-05,0,0,0,0.00566553197721877,0,0,0,0,0,0,0,0,0,0,0,0,0.00265087822413602,0,0,0,0,0,9.9505304282337e-05,1.02649608555221e-05,3.53204012502875e-05,0.006610688258036,0,0.0207850384758223,0,0
3.54585819678163e-05,0,0,0.0841703087830557,0,0,0,0,0,0.0461876126717593,0,0,0,0,0,0.000739202822538199,0,3.0519660527072e-05,0.000785423040019964,0,0,0,0,0.0118594554514985,0,0.00548376448543678,0,0,0,0,0,0,0,4.58712072528961e-05,0,0,0,2.16630674075814e-05,0,0.00276353796533049,0,0.0176435110242704,0,0,0,0.000822683009520438,0,0,3.48148704903061e-05,0.0611303610597285,0,0,0,0,3.34632448617024e-05,0.177277804262634,0,0.00288825286474921,0,0.000140685495290772,0,0.00370077959979349,0.000112284622180446,0,0,0,0.0316892838423316,0,0.00112073026381908,0,0,0,0.00104425284205234,0,0,0,0,0,0.000571436080047,0,0.000132613459377338,0,0.00701128359922616,0,0.0243427449218173,0.0154950068023479,0
0.014842011402119,0,0,0,0.121654325933564,0,0,0,0.0228279100563719,0,0,0,0,0,0,0,2.198622602346e-05,0,0.000138917469657286,0,0.00620362315581117,0,0,0,0,0,0,0,0,0,0,0,0,0,0,0,0.00109745431900544,0,0,0,0.00141605636805495,0,0.0137220205209108,0,0,0,0.000348664518065103,0.000104061877503466,0.0220345154742435,0.000102953767883301,0.0485382949720793,0,0,0,0.152882573346363,0,0.00106056655302277,0,0.00990004208470972,0,0.0563957682575138,0,0,0,0,0,0,0,0,0,0,0,0,0.005741453808521,0,0,0,0,0,0.000755582018134259,0,0.000383935088473758,0.00119463046034184,0,0.0137047128256377,0,0.00323770534061645
0,0.0841703087830557,0,0,0,0.0229015199284505,0,0,0,0.00607701324842932,0,0,0,0,0,0,0,1.64479686147646e-05,4.66668937331382e-05,0.00075731563747522,0,0,0,0,0,0,0,0,0,0,0,0,0,0,0,9.15909452083223e-05,0,0,0,0.00439520253022415,0,0.00313590683013181,0,0,0,0.00124246359054479,0,0.000387594030141779,2.95652503451776e-05,0.065234511583638,0,0.016651942542269,0,0,0,0.0391981897343668,0,0.00565040066144987,0,0,0,0.0202443355546924,0.00275741025984891,0,0,0,0,0,0,0,0,0,0.00595858812349981,0,0,0,0,0,0.000238786183879332,0,0.000350378833202165,0,0.000647634109730176,0,0.0713936902600868,0,0
0.00162774951888892,0,0.121654325933564,0,0,0,0,0,0.000312559377153854,0,0,0,0,0,0,0,1.56238952582096e-05,0,5.47261475548891e-05,0,0.217464002540829,0,0,0,0,0,0,0,0,0,0,0,0,0,0,0,0.000468650777612282,0,0,3.37364247085497e-05,0.00164620595943827,0,0.00920061989132192,0,0,0,0.000386549868494535,8.64610945928886e-05,0.00330895773063759,0.000227602817146049,0.0661453261663555,0,0,0,0,0,0.00271145135170231,0,0,0,0,0,0,0.00570612682463748,0,0,0,0,0,0,0,0,0,0.00461544868934249,0,0,0,0,5.34510252762967e-06,0.000320088056098394,0,0.000384412110214352,0.000149794570920847,1.53187442335477e-06,0.0244276047575853,0,0.00736980522002834
0,0,0,0.0229015199284505,0,0,0,0.00102585845150029,0,0,0,0.00924889453321363,0,0,0,0,0,2.23730554170075e-05,0,0.0665003319047262,0,0,0,0,0,0,0,0,0,0,0,0,0,0,0,0.000934816348013551,0,0,0,0.000594400338956862,0,0.00190275510198117,0,0,0,0,0,0.000210779955068902,4.02397835670143e-05,0.00192879156041152,0,0.0399170340409445,0,0.000814230872810739,0,0.00739846089130991,0,0.00221776002684412,0,0,0,0,0.109390198640821,0,0,0,0,0,0,0,0,0,0.00289415276135236,0,0,0,0,0,0.000249731612884195,0,0.000196630561674367,0,0.000143423727387018,0,0.0299068898928775,0,0
0,0,0,0,0,0,0,0,0,0,0.00138388202875334,0,0,0,0,0,0,0,0,0,0.00369387992016575,0,0,0,0,0,0,0,0,0,0,0,0,0,0,0,0,0,0,0,0,0,0,0,0,0,0,0,0,0,0.00181117623882753,0,0,0,0,0,0.00541425857086595,0,0,0,0,0,0,0.00100112233141257,0,0,0,0,0,0,0,0,0,0,0,0,0,0,0,0,0,0,0,0,3.52836583544954e-05,0,0
0,0,0,0,0,0.00102585845150029,0,0,0,0,0,0,0,0,0,0,0,0,0,0.0330225472395899,0,0,0,0,0,0,0,0,0,0,0,0,0,0,0,4.14809957113231e-05,0,0,0,0,0,0,0,0,0,0,0,0,0,0,0,0,0,0,0,0,0,0,0,0,0,0,0.106919422267282,0,0,0,0,0,0,0,0,0,0,0,0,0,0,0,0,0,0,0,0.000259975470491083,0,0,0,0
0.0540662088854188,0,0.0228279100563719,0,0.000312559377153854,0,0,0,0,0,0,0,0,0,0.136596449901546,0,0.000988725000207289,4.56290851297898e-05,0.00911718490264174,0,0,0,0,0,0.0081802008060534,0,0.000712461066097979,0,0,0,0,0,0,0,0.00180614190533868,0,0,0,0.000868428760111964,2.54158145539191e-05,3.58121848119545e-05,0.000175047767436406,0.00744528526924474,0,0,0,0,0.000579707136704289,0.0103680669103661,0.000162229372152971,0,0,0,0,0.185488048776022,0,8.55285695943008e-05,0,0,0,0.00194919750506608,0,0,0.000111509433553396,0,0,0,0.0285948416825332,0,0,0,0,0.000118943262099861,0.00066505548331061,0,0,0,0.011056140121251,2.06753816030959e-05,3.24912958237247e-06,4.69430177238282e-06,0.00209413773785681,0.00685556812547329,0.00137036620434036,0.00976890059774913,0,0.00237820247055212
0,0.0461876126717593,0,0.00607701324842932,0,0,0,0,0,0,0,0,0,0,0,0.0423113400173936,8.76117669055568e-05,0.00482248452956671,0.00359273072380711,0.00166528433769146,0,0,0,0.00672081148689424,0.000114478549973141,0,0,0,0,0,0,0,0,0.000531720056740884,0,0,0,0.00128452479849078,0,9.36739378968415e-05,0,0.00962385135536679,3.76770357398614e-05,0,0,0,0,0,0,0.00290601618342598,0,0,0,0,0,0.274970878608212,0,0.000132344534215571,0,0.000812654538389315,0,0.0169021972126903,0.00186944455311468,0,0,0,0.034323587035936,5.2778576377188e-05,0.00939820333157509,0,0,0,0.000228454804408768,4.3823469112643e-05,0,0,0.000131870641367342,0,7.92124584314619e-05,0,0.000558694310601396,5.69561613364769e-06,0.00561958219580365,0,0.00307922300527082,0.00686256838533902,6.82233047890578e-05
0,0,0,0,0,0,0.00138388202875334,0,0,0,0,0,0.0449616267549629,0,0,0,0,0,0,0,0.0453162101200535,0,0,0,0,0,0,0,0.0108763114003635,0,0.0158973859478553,0,0,0,0,0,0.0285641353490088,0,0.212172363599466,0,0,0,0,0,0,0,0.000148947881672328,0,0,0,0,0,0,0,0,0,0.312493888064168,0,0.172878523365296,0,0,0,0,0.159358092230616,0,0,0,0,0,0,0,0.000329693770176644,0,0.00594185906464601,0,0,0,0,0,0.0233373214465319,0,0.104640663587557,0.00494576496719758,0.000436544939443035,0,0,0
0,0,0,0,0,0.00924889453321363,0,0,0,0,0,0,0,0.145087387758783,0,0,0,0,0,0.0935234701937634,0,0,0,0,0,0,0,0.03188553472526,0,0.0267572626988227,0,0,0,0,0,0.00592150390829018,0,0.0601166955172106,0,0,0,0,0,0,0,0,0,0,0,0,0,0.00102701316478847,0,0,0,0,0,0.274449592324674,0,0.0672552098244773,0,0,0.222784734572809,0,0,0,0,0,0,0,0.00400465136052739,0,0.0144135111375054,0,0,0,0,0,0.00113685222466434,0,0.0451752666308409,0,0.0124174288461332,0.000473126180678053,0.000960589309495682,0,0
0,0,0,0,0,0,0,0,0,0,0.0449616267549629,0,0,0,0,0,0,0,0,0,0,0,0,0,0,0,0,0,0.0228721123403595,0,0,0,0,0,0,0,0,0,0,0,0,0,0,0,0,0,0,0,0,0,0,0,0,0,0,0,0.0787936839068814,0,0.729391982578199,0,0,0,0,0,0,0,0,0,0,0,0,0.0148136598577949,0,0.000227051418723645,0,0,0,0,0,0,0,0,0.00029405170991062,0.000852931725903092,0,0,0
0,0,0,0,0,0,0,0,0,0,0,0.145087387758783,0,0,0,0.0337979366500821,0,0,0,0,0,0,0,0,0,0,0,0.0135187012554427,0,0.000342456332688132,0,0,0,0,0,0,0,0,0,0,0,0,0,0,0,0,0,0,0,0,0,0,0,0,0,0.000139277366145397,0,0.0618082515648169,0,0.447855292044982,0,0.00662330846092372,0,0,0,0,0,0,0,0,0.00571416930360089,0,0.00105827529514313,0,0,0,0,0,0,0,0,0,0.00235854253595584,0.00648843490683593,0,0,0
0,0,0,0,0,0,0,0,0.136596449901546,0,0,0,0,0,0,0,0,0,0,0,0,0,0,0,0,0,0,0,0,0,0,0,0,0,0,0,0,0,0,0,0,0,0,0,0,0,0,0,0,0,0,0,0,0,0.538342465440081,0,0,0,0,0,0.144166423787045,0,0,0,0,0,0,0,0,0,0,0,0,0,0,0,0,0,0,0,0,0,0.00016656353455154,7.14244952578508e-05,0,0,0
0,0.000739202822538199,0,0,0,0,0,0,0,0.0423113400173936,0,0,0,0.0337979366500821,0,0,0,0,0,0,0,0,0,0,0,0,0,0.000985512961051427,0,0,0,0,0,6.76681476454791e-05,0,0,0,3.0053219565428e-05,0,0,0,0.000136090616194587,0,0,0,0,0,0,0,0,0,0,0,0,0,0.123847370765973,0,0.000897684926941887,0,0.0279611238411945,0,0.0812400098284294,0,0,0,0,0.000457847917984562,0,0.0255131261848545,0,0,0,0,0,0,0,0,0,0,0,0,0,0.000231695368093687,0.000435148284756862,3.15427776291111e-05,0,0
5.17560334475884e-06,0,2.198622602346e-05,0,1.56238952582096e-05,0,0,0,0.000988725000207289,8.76117669055568e-05,0,0,0,0,0,0,0,0.289859618815791,0.11277183011857,0,0,0,0,0,0.000656493204681485,0,0,0,0,0,0,0,0,0,0,2.86842412570851e-06,0,0,0,0.000419435794477682,0.00722061103012416,0.00136664637661964,0.0120299411437004,1.24237765702346e-05,0,2.8903128978428e-05,0.00393210177393078,7.31775409729719e-05,3.80779714243932e-05,0,0,0,0,0,4.2653110067158e-05,0,5.05794180339007e-05,9.07730835702852e-06,0,0,0,0,7.38053228173028e-06,6.66729468299253e-05,0,0,0,0.000211145740651524,0,0.0145650130080387,0,0,4.03354173040974e-06,0.000665650088126801,0,0,0,0,0.0003368391153475,0.0041650636973636,0.000195148988076716,0.00264628863059808,0.0107192441526311,2.88645929216727e-06,0.0057033855673048,1.13744987519128e-05,0.00019143371174393
0,3.0519660527072e-05,0,1.64479686147646e-05,0,2.23730554170075e-05,0,0,4.56290851297898e-05,0.00482248452956671,0,0,0,0,0,0,0.289859618815791,0,0.0658894094249193,5.80175122078539e-06,0,0,0,0,0.000174868871537468,0,0,0,0,0,0,0,0,0,0,0,0,0,0,0.0122657756194003,0.00179730768133515,0.0151895727092195,0.00190313989586,0,0,0.0015349896325953,0.000954673876966417,9.30283054110105e-06,2.57805999903963e-05,0.00026380735458802,0,0,0,0,5.99838038491951e-05,1.72248433748002e-05,0,7.00522943893369e-05,0,0,0,0,0.000342698688206221,0,0,0,0,6.69625204900646e-05,0,0,0,0,0.000949760435932001,0.000149238320434465,0,0,0,0,0.00571626978055088,0.000829902234109976,0.00385517688830794,0.000504115849170303,0.0155428818140216,0,0.018628384129754,0.000316824098617931,5.32360338997013e-05
0.00301400016323125,0.000785423040019964,0.000138917469657286,4.66668937331382e-05,5.47261475548891e-05,0,0,0,0.00911718490264174,0.00359273072380711,0,0,0,0,0,0,0.11277183011857,0.0658894094249193,0,0,0,0,0,3.96702680636267e-05,0.00889393142109179,0,0,0,0,0,0,0,0,0,0,2.67820614894677e-05,0,1.81603015728263e-05,0.000166484149414557,0.0486478923946953,0.0390687121798343,0.0278356498580863,0.0374458334299563,8.97522205598884e-05,0,0.00899683311058056,0.0294741340472458,1.65568749021254e-05,9.40469039892972e-05,0.000837697946734878,0,0,0,0,0.00144219645974024,0.000103664011279306,0.000366859015032633,0.000181450957395671,0,0,0,0,0.00255522925933578,0.00122159427599438,0,0,5.60990036029127e-05,0.0118396172280292,0,0,0,0,0.0033108356623442,0.008988766652592,0,0,0,0.000140914692380389,0.0166657780727613,0.0272521578519891,0.00888231913516076,0.0181810868698999,0.0172721730088031,1.66484464523015e-05,0.101713282122105,0.00231972131642728,0.00328008776480483
0,0,0,0.00075731563747522,0,0.0665003319047262,0,0.0330225472395899,0,0.00166528433769146,0,0.0935234701937634,0,0,0,0,0,5.80175122078539e-06,0,0,0,0,0,0,0,0,0,0,0,0,0,0,0,0,0,0.0472791257232856,0,0.000128842093059856,0,0.000668552855089658,0,0.000178597592083346,0,0,0,0,0,0.000337996603020257,0.000148208733095659,0.00269152589363483,0,0.0370146471058048,0,0.00478436987823803,0,0.000760475871830792,0,0.00362525309899303,0,8.11085378220303e-05,0,0,0.16400217763181,0,0,0,0,0,0,0,0,0,0.000175541127940934,0,0,0,0,0,0.0332804538575651,0,0.00694356669947725,0,0.0011869412905087,0,0.0192370379370335,0,0
0,0,0.00620362315581117,0,0.217464002540829,0,0.00369387992016575,0,0,0,0.0453162101200535,0,0,0,0,0,0,0,0,0,0,0,0,0,0,0,0,0,0,0,0,0,0,0,0,0,0.0426960262370082,0,0.0261482659221362,0,0.00149848925101512,0,1.92314149459211e-05,0,0,0,0.00113412428065467,0,0.000435145290792562,0,0.0951489654979845,0,0.000179862434426065,0,0.00343091327375349,0,0.011010336734199,0,5.18588827634918e-05,0,0.00020136806453372,0,0,0.462065699575875,0,0,0,0,0,0,0,0,0,0,0,0,0,0,0,0.02505095234631,0,0.0151243520331294,0.00199652160741649,0,0.0120889144527962,0,0
0,0,0,0,0,0,0,0,0,0,0,0,0,0,0,0,0,0,0,0,0,0,0.308553375581097,0.00585375107095582,0.000138105788436748,0,0,0.0576267403199152,0,0,0,0,0,0.00177233094420666,0.000966304897155848,0,0,0.0601017055524664,0.0111439690853413,0,0,0.000258319202349422,0,0,0,0,0,0.00313726776049982,0,0.00290861567799586,0,0,0,0,0,0,0,0,0,0,0,0,0,0,0.377045150735011,0.0817728306939181,0.000216013624888317,3.36161734190189e-05,0.000845665977976751,0,0.0743349926115042,0,0,0,0,0,0.00151237428653228,0.00018558321962029,0,0,0.0669557348784673,0.00553804404227754,0.0252472452570372,0.00861174889499322,0.000152984565913958,0,0
0,0,0,0,0,0,0,0,0,0,0,0,0,0,0,0,0,0,0,0,0,0.308553375581097,0,0,0.00635769592476862,0,0.00925509751832055,0,0.0496240334840518,0,0,0,0,0.00348012375421598,0.000233820148087554,0,0,0.00259690163727357,0.0799585778591979,0,0,0,4.96018757071034e-05,0,0,0,0,0.000425732520301844,0.000171190153304378,0,0,0,0,0,0,0,0,0,0,0,0,0,0,0,0.12526781326446,0.539410452145897,0,0.000659174372034212,0,0.000154504849507656,0,0.0420370303315149,0,0,0,0,0.00167188246487664,0.00275039619175127,0,0,0.00373210261014113,0.074156135600016,0.0208196127817828,0.0168970158613122,8.06569828170549e-05,0,0
0,0.0118594554514985,0,0,0,0,0,0,0,0.00672081148689424,0,0,0,0,0,0,0,0,3.96702680636267e-05,0,0,0.00585375107095582,0,0,0,0.319695723146582,0,0,0,0,0,0,0,0,0,0,0,0.00938265876895587,0,0,0,0,0,0,0,0,0,0,0,0.00491089550502432,0,0,0,0,0,0.0604122626104511,0,0,0,0,0,0,0,0,0.00976762996766921,0,0.113820690995293,0,0.0864947015455063,0,0,0,7.1381220275714e-05,0,0,0,0,0,0,0,0.00347805863295437,0,0.000546917940385812,0,0.000176181684869471,0,0
0,0,0,0,0,0,0,0,0.0081802008060534,0.000114478549973141,0,0,0,0,0,0,0.000656493204681485,0.000174868871537468,0.00889393142109179,0,0,0.000138105788436748,0.00635769592476862,0,0,0,0.149210982700693,0,0,0,0,0,0,0,0.000594930295560125,0,0,8.94154850980119e-05,0.00261231896486106,0.000293205112454561,0.000265928279861983,0.000822995807731431,0.00164214983325624,9.21339937592913e-05,0,0,0,0,0.000195397434159207,0,0,0,0,0,0.0445355556540575,0,0.00011208521386042,0,0,0,0,0,0,0,0,0.0189337155348768,0,0.171282677837958,0,0.0181766634263067,0,0,0.000111587581788882,0.00129137022400396,0,0,0,0.00620438731394537,3.53851892102743e-05,3.9449461322477e-05,0.000106587613602873,0.000929259539120244,0.0019827258836877,1.72040784180844e-05,0.00098553047575903,0.000225123755363019,0
0,0.00548376448543678,0,0,0,0,0,0,0,0,0,0,0,0,0,0,0,0,0,0,0,0,0,0.319695723146582,0,0,0,0,0,0,0,0,0,0,0,0,0,0,0,0,0,0,0,0,0,0,0,0,0,0,0,0,0,0,0,0.0334992702184159,0,0,0,0,0,0,0,0,0,0,0.238915219580144,0,0.00594227545834058,0,0.000109529028122779,0,0,0,0,0,0,0,0,0,0,0,4.59604661751349e-05,0,0,0,0
0,0,0,0,0,0,0,0,0.000712461066097979,0,0,0,0,0,0,0,0,0,0,0,0,0,0.00925509751832055,0,0.149210982700693,0,0,0,0.0683589462050481,0,0,0,0,0,0,0,0,0,0,0,0,0,0,0,0,0,0,0,0,0,0,0,0,0,0.143972619290424,0,0,0,0,0,0,0,0,0,0,0.035400240635981,0,0.423709780017496,0,0.214662323702347,0,0.0682705558323578,0,0,0,0,0,0,0,0,0,0,0.000223969146160869,0,0,0,0
0,0,0,0,0,0,0,0,0,0,0,0.03188553472526,0,0.0135187012554427,0,0.000985512961051427,0,0,0,0,0,0.0576267403199152,0,0,0,0,0,0,0,0.220636209104233,0,0,0,0,0,0,0,0.0272884502375088,0,0,0,0,0,0,0,0,0,0,0,0,0,0,0,0,0,0,0,0.0132556236689231,0,0.0441183473712,0,0,0,0,0.0219389099609007,0,0,0,0,0,0.662955614815955,0,0.264768392674776,0,0,0,0,0,0,0,0.0402274734760722,0,0.0042761117181542,0.000739666987505872,0,0,0
0,0,0,0,0,0,0,0,0,0,0.0108763114003635,0,0.0228721123403595,0,0,0,0,0,0,0,0,0,0.0496240334840518,0,0,0,0.0683589462050481,0,0,0,0.187360148305773,0,0,0,0,0,0,0,0.0109114683865618,0,0,0,0,0,0,0,0,0,0,0,0,0,0,0,0,0,0.0197751633636606,0,0.125437483256747,0,0,0,0,0,0,0.052433940605436,0,0,0,0.0146277131842639,0,0.342964065938917,0,0.0567250823169346,0,0,0,0,0,0,0,0.0234847934970926,0.000137509743164381,0,0,0,0
0,0,0,0,0,0,0,0,0,0,0,0.0267572626988227,0,0.000342456332688132,0,0,0,0,0,0,0,0,0,0,0,0,0,0.220636209104233,0,0,0,0,0,0,0,0,0,0.000292402847326065,0,0,0,0,0,0,0,0,0,0,0,0,0,0,0,0,0,0,0,0.0144299606170797,0,0.000328215373814833,0,0,0,0,0,0,0,0,0,0,0.065057098136797,0,0.50759404661933,0,0,0,0,0,0,0,0.0103318462098022,0,0.00217904912721976,9.71170451413424e-05,0,0,0
0,0,0,0,0,0,0,0,0,0,0.0158973859478553,0,0,0,0,0,0,0,0,0,0,0,0,0,0,0,0,0,0.187360148305773,0,0,0,0,0,0,0,0,0,0.0297541017385244,0,0,0,0,0,0,0,0,0,0,0,0,0,0,0,0,0,0.00120568956928316,0,0,0,0,0,0,0,0,0,0,0,0,0,0,0.0170313542209185,0,0.111832801518839,0,0,0,0,0,0,0,0.00877757850587623,0.000780027226659978,0,0,0,0
0,0,0,0,0,0,0,0,0,0,0,0,0,0,0,0,0,0,0,0,0,0,0,0,0,0,0,0,0,0,0,0,0.518487772220386,0.000197343796200954,0.000613920930993918,0.019802019236166,0.0269432359330344,0,0,0,0,0,0,0,0,0,0,0.0766769090765514,0,0,0,0,0,0,0,0,0,0,0,0,0,0,0,0,0,0,0,0,0,0,0,0,0,0,0.233530999723094,0.368351894358803,0,0.00188789140425042,0.00879957218054273,0.0135596523518808,0,0,0.00427847703654567,0,0,0,0
0,0,0,0,0,0,0,0,0,0,0,0,0,0,0,0,0,0,0,0,0,0,0,0,0,0,0,0,0,0,0,0.518487772220386,0,0,0,0.000838023429252356,0.0019894500872883,0,0,0,0,0,0,0,0,0,0,0.0436804600169238,0,0,0,0,0,0,0,0,0,0,0,0,0,0,0,0,0,0,0,0,0,0,0,0,0,0,0.967787796183486,0.665519054243191,0.0127719629557147,0.0150175764084001,0.00403463145499441,0.00907349694451863,0,0,0.000557121627242436,0,0,0,0
0,4.58712072528961e-05,0,0,0,0,0,0,0,0.000531720056740884,0,0,0,0,0,6.76681476454791e-05,0,0,0,0,0,0.00177233094420666,0.00348012375421598,0,0,0,0,0,0,0,0,0.000197343796200954,0,0,0.569983004035835,0.00478401144184966,0,0.00640725506917158,0.00697732256789237,0,0,0.00511401728148935,0,0,0,0,0,0.235061277100613,0.000957377141707729,0,0,0,0,0,0,0.000553894062166433,0,0,0,0,0,6.01370653878497e-05,0,0,2.72437155425047e-05,0.00015609368607414,0,0,0,0,0,0,0,0,0.0180146334943407,0.00149813735651688,0.229028523199826,0.873400285929786,0.00219571199530709,0,0.0184444113872404,0.0048475447300052,0.00206804685282305,0.000230856118269619,0.0001007624940532,0.000456402420495675,0
0,0,0,0,0,0,0,0,0.00180614190533868,0,0,0,0,0,0,0,0,0,0,0,0,0.000966304897155848,0.000233820148087554,0,0.000594930295560125,0,0,0,0,0,0,0.000613920930993918,0,0.569983004035835,0,0.000527102728597145,0.0199074459907078,0.0151771723844416,0.0122985369637826,0,0,0,0.00186309728563529,0,0,0,0,0.223278014393861,0,0.00124329070084495,0,0,0,0,0.000303153900464946,0,0,0,0,0,0,0,0,0,0,0.000118225328998615,0,0,0,0,0,0,0,0,0.00319612207627039,0.00714641558589443,0.372801962974604,0.526603367008697,0.00457684357754495,0.0163782846276589,0.00846219674730007,0.0189045188373497,0.0032264195907501,0.000201511969124326,0.000113468091996742,0,0.000125561959487736
0,0,0,9.15909452083223e-05,0,0.000934816348013551,0,4.14809957113231e-05,0,0,0,0.00592150390829018,0,0,0,0,2.86842412570851e-06,0,2.67820614894677e-05,0.0472791257232856,0,0,0,0,0,0,0,0,0,0,0,0.019802019236166,0.000838023429252356,0.00478401144184966,0.000527102728597145,0,0.0812666649446018,0.0244249064813082,5.37658488610759e-05,0.000427632783355858,0,0.000145638563877334,2.95751666444112e-05,0,0,0.00314539804784985,0,0.000553333550684417,0.000830157073298204,0.00150795868524615,0,0.000340134273556041,0,0,0,5.43777787343044e-05,0,0.000102387915680197,0,0,0,0,0.0428641820677146,0,0,0,0,0,0,0,0,0,9.75511365502958e-06,0,0.00320504242350441,0.00022192929319498,0.00148530050670281,0,0.178208114577981,0.0192914989041929,0.00302125267290019,0,0.0328835760955524,0.00600985057065053,0.008425171884491,0,3.75044598326397e-05
0,0,0.00109745431900544,0,0.000468650777612282,0,0,0,0,0,0.0285641353490088,0,0,0,0,0,0,0,0,0,0.0426960262370082,0,0,0,0,0,0,0,0,0,0,0.0269432359330344,0.0019894500872883,0,0.0199074459907078,0.0812666649446018,0,1.81157774932217e-05,0.0339917091572452,2.93784017860415e-05,0.00111110248700756,7.25679441220018e-05,0.00061740271392855,0,0,0,0.00241580237980757,0.000835458686891268,0.00240098136449044,0.000192842574566149,0,0,0,0,0,0,0.0211500233785656,0,0,0,0,0,0,0.11109423671938,0,0,0,0,0,0,0,0,0,0.000102958405027208,0.0176052049301265,0.00093320708063294,0,0.000665967928631414,0.0538312844596525,0.109528348099603,0,0.00681672344421544,0.0332515210562521,0.00263932517805074,0.0138811441197426,0,3.75318911302745e-05
0,2.16630674075814e-05,0,0,0,0,0,0,0,0.00128452479849078,0,0.0601166955172106,0,0,0,3.0053219565428e-05,0,0,1.81603015728263e-05,0.000128842093059856,0,0.0601017055524664,0.00259690163727357,0.00938265876895587,8.94154850980119e-05,0,0,0.0272884502375088,0,0.000292402847326065,0,0,0,0.00640725506917158,0.0151771723844416,0.0244249064813082,1.81157774932217e-05,0,0.028799473628085,0,0,0.00612673335165081,0,0,0,0,0,0.0144508074257836,1.03281798258356e-05,0.00850622371051939,0,0,0,0,0,0.000153194004961405,0,0.00241713891401286,0,0,0,1.51083449944267e-05,0,0,0.0232821847029646,0.000530717943099058,0.00697907647731843,2.10782841112675e-05,0,0,0.0017795085195411,0,0.0073842144135217,0,0,0,0.0024438314358078,0.000595575120618424,0.0202070840961322,0,0.257409429215486,0.00326301776694551,0.0337320167217041,0.00610360006642944,0.00172171196754605,0.000108681716028474,0
0,0,0,0,0,0,0,0,0.000868428760111964,0,0.212172363599466,0,0,0,0,0,0,0,0.000166484149414557,0,0.0261482659221362,0.0111439690853413,0.0799585778591979,0,0.00261231896486106,0,0,0,0.0109114683865618,0,0.0297541017385244,0,0,0.00697732256789237,0.0122985369637826,5.37658488610759e-05,0.0339917091572452,0.028799473628085,0,0,0,8.94530112490258e-06,0.00255240662905582,0,0,0,0,0.00836054377614602,0.00304335967338055,3.24941673608223e-05,0,0,0,0,0.000220565178906414,0,0.0538481240516166,0,0,0,0,0,0,0.00354820924613526,0.000725350370684956,0.0438194219386699,0,0.0089554265316336,0,0,0,0.0261300440640962,0,0.00310497675233526,0,0,0.00395087833438385,0.00830300776904079,0,0.0181130586032528,0.0614267889990842,0.284436524210651,0.0152332563847729,0.000937054747653432,0.00986371039695426,0,1.49397657077237e-05
0,0.00276353796533049,0,0.00439520253022415,3.37364247085497e-05,0.000594400338956862,0,0,2.54158145539191e-05,9.36739378968415e-05,0,0,0,0,0,0,0.000419435794477682,0.0122657756194003,0.0486478923946953,0.000668552855089658,0,0,0,0,0.000293205112454561,0,0,0,0,0,0,0,0,0,0,0.000427632783355858,2.93784017860415e-05,0,0,0,0.000570393872743892,0.0615788248673533,0.00092323329969053,0,0,0.0413110232089958,0.000479807943982473,0.00458340131245288,0.00052494299041294,0.101851082182279,0,0,0,0,0,0.000521867594066442,2.4186385843776e-05,0.00162429259056655,0,0,0,0,0.0450071904638548,0,0,0,0,0.000317446720710998,0,0,0,0,0.00663245211701117,7.20843086946377e-05,0,0,0,0,0.0230337452477096,7.73014631012272e-05,0.0088073961280138,1.8709740991332e-05,0.00313568875621716,0,0.144880581635169,0.00213509282003624,3.0250435257618e-05
9.03619040047037e-05,0,0.00141605636805495,0,0.00164620595943827,0,0,0,3.58121848119545e-05,0,0,0,0,0,0,0,0.00722061103012416,0.00179730768133515,0.0390687121798343,0,0.00149848925101512,0,0,0,0.000265928279861983,0,0,0,0,0,0,0,0,0,0,0,0.00111110248700756,0,0,0.000570393872743892,0,0.00070325727023736,0.0922502789459699,5.57084419521656e-05,0,0.000244653083767387,0.0721869438278315,0.0133003801692674,0.0906208563802271,0,0,0,0,0,8.43710065919364e-05,0,0.000888083951084545,0,0,0,0,0,9.01529378324913e-05,0.0404900138758574,0,0,0,0,0,0,0,0,0,0.00935879725723524,0,0,0,0,5.13671174738792e-05,0.0190979252800033,9.94865073067959e-06,0.00419358414766348,0.00340521397057558,3.09263912571423e-05,0.0909072582669158,0,0.00124566591776183
4.66705710031857e-05,0.0176435110242704,0,0.00313590683013181,0,0.00190275510198117,0,0,0.000175047767436406,0.00962385135536679,0,0,0,0,0,0.000136090616194587,0.00136664637661964,0.0151895727092195,0.0278356498580863,0.000178597592083346,0,0.000258319202349422,0,0,0.000822995807731431,0,0,0,0,0,0,0,0,0.00511401728148935,0,0.000145638563877334,7.25679441220018e-05,0.00612673335165081,8.94530112490258e-06,0.0615788248673533,0.00070325727023736,0,0.0255279293314903,0.000608224832369463,0,0.00951022670952973,0.000282188567368571,0.00600843772851758,0.000424576711574613,0.0482139674549143,0,0.000113491367049676,0,0,4.20541231547339e-05,0.00771091116436148,9.24105859295308e-06,0.0515625106003762,0,0,0,7.07087992238683e-05,0.00528294952062182,0,0,0,0,0.000104138779616003,0,0,0,0,0.0800833521026775,0.00026042293375209,0,0,0.00138752394816697,0,0.00952325658596923,0.000326120321601209,0.0339296941152727,0.000445760975170023,0.0113382862064361,2.43085672718223e-06,0.227483444666383,0.0614718298857052,0.0035598127877097
0.0184298064093652,0,0.0137220205209108,0,0.00920061989132192,0,0,0,0.00744528526924474,3.76770357398614e-05,0,0,0,0,0,0,0.0120299411437004,0.00190313989586,0.0374458334299563,0,1.92314149459211e-05,0,4.96018757071034e-05,0,0.00164214983325624,0,0,0,0,0,0,0,0,0,0.00186309728563529,2.95751666444112e-05,0.00061740271392855,0,0.00255240662905582,0.00092323329969053,0.0922502789459699,0.0255279293314903,0,0,0,0.00012050396933726,0.0279720426592986,0.00178463083796792,0.0246459564769353,0.000445739945172017,5.50831622204775e-05,0,0,0,0.00682224594165619,0,0.00386006704973626,5.285542484338e-05,4.02661336719131e-05,0,0.000305514480968671,0,9.24065180987733e-06,0.000868816358188715,0,7.67088809266276e-06,0,0.00181945909239653,0,0,0,0,0.00017339758332499,0.0426243340959866,0,0,0,0.00644831139815898,0.000153522821711446,0.0190044882713457,0.000226503904229137,0.015374424874285,0.012428727648657,9.82535052467391e-05,0.243009523680753,0.000101733402291272,0.0574549874647199
0,0,0,0,0,0,0,0,0,0,0,0,0,0,0,0,1.24237765702346e-05,0,8.97522205598884e-05,0,0,0,0,0,9.21339937592913e-05,0,0,0,0,0,0,0,0,0,0,0,0,0,0,0,5.57084419521656e-05,0.000608224832369463,0,0,0,0,0,0,0,0,0,0,0,0,0,0,0,0,0,0,0,0,0,0,0,0,0,0,0,0,0,0,0,0,0,0,0,0,1.09012024626984e-05,1.8372186756013e-06,0,4.55772593117723e-06,0.000111824548640226,0,0.000337594376911295,0,0
0,0,0,0,0,0,0,0,0,0,0,0,0,0,0,0,0,0,0,0,0,0,0,0,0,0,0,0,0,0,0,0,0,0,0,0,0,0,0,0,0,0,0,0,0,0,0,0,0,0,0,0,0,0,0,0,0,0,0,0,0,0,0,0,0,0,0,0,0,0,0,0,0,0.000183943315113656,0,0,0,0,0,0,0,1.35600045973268e-05,0,0,1.52242448696349e-05,0,0
0,0.000822683009520438,0,0.00124246359054479,0,0,0,0,0,0,0,0,0,0,0,0,2.8903128978428e-05,0.0015349896325953,0.00899683311058056,0,0,0,0,0,0,0,0,0,0,0,0,0,0,0,0,0.00314539804784985,0,0,0,0.0413110232089958,0.000244653083767387,0.00951022670952973,0.00012050396933726,0,0,0,3.18841834130717e-05,0.000595726550048205,4.2509866548404e-05,0.00925107174360552,0,4.24516422191227e-05,0,0,0,0.000597263197066721,0,0.00280856563988825,0,0,0,0,0.113770126131095,0,0,0,0,0,0,0,0,0,0.0124312487527995,2.17136431960221e-05,0,0,0,0,0.00865789068551916,8.58061641505539e-05,0.00157717457930341,0,0.000529388788810499,0,0.0500435490818714,0.000251742879555804,0
0.000168478409527121,0,0.000348664518065103,0,0.000386549868494535,0,0,0,0,0,0.000148947881672328,0,0,0,0,0,0.00393210177393078,0.000954673876966417,0.0294741340472458,0,0.00113412428065467,0,0,0,0,0,0,0,0,0,0,0,0,0,0,0,0.00241580237980757,0,0,0.000479807943982473,0.0721869438278315,0.000282188567368571,0.0279720426592986,0,0,3.18841834130717e-05,0,0.000176145711417653,0.0102018226362946,0.000180320792583972,0,0,0,0,0.000113571658963283,0,0.00115413001882201,0,0,0,0,0,0,0.141779725722511,0,0,0,0.000243392274710879,0,0,0,0,0,0.00910879508754228,0,0,0,0,4.1246433523941e-05,0.0206779229289243,0,0.00873168231929869,0.00358103881869265,6.08076120555553e-05,0.0564695781194795,0,0.000680642922364454
0.000542788844242774,0,0.000104061877503466,0.000387594030141779,8.64610945928886e-05,0.000210779955068902,0,0,0.000579707136704289,0,0,0,0,0,0,0,7.31775409729719e-05,9.30283054110105e-06,1.65568749021254e-05,0.000337996603020257,0,0.00313726776049982,0.000425732520301844,0,0,0,0,0,0,0,0,0.0766769090765514,0.0436804600169238,0.235061277100613,0.223278014393861,0.000553333550684417,0.000835458686891268,0.0144508074257836,0.00836054377614602,0.00458340131245288,0.0133003801692674,0.00600843772851758,0.00178463083796792,0,0,0.000595726550048205,0.000176145711417653,0,0.0645323543062712,0.0498664473329195,0,2.60858715857228e-05,0,0,0.00043529495385769,8.27642415809975e-05,1.83963491009723e-05,1.09085287849674e-05,0,0,0,0,0.000102967314179192,4.44108065926355e-05,0.000539343268143055,0.000475027551885416,0,0.000360780090889724,0,0,0,0,3.35099332913966e-05,8.40006283282099e-05,0.690621617906541,1.35189459164812,0.619346064844195,0.637358045284333,0.00212021639706245,0.00881603289323186,0.07146417449578,0.0454081598469959,0.00219678825087054,0,0.0488709613146583,0,8.91876800237529e-05
0.0334981676155184,3.48148704903061e-05,0.0220345154742435,2.95652503451776e-05,0.00330895773063759,4.02397835670143e-05,0,0,0.0103680669103661,0,0,0,0,0,0,0,3.80779714243932e-05,2.57805999903963e-05,9.40469039892972e-05,0.000148208733095659,0.000435145290792562,0,0.000171190153304378,0,0.000195397434159207,0,0,0,0,0,0,0,0,0.000957377141707729,0,0.000830157073298204,0.00240098136449044,1.03281798258356e-05,0.00304335967338055,0.00052494299041294,0.0906208563802271,0.000424576711574613,0.0246459564769353,0,0,4.2509866548404e-05,0.0102018226362946,0.0645323543062712,0,0.00826177721559423,0,0.000207108352001705,0,0,0.0324904026197673,5.05637962627615e-05,0.000218730600065475,1.10466458966398e-05,0,0,0,0,3.09535737466064e-05,0,0,0.0110374058274585,0,0.0022169828102578,0,0,0,0.000211845537341267,0,0.000933726366195149,0,0.00301298248419224,0.000802839933068113,0.00657852017939369,0.000302308628945836,0.00564335622996807,0.00226891562244851,0.0110213545114745,0.0030626816784405,5.92638192979851e-06,0.0663353532358864,0,0.00155753461363273
0.000339534131877127,0.0611303610597285,0.000102953767883301,0.065234511583638,0.000227602817146049,0.00192879156041152,0,0,0.000162229372152971,0.00290601618342598,0,0,0,0,0,0,0,0.00026380735458802,0.000837697946734878,0.00269152589363483,0,0.00290861567799586,0,0.00491089550502432,0,0,0,0,0,0,0,0,0,0,0.00124329070084495,0.00150795868524615,0.000192842574566149,0.00850622371051939,3.24941673608223e-05,0.101851082182279,0,0.0482139674549143,0.000445739945172017,0,0,0.00925107174360552,0.000180320792583972,0.0498664473329195,0.00826177721559423,0,0,0.000480446952550535,0,0,6.81643842849185e-05,0.00204562725407267,0,0.00196075701704619,0,0,0,0,0.00160052243547197,0,0.0211523564047736,0,0.00176831302936571,6.51621917199014e-05,4.3868856717637e-05,0,0,0,0.00298120887322639,0,0,0,0.000241720834719952,0.00149544067505557,0.0122735529451425,3.1577561276375e-05,0.0213345502653283,0.000983165358081288,0.00404333312804008,0,0.083849064887119,0.00105634096602636,2.85136750559831e-05
0,0,0.0485382949720793,0,0.0661453261663555,0,0.00181117623882753,0,0,0,0,0,0,0,0,0,0,0,0,0,0.0951489654979845,0,0,0,0,0,0,0,0,0,0,0,0,0,0,0,0,0,0,0,0,0,5.50831622204775e-05,0,0,0,0,0,0,0,0,0,0.00275984117827143,0,0,0,0.000551363862496233,0,0,0,0,0,0,0.000615334360808178,0,0,0,0,0,0,0,0,0,0.000127357025109511,0,0,0,0,0,6.13468349970972e-06,0,0,0,0,0.0298821104295082,0,0
0,0,0,0.016651942542269,0,0.0399170340409445,0,0,0,0,0,0.00102701316478847,0,0,0,0,0,0,0,0.0370146471058048,0,0,0,0,0,0,0,0,0,0,0,0,0,0,0,0.000340134273556041,0,0,0,0,0,0.000113491367049676,0,0,0,4.24516422191227e-05,0,2.60858715857228e-05,0.000207108352001705,0.000480446952550535,0,0,0,0,0,0.000261261763251667,0,6.63282012688792e-05,0,0,0,0,0.0703057301418898,0,0,0,0,0,0,0,0,0,0.000155260265342914,0,0,0,0,0,6.48253162197815e-05,0,4.26141835910211e-06,0,0.000188543803434072,0,0.0158349691715553,0,0
0,0,0,0,0,0,0,0,0,0,0,0,0,0,0,0,0,0,0,0,0.000179862434426065,0,0,0,0,0,0,0,0,0,0,0,0,0,0,0,0,0,0,0,0,0,0,0,0,0,0,0,0,0,0.00275984117827143,0,0,0,0,0,0.00105250050547409,0,0,0,0,0,0,0.000154614316037294,0,0,0,0,0,0,0,0,0,0,0,0,0,0,0,0,0,0,0,0,1.64137111847377e-05,0,0
0,0,0,0,0,0.000814230872810739,0,0,0,0,0,0,0,0,0,0,0,0,0,0.00478436987823803,0,0,0,0,0,0,0,0,0,0,0,0,0,0,0,0,0,0,0,0,0,0,0,0,0,0,0,0,0,0,0,0,0,0,0,0,0,0,0,0,0,0,0.00012485172149726,0,0,0,0,0,0,0,0,0,0,0,0,0,0,0,0,0,0,0,9.85812112000704e-05,0,0,0,0
0.52646102919327,3.34632448617024e-05,0.152882573346363,0,0,0,0,0,0.185488048776022,0,0,0,0,0,0.538342465440081,0,4.2653110067158e-05,5.99838038491951e-05,0.00144219645974024,0,0.00343091327375349,0,0,0,0.0445355556540575,0,0.143972619290424,0,0,0,0,0,0,0,0.000303153900464946,0,0,0,0.000220565178906414,0,8.43710065919364e-05,4.20541231547339e-05,0.00682224594165619,0,0,0,0.000113571658963283,0.00043529495385769,0.0324904026197673,6.81643842849185e-05,0,0,0,0,0,0,6.96793795396319e-05,1.57336543451602e-05,0,0,0.0228908102414561,0,0,0.000123366188776022,0,0,0,0.133162524634192,0,0,0,0,0,0.000710910601788682,0,0,0,0.00167138408615119,2.38737045435651e-06,6.52554842258841e-06,3.09571022210524e-06,0.000600150687788315,0.00454480290940504,0,0.0112931947908804,0,0.000127487032140888
0,0.177277804262634,0,0.0391981897343668,0,0.00739846089130991,0,0,0,0.274970878608212,0,0,0,0.000139277366145397,0,0.123847370765973,0,1.72248433748002e-05,0.000103664011279306,0.000760475871830792,0,0,0,0.0604122626104511,0,0.0334992702184159,0,0,0,0,0,0,0,0.000553894062166433,0,5.43777787343044e-05,0,0.000153194004961405,0,0.000521867594066442,0,0.00771091116436148,0,0,0,0.000597263197066721,0,8.27642415809975e-05,5.05637962627615e-05,0.00204562725407267,0,0.000261261763251667,0,0,0,0,0,0.00782770110421264,0,0.00394048977377255,0,0.0883857993990807,0.00526488693118383,0,0,0,0.0491715806953722,0,0.00478561588854885,0,0,0,0.00358673619043684,0,0,0,5.73733274460328e-05,0,0.00017874747113787,0,0.000276059447461596,0,0.00189081682909686,0,0.0284270047231791,0.00596520040076602,0
4.57219116686591e-05,0,0.00106056655302277,0,0.00271145135170231,0,0.00541425857086595,0,8.55285695943008e-05,0,0.312493888064168,0,0.0787936839068814,0,0,0,5.05794180339007e-05,0,0.000366859015032633,0,0.011010336734199,0,0,0,0.00011208521386042,0,0,0,0.0197751633636606,0,0.00120568956928316,0,0,0,0,0,0.0211500233785656,0,0.0538481240516166,2.4186385843776e-05,0.000888083951084545,9.24105859295308e-06,0.00386006704973626,0,0,0,0.00115413001882201,1.83963491009723e-05,0.000218730600065475,0,0.000551363862496233,0,0.00105250050547409,0,6.96793795396319e-05,0,0,0,0.0361526841151473,0,0.000271103607945499,0,0,0.0207751446201433,0,0,0,0,0,0,0,0,0,0.0400671715679449,0,0,0,0,1.75808416772394e-06,0.00272759391013142,0,0.0137860322688661,0.00514729317833042,6.79603672302012e-05,0.0164825479983079,1.28717946479058e-05,0.0019963483499902
0,0.00288825286474921,0,0.00565040066144987,0,0.00221776002684412,0,0,0,0.000132344534215571,0,0.274449592324674,0,0.0618082515648169,0,0.000897684926941887,9.07730835702852e-06,7.00522943893369e-05,0.000181450957395671,0.00362525309899303,0,0,0,0,0,0,0,0.0132556236689231,0,0.0144299606170797,0,0,0,0,0,0.000102387915680197,0,0.00241713891401286,0,0.00162429259056655,0,0.0515625106003762,5.285542484338e-05,0,0,0.00280856563988825,0,1.09085287849674e-05,1.10466458966398e-05,0.00196075701704619,0,6.63282012688792e-05,0,0,1.57336543451602e-05,0.00782770110421264,0,0,0,0.0224038543614225,0,0.00126129570167318,0.0217137238227079,0,0,0,0.000273037314052876,2.47098170008116e-05,0,0,0.000358031621882502,0,0.0842921454475486,0,0,0,0,0,0.000403573513235548,0,0.00105718406747346,0,0.0122090705336966,0.00273712926211898,0.0515144692653178,0.000332861155240603,0
0,0,0.00990004208470972,0,0,0,0,0,0,0,0.172878523365296,0,0.729391982578199,0,0,0,0,0,0,0,5.18588827634918e-05,0,0,0,0,0,0,0,0.125437483256747,0,0,0,0,0,0,0,0,0,0,0,0,0,4.02661336719131e-05,0,0,0,0,0,0,0,0,0,0,0,0,0,0.0361526841151473,0,0,0,8.96261789892772e-05,0,0,0,0,0,0,0,0,0,0,0.0561340470217467,0,3.45837669974783e-05,0,0,0,0,0,2.2414454951558e-05,0,0,0.00376995234255464,0.000857415897092989,0.00363562538350759,0,0
0,0.000140685495290772,0,0,0,0,0,0,0,0.000812654538389315,0,0.0672552098244773,0,0.447855292044982,0,0.0279611238411945,0,0,0,8.11085378220303e-05,0,0,0,0,0,0,0,0.0441183473712,0,0.000328215373814833,0,0,0,0,0,0,0,0,0,0,0,0,0,0,0,0,0,0,0,0,0,0,0,0,0,0.00394048977377255,0,0.0224038543614225,0,0,0,0.0168295103909569,0,0,0,0,0.000396816265099821,0,0,0,0,0,0,0,0,0,0,0,0,0,0,0,0.0199350329775463,0.0292563184045976,0.000240057560636475,0,0
0.00566553197721877,0,0.0563957682575138,0,0,0,0,0,0.00194919750506608,0,0,0,0,0,0.144166423787045,0,0,0,0,0,0.00020136806453372,0,0,0,0,0,0,0,0,0,0,0,0,0,0,0,0,0,0,0,0,0,0.000305514480968671,0,0,0,0,0,0,0,0,0,0,0,0.0228908102414561,0,0.000271103607945499,0,8.96261789892772e-05,0,0,0,0,0,0,0,0,0,0,0,0,0,0,0.000128942114334494,0,0,0,0,0,1.35075438407951e-05,0,0,0.000808920193338888,0,0.00139370918999702,0,0
0,0.00370077959979349,0,0.0202443355546924,0,0,0,0,0,0.0169021972126903,0,0,0,0.00662330846092372,0,0.0812400098284294,0,0,0,0,0,0,0,0,0,0,0,0,0,0,0,0,0,6.01370653878497e-05,0,0,0,1.51083449944267e-05,0,0,0,7.07087992238683e-05,0,0,0,0,0,0,0,0,0,0,0,0,0,0.0883857993990807,0,0.00126129570167318,0,0.0168295103909569,0,0,0,0,0,0,0.00560172685542332,0,0.0123169483554089,0,0,0,0,0,0,0,0,0,0,0,0,0,0.000449017932224087,0,0.000195477428081833,0,0
0,0.000112284622180446,0,0.00275741025984891,0,0.109390198640821,0,0.106919422267282,0,0.00186944455311468,0,0.222784734572809,0,0,0,0,7.38053228173028e-06,0.000342698688206221,0.00255522925933578,0.16400217763181,0,0,0,0,0,0,0,0,0,0,0,0,0,0,0,0.0428641820677146,0,0,0,0.0450071904638548,9.01529378324913e-05,0.00528294952062182,9.24065180987733e-06,0,0,0.113770126131095,0,0.000102967314179192,3.09535737466064e-05,0.00160052243547197,0,0.0703057301418898,0,0.00012485172149726,0,0.00526488693118383,0,0.0217137238227079,0,0,0,0,0,0,0,0,0,0,0,0,0,0,0.0310630954427194,0,0,0,0,0,0.0446251219088727,0,0.0150589890623561,0,0.00484886782015255,0,0.0351718454225077,0.000109707694857797,0
0,0,0,0,0.00570612682463748,0,0.00100112233141257,0,0.000111509433553396,0,0.159358092230616,0,0,0,0,0,6.66729468299253e-05,0,0.00122159427599438,0,0.462065699575875,0,0,0,0,0,0,0,0,0,0,0,0,0,0,0,0.11109423671938,0,0.00354820924613526,0,0.0404900138758574,0,0.000868816358188715,0,0,0,0.141779725722511,4.44108065926355e-05,0,0,0.000615334360808178,0,0.000154614316037294,0,0.000123366188776022,0,0.0207751446201433,0,0,0,0,0,0,0,0,0,0,0,0,0,0,0,0,0.00242866779445377,0,0,0,0,0,0.0668946493503865,0,0.0115811906682644,0.007301777516934,0,0.0396578321167962,0,0
0,0,0,0,0,0,0,0,0,0,0,0,0,0,0,0,0,0,0,0,0,0.377045150735011,0.12526781326446,0.00976762996766921,0,0,0,0.0219389099609007,0,0,0,0,0,2.72437155425047e-05,0,0,0,0.0232821847029646,0.000725350370684956,0,0,0,0,0,0,0,0,0.000539343268143055,0,0.0211523564047736,0,0,0,0,0,0,0,0,0,0,0,0,0,0,0,0.0405124210880031,0.0187467379087093,0,0.00468263250366888,0,0.0119840348224335,0,0,0,0,0,0.000528471371091965,0,0,0,0.00801979645602187,0.00053924224377957,0.0265128620821713,0.0026484925466883,4.25777789954188e-05,0,0
0,0,0,0,0,0,0,0,0,0,0,0,0,0,0,0,0,0,0,0,0,0.0817728306939181,0.539410452145897,0,0.0189337155348768,0,0.035400240635981,0,0.052433940605436,0,0,0,0,0.00015609368607414,0.000118225328998615,0,0,0.000530717943099058,0.0438194219386699,0,0,0,7.67088809266276e-06,0,0,0,0,0.000475027551885416,0.0110374058274585,0,0,0,0,0,0,0,0,0,0,0,0,0,0,0,0.0405124210880031,0,0,0.0231271826208098,0,0.00198546455452104,0,0.0205254065833091,0,0,0,0,8.1423102371492e-05,0.00276628207258505,0,0,0.000623774655493618,0.0202469193424056,0.0277298352845977,0.0202036789966551,0.000200576080839027,0,0
0,0.0316892838423316,0,0,0,0,0,0,0,0.034323587035936,0,0,0,0,0,0.000457847917984562,0,0,5.60990036029127e-05,0,0,0.000216013624888317,0,0.113820690995293,0,0.238915219580144,0,0,0,0,0,0,0,0,0,0,0,0.00697907647731843,0,0,0,0,0,0,0,0,0,0,0,0.00176831302936571,0,0,0,0,0,0.0491715806953722,0,0.000273037314052876,0,0.000396816265099821,0,0.00560172685542332,0,0,0.0187467379087093,0,0,0,0.0416120262953356,0,0,0,0,0,0,0,0,0,0,0,0.000894911128211448,0,0.000656116126854109,0,0.00265453082580583,0,0
