0,0,83.1472736597061,0,0,0,0,0,188.352772057056,0,0,0,0,0,0,0,7.5520384311676,3.72310149669647,38.9648003131151,0,0,0,0,0,0,0,0,0,0,0,0,0,0,0,0,0,0,0,0,0,0,0,86.9893134534359,0,0,0,0,0,41.5600139498711,0,0,0,0,0,325.992290794849,0,2.19027680158615,0,13.8328671455383,0,46.1026623547077,0,0,0,0,0,0,0,0,0,0,0,0,0,0,0,0,0,1.89389765262604,1.26927226781845,0,0,39.6988337039948,0,200.263212412596,0,0
0,0,0,45.3965634256601,0,0,0,0,0,166.851311713457,0,0,0,0,0,0,3.79751272499561,1.20530486106873,32.3240341991186,0,0,0,0,0.702517673373222,0,0,0,0,0,0,0,0,0,0,0,0,0,0,0,5.24825476109982,0,173.895302012563,0,0.650712639093399,0,4.04994109272957,1.92185199260712,0,0,294.523983076215,0,0.749737352132797,0,0,0,144.94337785244,0,8.70456422865391,0,32.3863787949085,0,136.540125146508,0.638784617185593,0,0,0,0,0,0,0,0,0,0,0,0,0,0,0,12.9504147619009,0.558977603912354,2.44246025383472,0,166.697998449206,0,341.6084375754,5.22656580805779,0
83.1472736597061,0,0,8.17832189798355,7.32917898893356,0,0,0,110.241962969303,0,0,0,0,0,0,0,1.14916215837002,0,0.595723092556,0,0,0,0,0,0,0,0,0,0,0,0,0,0,0,0,0,0,0,0,1.64088843762875,9.20288673043251,0.405849680304527,191.603118345141,0,3.9652584195137,3.67436611652374,30.9190528839827,5.09416615962982,108.673845857382,0,32.8041032254696,0,0,0,10.9913159608841,0,45.2320203483105,0.434027746319771,0.994970381259918,1.36547315120697,0,0,0,6.68804135918617,0,0,0,0,0,0,0,0,0,8.70688636600971,0,0,0,0,4.20702034235001,17.266647644341,0,0,50.7681629285216,1.06273876130581,215.830518618226,0,22.9443728327751
0,45.3965634256601,8.17832189798355,0,0.630675032734871,42.9227671921253,0,0,0,85.6650661826134,0,0,0,0,0,0,0,3.48672556877136,11.8311268761754,1.06731486320496,0,0,0,0,0,0,0,0,0,0,0,0,0,0,0,6.09936232864857,0,0,0,24.2834354043007,0.404075682163239,120.01614420861,4.11694978177547,3.12919889390469,0,91.1095749735832,7.1857270821929,47.8524319380522,0.161624237895012,171.050785161555,4.72063221037388,454.686213642359,0,0,0,164.865305155516,39.0150077491999,20.7328175455332,0,138.125795930624,0,30.5407742410898,4.94928992539644,0.796630725264549,0,0,0,0,0,0,0,0,3.00329918414354,0,0,0,0,0,17.4565740302205,2.27027988433838,0.347632229328156,0,233.940499395132,3.53702473640442,712.07614852488,6.84460294246674,1.17260387539864
0,0,7.32917898893356,0.630675032734871,0,0,0,0,29.1763471364975,0,0,0,0,0,0,0,0,0,1.25137883424759,0,73.952992066741,0,0,0,0,0,0,0,0,0,0,0,0,0,0,0,2.99026648700237,0,0,1.42522752285004,7.47947625815868,0,39.0566471368074,0,0,2.27191391587257,23.7548196613789,1.39723636209965,26.3570097982883,0,175.051232367754,0.421231627464294,63.0490134954453,0,3.30483984947205,0,3.44639103114605,0,0,0,0,0,0.901097118854523,0,0,0,0,0,0,0,0,0,0,1.00383718311787,0,0,0,0,4.24828231334686,7.63513018935919,1.04370008409023,0,29.3251962661743,0.545864045619965,231.112011298537,0,1.48542964458466
0,0,0,42.9227671921253,0,0,0,25.9091138839722,0,0,0,0.432010918855667,0,0,0,0,0,0,0,0,0,0,0,0,0,0,0,0,0,0,0,0,0,0,0,32.2789396941662,0,0,0,0.187862753868103,0,0,0,0,0,0.963854119181633,0,3.55826020240784,0,1.59440493583679,0,229.894032716751,0,2.89642107486725,0,0,0,1.10392805933952,0,0,0,0,0,0,0,0,0,0,0,0,0,0,0,0,0,0,0,0,0,0,0,0,172.063275307417,474.622559905052,20.6779799461365,0,0
0,0,0,0,0,0,0,0,0,0,25.59689027071,0,6.0081992149353,0,0,0,0,0,0,0,0.294865518808365,0,0,0,0,0,0,0,0,0,0,0,0,0,0,0,0,0,0,0,0,0,0,0,0,0,0,0,0,0,0,0,276.525987923145,0,0,0,38.4074509888887,0,61.2505245804787,0,0,0,0,0,0,0,0,0,0,0,0,0,0,0,0,0,0,0,0,0,0,0,33.5725468397141,7.52449035644531,0,0,0
0,0,0,0,0,25.9091138839722,0,0,0,0,0,59.2714095115662,0,120.475843787193,0,0,0,0,0,0,0,0,0,0,0,0,0,0,0,0,0,0,0,0,0,0,0,0,0,0,0,0,0,0,0,0,0,0,0,0,0,55.2835138440132,0,824.947588682175,0,0,0,116.12914724648,0,257.236313700676,0,0,0,0,0,0,0,0,0,0,0,0,0,0,0,0,0,0,0,0,0,0,99.8202223479748,0,0,0,0
188.352772057056,0,110.241962969303,0,29.1763471364975,0,0,0,0,0,0,0,0,0,62.7785051465034,0,265.525908023119,24.0946398079395,0,0,0,0,0.279200285673141,0,19.1499601155519,0,57.8980429172516,0,0,0,0,0,0,0,0,0,0,0,119.199124783278,0,0,0,8.89770759642124,0,0,0,0,0,4.85864877700806,0,0,0,0,0,1094.67734843493,0,0,0,0,0,51.2311838269234,0,0,0,0,0.526625096797943,0,12.4051381498575,0,36.0178599357605,0,0,0,0,0,0,0,0,0,0,0,23.7614896893501,683.102102547884,0,132.57721875608,0,3.15758693218231
0,166.851311713457,0,85.6650661826134,0,0,0,0,0,0,0,0,0,0,0,292.472974002361,0,69.2970752865076,0,0,0,0,0,149.028697162867,0,6.08512204885483,0,0,0,0,0,0,0,0,0,0,0,26.5326452553272,0,1.85306072235107,0,17.01210603863,0,0,0,0.187294319272041,0.135367542505264,0,0,33.4048897922039,0,0,0,0,0,659.465777114034,0,3.2527187615633,0,0,0,7.08035919070244,0.132171675562859,0,0,0,15.0096463114023,0,0,0,0,0,0,0,0,0,0,0,1.02279284596443,0,49.2042823433876,0,1717.62236109376,533.499751836061,40.3440762162209,2.96748301386833,0
0,0,0,0,0,0,25.59689027071,0,0,0,0,0,502.903386116028,0,0,0,0,0,0,0,1134.06780433655,0,0,0,0,0,0,0,39.3460755348206,0,0,0,0,0,0,0,348.31538695097,0,1267.9549934566,0,0,0,0,0,0,0,0,0,0,0,0,0,21.782927185297,0,0,0,1903.87907285243,0,346.91886523366,0,0,0,0,54.4148973226547,0,0,0,0,0,0,0,16.0396981239319,0,16.9622236937284,0,0,0,0,0,317.639441847801,0,168.066240757704,487.857499331236,0,0,0,0
0,0,0,0,0,0.432010918855667,0,59.2714095115662,0,0,0,0,0,461.528620004654,0,0,0,0,0,1183.66659559309,0,0,0,0,0,0,0,13.4380170106888,0,53.7192642986774,0,0,0,0,0,626.597635060549,0,468.432580322027,0,0,0,0,0,0,0,0.267655164003372,0,0,0,0,0,1.63545787334442,0,16.7527720481157,0,0,0,3766.01468117535,0,944.986804455519,0,0,147.136540606618,0,0,0,0,0,0,0,30.4623017311096,0,119.369790941477,0,0,0,0,0,51.6682343631983,0,0,0,347.126158297062,0,7.40023112297058,0,0
0,0,0,0,0,0,6.0081992149353,0,0,0,502.903386116028,0,0,0,10.6484340429306,0,0,0,0,0,0,0,0,0,0,0,1.48980677127838,0,0,0,0.160389691591263,0,0,0,0,0,0,0,0,0,0,0,0,0,0,0,0,0,0,0,0,0,0,0,0,0,39.1897829025984,0,510.77633780241,0,0,0,0,0,0,0,0,0,0,9.83997368812561,0,10.9963722527027,0,0.164677605032921,0,0,0,0,0,0,0,0,111.33999761939,0,0,0,0
0,0,0,0,0,0,0,120.475843787193,0,0,0,461.528620004654,0,0,0,23.9632701873779,0,0,0,0,0,0,0,0,0,0,0,159.878339976072,0,0,0,0,0,0,0,0,0,0,0,0,0,0,0,0,0,0,0,0,0,0,0,0,0,4.87466534972191,0,0,0,19.0172888636589,0,906.011653929949,0,0,0,0,0,0,0,0,0,0,99.4330907166004,0,0,0,0,0,0,0,0,0,0,0,198.291850924492,212.125436306,0,0,0
0,0,0,0,0,0,0,0,62.7785051465034,0,0,0,10.6484340429306,0,0,0,338.374938458204,13.4559375345707,6.46044957637787,0,0,0,1.21763060986996,0,1.20800247788429,0,0,0,0,0,0,0,0,0,0,0,0,0,0,0,0,0,0,0,0,0,0,0,0,0,0,0,0,0,0,0,0,0,148.866396188736,0,28.7947782874107,0,0,0,0,1.32378149032593,0,0,0,11.4496167302132,0,0.487165287137032,0,0,0,0,0,0,0,0,0,0,95.5343849658966,0.597077310085297,0,0,0
0,0,0,0,0,0,0,0,0,292.472974002361,0,0,0,23.9632701873779,0,0,0,1,0,0,0,0,0,21.6043637096882,0,0,0,0,0,0,0,0,0,0,0,0,0,0,0,0,0,0,0,0,0,0,0,0,0,0,0,0,0,0,0,44.7551184147596,0,0,0,0,0,7.81852623820305,0,0,0,0,11.6365164518356,0,0,0,0,0,0,0,0,0,0,0,0,0,0,0,170.917885184288,423.755665421486,0,0,0
7.5520384311676,3.79751272499561,1.14916215837002,0,0,0,0,0,265.525908023119,0,0,0,0,0,338.374938458204,0,0,11094.007541582,3483.4051913321,0,0,1.93461787700653,273.088246777654,0,227.85848903656,0.61975884437561,241.980731457472,0,0,0,0,0,0,0,0,2.2920925617218,0,0,0,30.5961675643921,47.0466779321432,24.1975009664893,94.9714986085892,14.5381387919188,37.645929351449,70.658904068172,109.488462887704,0,0,0,0,0,0,0,4.28145858645439,0,10.6307981461287,0.413914620876312,0,0,2.89983433485031,0,40.730111181736,32.1285365968943,0,181.561611682177,0,8.16950911283493,0,51.2376804947853,0,0,0,3.83850353956223,0,0,0,0,75.282046303153,110.774517789483,0,0.961183339357376,8592.34303158522,541.546372964978,248.259338393807,12.9451591148973,25.1609929278493
3.72310149669647,1.20530486106873,0,3.48672556877136,0,0,0,0,24.0946398079395,69.2970752865076,0,0,0,0,13.4559375345707,1,11094.007541582,0,3930.71013502032,0,0,91.358206525445,10.3430516719818,41.640543371439,82.5578122735023,119.218904972076,5.43256133794785,14.4287915229797,0,0,0,0,0,0,0,0.169182792305946,0.291238367557526,0,0,23.7758660018444,17.2874129116535,43.9200206100941,23.7254276126623,18.1514881849289,12.4334844052792,54.9419380128384,23.1605260670185,0,0,0.875688791275024,0,0,0,0,0,0,11.2345123589039,0.159283488988876,0,0,4.61618506908417,0,20.0507021248341,10.6160765588284,32.9008826315403,9.79403352737427,0,7.97149181365967,23.25774538517,0,0,0,0,1.7800430804491,0,0,0,0,51.614258274436,62.7305018603802,3.11699448525906,0,9394.90036951751,1665.67395624518,106.544980451465,20.2274427711964,8.16086959093809
38.9648003131151,32.3240341991186,0.595723092556,11.8311268761754,1.25137883424759,0,0,0,0,0,0,0,0,0,6.46044957637787,0,3483.4051913321,3930.71013502032,0,0,0,3.22914552688599,1.04408478736877,0,9.81718638539314,0,0.411926060914993,0,0,0,0,0,0,0,0,5.01403501629829,0.432541936635971,0,0,412.320510491729,296.744499884546,1034.58828893304,480.014859378338,340.13080458343,194.518059194088,556.533081613481,750.669125080109,0.221380442380905,6.29639878869057,5.35520131886005,1.57428979873657,0.217350393533707,0,0,0,0,77.670247040689,36.5691111385822,0,0,0,0,254.172711931169,193.488928556442,0,0,0,0,0,0,0,0,17.3307721316814,34.2251559495926,0,0,0,0,804.21389901638,894.720936246216,29.1771475747228,11.8392865657806,4769.92677360028,51.5085435211658,3044.36412362754,504.386994928122,208.904480338097
0,0,0,1.06731486320496,0,0,0,0,0,0,0,1183.66659559309,0,0,0,0,0,0,0,0,0,0,0,0,0,0,0,0,0,0,0,0,0,0,0,2267.92938612401,0,98.8593344092369,0,0,0,0,0,0,0,91.4801995307207,0,2.63670778274536,0,0,0,0,0,0,0,0,0,125.222477868199,0,0,0,0,2140.07691599429,0,0,0,0,0,0,0,0,0,0,0,0,0,0,0,433.502416297793,0,23.2228145897388,0,1037.72144450247,19.8581680506468,97.9224715828896,0,0
0,0,0,0,73.952992066741,0,0.294865518808365,0,0,0,1134.06780433655,0,0,0,0,0,0,0,0,0,0,0,0,0,0,0,0,0,0,0,0,0,0,0,0,0,2125.68606984615,0,27.2185815125704,0,0,0,0.213699623942375,0,0,0,3.01678690314293,0,0,0,30.5887913703918,0,0,0,0,0,89.7241860032082,0,0,0,0,0,0,1334.59325879812,0,0,0,0,0,0,0,0,0,0,0,0,0,0,0,643.12517349422,0,1,338.310238286853,0,43.2478064596653,0,0
0,0,0,0,0,0,0,0,0,0,0,0,0,0,0,0,1.93461787700653,91.358206525445,3.22914552688599,0,0,0,164.335603117943,267.466960400343,0,156.201041430235,0,119.2463516891,0,0,0,0,0,0,0,0,0,1489.18672811985,0,0,0,0,0,0,0,0,0,0,0,37.8604691326618,0,0,0,0,0,0,0,0,0,0,0,0,0,0,7316.32591272891,0,205.292673140764,0,21.2922516018152,0,173.051673218608,0,0,0,0,0,0,0,0,0,249.922879457474,0,1916.70450210571,41.0131376981735,0,0,0
0,0,0,0,0,0,0,0,0.279200285673141,0,0,0,0,0,1.21763060986996,0,273.088246777654,10.3430516719818,1.04408478736877,0,0,164.335603117943,0,0,287.569584786892,0,10.3418059945107,0,54.3214624524117,0,0,0,0,0,0,0,0,1.6798996925354,1667.29061751068,0,0,0,0,0,0,0,0,0,52.8803985565901,0,0,0,0,0,0,0,0,0,0,0,0,0,0,0,10.4695225358009,5134.44486741722,0,185.412971556187,0,163.392878264189,0,40.7807888239622,0,0,0,0,0,0,0,0,0,900.293776988983,582.657742232084,13.9907729327679,2.74129366874695,0,0
0,0.702517673373222,0,0,0,0,0,0,0,149.028697162867,0,0,0,0,0,21.6043637096882,0,41.640543371439,0,0,0,267.466960400343,0,0,0,35.909720659256,0,0,0,0,0,0,0,0,0,0,0,1009.35872519016,0,0,0,0,0,0,0,0,0,0,0,2.77503545582294,0,0,0,0,0,186.008219256997,0,0,0,0,0,0.26923856139183,0,0,316.326753556728,0,560.81027752161,0,149.44379529357,0,0,0,0,0,0,0,0,0,0,0,290.585313826799,0,505.011589288712,0,4.31927299499512,0,0
0,0,0,0,0,0,0,0,19.1499601155519,0,0,0,0,0,1.20800247788429,0,227.85848903656,82.5578122735023,9.81718638539314,0,0,0,287.569584786892,0,0,0,117.291763275862,0,4.48575496673584,0,0,0,0,0,0,0,0,0,926.257274970412,0,0,0,1.42158080637455,0,0,0,0,0.221110790967941,73.2996346354485,0,0,0,0,0,76.7143325507641,0,0,0,0,0,1.42639458179474,0,0,0,0,58.0313308537006,0,529.355738371611,0,109.990034937859,0,6.10325074195862,0,0,0,0,0,0,0,0,0,71.2771869897842,153.873586699367,1.19823789596558,47.9843294024467,0,0
0,0,0,0,0,0,0,0,0,6.08512204885483,0,0,0,0,0,0,0.61975884437561,119.218904972076,0,0,0,156.201041430235,0,35.909720659256,0,0,0,18.4507722854614,0,0,0,0,0,0,0,0,0,0,0,0,0,0,0,0,0,0,0,0,0,0,0,0,0,0,0,0,0,0,0,0,0,0,0,0,99.1635057032108,0,0,0,350.325819641352,0,2,0,0,0,0,0,0,0,0,0,0,0,81.1945750713348,0,0,0,0
0,0,0,0,0,0,0,0,57.8980429172516,0,0,0,1.48980677127838,0,0,0,241.980731457472,5.43256133794785,0.411926060914993,0,0,0,10.3418059945107,0,117.291763275862,0,0,0,0,0,0,0,0,0,0,0,0,0,0,0,0,0,0,0,0,0,0,0,0,0,0,0,0,0,5.30884122848511,0,0,0,0,0,0,0,0,0,0,0.504224359989166,0,1.96897232532501,0,80.5546998679638,0,0.509591370820999,0,0,0,0,0,0,0,0,0,0,24.8291801512241,0,0,0,0
0,0,0,0,0,0,0,0,0,0,0,13.4380170106888,0,159.878339976072,0,0,0,14.4287915229797,0,0,0,119.2463516891,0,0,0,18.4507722854614,0,0,0,48.4889608770609,0,0,0,0,0,0,0,26.8923003673553,0,0,0,0,0,0,0,0,0,0,0,0,0,0,0,0,0,0,0,1.62227576971054,0,168.848895341158,0,0,0,0,18.4507866501808,0,0,0,0,0,1674.20851184428,0,22.2039581984282,0,0,0,0,0,0,0,15.2855692207813,0,221.75410297513,0,0,0,0
0,0,0,0,0,0,0,0,0,0,39.3460755348206,0,0,0,0,0,0,0,0,0,0,0,54.3214624524117,0,4.48575496673584,0,0,0,0,0,1180.27238026261,0,0,0,0,0,0,0,102.718562185764,0,0,0,0,0,0,0,0,0,0,0,0,0,0,0,0,0,2.81818929314613,0,1,0,0,0,0,0,0,93.4475779235363,0,3.66031241416931,0,11.3429768979549,0,587.066475212574,0,179.481549277902,0,0,0,0,0,0,0,134.630580380559,70.9205980598927,0,0,0,0
0,0,0,0,0,0,0,0,0,0,0,53.7192642986774,0,0,0,0,0,0,0,0,0,0,0,0,0,0,0,48.4889608770609,0,0,0,0,0,0,0,0,0,66.928672015667,0,0,0,0,0,0,0,0,0,0,0,0,0,0,0,0,0,0,0,91.0471785068512,0,0,0,0,0,0,0,0,0,0,0,0,285.084012836218,0,1144.25387448072,0,0,0,0,0,0,0,54.6434079408646,0,24.6388192176819,0,0,0,0
0,0,0,0,0,0,0,0,0,0,0,0,0.160389691591263,0,0,0,0,0,0,0,0,0,0,0,0,0,0,0,1180.27238026261,0,0,0,0,0,0,0,0,0,513.741926640272,0,0,0,0,0,0,0,0,0,0,0,0,0,0,0,0,0,4.32028765976429,0,0.478730514645576,0,0,0,0,0,0,0,0,0,0,0,0,279.805567517877,0,431.286411389709,0,0,0,0,0,0,0,30.7739106118679,127.326115965843,0,0,0,0
0,0,0,0,0,0,0,0,0,0,0,0,0,0,0,0,0,0,0,0,0,0,0,0,0,0,0,0,0,0,0,0,85.5412364602089,6.05260515213013,0,805.081353053451,0,0,0,0,0,0,0,0,0,0,0,726.358187794685,0,2.13429981470108,0,0,0,0,0,0,0,0,0,0,0,0,0,0,0,0,0,0,0,0,0,0,0,0,1284.34878714383,2.45361799001694,32.9043449163437,0,59.5210638940334,0,0,0,17.9838262200356,0,3.0894638299942,0,0
0,0,0,0,0,0,0,0,0,0,0,0,0,0,0,0,0,0,0,0,0,0,0,0,0,0,0,0,0,0,0,85.5412364602089,0,0,3.32197260856628,0,1411.63836100698,0,0,0,0,0,0,0,0,0,0,988.946608513594,9.92672944068909,0,0,0,0,0,0,0,0,0,0,0,0,0,0,0,0,0,0,0,0,0,0,0,0,0,3.12811657786369,605.259860217571,0,33.1138836443424,0,97.1909981071949,0,0,319.949443876743,0,0,0,0
0,0,0,0,0,0,0,0,0,0,0,0,0,0,0,0,0,0,0,0,0,0,0,0,0,0,0,0,0,0,0,6.05260515213013,0,0,66.1831038594246,246.161856412888,0,195.431322038174,0,0,0,0,0,0,0,0,0,467.836033731699,0,0,0,0,0,0,0,0,0,0,0,0,0,0,0,0,0,0,0,0,0,0,0,0,0,0,2.20886945724487,0,1878.25144147873,14.9918113946915,234.07158409059,0,260.574068322778,0,448.686699032784,8.04685938358307,0,0,0
0,0,0,0,0,0,0,0,0,0,0,0,0,0,0,0,0,0,0,0,0,0,0,0,0,0,0,0,0,0,0,0,3.32197260856628,66.1831038594246,0,0,590.823377802968,0,400.324653938413,0,0,0,0,0,0,0,0,811.127524852753,0,0,0,0,0,0,0,0,0,0,0,0,0,0,0,0,0,0,0,0,0,0,0,0,0,0,0,153.108570665121,268.83600372076,3085.2742562741,0,29.6054087132215,0,150.584585800767,159.949622422457,0,0,0,0
0,0,0,6.09936232864857,0,32.2789396941662,0,0,0,0,0,626.597635060549,0,0,0,0,2.2920925617218,0.169182792305946,5.01403501629829,2267.92938612401,0,0,0,0,0,0,0,0,0,0,0,805.081353053451,0,246.161856412888,0,0,527.609891057014,2115.70110483468,4.12467384338379,0,0,3.61750188469887,0,1.25589111447334,0,54.5300790965557,0.149213552474976,29.9300864338875,0,5.88003528118134,0,1.45940589904785,0,0,0,0,0,124.996140927076,0,0,0,0,1543.82746089995,0,0,0,0,0,0,0,0,0,0.141649082303047,0,407.08299562335,0,339.860271751881,0,23365.7660341188,224.466791093349,853.845297694206,0,4504.64797779173,514.524982050061,180.73396833241,1.76527293771505,0
0,0,0,0,2.99026648700237,0,0,0,0,0,348.31538695097,0,0,0,0,0,0,0.291238367557526,0.432541936635971,0,2125.68606984615,0,0,0,0,0,0,0,0,0,0,0,1411.63836100698,0,590.823377802968,527.609891057014,0,0,2215.23846383393,0,9.28918147087097,0,0.15962778031826,0,0.229461073875427,0,30.0124348104,27.9708195924759,14.4899423718452,0,0.89033055305481,0,0,0,0,0,13.8960507214069,0,0,0,0,0,0,1153.75997388363,0,0,0,0,0,0,0,0,0,0.219904065132141,0,137.042231574655,0,659.875270530581,0,27166.6712541208,0,174.844302207232,4086.15535540879,790.520710796118,130.169402703643,0,0
0,0,0,0,0,0,0,0,0,26.5326452553272,0,468.432580322027,0,0,0,0,0,0,0,98.8593344092369,0,1489.18672811985,1.6798996925354,1009.35872519016,0,0,0,26.8923003673553,0,66.928672015667,0,0,0,195.431322038174,0,2115.70110483468,0,0,362.337389469147,0,0,1.36540883779526,0.524417668581009,0,0,23.6036050617695,0,64.8965494334698,0,289.017101034522,0,0,0,0,0,18.764018163085,0,674.187300235033,0,0,0,0,227.909114927053,0,497.758801147342,0,701.531915217638,0,0,0,41.7147815227509,0,84.9826963692904,0,0,0,179.620365679264,0,1356.00459702313,0,14352.5060252994,8.34455490112305,2047.4947720468,22.1068938076496,130.197860121727,0.246639162302017,0
0,0,0,0,0,0,0,0,119.199124783278,0,1267.9549934566,0,0,0,0,0,0,0,0,0,27.2185815125704,0,1667.29061751068,0,926.257274970412,0,0,0,102.718562185764,0,513.741926640272,0,0,0,400.324653938413,4.12467384338379,2215.23846383393,362.337389469147,0,0,0,0,8.86722958087921,0,0,0,0,913.145932286978,216.416744038463,0,0,0,0,0,92.8113450556993,0,192.246631219983,0,0,0,0,0,0,137.736860558391,0,526.486109778285,0,353.994439050555,0,0,0,118.264598377049,0,121.23327344656,0,0,0,180.411472409964,0,2128.83963316679,9.28120893239975,13401.1821362078,1724.93225285411,38.0529265403748,131.4850589782,0,0
0,5.24825476109982,1.64088843762875,24.2834354043007,1.42522752285004,0.187862753868103,0,0,0,1.85306072235107,0,0,0,0,0,0,30.5961675643921,23.7758660018444,412.320510491729,0,0,0,0,0,0,0,0,0,0,0,0,0,0,0,0,0,0,0,0,0,2.83023568987846,1565.12540116161,10.859738945961,167.279430881143,0.884749829769135,420.967973932624,16.7910873815417,0,2.25584506988525,11.9870505481958,1.55377781391144,8.59084388613701,0,0,0,0,14.54882299155,5.59109945595264,0,0.196507811546326,0,0,96.3293328881264,2.34779834747314,0,0,0,0,0,0,0,0,0.691742695868015,0.913576684892178,0,0,0,0,155.12462811172,2.70828340947628,0,0,189.930754348636,3.73987545073032,816.500233054161,193.821093946695,0.387986391782761
0,0,9.20288673043251,0.404075682163239,7.47947625815868,0,0,0,0,0,0,0,0,0,0,0,47.0466779321432,17.2874129116535,296.744499884546,0,0,0,0,0,0,0,0,0,0,0,0,0,0,0,0,0,9.28918147087097,0,0,2.83023568987846,0,5.64492832124233,1502.32583746314,0,110.402966067195,5.33395217359066,159.447123765945,0,46.5039216727018,0,3.17196635901928,0,0,0,0,0,45.4629484415054,0,0,0,0,0,2.14717936515808,125.870818518102,0,0,0,0,0,0,0,0,0,2.90873137116432,0,0,0,0,5.88508624583483,194.579691067338,0,1.30800926685333,172.502678491175,4.44581416249275,690.367450423539,1.55339558422565,145.172169230878
0,173.895302012563,0.405849680304527,120.01614420861,0,0,0,0,0,17.01210603863,0,0,0,0,0,0,24.1975009664893,43.9200206100941,1034.58828893304,0,0,0,0,0,0,0,0,0,0,0,0,0,0,0,0,3.61750188469887,0,1.36540883779526,0,1565.12540116161,5.64492832124233,0,309.587416082621,117.999009206891,4.23077021539211,554.707723133266,10.0780590102077,16.7649635076523,4.81123109161854,494.057927802205,0.449205577373505,27.003743737936,0,0,0,8.10182350873947,6.42124501615763,140.603852488101,0,5.56100092828274,0,18.5517726391554,368.268334083259,2.13252564519644,0,0,3.3775914311409,0,0,0,0,0,148.601389080286,0.180921539664268,0,0,0,0,1123.24379529804,5.61875453591347,5.44035628437996,0.192377597093582,2670.70437607169,28.9729982763529,4151.18554017693,1369.97174964845,3.48784522712231
86.9893134534359,0,191.603118345141,4.11694978177547,39.0566471368074,0,0,0,8.89770759642124,0,0,0,0,0,0,0,94.9714986085892,23.7254276126623,480.014859378338,0,0.213699623942375,0,0,0,1.42158080637455,0,0,0,0,0,0,0,0,0,0,0,0.15962778031826,0.524417668581009,8.86722958087921,10.859738945961,1502.32583746314,309.587416082621,0,5.14041835069656,60.8089691326022,9.84611150622368,795.389177449048,16.0847932398319,332.63741761446,2.00990062952042,17.6681430637836,0,0,0,1.62219719588757,0,938.723655208945,0,3.48277622461319,0,1.11633706092834,0,7.56416897475719,502.401657171547,0,0,0.582442849874496,6.16389466822147,0,0,0,0,0,134.212648630142,0,0,0,0,9.77104291319847,1230.33401019126,0.737853288650513,10.8020798563957,1961.86726791412,63.7872045189142,4860.18292963505,1.43928112089634,1252.18835245073
0,0.650712639093399,0,3.12919889390469,0,0,0,0,0,0,0,0,0,0,0,0,14.5381387919188,18.1514881849289,340.13080458343,0,0,0,0,0,0,0,0,0,0,0,0,0,0,0,0,1.25589111447334,0,0,0,167.279430881143,0,117.999009206891,5.14041835069656,0,0.317292451858521,66.9694487303495,7.94455003738403,0,0,1.99798560142517,0,0,0,0,0,0,0,3.03450429439545,0,0,0,0,32.2617949992418,0,0,0,0,0,0,0,0,0,0,0.574905633926392,0,0,0,0,186.367951981723,2.93259768933058,11.9862360656261,0,101.398968711495,0,304.164355300367,53.3672811686993,1.07019421458244
0,0,3.9652584195137,0,0,0,0,0,0,0,0,0,0,0,0,0,37.645929351449,12.4334844052792,194.518059194088,0,0,0,0,0,0,0,0,0,0,0,0,0,0,0,0,0,0.229461073875427,0,0,0.884749829769135,110.402966067195,4.23077021539211,60.8089691326022,0.317292451858521,0,8.14975886046886,94.2241756618023,0,0,0,0,0,0,0,0,0,2.91336332261562,0,0,0,0,0,1.44492852687836,27.0010480582714,0,0,0,0,0,0,0,0,0,3.91518726944923,0,0,0,0,11.4483578801155,234.453181110322,0,0,67.1147048920393,1.59657990932465,170.161567628384,1.05818926542997,6.51899851858616
0,4.04994109272957,3.67436611652374,91.1095749735832,2.27191391587257,0.963854119181633,0,0,0,0.187294319272041,0,0.267655164003372,0,0,0,0,70.658904068172,54.9419380128384,556.533081613481,91.4801995307207,0,0,0,0,0,0,0,0,0,0,0,0,0,0,0,54.5300790965557,0,23.6036050617695,0,420.967973932624,5.33395217359066,554.707723133266,9.84611150622368,66.9694487303495,8.14975886046886,0,25.7027595937252,0,0,9.35834744572639,0.616468042135239,16.0151524096727,0,0,0,0.700530052185059,9.115911886096,33.1087790578604,0,0,0,0,2077.4804860726,9.2921569943428,0,0,0,0,0,0,0,0,9.02752463519573,0.744725972414017,0,0,0,0,957.721686162055,15.6951165795326,150.130892068148,0,195.778005793691,3.77138006687164,1249.62495653331,28.7015721648932,0.699439585208893
0,1.92185199260712,30.9190528839827,7.1857270821929,23.7548196613789,0,0,0,0,0.135367542505264,0,0,0,0,0,0,109.488462887704,23.1605260670185,750.669125080109,0,3.01678690314293,0,0,0,0,0,0,0,0,0,0,0,0,0,0,0.149213552474976,30.0124348104,0,0,16.7910873815417,159.447123765945,10.0780590102077,795.389177449048,7.94455003738403,94.2241756618023,25.7027595937252,0,0.23199762403965,44.5358827412128,0,11.3339872658253,3.35632564127445,0,0,0,0,161.391412340105,0.811496019363403,0,0,0,0,8.64615169167519,1162.55682659894,0,0,0,0,0,0,0,0,0.217684119939804,57.6732430756092,0,0,0,0,16.7935245111585,1744.23679484427,0.279917746782303,4.07750369608402,313.218676775694,2.74672527611256,954.091187976301,5.88665327429771,15.707087635994
0,0,5.09416615962982,47.8524319380522,1.39723636209965,3.55826020240784,0,0,0,0,0,0,0,0,0,0,0,0,0.221380442380905,2.63670778274536,0,0,0,0,0.221110790967941,0,0,0,0,0,0,726.358187794685,988.946608513594,467.836033731699,811.127524852753,29.9300864338875,27.9708195924759,64.8965494334698,913.145932286978,0,0,16.7649635076523,16.0847932398319,0,0,0,0.23199762403965,0,2154.56931343675,2523.68411511183,0,3.57581524550915,0,0,0,0,2.51236443221569,0.140170753002167,0,0,0,0,0,0.124252140522003,0,0,0.571544647216797,1.45240055024624,0,0,0,0,0,1.73950088024139,1357.64724610746,2226.53664085269,137.939861655235,246.133219093084,626.811980843544,1092.46532902122,35.3060704171658,926.820127159357,3528.35840412974,14.1113320291042,519.239230141044,0,0
41.5600139498711,0,108.673845857382,0.161624237895012,26.3570097982883,0,0,0,4.85864877700806,0,0,0,0,0,0,0,0,0,6.29639878869057,0,0,0,52.8803985565901,0,73.2996346354485,0,0,0,0,0,0,0,9.92672944068909,0,0,0,14.4899423718452,0,216.416744038463,2.25584506988525,46.5039216727018,4.81123109161854,332.63741761446,0,0,0,44.5358827412128,2154.56931343675,0,38.5037826597691,9.35834881663322,0,0,0,36.9509038031101,0,69.1688541471958,0,17.2276853173971,0,16.5441910624504,0,0,12.1121024787426,0,0.783789873123169,0,44.6221146136522,0,0,0,28.6491002440453,0,18.4306315332651,0,44.4236171841621,0,0,0.522687494754791,66.6374021321535,0,769.532293096185,2351.43417230248,10.3406566232443,1407.96128897369,0,6.02630127966404
0,294.523983076215,0,171.050785161555,0,1.59440493583679,0,0,0,33.4048897922039,0,0,0,0,0,0,0,0.875688791275024,5.35520131886005,0,0,37.8604691326618,0,2.77503545582294,0,0,0,0,0,0,0,2.13429981470108,0,0,0,5.88003528118134,0,289.017101034522,0,11.9870505481958,0,494.057927802205,2.00990062952042,1.99798560142517,0,9.35834744572639,0,2523.68411511183,38.5037826597691,0,0,25.7616260796785,0,0,0,43.0398916602135,1.44957683980465,15.694766715169,0,3.07390935719013,0,6.66459642350674,0,0.116282343864441,0,0,52.873063787818,0,0,0,0,0,3.53839090466499,0,21.8031102865934,2.09955024719238,0,0,8.14116771519184,0,90.2929465472698,0,1746.77144932747,3.24152339994907,1691.10800582916,39.9990575164557,0.684572458267212
0,0,32.8041032254696,4.72063221037388,175.051232367754,0,0,0,0,0,0,0,0,0,0,0,0,0,1.57428979873657,0,30.5887913703918,0,0,0,0,0,0,0,0,0,0,0,0,0,0,0,0.89033055305481,0,0,1.55377781391144,3.17196635901928,0.449205577373505,17.6681430637836,0,0,0.616468042135239,11.3339872658253,0,9.35834881663322,0,0,0,111.777758061886,0,18.4356865286827,0,125.527685984969,0,171.332692831755,0,20.0312231481075,0,0,0.351875454187393,0,0,0,0,0,0,0,0,0,1.32683500647545,0,0,0,0,0.114946767687798,7.38497089594603,0.154187574982643,0,0.261008888483047,0,159.491622895002,0,1.68605145812035
0,0.749737352132797,0,454.686213642359,0.421231627464294,229.894032716751,0,55.2835138440132,0,0,0,1.63545787334442,0,0,0,0,0,0,0.217350393533707,0,0,0,0,0,0,0,0,0,0,0,0,0,0,0,0,1.45940589904785,0,0,0,8.59084388613701,0,27.003743737936,0,0,0,16.0151524096727,3.35632564127445,3.57581524550915,0,25.7616260796785,0,0,0,72.5887537002563,0,2.66344605386257,1.45194713771343,40.9154670089483,0,70.3779953420162,0,35.4617018550634,0.493908852338791,0,0,0,0,0,0,0,0,0,0,0,0,0,0,0,2.0741575807333,0.263583682477474,0,0,29.7807758897543,1.65792636573315,121.104565709829,0,0
0,0,0,0,63.0490134954453,0,276.525987923145,0,0,0,21.782927185297,0,0,0,0,0,0,0,0,0,0,0,0,0,0,0,0,0,0,0,0,0,0,0,0,0,0,0,0,0,0,0,0,0,0,0,0,0,0,0,111.777758061886,0,0,0,0,0,422.703672647476,0,0.979406595230103,0,0,0,0,0,0,0,0,0,0,0,0,0,0,0,0,0,0,0,0,0,0,0,190.612335979939,8.95952939987183,0,0,0
0,0,0,0,0,2.89642107486725,0,824.947588682175,0,0,0,16.7527720481157,0,4.87466534972191,0,0,0,0,0,0,0,0,0,0,0,0,0,0,0,0,0,0,0,0,0,0,0,0,0,0,0,0,0,0,0,0,0,0,0,0,0,72.5887537002563,0,0,0,0,0,117.09354095161,0,25.9992578625679,0,0,0,0,0,0,0,0,0,0,0,0,0,0,0,0,0,0,0,0,0,0,15.0918777883053,0,0,0,0
325.992290794849,0,10.9913159608841,0,3.30483984947205,0,0,0,1094.67734843493,0,0,0,0,0,0,0,4.28145858645439,0,0,0,0,0,0,0,76.7143325507641,0,5.30884122848511,0,0,0,0,0,0,0,0,0,0,0,92.8113450556993,0,0,0,1.62219719588757,0,0,0,0,0,36.9509038031101,0,18.4356865286827,0,0,0,0,0,0,0,0,0,243.789018839598,0,0,0,0,0,0,279.035765022039,0,1.47272562980652,0,0,0,0,0,0,0,0,0,0,0,224.325928986073,88.9473656117916,0,25.8666427284479,0,0
0,144.94337785244,0,164.865305155516,0,0,0,0,0,659.465777114034,0,0,0,0,0,44.7551184147596,0,0,0,0,0,0,0,186.008219256997,0,0,0,0,0,0,0,0,0,0,0,0,0,18.764018163085,0,0,0,8.10182350873947,0,0,0,0.700530052185059,0,0,0,43.0398916602135,0,2.66344605386257,0,0,0,0,0,0.294347405433655,0,0,0,8.40284380316734,0.446704864501953,0,0,0,59.2409765571356,0,0,0,0,0,0,0,0,0,0,0,0,0,94.0543447285891,0,25.7503275871277,0,10.3148367851973,0.5106480717659,0
2.19027680158615,0,45.2320203483105,39.0150077491999,3.44639103114605,0,38.4074509888887,0,0,0,1903.87907285243,0,39.1897829025984,0,0,0,10.6307981461287,11.2345123589039,77.670247040689,0,89.7241860032082,0,0,0,0,0,0,0,2.81818929314613,0,4.32028765976429,0,0,0,0,0,13.8960507214069,0,192.246631219983,14.54882299155,45.4629484415054,6.42124501615763,938.723655208945,0,2.91336332261562,9.115911886096,161.391412340105,2.51236443221569,69.1688541471958,1.44957683980465,125.527685984969,1.45194713771343,422.703672647476,0,0,0,0,3.19216418266296,62.3890643715858,0,1.55612070858479,0,0.83614195138216,769.746681332588,0,0,0,0,0,0,0,45.424351260066,0.406293369829655,98.8018439412117,0,0,0,0,13.3037556558847,124.787357978523,1.00774624198675,6.60231111198664,395.423356920481,0.762917831540108,1139.43745916337,2.43178832530975,183.011084370315
0,8.70456422865391,0.434027746319771,20.7328175455332,0,1.10392805933952,0,116.12914724648,0,3.2527187615633,0,3766.01468117535,0,19.0172888636589,0,0,0.413914620876312,0.159283488988876,36.5691111385822,125.222477868199,0,0,0,0,0,0,0,1.62227576971054,0,91.0471785068512,0,0,0,0,0,124.996140927076,0,674.187300235033,0,5.59109945595264,0,140.603852488101,0,3.03450429439545,0,33.1087790578604,0.811496019363403,0.140170753002167,0,15.694766715169,0,40.9154670089483,0,117.09354095161,0,0.294347405433655,3.19216418266296,0,0,42.2664795517921,0,0,182.788582623005,0.675631642341614,0,0,0,0,0,0,0,0,79.6275408416986,0,0,0,0,0,26.5224569514394,0.325755000114441,0.927405059337616,0,256.191540390253,0.293236061930656,519.45447036624,31.1980465576053,0.120872549712658
13.8328671455383,0,0.994970381259918,0,0,0,61.2505245804787,0,0,0,346.91886523366,0,510.77633780241,0,148.866396188736,0,0,0,0,0,0,0,0,0,0,0,0,0,1,0,0.478730514645576,0,0,0,0,0,0,0,0,0,0,0,3.48277622461319,0,0,0,0,0,17.2276853173971,0,171.332692831755,0,0.979406595230103,0,0,0,62.3890643715858,0,0,0,16.6408613175154,0,0,0,0,0,0,0,0,0,0,1.15900237858295,0,2.56682413816452,0,0,0,0,0,0,0,0,718.853536844254,25.2175009250641,46.3545186966658,0,0
0,32.3863787949085,1.36547315120697,138.125795930624,0,0,0,257.236313700676,0,0,0,944.986804455519,0,906.011653929949,0,0,0,0,0,0,0,0,0,0,0,0,0,168.848895341158,0,0,0,0,0,0,0,0,0,0,0,0.196507811546326,0,5.56100092828274,0,0,0,0,0,0,0,3.07390935719013,0,70.3779953420162,0,25.9992578625679,0,0,0,42.2664795517921,0,0,0,9.87145517766476,0,0,0,0,0,0,12.2697069644928,0,83.8033471107483,0,0,0,0,0,0,0,0,0,0,0,106.036501795053,4.20711946487427,18.424166560173,0,0
46.1026623547077,0,0,0,0,0,0,0,51.2311838269234,0,0,0,0,0,28.7947782874107,0,2.89983433485031,4.61618506908417,0,0,0,0,0,0,1.42639458179474,0,0,0,0,0,0,0,0,0,0,0,0,0,0,0,0,0,1.11633706092834,0,0,0,0,0,16.5441910624504,0,20.0312231481075,0,0,0,243.789018839598,0,1.55612070858479,0,16.6408613175154,0,0,0,0,0,0,0,0,0,0,0,0,0,0,0,0,0,0,0,0,0,0,0,32.0411676168442,0,23.5369090884924,0,0
0,136.540125146508,0,30.5407742410898,0,0,0,0,0,7.08035919070244,0,0,0,0,0,7.81852623820305,0,0,0,0,0,0,0,0.26923856139183,0,0,0,0,0,0,0,0,0,0,0,0,0,0,0,0,0,18.5517726391554,0,0,0,0,0,0,0,6.66459642350674,0,35.4617018550634,0,0,0,8.40284380316734,0,0,0,9.87145517766476,0,0,0,0,0,0,0.222315981984138,0,0,0,8.7881031036377,0,0,0,0,0,0,0,0,0,0,0,12.4858632087708,20.0030092000961,42.4276620000601,0,0
0,0.638784617185593,0,4.94928992539644,0.901097118854523,0,0,0,0,0.132171675562859,0,147.136540606618,0,0,0,0,40.730111181736,20.0507021248341,254.172711931169,2140.07691599429,0,0,0,0,0,0,0,0,0,0,0,0,0,0,0,1543.82746089995,0,227.909114927053,0,96.3293328881264,2.14717936515808,368.268334083259,7.56416897475719,32.2617949992418,1.44492852687836,2077.4804860726,8.64615169167519,0,0,0,0,0.493908852338791,0,0,0,0.446704864501953,0.83614195138216,182.788582623005,0,0,0,0,0,2.42897735536098,0,0,0,0,0,0,0,0,25.9172605723143,0,0,0,0,0,1406.47066248953,6.77692987769842,143.548341885209,0,702.050445646048,1.66806051135063,944.670509949327,16.1276429519057,1.97749376296997
0,0,6.68804135918617,0.796630725264549,0,0,0,0,0,0,54.4148973226547,0,0,0,0,0,32.1285365968943,10.6160765588284,193.488928556442,0,1334.59325879812,0,0,0,0,0,0,0,0,0,0,0,0,0,0,0,1153.75997388363,0,137.736860558391,2.34779834747314,125.870818518102,2.13252564519644,502.401657171547,0,27.0010480582714,9.2921569943428,1162.55682659894,0.124252140522003,12.1121024787426,0.116282343864441,0.351875454187393,0,0,0,0,0,769.746681332588,0.675631642341614,0,0,0,0,2.42897735536098,0,0,0,0,0,0,0,0,0,0,28.8053886368871,0,0,0,0,3.0547551959753,1798.80732569844,0,5.38705915212631,590.380193658173,1.97728697955608,686.995796449482,3.27027024328709,6.23036405444145
0,0,0,0,0,0,0,0,0,0,0,0,0,0,0,0,0,32.9008826315403,0,0,0,7316.32591272891,10.4695225358009,316.326753556728,0,99.1635057032108,0,18.4507866501808,0,0,0,0,0,0,0,0,0,497.758801147342,0,0,0,0,0,0,0,0,0,0,0,0,0,0,0,0,0,0,0,0,0,0,0,0,0,0,0,0,496.183396011591,0,45.8714879751205,0,176.791292697191,0,0,0,0,0,0,0,0,0,415.301455751061,0,345.370065391064,3.73597657680511,0,0,0
0,0,0,0,0,0,0,0,0.526625096797943,0,0,0,0,0,1.32378149032593,0,181.561611682177,9.79403352737427,0,0,0,0,5134.44486741722,0,58.0313308537006,0,0.504224359989166,0,93.4475779235363,0,0,0,0,0,0,0,0,0,526.486109778285,0,0,0,0,0,0,0,0,0,0.783789873123169,0,0,0,0,0,0,0,0,0,0,0,0,0,0,0,0,0,0,257.330859839916,0,373.577292621136,0,244.414650350809,0,0,0,0,0,0,0,0,0,731.298527210951,325.599005490541,4.80186972022057,0,0,0
0,0,0,0,0,0,0,0,0,15.0096463114023,0,0,0,0,0,11.6365164518356,0,0,0,0,0,205.292673140764,0,560.81027752161,0,0,0,0,0,0,0,0,0,0,0,0,0,701.531915217638,0,0,0,3.3775914311409,0.582442849874496,0,0,0,0,0.571544647216797,0,52.873063787818,0,0,0,0,0,59.2409765571356,0,0,0,0,0,0.222315981984138,0,0,496.183396011591,0,0,0,53.2970250844955,0,0,0,0,0,0,0,0,0,0,0,720.733448520303,0,202.502414375544,2.11609399318695,246.647030413151,0,0
0,0,0,0,0,0,0,0,12.4051381498575,0,0,0,0,0,0,0,8.16950911283493,7.97149181365967,0,0,0,0,185.412971556187,0,529.355738371611,0,1.96897232532501,0,3.66031241416931,0,0,0,0,0,0,0,0,0,353.994439050555,0,0,0,6.16389466822147,0,0,0,0,1.45240055024624,44.6221146136522,0,0,0,0,0,279.035765022039,0,0,0,0,0,0,0,0,0,0,257.330859839916,0,0,0,132.958386749029,0,3.97870111465454,0,0,0,0,0,0,0,0,0,388.011490911245,96.7608502805233,0,294.927438005805,0,0
0,0,0,0,0,0,0,0,0,0,0,0,0,0,0,0,0,23.25774538517,0,0,0,21.2922516018152,0,149.44379529357,0,350.325819641352,0,0,0,0,0,0,0,0,0,0,0,0,0,0,0,0,0,0,0,0,0,0,0,0,0,0,0,0,0,0,0,0,0,12.2697069644928,0,0,0,0,45.8714879751205,0,53.2970250844955,0,0,0,8.5010781288147,0,0,0,0,0,0,0,0,0,0,0,0,0,0,0,0
0,0,0,0,0,0,0,0,36.0178599357605,0,0,0,9.83997368812561,0,11.4496167302132,0,51.2376804947853,0,0,0,0,0,163.392878264189,0,109.990034937859,0,80.5546998679638,0,11.3429768979549,0,0,0,0,0,0,0,0,0,0,0,0,0,0,0,0,0,0,0,0,0,0,0,0,0,1.47272562980652,0,0,0,0,0,0,0,0,0,0,373.577292621136,0,132.958386749029,0,0,0,3.57282929122448,0,0,0,0,0,0,0,0,0,0,45.612734079361,0,0,0,0
0,0,0,0,0,0,0,0,0,0,0,30.4623017311096,0,99.4330907166004,0,0,0,0,0,0,0,173.051673218608,0,0,0,2,0,1674.20851184428,0,285.084012836218,0,0,0,0,0,0,0,41.7147815227509,0,0,0,0,0,0,0,0,0,0,0,0,0,0,0,0,0,0,0,0,0,83.8033471107483,0,8.7881031036377,0,0,176.791292697191,0,0,0,8.5010781288147,0,0,0,1.42088329792023,0,0,0,0,0,0,0,235.815149053931,0,209.049204051495,0,0,0,0
0,0,0,0,0,0,0,0,0,0,16.0396981239319,0,10.9963722527027,0,0.487165287137032,0,0,0,0,0,0,0,40.7807888239622,0,6.10325074195862,0,0.509591370820999,0,587.066475212574,0,279.805567517877,0,0,0,0,0,0,0,118.264598377049,0,0,0,0,0,0,0,0,0,28.6491002440453,0,0,0,0,0,0,0,45.424351260066,0,1.15900237858295,0,0,0,0,0,0,244.414650350809,0,3.97870111465454,0,3.57282929122448,0,0,0,187.67967633903,0,0,0,0,0,0,0,313.270254269242,32.5577346384525,0,0,0,0
0,0,0,3.00329918414354,0,0,0,0,0,0,0,119.369790941477,0,0,0,0,0,0,17.3307721316814,0,0,0,0,0,0,0,0,22.2039581984282,0,1144.25387448072,0,0,0,0,0,0.141649082303047,0,84.9826963692904,0,0.691742695868015,0,148.601389080286,0,0,0,9.02752463519573,0.217684119939804,0,0,3.53839090466499,0,0,0,0,0,0,0.406293369829655,79.6275408416986,0,0,0,0,25.9172605723143,0,0,0,0,0,0,0,1.42088329792023,0,0,0,0,0,0,0,7.22795592993498,0,55.5864240974188,0,22.7154776453972,0,69.7109496593475,21.5754686295986,0
0,0,8.70688636600971,0,1.00383718311787,0,0,0,0,0,16.9622236937284,0,0.164677605032921,0,0,0,3.83850353956223,1.7800430804491,34.2251559495926,0,0,0,0,0,0,0,0,0,179.481549277902,0,431.286411389709,0,0,0,0,0,0.219904065132141,0,121.23327344656,0.913576684892178,2.90873137116432,0.180921539664268,134.212648630142,0.574905633926392,3.91518726944923,0.744725972414017,57.6732430756092,1.73950088024139,18.4306315332651,0,1.32683500647545,0,0,0,0,0,98.8018439412117,0,2.56682413816452,0,0,0,0,28.8053886368871,0,0,0,0,0,0,0,187.67967633903,0,0,0,0,0,0,0.544411361217499,37.2202826961875,0,204.963541641831,113.341353647411,0.447864562273026,389.40051934123,0.172368884086609,60.0210306346416
0,0,0,0,0,0,0,0,0,0,0,0,0,0,0,0,0,0,0,0,0,0,0,0,0,0,0,0,0,0,0,1284.34878714383,3.12811657786369,2.20886945724487,0,407.08299562335,0,0,0,0,0,0,0,0,0,0,0,1357.64724610746,0,21.8031102865934,0,0,0,0,0,0,0,0,0,0,0,0,0,0,0,0,0,0,0,0,0,0,0,0,0,0,366.856396853924,0,206.561605289578,0,0,0,105.021376311779,0,0,0,0
0,0,0,0,0,0,0,0,0,0,0,0,0,0,0,0,0,0,0,0,0,0,0,0,0,0,0,0,0,0,0,2.45361799001694,605.259860217571,0,153.108570665121,0,137.042231574655,0,0,0,0,0,0,0,0,0,0,2226.53664085269,44.4236171841621,2.09955024719238,0,0,0,0,0,0,0,0,0,0,0,0,0,0,0,0,0,0,0,0,0,0,0,0,0,0,0,255.18878442049,0,568.913133785129,0,0,143.146391630173,0,0,0,0
0,0,0,0,0,0,0,0,0,0,0,0,0,0,0,0,0,0,0,0,0,0,0,0,0,0,0,0,0,0,0,32.9043449163437,0,1878.25144147873,268.83600372076,339.860271751881,0,179.620365679264,0,0,0,0,0,0,0,0,0,137.939861655235,0,0,0,0,0,0,0,0,0,0,0,0,0,0,0,0,0,0,0,0,0,0,0,0,0,0,366.856396853924,0,0,40.452564239502,409.366191148758,0,175.881548330188,0,755.662930369377,63.3027393221855,0,0,0
0,0,0,0,0,0,0,0,0,0,0,0,0,0,0,0,0,0,0,0,0,0,0,0,0,0,0,0,0,0,0,0,33.1138836443424,14.9918113946915,3085.2742562741,0,659.875270530581,0,180.411472409964,0,0,0,0,0,0,0,0,246.133219093084,0,0,0,0,0,0,0,0,0,0,0,0,0,0,0,0,0,0,0,0,0,0,0,0,0,0,0,255.18878442049,40.452564239502,0,0,165.44901445508,0,364.723994582891,310.351886570454,2.2222044467926,0,0,0
1.89389765262604,12.9504147619009,4.20702034235001,17.4565740302205,4.24828231334686,0,0,0,0,1.02279284596443,0,51.6682343631983,0,0,0,0,75.282046303153,51.614258274436,804.21389901638,433.502416297793,0,0,0,0,0,0,0,0,0,0,0,59.5210638940334,0,234.07158409059,0,23365.7660341188,0,1356.00459702313,0,155.12462811172,5.88508624583483,1123.24379529804,9.77104291319847,186.367951981723,11.4483578801155,957.721686162055,16.7935245111585,626.811980843544,0.522687494754791,8.14116771519184,0.114946767687798,2.0741575807333,0,0,0,0,13.3037556558847,26.5224569514394,0,0,0,0,1406.47066248953,3.0547551959753,0,0,0,0,0,0,0,0,7.22795592993498,0.544411361217499,206.561605289578,0,409.366191148758,0,0,16.1518232226372,1642.76120691001,0,1694.0444726944,30.6246187239885,1619.68266934156,144.316736832261,5.84655329585075
1.26927226781845,0.558977603912354,17.266647644341,2.27027988433838,7.63513018935919,0,0,0,0,0,317.639441847801,0,0,0,0,0,110.774517789483,62.7305018603802,894.720936246216,0,643.12517349422,0,0,0,0,0,0,0,0,0,0,0,97.1909981071949,0,29.6054087132215,224.466791093349,27166.6712541208,0,2128.83963316679,2.70828340947628,194.579691067338,5.61875453591347,1230.33401019126,2.93259768933058,234.453181110322,15.6951165795326,1744.23679484427,1092.46532902122,66.6374021321535,0,7.38497089594603,0.263583682477474,0,0,0,0,124.787357978523,0.325755000114441,0,0,0,0,6.77692987769842,1798.80732569844,0,0,0,0,0,0,0,0,0,37.2202826961875,0,568.913133785129,0,165.44901445508,16.1518232226372,0,0,583.045128025115,4255.76847414672,141.93405354768,910.21926137805,2.93473498523235,86.2845306992531
