0,0,35.8207785189152,0,0,0,0,0,132.996837422252,0,0,0,0,0,1.90411812067032,0,0,0,11.6401168704033,0,0,0,0,0,0,0,0,0,0,0,0,0,0,0,0,0,0,0,0,0,0,0,12.1739175766706,0,0,0,0,1.66754424571991,270.51295915246,0,0,0,0,0,107.146755039692,0,0,0,0,0,30.3541642427444,0,0,0,0,0,0,0,0,0,0,0,0,0,0,0,0,0,0,41.780558526516,0,0,123.449207350612,0,198.745174482465,0,0
0,0,0,112.805441260338,0,0,0,0,0,70.7217930555344,0,0,0,0,0,0.420076638460159,0,0,19.1417596638203,0,0,0,0,0,0,0,0,0,0,0,0,0,0,0,0,0.285195648670197,0,0,0,4.50423264503479,0,4.48729020357132,0,0,0,1.33975505828857,0,0,0,173.05589748919,0,0,0,0,0,364.883167877793,0,0,0,0,0,0.174776569008827,0,0,0,0,27.4260913729668,0,0.332276165485382,0,0,0,0,0,0,0,0,0,10.0433184355497,0,0,0,127.420593097806,0,329.388543426991,3.20758682489395,0
35.8207785189152,0,0,0,81.6022322177887,0,0,0,422.067944020033,0,0,0,0,0,0,0,0,0,1.38773120939732,0,0,0,0,0,0,0,0,0,0,0,0,0,0,0,0,0,0.68666073679924,0,0,0,3.05289646983147,1.77361679077148,8.4286148250103,0,0,0,5.43941605091095,0,48.6516040116549,0,57.0476997047663,0,0,0,211.532851547003,0,18.7101862728596,0,1.08334708213806,0,15.7171623110771,0,0,3.39581334590912,0,0,0,0,0,0,0,0,0,0,0,0,0,0,0,7.4400090277195,0,0,80.1864362955093,0.374213010072708,173.314069718122,0,0
0,112.805441260338,0,0,0,332.162271350622,0,0,0,228.030081361532,0,0,0,0,0,0,1.17019847035408,0,6.68528197705746,1.31341421604156,0,0,0,0,0,0,0,0,0,0,0,0,0,0,0,5.18868893384933,0,0,0,3.16687200963497,0,36.4194127321243,0,0,0,12.0611265003681,0,0.1852186024189,0,83.1893049478531,0,81.6001010239124,0,0,0,276.850659012794,0,30.7131151258945,0,7.25106477737427,0,0,0.784012675285339,0,0,0,0,0,0,0,0.184830516576767,0,4.24192377924919,0,0,0,0,0,10.0349476635456,0.181041076779366,1.56044553220272,0,491.697032779455,0.81400890648365,738.729207977653,3.58140335977077,0
0,0,81.6022322177887,0,0,0,93.6389427185059,0,27.2122128009796,0,0,0,0,0,0,0,0,0,0,0,40.3709473311901,0,0,0,0,0,0,0,0,0,0,0,0,0,0,0,0.52528378367424,0,0,0,2.26267167925835,0,4.98775416612625,0,0.358807802200317,0,1.01179015636444,0,1.37372195720673,0,1053.31812736392,0,128.64677760005,0,28.5744832754135,0,21.0728458613157,0,9.96421015262604,0,6.94573497772217,0,0,34.259667083621,0,0,0,0,0,0,0,0,0,0,0,0,0,0,0,0.678564697504044,0,0,1132.78100810945,4.19953325390816,162.72509033978,0,0
0,0,0,332.162271350622,0,0,0,100.139748960733,0,46.0444302260876,0,3.64826706051826,0,29.7086330652237,0,5.42749619483948,0,0,0,47.3570227622986,0,0,0,0,0,0,0,0,0,0,0,0,0,0,0,17.1611808091402,0,0,0,2.09730626642704,0,4.90789645910263,0,0,0,0.840384319424629,0,0,0,0.20567874610424,0,503.595447748899,0,117.403261587024,0,12.4623115360737,0,34.2866642773151,0,32.2217627167702,0,2.85051253437996,55.6561914384365,0,0,0,0,0,0,0,0.85551829636097,0,0,0,0,0,0,0,18.2366862595081,0,0,0,810.928161382675,0,513.528345763683,0,0
0,0,0,0,93.6389427185059,0,0,0,0,0,0,0,23.5945653915405,0,0,0,0,0,0,0,28.0111231803894,0,0,0,0,0,0,0,0,0,0,0,0,0,0,0,0,0,0,0,0,0,0,0,0,0,0,0,0,0,41.2911503314972,0,324.279378414154,0,0,0,0,0,61.7819660305977,0,0,0,0,1.91919308900833,0,0,0,0,0,0,0,0,0,0,0,0,0,0,0,0,0,0,233.366044163704,0,0,0,0
0,0,0,0,0,100.139748960733,0,0,0,0,0,0.726378321647644,0,0,0,0,0,0,0,0,0,0,0,0,0,0,0,0,0,0,0,0,0,0,0,0,0,0,0,0,0,0,0,0,0,0,0,0,0,0,0,47.8812565505505,0,207.463858038187,0,0,0,1.72058287262917,0,0,0,0,0,0,0,0,0,0,0,0,0,0,0,0,0,0,0,0,0,0,0,0,180.686118841171,0,0.60383415222168,0,0
132.996837422252,0,422.067944020033,0,27.2122128009796,0,0,0,0,0,0,0,0,0,64.7772258222103,0,118.187546998262,18.0619671940804,2.29291054606438,0,0,0,0,0,17.3203023672104,0,7.48178672790527,0,0,0,0,0,0,0,0,0,0,0,2.54460743069649,0,0,0,2.66503548622131,0,0,0,0,0,17.5333071500063,0,16.3634896725416,0,0,0,944.133670881391,0,0,0,0,0,227.122705295682,0,0,0,0,0,0,79.3851528167725,0,2.02856197953224,0,0,0,0,0,0,0,0,0,0,0,8.27814310789108,58.6682735532522,0,121.021979868412,0,0
0,70.7217930555344,0,228.030081361532,0,46.0444302260876,0,0,0,0,0,0,0,0,0,62.4204815626144,0,0,0.167606085538864,0,0,0,0,203.364523291588,0,7.78130054473877,0,0,0,0,0,0,0,0,0,0,0,3.36570560932159,0,0,0,4.25013622641563,0,0,0,0.405906558036804,0,0,0,9.40444451570511,0,1.08587884902954,0,0,0,422.69781960547,0,0,0,0,0,0.886338472366333,0,0,0,0,112.128838703036,0,1.88953697681427,0,0,0,0,0,0,0,0,0,0,0,20.4264849126339,0,413.079696729779,0,51.9449676722288,1.20216166973114,0
0,0,0,0,0,0,0,0,0,0,0,0,26.5781096369028,0,0,0,0,0,0,0,306.173126637936,0,0,0,0,0,0,0,15.8456459790468,0,44.7273207753897,0,0,0,0,0,0,0,733.904598236084,0,0,0,0,0,0,0,0,0,0,0,0,0,12.2161622345448,0,0,0,1529.49827952683,0,55.0968549698591,0,0,0,0,84.4616026878357,0,0,0,0,0,0,0,46.8529330790043,0,5.50720378756523,0,0,0,0,0,0,0,34.5237364768982,257.406655699015,31.2125830352306,0,0,0
0,0,0,0,0,3.64826706051826,0,0.726378321647644,0,0,0,0,0,31.3132538795471,0,0,0,0,0,220.903181314468,0,0,0,0,0,0,0,0,0,122.040032744408,0,0,0,0,0,0,0,65.6958794593811,0,0,0,0,0,0,0,0,0,0,0,0,0,0,0,3.75030532479286,0,0,0,1514.8389121294,0,99.4218636751175,0,0,172.0554895401,0,0,0,0,0,0,0,0,0,334.18448355794,0,0,0,0,0,0,0,0,0,17.8013170063496,0,4.66166687011719,0,0
0,0,0,0,0,0,23.5945653915405,0,0,0,26.5781096369028,0,0,0,37.5438733100891,0,0,0,0,0,0,0,0,0,0,0,0,0,3.04825595021248,0,1.03906974196434,0,0,0,0,0,0,0,0,0,0,0,0,0,0,0,0,0,0,0,0,0,0,0,0,0,9.04546943306923,0,196.421930328012,0,5.62318468093872,0,0,0,0,0,0,0,0,0,0,2.92651750147343,0,0,0,0,0,0,0,0,0,0,1,0,0,0,0
0,0,0,0,0,29.7086330652237,0,0,0,0,0,31.3132538795471,0,0,0,1,0,0,0,0,0,0,0,0,0,0,0,1.04464542865753,0,0,0,0,0,0,0,0,0,0,0,0,0,0,0,0,0,0,0,0,0,0,0,0,0,0,0,0,0,0,0,273.257681190968,0,1.34628847241402,0,0,0,0,0,0,2.67525780200958,0,0,0,0,0,0,0,0,0,0,0,0,0,31.5025755167007,27.8236880302429,0,0,0
1.90411812067032,0,0,0,0,0,0,0,64.7772258222103,0,0,0,37.5438733100891,0,0,0,74.1265855431557,0,0,0,0,0,0,0,0.342983245849609,0,1.8023290336132,0,0,0,0,0,0,0,0,0,0,0,0,0,0,0,0,0,0,0,0,0,1.75694185495377,0,0,0,0,0,41.4839403182268,0,0,0,36.8297263383865,0,162.759366422892,0,0,0,0,0,0,0,0,1.65261742472649,0,0,0,0,0,0,0,0,0,0,0,0,1.81332755088806,2.43805646896362,0,0,0
0,0.420076638460159,0,0,0,5.42749619483948,0,0,0,62.4204815626144,0,0,0,1,0,0,3.10915040969849,60.4021225869656,0,0,0,0,0,0,0,0,0,0,0,0,0,0,0,0,0,0,0,0,0,0,0,0,0,0,0,0,0,0,0,0,0,0,0,0,0,24.9894068390131,0,0,0,25.7017745375633,0,28.2066707909107,0,0,0,0,0,0,8.97423231601715,0,0,0,0,0,0,0,0,0,0,0,0,0,69.640525624156,4.23924493789673,0,0,0
0,0,0,1.17019847035408,0,0,0,0,118.187546998262,0,0,0,0,0,74.1265855431557,3.10915040969849,0,9608.55488894135,3864.00148959458,0,0,0,0.951043665409088,0,92.1835741698742,6.86655116081238,200.819554537535,0,19.4900169372559,0,0,0,0,0,0,1.54458773136139,0,0,0,0.480919897556305,4.39972947537899,4.8218799829483,18.028708383441,0.209706738591194,19.1787825971842,5.82483547925949,11.0567087084055,0.196323439478874,0,0,0,0,0,0,0,0,0,0,0,0,0,0,0.715397417545319,4.42973649501801,0,1.01697897911072,0,4.48509903252125,0,0,0,0,0,0,0,0,0,0,32.1563761979342,73.5153190791607,1.52041068673134,0.789657294750214,7662.72555645555,2257.99019975215,46.4570574313402,3.06241273880005,1.67038249969482
0,0,0,0,0,0,0,0,18.0619671940804,0,0,0,0,0,0,60.4021225869656,9608.55488894135,0,4508.34989727288,0,0,15.1841158866882,0.653217256069183,46.3733289986849,26.1857407391071,397.418245002627,5.93779067695141,0,0,0,0,0,0,0,0,0,0,0.403247386217117,0,7.60755944252014,2.56913322210312,13.8075105845928,0.795693784952164,5.39250501990318,1.98273427784443,5.20556932687759,2.32122953236103,0.980316340923309,0.581552505493164,0,0,0,0,0,0,0,0,0.190567523241043,0,0,0,0,0.636671185493469,0,1.79801827669144,0,24.5795007795095,0.276867806911469,25.6681532859802,0,0,0,0,0.151658445596695,0.174236565828323,0,0,0,29.9900874048471,13.1332741379738,0.653297245502472,1.66147029399872,8702.95624186099,2496.54153390229,12.4203905016184,0,0
11.6401168704033,19.1417596638203,1.38773120939732,6.68528197705746,0,0,0,0,2.29291054606438,0.167606085538864,0,0,0,0,0,0,3864.00148959458,4508.34989727288,0,0.371602118015289,0,0,0,0,1.45769703388214,4.86125946044922,12.1320584714413,0,0,0,0,0,0,0,0,34.6940831393003,0.601544842123985,0,0,217.735959768295,274.498436361551,733.962763518095,483.130665004253,165.897384241223,165.30335111171,107.198818072677,136.301010295749,25.9973668605089,9.0710037201643,13.8884644508362,0,0,0,0,0,0,3.40485838055611,14.3119975477457,0,0,0,0,69.4218196347356,43.1483394950628,0,0,0,0,0,0,7.1383788138628,0,59.5967638939619,9.08160617947578,0,0,0,1.1903333067894,1719.57058550417,1289.70271363109,178.920637190342,26.2411315590143,6491.69781477749,92.3331524431705,1446.82336299866,147.960186064243,25.851110637188
0,0,0,1.31341421604156,0,47.3570227622986,0,0,0,0,0,220.903181314468,0,0,0,0,0,0,0.371602118015289,0,0,0,0,0,0,0,0,0,0,0,0,0,0,0,0,647.604467481375,0,45.60134960711,0,0.210785388946533,0,0.728814959526062,0,0,0,2.53436043858528,0,0,0,0.195441737771034,0,0,0,0,0,0,0,13.5677940547466,0,0,0,0,1370.30063521862,0,0,0,0,0,0,0,0.277609914541245,0,10.4639809727669,0,0,0,0,0,254.33839379251,0,8.89276704192162,0,125.36925381422,0,106.557263061404,0,0
0,0,0,0,40.3709473311901,0,28.0111231803894,0,0,0,306.173126637936,0,0,0,0,0,0,0,0,0,0,0,0,0,0,0,0,0,0,0,0,0,0,0,0,0,897.055587351322,0,134.114222794771,0,0.141865998506546,0,1.77629625797272,0,0,0,0,0,0,0,8.86561280488968,0,15.1714941263199,0,0,0,95.4408079460263,0,0,0,0,0,0,598.053369492292,0,0,0,0,0,0,0,0,0,8.41284692287445,0,0,0,0,0,658.597555793822,0,15.4010510146618,321.264282941818,0,151.61516520381,0,0
0,0,0,0,0,0,0,0,0,0,0,0,0,0,0,0,0,15.1841158866882,0,0,0,0,125.605100393295,61.6595294028521,0,155.935272336006,0,65.5925407856703,0,0,0,0,0,0,0,0,0,215.562551558018,0,0,0,0,0,0,0,0,0,0,0,62.076412498951,0,0,0,0,0,0,0,0,0,0,0,0,0,0,6702.55668100715,0,76.3284647911787,0,18.958977073431,0,127.215847164392,0,0,0,0,0,0,0,0,0,72.3013063371181,0,551.047477632761,143.959713816643,0,0,0
0,0,0,0,0,0,0,0,0,0,0,0,0,0,0,0,0.951043665409088,0.653217256069183,0,0,0,125.605100393295,0,0,165.273174911737,0,64.4613035619259,0,77.1502468287945,0,0,0,0,0,0,0,0,0,278.431477457285,0,0,0,0,0,0,0,0,0.78121691942215,85.7077922523022,0,0,0,0,0,0,0,0,0,0,0,0,0,0,0,0,6491.02628298104,0,39.9638248682022,0,133.653267905116,0,18.7631759643555,0,0,0,0,0,0,0,0,0,178.915125496686,813.781980201602,13.3435037732124,0.741822779178619,0,0
0,0,0,0,0,0,0,0,0,203.364523291588,0,0,0,0,0,0,0,46.3733289986849,0,0,0,61.6595294028521,0,0,0,251.607475861907,0,0,0,0,0,0,0,0,0,0,0,53.5617060512304,0,0,0,0,0,0,0,0,0,0,0,4.69341249763966,0,0,0,0,0,146.430218368769,0,0,0,0,0,0,0,0,226.969675168395,0,905.947692915797,0,6.06872317194939,0,0,0,0,0,0,0,0,0,0,0,82.5945298522711,0,488.872487410903,0,3.7334468960762,0,0
0,0,0,0,0,0,0,0,17.3203023672104,0,0,0,0,0,0.342983245849609,0,92.1835741698742,26.1857407391071,1.45769703388214,0,0,0,165.273174911737,0,0,0,71.7296297848225,0,0,0,0,0,0,0,0,0,0,0,41.4853685200214,0,0,0,0.380159974098206,0,0,0,0,0,2.47660636901855,0,0,0,0,0,142.279426932335,0,0,0,0,0,31.7672543525696,0,0,0,0,224.359480887651,0,847.744230523705,0,356.097274124622,0,0,0,0,0,0,0,0.292176425457001,0,0,0,47.9405207484961,115.907683104277,0,15.0507054328918,0,0
0,0,0,0,0,0,0,0,0,7.78130054473877,0,0,0,0,0,0,6.86655116081238,397.418245002627,4.86125946044922,0,0,155.935272336006,0,251.607475861907,0,0,0,16.8948390781879,0,0,0,0,0,0,0,0,0,0,0,0,0,0,0,0,0,0,0,0,0,6.67244529724121,0,0,0,0,0,0.281287223100662,0,0,0,6.95644626021385,0,16.3302464336157,0,0,46.3588582277298,0,187.54015019536,0,684.608333677053,0,39.30886977911,0,0,0,0,0,0,0,0,0,0,0,138.608588576317,4.4316201210022,0,0,0
0,0,0,0,0,0,0,0,7.48178672790527,0,0,0,0,0,1.8023290336132,0,200.819554537535,5.93779067695141,12.1320584714413,0,0,0,64.4613035619259,0,71.7296297848225,0,0,0,71.6152411699295,0,0,0,0,0,0,0,0,0,0,0,0,0,0,0,0,0,0,0,0,0,0,0,0,0,10.3334708809853,0,0,0,0,0,21.0639163702726,0,0,0,0,66.9854192137718,0,58.9571713805199,0,456.124180972576,0,0.585661351680756,0,0,0,0,0,0,0,0,0,0,93.0401470661163,2.39275479316711,0,0,0
0,0,0,0,0,0,0,0,0,0,0,0,0,1.04464542865753,0,0,0,0,0,0,0,65.5925407856703,0,0,0,16.8948390781879,0,0,0,86.9988839626312,0,0,0,0,0,0,0,5.11957997083664,0,0,0,0,0,0,0,0,0,0,0,0,0,0,0,0,0,0,0,0,0,49.3324692249298,0,9.20257186889648,0,0,0,0,0,0,51.3014691919088,0,900.499570399523,0,0,0,0,0,0,0,0,0,17.6904410421848,0,7.50401067733765,0,0,0,0
0,0,0,0,0,0,0,0,0,0,15.8456459790468,0,3.04825595021248,0,0,0,19.4900169372559,0,0,0,0,0,77.1502468287945,0,0,0,71.6152411699295,0,0,0,47.0738623291254,0,0,0,0,0,0,0,36.1456379443407,0,0,0,0,0,0,0,0,0,0,0,0,0,0,0,0,0,22.5562220960855,0,32.8749553710222,0,0,0,0,0,0,108.694435149431,0,0,0,8.7163333594799,0,709.017855107784,0,29.3878683149815,0,0,0,0,0,0,0,3.4283090531826,1,0,0,0,0
0,0,0,0,0,0,0,0,0,0,0,122.040032744408,0,0,0,0,0,0,0,0,0,0,0,0,0,0,0,86.9988839626312,0,0,0,0,0,0,0,0,0,116.550778627396,0,0,0,0,0,0,0,0,0,0,0,0,0,0,0,0,0,0,0,87.1133081763983,0,0,0,0,0,0,0,0,0,0,0,0,140.224047541618,0,534.060199722648,0,0,0,0,0,0,0,23.2923684716225,0,1,0,0,0,0
0,0,0,0,0,0,0,0,0,0,44.7273207753897,0,1.03906974196434,0,0,0,0,0,0,0,0,0,0,0,0,0,0,0,47.0738623291254,0,0,0,0,0,0,0,0,0,78.4810710400343,0,0,0,0,0,0,0,0,0,0,0,0,0,0,0,0,0,32.5237109065056,0,0.404049932956696,0,0,0,0,0,0,0,0,0,0,0,0,51.7968239188194,0,446.117907837033,0,0,0,0,0,0,0,39.5223008841276,0,0,0,0,0
0,0,0,0,0,0,0,0,0,0,0,0,0,0,0,0,0,0,0,0,0,0,0,0,0,0,0,0,0,0,0,0,100.312462180853,0,0,348.615152552724,0,0,0,0,0,0,0,0,0,0,0,879.125125944614,0,0.677285194396973,0,0,0,0,0,0,0,0,0,0,0,0,0,0,0,0,0,0,0,0,0,0,0,0,1379.76658350229,14.5221126675606,30.0183891952038,0,328.456039458513,0,0,0,708.035850346088,0,0,0,0
0,0,0,0,0,0,0,0,0,0,0,0,0,0,0,0,0,0,0,0,0,0,0,0,0,0,0,0,0,0,0,100.312462180853,0,0,16.0268467664719,7.30306172370911,661.831807345152,0,0,0,0,0,0,0,0,0,0,722.636485695839,0,0,0,0,0,0,0,0,0,0,0,0,0,0,0,0,0,0,0,0,0,0,0,0,0,0,1.66495606303215,2007.30484482646,0,1.50486278533936,0,138.102166771889,0,0,33.1866402029991,0,0,0,0
0,0,0,0,0,0,0,0,0,0,0,0,0,0,0,0,0,0,0,0,0,0,0,0,0,0,0,0,0,0,0,0,0,0,484.247311711311,294.209105938673,0,287.749675273895,0,0,0,0,0,0,0,0,0,563.963212564588,0,2.06849539279938,0,0,0,0,0,0,0,0,0,0,0,0,0,0,0,0,0,0,0,0,0,0,0,0,2.81773746013641,18.7319824695587,646.697860687971,21.7433158159256,78.2752197608352,0,385.47940556705,0,213.207573592663,0,0,0,0
0,0,0,0,0,0,0,0,0,0,0,0,0,0,0,0,0,0,0,0,0,0,0,0,0,0,0,0,0,0,0,0,16.0268467664719,484.247311711311,0,0,484.062041893601,0,84.0469491332769,0,0,0,0,0,0,0,0,737.217170462012,12.3982129096985,0,0,0,0,0,0.958515733480453,0,0,0,0,0,0,0,0,0,0,0,0,3.74817712605,0,0,0,0,0,0,0,0,250.812554389238,1001.98338648677,0,52.7467014789581,0,203.080360814929,76.4979717433453,0,0,0,0
0,0.285195648670197,0,5.18868893384933,0,17.1611808091402,0,0,0,0,0,0,0,0,0,0,1.54458773136139,0,34.6940831393003,647.604467481375,0,0,0,0,0,0,0,0,0,0,0,348.615152552724,7.30306172370911,294.209105938673,0,0,144.773067951202,1006.44603642821,0,7.24345713853836,0,24.0445686280727,2.33734774589539,5.03641232848167,0,150.002205885947,2.90624618530273,112.291567772627,3.28920269012451,10.0476827919483,0,0,0,0,0,0,0,0.868448600172997,0,0,0,0,776.967188693583,0,0,0,0,0,0,0,0.158495038747787,0,1.01502448320389,0,495.520243346691,0,408.908357389271,0,13067.4085354283,63.7471665740013,1201.31526710093,0,1260.19153283536,1,306.55734962225,3.43268030881882,0
0,0,0.68666073679924,0,0.52528378367424,0,0,0,0,0,0,0,0,0,0,0,0,0,0.601544842123985,0,897.055587351322,0,0,0,0,0,0,0,0,0,0,0,661.831807345152,0,484.062041893601,144.773067951202,0,0,2090.09575361013,0,33.2339473366737,0,4.07311496138573,0,0.262076646089554,0,29.5827478915453,45.8794733583927,15.7538339346647,0,0.470138669013977,0,0,0,0,0,16.0939687937498,0,0,0,0,0,0,660.434494666755,0,0,0,0,0,0,0,0,0,0.329614534974098,0,197.064828336239,0,224.049148797989,103.325919032097,15000.3056056648,0,1181.94376471639,1506.39050640166,22.6373771429062,219.2415343225,0,0
0,0,0,0,0,0,0,0,0,3.36570560932159,0,65.6958794593811,0,0,0,0,0,0.403247386217117,0,45.60134960711,0,215.562551558018,0,53.5617060512304,0,0,0,5.11957997083664,0,116.550778627396,0,0,0,287.749675273895,0,1006.44603642821,0,0,56.0350157022476,0,0,0.931711554527283,0,0,0,0.676650241017342,0,264.392453357577,0,486.202744960785,0,0,0,0,0,10.4760770052671,0,241.607442617416,0,0,0,0,115.318198964,0,194.784161522985,0,370.945906251669,0,0,0,242.650605842471,0,67.1283879429102,0,0,0,12.7807156443596,0,370.008000940084,0,8827.98865670711,0,520.493794620037,15.9881864190102,149.87703345716,0,0
0,0,0,0,0,0,0,0,2.54460743069649,0,733.904598236084,0,0,0,0,0,0,0,0,0,134.114222794771,0,278.431477457285,0,41.4853685200214,0,0,0,36.1456379443407,0,78.4810710400343,0,0,0,84.0469491332769,0,2090.09575361013,56.0350157022476,0,0,0,0,0.536893308162689,0,0,0,0.899793028831482,218.869546085596,412.039435178041,0,0,0,0,0,62.3244558125734,0,421.327066078782,0,0,0,0,0,0,136.282824739814,0,247.484190173447,0,189.786201357841,0,0,0,79.8813407868147,0,122.960538744926,0,0,0,222.77890740335,0,586.036006063223,4.14158511161804,9610.24220344424,500.836314156651,0,129.47638605535,0,0
0,4.50423264503479,0,3.16687200963497,0,2.09730626642704,0,0,0,0,0,0,0,0,0,0,0.480919897556305,7.60755944252014,217.735959768295,0.210785388946533,0,0,0,0,0,0,0,0,0,0,0,0,0,0,0,7.24345713853836,0,0,0,0,2.13075184822083,1079.20379938185,2.84808984398842,70.9544187933207,0,54.9778389930725,0.796621263027191,3.66851262748241,0,285.879818975925,0,0,0,0,0,0,0,1.52305763959885,0,0,0,0,11.035431265831,2.2200014591217,0,0,0,0,0,0,0,0,1.78539915382862,0,0,0,0,0,309.056540869176,3.73933103680611,12.6322370320559,0,36.6970285475254,0,428.220241762698,84.4817194342613,0
0,0,3.05289646983147,0,2.26267167925835,0,0,0,0,0,0,0,0,0,0,0,4.39972947537899,2.56913322210312,274.498436361551,0,0.141865998506546,0,0,0,0,0,0,0,0,0,0,0,0,0,0,0,33.2339473366737,0,0,2.13075184822083,0,0.29378280043602,861.947989940643,2.67855313420296,35.7094359993935,0,215.245607629418,7.73135626316071,242.194173812866,0,0,0,0,0,0,0,16.0734751224518,0,0,0,0,0,0,105.037398062646,0,0,0,0,0,0,0,0,0.181142300367355,7.35065859556198,0,0,0,0,10.1044937521219,462.436042629182,0,0,66.1638611257076,1.93746507167816,610.728098653257,0,47.1742829680443
0,4.48729020357132,1.77361679077148,36.4194127321243,0,4.90789645910263,0,0,0,4.25013622641563,0,0,0,0,0,0,4.8218799829483,13.8075105845928,733.962763518095,0.728814959526062,0,0,0,0,0,0,0,0,0,0,0,0,0,0,0,24.0445686280727,0,0.931711554527283,0,1079.20379938185,0.29378280043602,0,268.904477059841,173.777889758348,0.361581593751907,107.753616921604,0.864260733127594,35.0347007587552,0,144.218537271023,0,0,0,0,0,0.630509495735168,0,71.6274309754372,0,0,0,0,104.045412354171,0,0,0,0,0,0,0,23.0061022490263,0,343.511190488935,0,0.699996471405029,2.46991419792175,0,0,2229.12503023446,2.80496725440025,60.8194001466036,0,1024.8642578274,4.79075688123703,2252.73864251375,618.009044080973,0
12.1739175766706,0,8.4286148250103,0,4.98775416612625,0,0,0,2.66503548622131,0,0,0,0,0,0,0,18.028708383441,0.795693784952164,483.130665004253,0,1.77629625797272,0,0,0,0.380159974098206,0,0,0,0,0,0,0,0,0,0,2.33734774589539,4.07311496138573,0,0.536893308162689,2.84808984398842,861.947989940643,268.904477059841,0,9.0690520554781,29.4159535467625,1.829749584198,337.410708263516,64.2634168416262,249.182385757565,0.937389135360718,1.86102798581123,0,0,0,1.31619423627853,0,28.0597976595163,1.77033650875092,0,0,0,0,0,102.37575956434,0,0,0,0.43317523598671,0,0,0,0,2.02899837493896,19.112228512764,0,1.26707649230957,0,2.27478070557117,14.9183129519224,2188.96611795574,1.61089086532593,24.8216691911221,686.560594245791,0,2796.88672348857,0,1380.22694590688
0,0,0,0,0,0,0,0,0,0,0,0,0,0,0,0,0.209706738591194,5.39250501990318,165.897384241223,0,0,0,0,0,0,0,0,0,0,0,0,0,0,0,0,5.03641232848167,0,0,0,70.9544187933207,2.67855313420296,173.777889758348,9.0690520554781,0,0,2.48217549920082,4.89471653103828,0.840350031852722,0,0.390584409236908,0,0,0,0,0,0,0,3.00386112928391,0,0,0,0,8.31715666502714,0,0,0,0,0,0,0,1.08526176214218,0,11.2570820897818,0.372625738382339,0,0,1.29519987106323,0,366.221569627523,13.9674672931433,88.9323585182428,0,131.465065836906,1.64963239431381,497.702953204513,12.3930051326752,1.92294299602509
0,0,0,0,0.358807802200317,0,0,0,0,0,0,0,0,0,0,0,19.1787825971842,1.98273427784443,165.30335111171,0,0,0,0,0,0,0,0,0,0,0,0,0,0,0,0,0,0.262076646089554,0,0,0,35.7094359993935,0.361581593751907,29.4159535467625,0,0,0,14.0705137252808,0,1.20593425631523,0,0,0,0,0,0,0,0.340358883142471,0,0,0,0,0,0,11.5066105574369,0,0,0,0,0,0,0,0,0.145312994718552,9.80211353302002,0,0,0,0,2.770123437047,133.83409294486,0.428151696920395,6.37792277336121,33.7177437096834,0,279.909119442105,0,3.01384687423706
0,1.33975505828857,0,12.0611265003681,0,0.840384319424629,0,0,0,0.405906558036804,0,0,0,0,0,0,5.82483547925949,5.20556932687759,107.198818072677,2.53436043858528,0,0,0,0,0,0,0,0,0,0,0,0,0,0,0,150.002205885947,0,0.676650241017342,0,54.9778389930725,0,107.753616921604,1.829749584198,2.48217549920082,0,0,0,1.34979218244553,1.50689974427223,19.8957797586918,0,0,0,0,0,0.224462285637856,0,21.0716374218464,0,0,0,0,897.799367129803,0,0,0,0,0,0,0,0.870105445384979,0,67.7384293153882,0,0.176592916250229,0,0,0,1276.42774014175,5.28622198104858,296.478782646358,0,58.4996950477362,1.14564701914787,1239.7902026549,0.954804539680481,0
0,0,5.43941605091095,0,1.01179015636444,0,0,0,0,0,0,0,0,0,0,0,11.0567087084055,2.32122953236103,136.301010295749,0,0,0,0,0,0,0,0,0,0,0,0,0,0,0,0,2.90624618530273,29.5827478915453,0,0.899793028831482,0.796621263027191,215.245607629418,0.864260733127594,337.410708263516,4.89471653103828,14.0705137252808,0,0,7.90673723816872,106.931523516774,0.48320335149765,2.73276948928833,0,0,0,0,0,39.6000867933035,0,2.01728677749634,0,0,0,1.19076359272003,230.001418046653,0,0,0,0,0,0,0,1.73800349235535,0,11.2181756049395,0,0,0,0,2.03572285175323,522.146737597883,0,21.5573671460152,47.5345803648233,2.63981777429581,622.038825467229,0,1.51115119457245
1.66754424571991,0,0,0.1852186024189,0,0,0,0,0,0,0,0,0,0,0,0,0.196323439478874,0.980316340923309,25.9973668605089,0,0,0,0.78121691942215,0,0,0,0,0,0,0,0,879.125125944614,722.636485695839,563.963212564588,737.217170462012,112.291567772627,45.8794733583927,264.392453357577,218.869546085596,3.66851262748241,7.73135626316071,35.0347007587552,64.2634168416262,0.840350031852722,0,1.34979218244553,7.90673723816872,0,1606.73947454989,935.307503044605,0,0,0,0,0,0,0,0,0,0,0,0,0.457905247807503,3.13841593265533,0,3.80753540992737,7.50492650270462,0,0,0,0.737985417246819,0,0,0.172845140099525,980.092389404774,596.846770197153,85.3838988542557,348.832138508558,1175.93789809197,2152.76087641716,260.364400446415,891.081071823835,1561.55519111454,0,121.379795625806,0,0
270.51295915246,0,48.6516040116549,0,1.37372195720673,0,0,0,17.5333071500063,0,0,0,0,0,1.75694185495377,0,0,0.581552505493164,9.0710037201643,0,0,0,85.7077922523022,0,2.47660636901855,0,0,0,0,0,0,0,0,0,12.3982129096985,3.28920269012451,15.7538339346647,0,412.039435178041,0,242.194173812866,0,249.182385757565,0,1.20593425631523,1.50689974427223,106.931523516774,1606.73947454989,0,256.520728677511,3.90069001913071,0,0,0,53.9344431608915,0,36.5772933810949,0,4.61231303215027,0,149.036007910967,0,0,26.4655075222254,0,460.691640779376,0,73.4254968166351,0,11.4247762560844,0,205.292428195477,0,29.1649119108915,0,17.674601316452,0,2.85492497682571,5.80657243728638,573.522798500955,0,569.081729501486,252.632351383567,0.203007072210312,835.672560274601,0,3.29670813679695
0,173.05589748919,0,83.1893049478531,0,0.20567874610424,0,0,0,9.40444451570511,0,0,0,0,0,0,0,0,13.8884644508362,0.195441737771034,0,62.076412498951,0,4.69341249763966,0,6.67244529724121,0,0,0,0,0,0.677285194396973,0,2.06849539279938,0,10.0476827919483,0,486.202744960785,0,285.879818975925,0,144.218537271023,0.937389135360718,0.390584409236908,0,19.8957797586918,0.48320335149765,935.307503044605,256.520728677511,0,0,0,0,0,0,10.4536782801151,0,141.074634224176,0,12.359176158905,0,40.2799202799797,4.82420378923416,0,563.409655511379,0,9.12371850013733,0,128.336973845959,0,585.118856817484,0,270.537272587419,0,0,0,1.30053573846817,0,157.797865867615,0,410.673564389348,0,192.282390251756,0.533884227275848,601.86853954196,2.47678807377815,0
0,0,57.0476997047663,0,1053.31812736392,0,41.2911503314972,0,16.3634896725416,0,0,0,0,0,0,0,0,0,0,0,8.86561280488968,0,0,0,0,0,0,0,0,0,0,0,0,0,0,0,0.470138669013977,0,0,0,0,0,1.86102798581123,0,0,0,2.73276948928833,0,3.90069001913071,0,0,0,33.7798539102077,0,27.1833374649286,0,54.5638617575169,0,121.000311359763,0,18.0876017808914,0,0,43.0294894725084,0,0,0,0,0,0,0,0.216622769832611,0,0,0,0,0,0,0,0.982682555913925,0,0,638.941443607211,0,177.103350520134,0,0
0,0,0,81.6001010239124,0,503.595447748899,0,47.8812565505505,0,1.08587884902954,0,0,0,0,0,0,0,0,0,0,0,0,0,0,0,0,0,0,0,0,0,0,0,0,0,0,0,0,0,0,0,0,0,0,0,0,0,0,0,0,0,0,0,187.185167044401,0,11.6837145388126,0,20.9412460625172,0,6.46551120281219,0,80.9582346081734,3.84889662265778,0,0,0,0,0,0,0,0,0,0,0,0,0,0,0,0.157819911837578,0,0,0,167.69335013628,0,33.3107732534409,0,0
0,0,0,0,128.64677760005,0,324.279378414154,0,0,0,12.2161622345448,0,0,0,0,0,0,0,0,0,15.1714941263199,0,0,0,0,0,0,0,0,0,0,0,0,0,0,0,0,0,0,0,0,0,0,0,0,0,0,0,0,0,33.7798539102077,0,0,0,0,0,120.613517105579,0,20.1748153567314,0,0,0,0,9.53893965482712,0,0,0,0,0,0,0,0,0,0,0,0,0,0,0,0,0,0,294.453011780977,0,0,0,0
0,0,0,0,0,117.403261587024,0,207.463858038187,0,0,0,3.75030532479286,0,0,0,0,0,0,0,0,0,0,0,0,0,0,0,0,0,0,0,0,0,0,0,0,0,0,0,0,0,0,0,0,0,0,0,0,0,0,0,187.185167044401,0,0,0,0,0,204.462485283613,0,0,0,0,0,0,0,0,0,0,0,0,0,0,0,0,0,0,0,0,0,0,0,0,100.634085118771,0,0.457767695188522,0,0
107.146755039692,0,211.532851547003,0,28.5744832754135,0,0,0,944.133670881391,0,0,0,0,0,41.4839403182268,0,0,0,0,0,0,0,0,0,142.279426932335,0,10.3334708809853,0,0,0,0,0,0,0,0.958515733480453,0,0,0,62.3244558125734,0,0,0,1.31619423627853,0,0,0,0,0,53.9344431608915,0,27.1833374649286,0,0,0,0,0,0.232553005218506,0,0,0,288.456353321671,0,0,0,0,0,0,422.185337290168,0,22.7530274689198,0,0,0,0,0,0,0,4.997713342309,0,0,0,90.9040875583887,47.7316547334194,0,53.3921445459127,0,0
0,364.883167877793,0,276.850659012794,0,12.4623115360737,0,0,0,422.69781960547,0,0,0,0,0,24.9894068390131,0,0,0,0,0,0,0,146.430218368769,0,0.281287223100662,0,0,0,0,0,0,0,0,0,0,0,10.4760770052671,0,0,0,0.630509495735168,0,0,0,0.224462285637856,0,0,0,10.4536782801151,0,11.6837145388126,0,0,0,0,0,0,0,0,0,9.32122248411179,0,0,0,0,567.708179935813,0,0,0,0,0,0,0,0,0,0,0,0,0,18.0012986510992,0,70.9815462976694,0,31.0330755114555,1.0507709980011,0
0,0,18.7101862728596,0,21.0728458613157,0,0,0,0,0,1529.49827952683,0,9.04546943306923,0,0,0,0,0,3.40485838055611,0,95.4408079460263,0,0,0,0,0,0,0,22.5562220960855,0,32.5237109065056,0,0,0,0,0,16.0939687937498,0,421.327066078782,0,16.0734751224518,0,28.0597976595163,0,0.340358883142471,0,39.6000867933035,0,36.5772933810949,0,54.5638617575169,0,120.613517105579,0,0.232553005218506,0,0,0,293.758067116141,0,15.4713987112045,0,0,1075.99780754745,0,0,0,0,0,3.5845582485199,0,680.345374628901,0,853.910677164793,0,0,0,0,1.02683836221695,147.990703314543,0,64.4465438127518,71.0158140659332,4.61908680200577,678.895855739713,0,1.68341910839081
0,0,0,30.7131151258945,0,34.2866642773151,0,1.72058287262917,0,0,0,1514.8389121294,0,0,0,0,0,0.190567523241043,14.3119975477457,13.5677940547466,0,0,0,0,0,0,0,0,0,87.1133081763983,0,0,0,0,0,0.868448600172997,0,241.607442617416,0,1.52305763959885,0,71.6274309754372,1.77033650875092,3.00386112928391,0,21.0716374218464,0,0,0,141.074634224176,0,20.9412460625172,0,204.462485283613,0,0,0,0,0,576.456326603889,0,5.51105165481567,452.877969369292,0,0,0,0,0,1.48805296421051,0,538.298831090331,0,1053.12475760281,0,0,0,0,0,13.1009551137686,0,65.0500029325485,0,35.6251077055931,0.276672691106796,212.848500490189,6.94886562228203,0
0,0,1.08334708213806,0,9.96421015262604,0,61.7819660305977,0,0,0,55.0968549698591,0,196.421930328012,0,36.8297263383865,0,0,0,0,0,0,0,0,0,0,0,0,0,32.8749553710222,0,0.404049932956696,0,0,0,0,0,0,0,0,0,0,0,0,0,0,0,2.01728677749634,0,4.61231303215027,0,121.000311359763,0,20.1748153567314,0,0,0,293.758067116141,0,0,0,50.6758936047554,0,0,0,0,0,0,0,0,1.19972145557404,0,400.085578605533,0,0,0,0,0,0,0,0,0,0,11.1249179840088,0,4.90596555173397,0,0
0,0,0,7.25106477737427,0,32.2217627167702,0,0,0,0,0,99.4218636751175,0,273.257681190968,0,25.7017745375633,0,0,0,0,0,0,0,0,0,6.95644626021385,0,49.3324692249298,0,0,0,0,0,0,0,0,0,0,0,0,0,0,0,0,0,0,0,0,0,12.359176158905,0,6.46551120281219,0,0,0,0,0,576.456326603889,0,0,0,184.764140084386,11.8691857159138,0,0,0,0,0,245.434186890721,0,247.626338884234,0,0,0,0,0,0,0,0,0,0,0,99.289123237133,0,6.90590000152588,0,0
30.3541642427444,0,15.7171623110771,0,6.94573497772217,0,0,0,227.122705295682,0,0,0,5.62318468093872,0,162.759366422892,0,0,0,0,0,0,0,0,0,31.7672543525696,0,21.0639163702726,0,0,0,0,0,0,0,0,0,0,0,0,0,0,0,0,0,0,0,0,0,149.036007910967,0,18.0876017808914,0,0,0,288.456353321671,0,15.4713987112045,0,50.6758936047554,0,0,0,0,0,0,0,0,1.69791987538338,0,142.351873934269,0,2.67016983032227,0,0,0,0,0,0,0,0,0,0,13.6930456161499,0,0,0,0
0,0.174776569008827,0,0,0,2.85051253437996,0,0,0,0.886338472366333,0,0,0,1.34628847241402,0,28.2066707909107,0,0,0,0,0,0,0,0,0,16.3302464336157,0,9.20257186889648,0,0,0,0,0,0,0,0,0,0,0,0,0,0,0,0,0,0,0,0,0,40.2799202799797,0,80.9582346081734,0,0,0,9.32122248411179,0,5.51105165481567,0,184.764140084386,0,0,1.08079433441162,0,0,0,3.65985029935837,0,334.19842839241,0,7.69224351644516,0,0,0,0,0,0,0,0,0,0,0,0,0,1.51640105247498,0,0
0,0,0,0.784012675285339,0,55.6561914384365,0,0,0,0,0,172.0554895401,0,0,0,0,0.715397417545319,0.636671185493469,69.4218196347356,1370.30063521862,0,0,0,0,0,0,0,0,0,0,0,0,0,0,0,776.967188693583,0,115.318198964,0,11.035431265831,0,104.045412354171,0,8.31715666502714,0,897.799367129803,1.19076359272003,0.457905247807503,0,4.82420378923416,0,3.84889662265778,0,0,0,0,0,452.877969369292,0,11.8691857159138,0,1.08079433441162,0,0,0,0,0,0,0,0,98.7101639658213,0,536.452989220619,0,0,0,0,0,2593.79403614253,0,329.7110869959,0,118.878772690892,0,1007.94657176733,0.239165812730789,0
0,0,3.39581334590912,0,34.259667083621,0,1.91919308900833,0,0,0,84.4616026878357,0,0,0,0,0,4.42973649501801,0,43.1483394950628,0,598.053369492292,0,0,0,0,0,0,0,0,0,0,0,0,0,0,0,660.434494666755,0,136.282824739814,2.2200014591217,105.037398062646,0,102.37575956434,0,11.5066105574369,0,230.001418046653,3.13841593265533,26.4655075222254,0,43.0294894725084,0,9.53893965482712,0,0,0,1075.99780754745,0,0,0,0,0,0,0,0,0,0,0,0,0,0.166896805167198,13.8939527869225,0,197.901727542281,0,0,0,1.8628661185503,2.71216917037964,3422.88888010383,0,183.590876325965,368.171386323869,0,888.28292118758,0,6.99382090568542
0,0,0,0,0,0,0,0,0,0,0,0,0,0,0,0,0,1.79801827669144,0,0,0,6702.55668100715,0,226.969675168395,0,46.3588582277298,0,0,0,0,0,0,0,0,0,0,0,194.784161522985,0,0,0,0,0,0,0,0,0,0,0,563.409655511379,0,0,0,0,0,0,0,0,0,0,0,0,0,0,0,0,332.836993813515,0,50.1494120955467,0,348.381556123495,0,0,0,0,0,0,0,0,0,310.601746290922,0,129.856411904097,9.60568794608116,0,0,0
0,0,0,0,0,0,0,0,0,0,0,0,0,0,0,0,1.01697897911072,0,0,0,0,0,6491.02628298104,0,224.359480887651,0,66.9854192137718,0,108.694435149431,0,0,0,0,0,0,0,0,0,247.484190173447,0,0,0,0,0,0,0,0,3.80753540992737,460.691640779376,0,0,0,0,0,0,0,0,0,0,0,0,0,0,0,0,0,0,260.531088098884,0,606.613520532846,0,279.259826645255,0,5.66462606191635,0,0,0,0,0,0,0,954.422943413258,169.685296103358,0,0,0,0
0,27.4260913729668,0,0,0,0,0,0,0,112.128838703036,0,0,0,0,0,0,0,24.5795007795095,0,0,0,76.3284647911787,0,905.947692915797,0,187.54015019536,0,0,0,0,0,0,0,0,0,0,0,370.945906251669,0,0,0,0,0,0,0,0,0,7.50492650270462,0,9.12371850013733,0,0,0,0,0,567.708179935813,0,0,0,0,0,3.65985029935837,0,0,332.836993813515,0,0,0,56.0638138204813,0,0,0,0,0,0,0,0,0,0,0,150.018014937639,0,243.602631002665,0,97.9680383205414,0,0
0,0,0,0,0,0,0,0,79.3851528167725,0,0,0,0,0,0,0,4.48509903252125,0.276867806911469,0,0,0,0,39.9638248682022,0,847.744230523705,0,58.9571713805199,0,0,0,0,0,0,0,3.74817712605,0,0,0,189.786201357841,0,0,0,0.43317523598671,0,0,0,0,0,73.4254968166351,0,0,0,0,0,422.185337290168,0,0,0,0,0,1.69791987538338,0,0,0,0,260.531088098884,0,0,0,234.34148183465,0,0,0,0,0,0,0,10.9209977388382,0,0,0,412.943674251437,42.7098604291677,0,88.8473291695118,0,0
0,0.332276165485382,0,0,0,0,0,0,0,1.88953697681427,0,0,0,2.67525780200958,0,8.97423231601715,0,25.6681532859802,0,0,0,18.958977073431,0,6.06872317194939,0,684.608333677053,0,51.3014691919088,0,0,0,0,0,0,0,0,0,0,0,0,0,0,0,0,0,0,0,0,0,128.336973845959,0,0,0,0,0,0,0,1.48805296421051,0,245.434186890721,0,334.19842839241,0,0,50.1494120955467,0,56.0638138204813,0,0,0,706.226055860519,0,0,0,0,0,0,0,0,0,0,0,25.1075451374054,0,4.65518596768379,0,0
0,0,0,0,0,0,0,0,2.02856197953224,0,0,0,0,0,1.65261742472649,0,0,0,0,0,0,0,133.653267905116,0,356.097274124622,0,456.124180972576,0,8.7163333594799,0,0,0,0,0,0,0,0,0,0,0,0,0,0,0,0,0,0,0,11.4247762560844,0,0,0,0,0,22.7530274689198,0,3.5845582485199,0,1.19972145557404,0,142.351873934269,0,0,0,0,606.613520532846,0,234.34148183465,0,0,0,169.942689433694,0,0,0,0,0,0,0,0,0,0,105.139594316483,0,0,0,0
0,0,0,0.184830516576767,0,0.85551829636097,0,0,0,0,0,0,0,0,0,0,0,0,7.1383788138628,0.277609914541245,0,127.215847164392,0,0,0,39.30886977911,0,900.499570399523,0,140.224047541618,0,0,0,0,0,0.158495038747787,0,242.650605842471,0,0,0,23.0061022490263,0,1.08526176214218,0,0.870105445384979,0,0.737985417246819,0,585.118856817484,0,0,0,0,0,0,0,538.298831090331,0,247.626338884234,0,7.69224351644516,98.7101639658213,0.166896805167198,348.381556123495,0,0,0,706.226055860519,0,0,0,395.418994992971,0,0,0,0,0,0,0.337195128202438,555.075881063938,0,6.82131539285183,0,236.376705139875,1.25515839457512,0
0,0,0,0,0,0,0,0,0,0,46.8529330790043,0,2.92651750147343,0,0,0,0,0,0,0,0,0,18.7631759643555,0,0,0,0.585661351680756,0,709.017855107784,0,51.7968239188194,0,0,0,0,0,0,0,79.8813407868147,0,0,0,0,0,0,0,1.73800349235535,0,205.292428195477,0,0.216622769832611,0,0,0,0,0,680.345374628901,0,400.085578605533,0,2.67016983032227,0,0,13.8939527869225,0,279.259826645255,0,0,0,169.942689433694,0,0,0,533.921469956636,0,0,0,0,0,0.361704155802727,0,273.80557359755,9.14033287763596,0,22.369073331356,0,0
0,0,0,4.24192377924919,0,0,0,0,0,0,0,334.18448355794,0,0,0,0,0,0,59.5967638939619,10.4639809727669,0,0,0,0,0,0,0,0,0,534.060199722648,0,0,0,0,0,1.01502448320389,0,67.1283879429102,0,1.78539915382862,0.181142300367355,343.511190488935,2.02899837493896,11.2570820897818,0.145312994718552,67.7384293153882,0,0,0,270.537272587419,0,0,0,0,0,0,0,1053.12475760281,0,0,0,0,536.452989220619,0,0,0,0,0,0,0,395.418994992971,0,0,0,0,0,0,0,28.7363714277744,0.266375012695789,1627.34664109349,0,85.1701331287622,0.567733347415924,818.114350482821,40.2909383177757,0
0,0,0,0,0,0,0,0,0,0,5.50720378756523,0,0,0,0,0,0,0.151658445596695,9.08160617947578,0,8.41284692287445,0,0,0,0,0,0,0,29.3878683149815,0,446.117907837033,0,0,0,0,0,0.329614534974098,0,122.960538744926,0,7.35065859556198,0,19.112228512764,0.372625738382339,9.80211353302002,0,11.2181756049395,0.172845140099525,29.1649119108915,0,0,0,0,0,0,0,853.910677164793,0,0,0,0,0,0,197.901727542281,0,5.66462606191635,0,0,0,0,0,533.921469956636,0,0,0,0,0,0.436354964971542,0,29.3641599044204,0,226.640305817127,2.84607078135014,0,163.063034057617,0,2.90999019145966
0,0,0,0,0,0,0,0,0,0,0,0,0,0,0,0,0,0.174236565828323,0,0,0,0,0,0,0,0,0,0,0,0,0,1379.76658350229,1.66495606303215,2.81773746013641,0,495.520243346691,0,0,0,0,0,0.699996471405029,0,0,0,0.176592916250229,0,980.092389404774,0,0,0,0,0,0,0,0,0,0,0,0,0,0,0,0,0,0,0,0,0,0,0,0,0,0,0,0.295746147632599,643.806560859084,0,601.866576343775,0,0,0,501.991634577513,0,2.83109563589096,0,0
0,0,0,0,0,0,0,0,0,0,0,0,0,0,0,0,0,0,0,0,0,0,0,0,0,0,0,0,0,0,0,14.5221126675606,2007.30484482646,18.7319824695587,0,0,197.064828336239,0,0,0,0,2.46991419792175,1.26707649230957,0,0,0,0,596.846770197153,17.674601316452,0,0,0,0,0,0,0,0,0,0,0,0,0,0,0,0,0,0,0,0,0,0,0,0,0,0.295746147632599,0,0,342.324730873108,0,526.764184579253,0,0,182.905450463295,0,0,0,0
0,0,0,0,0,0,0,0,0,0,0,0,0,0,0,0,0,0,0,0,0,0,0,0,0,0,0,0,0,0,0,30.0183891952038,0,646.697860687971,250.812554389238,408.908357389271,0,12.7807156443596,0,0,0,0,0,1.29519987106323,0,0,0,85.3838988542557,0,1.30053573846817,0,0,0,0,0,0,0,0,0,0,0,0,0,0,0,0,0,0,0,0,0,0,0,0,643.806560859084,0,0,0,459.877019569278,0,126.257032796741,0,102.727385863662,0,0,0,0
0,0,0,0,0,0,0,0,0,0,0,0,0,0,0,0,0,0,1.1903333067894,0,0,0,0,0,0.292176425457001,0,0,0,0,0,0,0,1.50486278533936,21.7433158159256,1001.98338648677,0,224.049148797989,0,222.77890740335,0,0,0,2.27478070557117,0,0,0,0,348.832138508558,2.85492497682571,0,0,0,0,0,4.997713342309,0,0,0,0,0,0,0,0,1.8628661185503,0,0,0,10.9209977388382,0,0,0,0,0,0.436354964971542,0,342.324730873108,0,0,0.584490180015564,705.179961211979,0,631.303477153182,30.4863730072975,0,2.4563612639904,0,0.158945441246033
0,10.0433184355497,0,10.0349476635456,0,18.2366862595081,0,0,0,0,0,0,0,0,0,0,32.1563761979342,29.9900874048471,1719.57058550417,254.33839379251,0,0,0,0,0,0,0,0,0,0,0,328.456039458513,0,78.2752197608352,0,13067.4085354283,103.325919032097,370.008000940084,0,309.056540869176,10.1044937521219,2229.12503023446,14.9183129519224,366.221569627523,2.770123437047,1276.42774014175,2.03572285175323,1175.93789809197,5.80657243728638,157.797865867615,0,0.157819911837578,0,0,0,0,1.02683836221695,13.1009551137686,0,0,0,0,2593.79403614253,2.71216917037964,0,0,0,0,0,0,0,0,28.7363714277744,0,601.866576343775,0,459.877019569278,0.584490180015564,0,59.1361085474491,3022.42742953449,0,1347.40915927291,28.566282749176,1336.36190920323,98.8114287257195,0.295773088932037
41.780558526516,0,7.4400090277195,0.181041076779366,0.678564697504044,0,0,0,0,0,0,0,0,0,0,0,73.5153190791607,13.1332741379738,1289.70271363109,0,658.597555793822,0,0,0,0,0,0,0,0,0,0,0,138.102166771889,0,52.7467014789581,63.7471665740013,15000.3056056648,0,586.036006063223,3.73933103680611,462.436042629182,2.80496725440025,2188.96611795574,13.9674672931433,133.83409294486,5.28622198104858,522.146737597883,2152.76087641716,573.522798500955,0,0.982682555913925,0,0,0,0,0,147.990703314543,0,0,0,0,0,0,3422.88888010383,0,0,0,0,0,0,0.337195128202438,0.361704155802727,0.266375012695789,29.3641599044204,0,526.764184579253,0,705.179961211979,59.1361085474491,0,0.916232526302338,2240.65143607557,2196.86420203745,152.795732140541,1502.46900080889,0,67.1119409501553
0,0,0,1.56044553220272,0,0,0,0,0,20.4264849126339,0,0,0,0,0,0,1.52041068673134,0.653297245502472,178.920637190342,8.89276704192162,0,72.3013063371181,0,82.5945298522711,0,0,0,17.6904410421848,0,23.2923684716225,0,0,0,385.47940556705,0,1201.31526710093,0,8827.98865670711,4.14158511161804,12.6322370320559,0,60.8194001466036,1.61089086532593,88.9323585182428,0.428151696920395,296.478782646358,0,260.364400446415,0,410.673564389348,0,0,0,0,0,18.0012986510992,0,65.0500029325485,0,0,0,0,329.7110869959,0,310.601746290922,0,150.018014937639,0,0,0,555.075881063938,0,1627.34664109349,0,0,0,126.257032796741,0,3022.42742953449,0.916232526302338,0,0,181.298680320382,55.2064846754074,287.777910977602,33.3389468789101,0
0,0,0,0,0,0,0,0,8.27814310789108,0,34.5237364768982,0,0,0,0,0,0.789657294750214,1.66147029399872,26.2411315590143,0,15.4010510146618,0,178.915125496686,0,47.9405207484961,0,0,0,3.4283090531826,0,39.5223008841276,0,0,0,203.080360814929,0,1181.94376471639,0,9610.24220344424,0,0,0,24.8216691911221,0,6.37792277336121,0,21.5573671460152,891.081071823835,569.081729501486,0,0,0,0,0,90.9040875583887,0,64.4465438127518,0,0,0,0,0,0,183.590876325965,0,954.422943413258,0,412.943674251437,0,0,0,273.80557359755,0,226.640305817127,0,0,0,631.303477153182,0,2240.65143607557,0,0,379.354550763965,4.26583576202393,84.8167128264904,0,7.40697437524796
