0,0,0.0164449017548107,0,0,0,0,0,0.0860072648609175,0,0,0,0,0,0.000363137923647565,0,0,0,0,0,0,0,0,0,0,0,0,0,0,0,0,0,0,0,0,0,0,0,0,0,0,0,0.000831777071482517,0,0,0,0,0,0.0264339137090004,0,0,0,0,0,0.061981101844872,0,0,0,0,0,0.00028515249992056,0,0,0,0,0,0,0,0,0,0,0,0,0,0,0,0,0,0,0,0,0,0.000509892759656039,0,0.00822102743817394,0,0
0,0,0,0.001260520771359,0,0,0,0,0,0.0313981466554553,0,0,0,0,0,0,0,0,0,0,0,0,0,0,0,0,0,0,0,0,0,0,0,0,0,0,0,0,0,0,0,0.00325048950980992,0,0,0,0,0,0,0,0.0192371373607069,0,0,0,0,0,0.0252016591373825,0,0,0,0,0,0.00606043497944739,0,0,0,0,0,0,0,0,0,0,0,0,0,0,0,0,0,0,0,0,0.000147451376530064,0,0.00562771795904501,0,0
0.0164449017548107,0,0,0,0.00121376256081306,0,0,0,0.0301432391747671,0,0.000115347843421953,0,0,0,0,0,0,0,0.000272913568720769,0,0,0,0,0,0,0,0,0,0,0,0,0,0,0,0,0,0.000127401625678772,0,2.29121720770814e-05,0,0.000493354291487846,0,0.00304761732779226,0,0,0,0.000204582044977336,0,0.00382796024539417,0,0.0305153640875474,0,0,0,0.0122686502850923,0,0.0064928128067782,0,0,0,0.000352665677646136,0,0,0.000335659475394176,0,0,0,0,0,0,0,0,0,0.0117620059753353,0,0,0,0,1.86857881551276e-06,0.000752907755770753,0,0.000462562804718368,0.000220957998232773,3.16221383287827e-05,0.0150523175007478,0,0.00151259453108901
0,0.001260520771359,0,0,0,0.00496286499753864,0,0,0,0.00522927424059572,0,0,0,0,0,0,0,0,0.000809410273039254,0,0,0,0,0,0,0,0,0,0,0,0,0,0,0,0,6.95775783473216e-05,0,0,0,0.00235804768097072,0,0.00768232497452474,0,0.000957728901063916,0,0.000589235214222757,0,0.000439239378715729,0,0.0216817820698329,0,0.0330144249297798,0,0,0,0,0,0.00398749056141278,0,0.00315485021868578,0,0.00384440047831343,0.000426437640123925,0,0,0,0,0,0,0,0,0,0.016992681480402,0,0,0,0,0,0.00039264957571337,0,0.000793022380910045,0,0.000226824081465999,0.000246920239430928,0.0105666794968355,0.00526610559435542,0
0,0,0.00121376256081306,0,0,0,0.00255102777259263,0,0.00159963843116609,0,0,0,0,0,0,0,0,0,0,0,0.00791820311550731,0,0,0,0,0,0,0,0,0,0,0,0,0,0,0,0.0001052867098024,0,0,0,4.35571090466249e-05,0,0.000157463399282009,0,0,0,9.72670349532487e-05,9.68622889849257e-05,0.000477183302819071,0,0.0225567058214732,0,0.0116947634367044,0,0,0,0.000210627734063146,0,0.000416922919456876,0,0.000449613934471045,0,0,0.00231568065772558,0,0,0,0,0,0,0,0,0,0.000531411799320542,0,0,0,0,0,0.000252799503693259,0,2.04242624077539e-05,0.000296304131974642,3.9493799232039e-05,0.00450245407162224,0,0
0,0,0,0.00496286499753864,0,0,0,0,0,0,0,0.000101376251152811,0,0.00293075641895587,0,0.00398520640557141,0,0,0,0,0,0,0,0,0,0,0,0,0,0,0,0,0,0,0,3.63915798256383e-05,0,0,0,0.000696261195995872,0,0.00105299565734902,0,0,0,0.00015011481176449,0,0.000777451142705127,0.000138119952146218,0.0043965267756778,0,0.0790379884050484,0,0,0,0,0,0.00017810942820298,0,0.00312472309078753,0,0.00179240892412382,4.36748408897498e-05,0,0,0,0,0,0,0,0,0,0.000755793428693358,0,0,0,0,0,0.000168290506708919,0,7.20845399667251e-05,0,0.000100002002565406,2.02809468595832e-06,0.00677783115702855,0,0
0,0,0,0,0.00255102777259263,0,0,0,0,0,0.0157469397493619,0,0.000647965394044757,0,0,0,0,0,0,0,0.00145421731921731,0,0,0,0,0,0,0,0,0,0,0,0,0,0,0,1.25787141046825e-05,0,0,0,0,0,0,0,0,0,0,0,0,0,0.000952534122666994,0,0.0495021474324942,0,0,0,0.0104341672469586,0,0.00741952885237716,0,0,0,0,0.00609315614938916,0,0,0,0,0,0,0,0,0,0,0,0,0,0,0,2.21681577156916e-05,0,0,0.000100535355830806,0,0.000139498251243709,0,0
0,0,0,0,0,0,0,0,0,0,0,0,0,0.0017765323057717,0,0,0,0,0,0.000353620259087322,0,0,0,0,0,0,0,0,0,0,0,0,0,0,0,0,0,0,0,0,0,0,0,0,0,0,0,0,0,0,0,0,0,0.00522454811953188,0,0,0,0.000348143287820689,0,0,0,0,0.00061541389940159,0,0,0,0,0,0,0,0,0,0,0,0,0,0,0,0,0,0,0,0.000216995827360547,0,0,0,0
0.0860072648609175,0,0.0301432391747671,0,0.00159963843116609,0,0,0,0,0,0,0,0,0,0.00359088996149246,0,0.00712114400574497,0.00120783709053826,0.00066217756820564,0,0,0,0.000170542034282933,0.000215026226875227,0.00248980613209192,0,0.00204607581623166,0,0,0,0,0,0,0,0,0,2.54220114558594e-06,0,0.0027885090020883,0,0,0,0.00140002451854165,0,0,0,0,5.45125259797186e-05,0.00197173157448725,0,0,0,0,0,0.213384932830652,0,0.000130824417133603,0,0,0,0.00587282185293903,0,0,0.000294767255545815,0,5.79762637437672e-05,0,0,0,0.000148837771789249,0,0,0,8.44455229681807e-05,0,0,0,0,0,1.91670675759409e-05,0,0.000412777797849531,0.00234372516020269,2.13100983518821e-05,0.0138746981504965,0,0.000229718401820338
0,0.0313981466554553,0,0.00522927424059572,0,0,0,0,0,0,0,0,0,0,0,0.00269482394037496,0,0,0,0,0,0,0,0.00192589831935687,0,0,0,0,0,0,0,0,0,0,0,0,0,0.00254149358362346,0,0,0,0.00217612145213741,0,0,0,0,0,0,0,0.000817189423640967,0,0,0,0,0,0.194340438586513,0,0,0,0,0,0.0182885185216096,0,0,0,0,0.00190901011726978,0,0,0,0,0,0,0,0,0,0.00158779880020993,0,0,0,0.00062877084742753,0,0.00180665867280533,6.52680415977494e-05,0.00613825866788379,0,0
0,0,0.000115347843421953,0,0,0,0.0157469397493619,0,0,0,0,0,0.0106201902520104,0,0,0,0,0,0,0,0.0018817639965054,0,0,0,0,0,0,0,0,0,0.00268095001306576,0,0,0,0,0,0.000388829948303652,0,0.00764278716441789,0,0,0,0,0,0,0,3.38404546882116e-05,0,0,0,1.40150860111993e-05,0,0.00418983167307597,0,0,0,0.0707489307697795,0,0.00151521782790452,0,0,0,0,0.00170688305333097,0,0,0,0,0,0,0,0,0,0.00354336511047097,0,0,0,0,0,0.00025505057872229,0,0.000283839029476911,0.000438918447471976,3.41963150163343e-05,0.000128356190870921,0,2.86489678878389e-05
0,0,0,0,0,0.000101376251152811,0,0,0,0,0,0,0,0.0261905298897507,0,0,0,0,0,0.00604875362025217,0,0,0,0,0,0,0,0,0,4.28537669377011e-05,0,0,0,0,0,0.00100103602909146,0,0.00382582024098864,0,0,0,0,0,0,0,0,0,0,0,0,0,0.0021364721471266,0,0.000339354534456454,0,0,0,0.0566797854391367,0,0.00829850916460911,0,0,0.00401535222153955,0,0,0,0,0,0,0,0,0,0.000445528083051842,0,0,0,0,0,3.97089296273853e-05,0,0.0005087193927393,0,3.20201602283399e-05,0,0.000302539213584063,0,0
0,0,0,0,0,0,0.000647965394044757,0,0,0,0.0106201902520104,0,0,0,0,0,0,0,0,0,0,0,0,0,0,0,0,0,0.000758295677172286,0,0,0,0,0,0,0,0,0,0,0,0,0,0,0,0,0,0,0,0,0,0,0,0.000180258672608438,0,0,0,0.00297963301048687,0,0.0171713478564471,0,0.000249657568167864,0,0,0,0,0,0,0,0,0,0,0,0,0,0,0,0,0,0,0,0,0,0.000375439596442155,0.000513220636841423,0,0,0
0,0,0,0,0,0.00293075641895587,0,0.0017765323057717,0,0,0,0.0261905298897507,0,0,0,0,0,0,0,0,0,0,0,0,0,0,0,4.21674048993737e-05,0,0,0,0,0,0,0,0,0,0,0,0,0,0,0,0,0,0,0,0,0,0,0,9.74581279920388e-05,0,0,0,0,0,0.00259179216589144,0,0.00592941575284448,0,0,0,0,0,0,0,0,0,0,8.64827452460304e-05,0,0,0,0,0,0,0,0,0,0,0,2.75769897991031e-05,3.31348010149668e-05,0,0,0
0.000363137923647565,0,0,0,0,0,0,0,0.00359088996149246,0,0,0,0,0,0,0,0.00706102675987651,0.000660325844258413,0.000380181266384068,0,0,0,7.76117143137822e-05,0.00102619408502085,0.00190184278391572,0,0.0104585745619763,0,0.000109000680085809,0,0,0,0,0,0,0,0,0,0,0,0,0,0,0,0,0,0,0,0.00318297838417906,0,0,0,0,0,0.0584323467335617,0,0,0,0,0,0.021347089900875,0,0,0,0,0.00035784651170481,0,0,0.000757153692319851,0,0,0,0,0,0,0,0,0,2.12427029453275e-06,0,0,0,0.000418947691953947,0,0,0,0
0,0,0,0,0,0.00398520640557141,0,0,0,0.00269482394037496,0,0,0,0,0,0,0,0.000160627339604807,0,0,0,0,0,0,0,5.97201896462164e-05,0,0,0,0,0,0,0,0,0,0,0,0,0,0,0,0,0,0,0,0,0,0,0,0,0,0.00851280544978092,0,0,0,0.000433980691013858,0,0,0,0,0,0.0171126097931337,0,0,0,0,0,0,0,0,0,0,0,0,0,0,0,0,0,0,0,0,0.000148613902296894,0.000220017012302579,0,0,0
0,0,0,0,0,0,0,0,0.00712114400574497,0,0,0,0,0,0.00706102675987651,0,0,0.10835918695297,0.0624070600665579,0,0,0.00025854785152983,0.00936801277448033,0.00137061474086424,0.00292896284321387,0.000452925521151286,0.0343299958381534,0,0.00206647158083329,0,0,0,0,0,0,1.8395261658075e-05,1.44815266168952e-06,0,0,2.9568060616962e-05,4.32188451681711e-05,0.000225735216479905,0.000177052065327995,0.000245392851460514,1.46293010035449e-05,0.000121187136224634,3.57007220379357e-05,0,0,0,0,0,0,0,0,0,0,0,0,0,0.000377653248966418,0.000174571955859348,0,3.1594126793952e-05,0.000685791264503571,0.00364852767562187,0.000129598594766332,0,8.453743130285e-05,0.0018840626110375,0,0,0,0,0,0,0,0,0.000433112461588387,0.000154808586821904,2.80483018270375e-05,0,0.0229896069840683,0,0.000803275226364803,5.1457600019561e-05,3.78848583367569e-05
0,0,0,0,0,0,0,0,0.00120783709053826,0,0,0,0,0,0.000660325844258413,0.000160627339604807,0.10835918695297,0,0.0456286625924306,0,0,0.0149004434727736,0.000982092970430621,0.00880413337046179,0.000286647303796609,0.016822378635368,0.000259593711313494,0,0,0,0,0,0,0,0,1.66391868246773e-06,0,0,0,0.000131795259739038,1.41539438463568e-05,0.000320338113943847,7.58240241879076e-05,0.000118694601608342,0,2.96428655532822e-05,7.75985723587169e-05,0,0,3.17799068024155e-06,0,0,0,0,0,0,1.09275675143247e-05,0,0,0,6.71226714464455e-05,0.000280108734613298,1.63730534123568e-05,3.15824093359107e-06,0.00507293193294701,0.000592447529743944,0.000265938154693573,0,0.00400690213255144,0,0,0,0,1.56472593085629e-05,0,0,0,0,0.000195037575428854,0.000205397025572144,3.38438518490843e-06,0,0.018473281825215,3.99313050375588e-05,0.000495722888687264,0.00018706333044849,3.38946242154569e-05
0,0,0.000272913568720769,0.000809410273039254,0,0,0,0,0.00066217756820564,0,0,0,0,0,0.000380181266384068,0,0.0624070600665579,0.0456286625924306,0,0,0,8.83652739604673e-05,0.000383558327032199,0.000570375519086612,3.75652524481742e-05,0.000142605415808407,0.000379021565022205,0,0,0,0,0,0,0,0,0.000223459433119759,0.000106882570048774,0,4.38278730700346e-06,0.00703588526530333,0.00476872601507587,0.0300172961450331,0.0286331095412657,0.0082233207076104,0.00096981722725502,0.00542653172034947,0.00548646142781722,0,3.67007426493637e-05,0.00012135725836383,7.65147904475136e-06,5.21422054760592e-05,0,0,0.000418115178998681,0,0.000484991466237604,0.000413831034542787,0,0,0.000249697387046139,0.000169091753885534,0.00252258377839982,0.00430204782339326,8.14124556899605e-05,0.000274374797977752,0,0,0.000472675303834812,0,0,0,0.00324669854398437,0.00206978528556071,0,0,0,0,0.00859782501067656,0.0113285309557778,0.00103357054283695,0.000599692396989979,0.00675230412127152,5.70366538473909e-05,0.0625502320809061,0.0184561110341358,0.0159173692958456
0,0,0,0,0,0,0,0.000353620259087322,0,0,0,0.00604875362025217,0,0,0,0,0,0,0,0,0,0,0,0,0,0,0,0,0,0,0,0,0,0,0,0.00924417785329245,0,0.00114006884925658,0,0,0,0,0,0,0,0.000156219179433151,0,0,0,3.42397548047627e-05,0,0.00356801459045132,0,0.00111945189625128,0,0,0,0.00148223672811708,0,0,0,0,0.0357364281288639,0,0,0,0,0,0,0,0,0,0.00119938797263134,0,0,0,0,0,0.00212205738877385,0,0.00046378477301108,0,0.000226911822121844,0,0.00343929904015314,0,0
0,0,0,0,0.00791820311550731,0,0.00145421731921731,0,0,0,0.0018817639965054,0,0,0,0,0,0,0,0,0,0,0,0,0,0,0,0,0,0,0,0,0,0,0,0,0,0.0100217010602959,0,0.00158682910452154,0,0,0,0,0,0,0,0.000234989740079367,0,0,0,0.00409519375522002,0,0.000939363351954683,0,0,0,0.00492650816206794,0,0,0,0,0,0,0.0369776465061974,0,0,0,0,0,0,0,0,0,0.00256622746558617,0,0,0,0,0,0.00261953599396689,0,0.00112005765514273,0.000404799024321222,0,0.00626111118112839,0,0
0,0,0,0,0,0,0,0,0,0,0,0,0,0,0,0,0.00025854785152983,0.0149004434727736,8.83652739604673e-05,0,0,0,0,0.00343757495929163,0,0.00989238625610707,0,2.82829332659291e-05,0,0,0,0,0,0,0,0,0,0.00539828425820596,0,0,0,0,0,0,0,0,0,0.000120944302828163,0,0.00225388324858059,0,0,0,0,0,0,0,0,0,0,0,0,0,0,0.0424450729903722,0,0.000340796558731023,0,0.00045192785356422,0,0.000177959910366142,0,1.83778216496003e-05,0,0,0,0,0,1.5232848202369e-05,0,0.00407863666993786,0,0.00231070251066867,5.93062593174938e-05,2.36754273429247e-05,1.12233398150813e-05,0
0,0,0,0,0,0,0,0,0.000170542034282933,0,0,0,0,0,7.76117143137822e-05,0,0.00936801277448033,0.000982092970430621,0.000383558327032199,0,0,0,0,0,0.00289394232715779,6.0962797980629e-05,0.014918861854574,0,0,0,0,0,0,0,0,0,0,0,0.000613596785197063,0,0,0,0,0,0,0,0,0.000147915555853187,0.00213394549429969,0,0,0,0,0,0,0,0,0,0,0,0,0,0,0,0,0.0716701758657173,0,0.0029478921785067,0.000100735067589953,0.00222764610651267,0,0,0,0,0,0,0,0,0,0,0,0.00114061548472171,0.00456649491988661,1.37104940495739e-05,0.000405047303047273,0,0
0,0,0,0,0,0,0,0,0.000215026226875227,0.00192589831935687,0,0,0,0,0.00102619408502085,0,0.00137061474086424,0.00880413337046179,0.000570375519086612,0,0,0.00343757495929163,0,0,0,0.00129138290121887,0,0,0,0,0,0,0,0,0,0,0,0.00359096535227952,0,0,0,0,0,0,0,0,0,0,0,0.00278628296376576,0,0,0,0,0,0.00313028546282302,0,0,0,0,0,7.397875185441e-05,0,0,0.00197085334939654,0,0.04457142608266,0,0.00364658361509677,0,0.000538693918773536,0,0,0,0,0,0,0,0,6.08958929964253e-06,0.000350568756288411,0,0.00188811167552959,0,0.00262850981153602,0,0
0,0,0,0,0,0,0,0,0.00248980613209192,0,0,0,0,0,0.00190184278391572,0,0.00292896284321387,0.000286647303796609,3.75652524481742e-05,0,0,0,0.00289394232715779,0,0,0,0.0171586013662657,0,0,0,0,0,0,0,0,0,0,5.03940653470665e-06,0.00434688059899581,0,0,0,0,0,0,0,0,0.000714807906741909,0.00831998825640118,0,0,0,0,0,0.00633746787016765,0,0,0,0,0,0.000425742338238333,0,0,0,0,0.00106980780450674,0,0.0879814471488782,0,0,0,0,0,0,0,0,0,0,0,0,0,0.000448105845640421,0.00160634807571341,0,0.00267888538174912,0,0
0,0,0,0,0,0,0,0,0,0,0,0,0,0,0,5.97201896462164e-05,0.000452925521151286,0.016822378635368,0.000142605415808407,0,0,0.00989238625610707,6.0962797980629e-05,0.00129138290121887,0,0,0,0.000787940059408014,0,0,0,0,0,0,0,0,0,0,0,0,0,0,0,0,0,0,0,0,0,0,0,0,0,0,0,0,0,0,0,0,0,0,0,0,0.00464162252941862,0,0.02065395092261,0,0.00121575877254176,0,0,0,0,0,0,0,0,0,0,0,0,0,0.000993161975196075,0,0,0,0
0,0,0,0,0,0,0,0,0.00204607581623166,0,0,0,0,0,0.0104585745619763,0,0.0343299958381534,0.000259593711313494,0.000379021565022205,0,0,0,0.014918861854574,0,0.0171586013662657,0,0,0,0.00392597143209238,0,0,0,0,0,0,0,0,0,0,0,0,0,0,0,0,0,0,0,0,0,0,0,0,0,0,0,0,0,0,0,0,0,0,0,0,0.00975211871512227,0,0.00981963100481591,0,0.0702629219043634,0,0,0,0,0,0,0,0,0,0,0,0,0.0027068943968933,0,0,0,0
0,0,0,0,0,0,0,0,0,0,0,0,0,4.21674048993737e-05,0,0,0,0,0,0,0,2.82829332659291e-05,0,0,0,0.000787940059408014,0,0,0,0.00758377780739332,0,0,0,0,0,0,0,0.000606801140617672,0,0,0,0,0,0,0,0,0,0,0,0,0,0,0,0,0,0,0,0,0,0,0,0,0,0,0,0,0,0,0.00196074751514782,0,0.00699723651027401,0,0.00632238347548894,0,0,0,0,0,0,0,3.86872988539008e-05,0,2.05538026420982e-05,5.33186903339811e-06,0,0,0
0,0,0,0,0,0,0,0,0,0,0,0,0.000758295677172286,0,0.000109000680085809,0,0.00206647158083329,0,0,0,0,0,0,0,0,0,0.00392597143209238,0,0,0,0.00418398199470987,0,0,0,0,0,0,0,0.000231188197201467,0,0,0,0,0,0,0,0,0,0,0,0,0,0,0,0,0,0,0,0,0,0,0,0,0,0,0,0,0,0,0.000535881842616578,0,0.0200950944578883,0,0.00527602196051477,0,0,0,0,0,0,0,0.000227900575804596,5.82398519537498e-05,0,0,0,0
0,0,0,0,0,0,0,0,0,0,0,4.28537669377011e-05,0,0,0,0,0,0,0,0,0,0,0,0,0,0,0,0.00758377780739332,0,0,0,0,0,0,0,0,0,0.000207861114531239,0,0,0,0,0,0,0,0,0,0,0,0,0,0,0,0,0,0,0,0,0,0,0,0,0,0,0,0,0,0,0,0,0,0,0.0222622179972499,0,0,0,0,0,0,0,0.000690642216015833,0,1.97050013536487e-05,0.000141906792804143,0,0,0
0,0,0,0,0,0,0,0,0,0,0.00268095001306576,0,0,0,0,0,0,0,0,0,0,0,0,0,0,0,0,0,0.00418398199470987,0,0,0,0,0,0,0,0,0,0.000583955047515728,0,0,0,0,0,0,0,0,0,0,0,0,0,0,0,0,0,0.000857174412973796,0,0,0,0,0,0,0,0,0,0,0,0,0,0,0,0,0.0711881996701293,0,0,0,0,0,0,0,0.000602515588329049,2.75710518247915e-05,0,0,0,0
0,0,0,0,0,0,0,0,0,0,0,0,0,0,0,0,0,0,0,0,0,0,0,0,0,0,0,0,0,0,0,0,0.0103441152709235,0.000928726711055655,0,0.00458757522383937,0,0,0,0,0,0,0,0,0,0,0,0.149218267494666,0,0.000343093404170205,0,0,0,0,0,0,0,0,0,0,0,0,0,0,0,0,0,0,0,0,0,0,0,0,0.37909495775012,0.0212632085359277,0.00162828100837965,0,0.00574069851931848,4.47533665755102e-05,0,0,0.000349142652873588,0,0,0,0
0,0,0,0,0,0,0,0,0,0,0,0,0,0,0,0,0,0,0,0,0,0,0,0,0,0,0,0,0,0,0,0.0103441152709235,0,0,0.000742848359046734,0.000107484663027894,0.00368495365530349,0,0,7.82842817332319e-05,0,0,0,0,0,0,0,0.214563925177135,0.000358120381106043,0.00298527695569174,0,0,0,0,0,0,0,0,0,0,0,0,0,0,0,0,0,0,0,0,0,0,0,0,0.0065695504352793,0.238085889434356,0,0.00581230573100111,9.74518432297177e-05,0.00335534557789416,0,0,0.000600544525679769,0,0,0,0
0,0,0,0,0,0,0,0,0,0,0,0,0,0,0,0,0,0,0,0,0,0,0,0,0,0,0,0,0,0,0,0.000928726711055655,0,0,0.173344317466132,0.0045765460308801,0,0.00490652783392824,0.000128113060550653,0,0,0,0,0,0,0,0,0.262076311841192,0.00153114501955698,0.00222276193069278,0,0,0,0,0,0,0,0,0,0,0,0,0,0,0,0,0,9.78311645575061e-05,0,0,0,0,0,0,0.000811360257091337,0,0.137460409130443,0.00813488721600058,0.00862071097807542,0,0.00117265625806134,7.97829950998324e-05,0.00114768996057003,0,0.000394119573327567,0,0
0,0,0,0,0,0,0,0,0,0,0,0,0,0,0,0,0,0,0,0,0,0,0,0,0,0,0,0,0,0,0,0,0.000742848359046734,0.173344317466132,0,0,0.0111406703755944,3.60729950257652e-05,0.00246659110289666,0,0,0,0,0,0,0,0,0.412712370386495,0.0051936587933907,0.00206471824113853,0,0,0,0,0,0,0,0,0,0,0,0,0,0,0,0,0,0,0,0,0,0,0,0,0,0.00439028108288913,0.0215048342162435,0.055475330262374,0,0.00169219702886599,3.1664771454747e-05,0.0021968177786561,0.00407224262085447,9.36615188857162e-06,0.000428286385394379,0,0
0,0,0,6.95775783473216e-05,0,3.63915798256383e-05,0,0,0,0,0,0.00100103602909146,0,0,0,0,1.8395261658075e-05,1.66391868246773e-06,0.000223459433119759,0.00924417785329245,0,0,0,0,0,0,0,0,0,0,0,0.00458757522383937,0.000107484663027894,0.0045765460308801,0,0,0.00504565410904097,0.0060537871497831,0,1.72755423020381e-05,0,0.000950603187500924,1.48578999322674e-06,3.49942068900288e-05,0,0.000496176796349028,0,0.000455136980562759,0,3.70179704446798e-05,0,1.68205570641626e-06,0,0,0,0,0,9.61730715783768e-06,0,0,0,0,0.00660806664950967,0,0,0,0,0,0,0,0,0,5.99743860292126e-05,0,0.000330752737707385,0.000148254989959357,0.00167497254595865,0,0.0921973954127975,0.00193095339090764,0.00211802797833746,0,0.0121222085210012,0.00300739581469456,0.0016677588705899,0.000484882050108977,0
0,0,0.000127401625678772,0,0.0001052867098024,0,1.25787141046825e-05,0,2.54220114558594e-06,0,0.000388829948303652,0,0,0,0,0,1.44815266168952e-06,0,0.000106882570048774,0,0.0100217010602959,0,0,0,0,0,0,0,0,0,0,0,0.00368495365530349,0,0.0111406703755944,0.00504565410904097,0,3.68326315276615e-05,0.0178529564498151,0,3.70055388616191e-06,0,0.000611099848497074,0,2.04730183253297e-05,1.75281616587727e-06,0.00135279096914262,0.00175316310292773,0.000201140700974404,0,0.000152089867817285,0,0,0,5.62217388880945e-06,0,0.000311851847967484,0,0,0,0,0,0,0.00548191999561042,0,0,0,0,0,0,0,0,0,1.3749216184373e-06,5.6340559399438e-05,0.00122880072030843,0,0.00319624885258552,0.000831606370559091,0.101575460679834,0,0.00103749798344039,0.0175244280206412,0.00200773629917611,0.00339760563570611,0,0.000283445847110618
0,0,0,0,0,0,0,0,0,0.00254149358362346,0,0.00382582024098864,0,0,0,0,0,0,0,0.00114006884925658,0,0.00539828425820596,0,0.00359096535227952,5.03940653470665e-06,0,0,0.000606801140617672,0,0.000207861114531239,0,0,0,0.00490652783392824,3.60729950257652e-05,0.0060537871497831,3.68326315276615e-05,0,0.00010149550763881,0,0,0,8.62763777723379e-06,0,0,3.22527292972687e-05,0,0.00710551217416015,0.000121681259082569,0.00578156273081782,0,0,0,0,0,0.00291790520508804,0,0.00125444894872078,0,0,0,0,0.000450687228396726,0,0.00321408090828028,0,0.0017038267020916,0,0,0,0.000346432593503445,0,0.000341065926554642,0,0,0,0.00325063125720282,0.000172506475204481,0.00479407937030766,0,0.0662539619528153,3.28429222616964e-05,0.00194449824830861,0,0.00208727308714381,0,0
0,0,2.29121720770814e-05,0,0,0,0,0,0.0027885090020883,0,0.00764278716441789,0,0,0,0,0,0,0,4.38278730700346e-06,0,0.00158682910452154,0,0.000613596785197063,0,0.00434688059899581,0,0,0,0.000231188197201467,0,0.000583955047515728,0,0,0.000128113060550653,0.00246659110289666,0,0.0178529564498151,0.00010149550763881,0,0,0,0,0.000122436016130707,0,0,0,1.29584140657182e-05,0.00466758268971929,0.0104913803650953,0.000236379483890764,0,0,0,0,0.00254236700911896,0,0.00037173301266156,0,0,0,0,0,0,5.0917347889757e-05,2.2579716099291e-06,2.76611233648041e-05,0,0.00152453763450649,0,0,0,0.00061127522776663,0,0.00106116174549377,0,0,0,0.00104740328238326,0,0.0109452833562275,0,0.0652257614227883,0.00348424948108772,0.000196789642758915,0.00261729635602744,0,4.92822721482973e-05
0,0,0,0.00235804768097072,0,0.000696261195995872,0,0,0,0,0,0,0,0,0,0,2.9568060616962e-05,0.000131795259739038,0.00703588526530333,0,0,0,0,0,0,0,0,0,0,0,0,0,7.82842817332319e-05,0,0,1.72755423020381e-05,0,0,0,0,0,0.0489925007786563,0.00034190935941356,0.00404989039926255,0,0.00201638027410522,1.45318392993434e-05,0.000468774088709005,0,0.00641172413636413,0,0.000646676768527102,0,0,1.84372553645296e-05,0,0,0,0,0,0,0,0.000636518127478879,1.44793561831618e-05,0,0,0,0,0,0,0,0,2.17230795848922e-05,0,0,0,0,0,0.00770314053066607,1.08331452746962e-05,0.000106191330499003,5.93236260018767e-06,0.000173175777865676,3.39805813048036e-05,0.0195074505342403,0.0455536017338161,6.96957578791399e-05
0,0,0.000493354291487846,0,4.35571090466249e-05,0,0,0,0,0,0,0,0,0,0,0,4.32188451681711e-05,1.41539438463568e-05,0.00476872601507587,0,0,0,0,0,0,0,0,0,0,0,0,0,0,0,0,0,3.70055388616191e-06,0,0,0,0,6.21613504531878e-05,0.0407905732290658,8.63817639010841e-05,0.000269337365611723,0,0.00103659353566471,0.000319421383863797,0.00489644224841119,0,0.000237982028018474,0,0,0,0.000870445267152211,0,8.88149036183611e-05,0,0,0,0,0,0,0.00362093118481535,0,0,0,0,0,0,0,0,0,0.000135083481064297,0,0.000475104128187106,0,0,5.52676227071743e-05,0.00396420295844462,0,6.70975814373801e-05,0.000111856633596366,1.10991277320812e-05,0.0128404238318206,0.000234989902327987,0.0219682545626761
0,0.00325048950980992,0,0.00768232497452474,0,0.00105299565734902,0,0,0,0.00217612145213741,0,0,0,0,0,0,0.000225735216479905,0.000320338113943847,0.0300172961450331,0,0,0,0,0,0,0,0,0,0,0,0,0,0,0,0,0.000950603187500924,0,0,0,0.0489925007786563,6.21613504531878e-05,0,0.0119894290993662,0.00620772432827538,0,0.00170874609817761,0.000167172761205322,8.01379240178761e-05,0.000310649230539863,0.0325366797275627,0,0.000222124314483182,0,0,0,0,0,0.0360255132744415,0,0,0,0,0.0218150873984598,0.0001512390537733,0,0,0,0,0,0,0.000136972711770604,0,0.0356855492636374,0.000138437724837851,0,0,0,0,0.0220338356717235,0.000170209602011178,0.00154856131728057,7.75779100842581e-06,0.00381640725898418,0.000761257426273086,0.109640270695881,0.130333104576198,5.61645959731413e-05
0.000831777071482517,0,0.00304761732779226,0,0.000157463399282009,0,0,0,0.00140002451854165,0,0,0,0,0,0,0,0.000177052065327995,7.58240241879076e-05,0.0286331095412657,0,0,0,0,0,0,0,0,0,0,0,0,0,0,0,0,1.48578999322674e-06,0.000611099848497074,8.62763777723379e-06,0.000122436016130707,0.00034190935941356,0.0407905732290658,0.0119894290993662,0,0.000336624781894323,6.32301451528401e-05,4.15004518949142e-05,0.00102342257988604,0.00221652478224021,0.0128397253337157,0,0.000419835876646316,0,0,0,0.00154196329568423,0,0.0262241791316938,0,0,0,0,0,0.000192728425015267,0.0333921257908409,0,0,0,0,0,0,0,0,0,0.0236999135793105,0,0,0,0,9.97520305568504e-05,0.0203691782252863,0,0.00134193126302685,0.00556256021822278,0.000362027955279922,0.117247261458411,0.000340654577997211,0.12090362702955
0,0,0,0.000957728901063916,0,0,0,0,0,0,0,0,0,0,0,0,0.000245392851460514,0.000118694601608342,0.0082233207076104,0,0,0,0,0,0,0,0,0,0,0,0,0,0,0,0,3.49942068900288e-05,0,0,0,0.00404989039926255,8.63817639010841e-05,0.00620772432827538,0.000336624781894323,0,0,0.00300383061574458,0,0,0,0.000250847295315129,0,0,0,0,0,0,0,0.000181768192968157,0,0,0,0,0.00379030141599634,0.000171384945126518,0,0,0,0,0,0,0,0,0.000671856102414956,0,0,0,0,0,0.00373922992788392,0.000105990225714536,0.000171309419079517,8.40534216724014e-06,0.000124104823927664,4.08737879929719e-06,0.00905211927723066,0.00499923771964836,0.000143891812009269
0,0,0,0,0,0,0,0,0,0,0,0,0,0,0,0,1.46293010035449e-05,0,0.00096981722725502,0,0,0,0,0,0,0,0,0,0,0,0,0,0,0,0,0,2.04730183253297e-05,0,0,0,0.000269337365611723,0,6.32301451528401e-05,0,0,1.38211867004301e-05,0,0,0,0,0,0,0,0,0,0,0,0,0,0,0,0,0,0.000251049529326896,0,0,0,0,0,0,0,0,0,0,0,0,0,0,1.06943125490681e-06,0.000108971968201612,0,3.98332549217206e-05,0,0,0.000827166018258527,0,0.00103979518637318
0,0,0,0.000589235214222757,0,0.00015011481176449,0,0,0,0,0,0,0,0,0,0,0.000121187136224634,2.96428655532822e-05,0.00542653172034947,0.000156219179433151,0,0,0,0,0,0,0,0,0,0,0,0,0,0,0,0.000496176796349028,1.75281616587727e-06,3.22527292972687e-05,0,0.00201638027410522,0,0.00170874609817761,4.15004518949142e-05,0.00300383061574458,1.38211867004301e-05,0,0.000141293461399135,0,4.73968743180085e-05,0.000116274781763147,0,2.58642578937454e-05,0,0,0,0,0,0.000468398520661435,0,0,0,0,0.00533500341441311,0,0,0,0,0,0,0,1.5800931474194e-05,0,0.000280077595666336,0,0,0,0,0,0.00373015399162961,0.000110838435924261,0.00539269095444733,0,0.000239499005629567,0,0.00742895310965199,0.000512818880601404,0
0,0,0.000204582044977336,0,9.72670349532487e-05,0,0,0,0,0,3.38404546882116e-05,0,0,0,0,0,3.57007220379357e-05,7.75985723587169e-05,0.00548646142781722,0,0.000234989740079367,0,0,0,0,0,0,0,0,0,0,0,0,0,0,0,0.00135279096914262,0,1.29584140657182e-05,1.45318392993434e-05,0.00103659353566471,0.000167172761205322,0.00102342257988604,0,0,0.000141293461399135,0,0.00075148101367716,0.00114550940885953,3.55260405175274e-05,0.000387737192972483,0,0,0,0.000189835908768751,0,0.0014963170010943,0,0,0,0,0,0,0.0249858896898163,0,0,0,0,0,0,0,0,5.48797796250293e-05,0.00191487782729175,0,0,0,0,4.2288033634996e-05,0.00744840461508773,0,0.00412461828896507,0.000258663002340369,1.2012467873627e-05,0.0144994205879187,2.0781535395686e-05,0.000116939360215252
0,0,0,0.000439239378715729,9.68622889849257e-05,0.000777451142705127,0,0,5.45125259797186e-05,0,0,0,0,0,0,0,0,0,0,0,0,0.000120944302828163,0.000147915555853187,0,0.000714807906741909,0,0,0,0,0,0,0.149218267494666,0.214563925177135,0.262076311841192,0.412712370386495,0.000455136980562759,0.00175316310292773,0.00710551217416015,0.00466758268971929,0.000468774088709005,0.000319421383863797,8.01379240178761e-05,0.00221652478224021,0,0,0,0.00075148101367716,0,0.136182760971162,0.114423687093994,0.000260509933615483,0,0,0,0.000417409985907765,0,2.34976537686823e-05,0,0,0,0,0,0,0,6.34994865848864e-05,0,0.000216576648457895,0.00117067777106918,0,0,0,0,0,4.52840957621368e-05,0.243959136953834,0.449976679262471,0.05506949260518,0.0181944402221533,0.0257882367632965,0.0160212241123476,0.00194072969940311,0.00826717836601251,0.0019406727419607,7.38649837799107e-06,0.0416715016745831,0,0.000148078914913416
0.0264339137090004,0,0.00382796024539417,0,0.000477183302819071,0.000138119952146218,0,0,0.00197173157448725,0,0,0,0,0,0.00318297838417906,0,0,0,3.67007426493637e-05,0,0,0,0.00213394549429969,0,0.00831998825640118,0,0,0,0,0,0,0,0.000358120381106043,0.00153114501955698,0.0051936587933907,0,0.000201140700974404,0.000121681259082569,0.0104913803650953,0,0.00489644224841119,0.000310649230539863,0.0128397253337157,0,0,4.73968743180085e-05,0.00114550940885953,0.136182760971162,0,0.0153000485238749,0.000457045653719161,0,0,0,0.00634480068917494,0,0.000147710122109577,0,0.0039996562574903,0,0.00661252552715855,0,0,0.000304043274633624,0,0.00438386868792597,0,0.0230757540978379,0,0.0215934204856097,0,0.0123476016038643,0,3.22157533767476e-05,0,0.00098338736776889,0.00069783884615488,0.00072526512429094,2.40211155002404e-05,0.00152775278933254,4.25332325608014e-05,0.00510241744458583,0.00128981007500863,0.00013895247396824,0.0352072302219331,2.13427510736242e-05,0.00080779258773653
0,0.0192371373607069,0,0.0216817820698329,0,0.0043965267756778,0,0,0,0.000817189423640967,0,0,0,0,0,0,0,3.17799068024155e-06,0.00012135725836383,3.42397548047627e-05,0,0.00225388324858059,0,0.00278628296376576,0,0,0,0,0,0,0,0.000343093404170205,0.00298527695569174,0.00222276193069278,0.00206471824113853,3.70179704446798e-05,0,0.00578156273081782,0.000236379483890764,0.00641172413636413,0,0.0325366797275627,0,0.000250847295315129,0,0.000116274781763147,3.55260405175274e-05,0.114423687093994,0.0153000485238749,0,0,0.00095670242235079,0,0,0,0.00346576195682308,0,0.00923494719673812,0,0.00392345273290288,0,0.000116585982564879,0.000188254844501727,0,0.0080849179771596,0,0.0110956805459398,0.000157534436943113,0.00604856712650543,0,0.0180831188918477,0,0.000466858162080182,0,0.000266891013454519,0.000742992251121928,0.000409260249940355,5.85456606389681e-05,0.00459869796021096,0,0.00782946276752568,0.00071331128772551,0.00166313798293037,0.000273084984987784,0.0430798152719228,0.00190678642459567,3.44810189789068e-05
0,0,0.0305153640875474,0,0.0225567058214732,0,0.000952534122666994,0,0,0,1.40150860111993e-05,0,0,0,0,0,0,0,7.65147904475136e-06,0,0.00409519375522002,0,0,0,0,0,0,0,0,0,0,0,0,0,0,0,0.000152089867817285,0,0,0,0.000237982028018474,0,0.000419835876646316,0,0,0,0.000387737192972483,0.000260509933615483,0.000457045653719161,0,0,0,0.00312155717473274,0,0.000495113174298654,0,0.0124301445369198,0,0.0101217755991076,0,0.013737444964362,0,0,0.00917416198545684,0,0,0,0,0,0,0,0,0,0.00227850639262261,0,0,0,0,0,0.000548057411767305,0,0.000434290642152654,0.000512075209605754,0,0.031102269140707,0,0.000604233763816024
0,0,0,0.0330144249297798,0,0.0790379884050484,0,0,0,0,0,0.0021364721471266,0,9.74581279920388e-05,0,0.00851280544978092,0,0,5.21422054760592e-05,0.00356801459045132,0,0,0,0,0,0,0,0,0,0,0,0,0,0,0,1.68205570641626e-06,0,0,0,0.000646676768527102,0,0.000222124314483182,0,0,0,2.58642578937454e-05,0,0,0,0.00095670242235079,0,0,0,0,0,0,0,0.0106261853556902,0,0.00496906985640065,0,0.0149564308488415,0.00520892298585699,0,0,0,0,0,0,0,0,0,0.00128241683022613,0,0,0,0,0,0.000107446206401675,0,9.28894496861846e-05,0,0.0006866343543763,0,0.00896770179240602,0,0
0,0,0,0,0.0116947634367044,0,0.0495021474324942,0,0,0,0.00418983167307597,0,0.000180258672608438,0,0,0,0,0,0,0,0.000939363351954683,0,0,0,0,0,0,0,0,0,0,0,0,0,0,0,0,0,0,0,0,0,0,0,0,0,0,0,0,0,0.00312155717473274,0,0,0,0,0,0.0149475575468024,0,0.000689774260393704,0,0,0,0,0.00136973929286475,0,0,0,0,0,0,0,0,0,0,0,0,0,0,0,0,0,0,0,0,0.000282999041154485,0,0
0,0,0,0,0,0,0,0.00522454811953188,0,0,0,0.000339354534456454,0,0,0,0,0,0,0,0.00111945189625128,0,0,0,0,0,0,0,0,0,0,0,0,0,0,0,0,0,0,0,0,0,0,0,0,0,0,0,0,0,0,0,0,0,0,0,0,0,0.00362730711996347,0,0,0,0,0.000509683968201057,0,0,0,0,0,0,0,0,0,0,0,0,0,0,0,0,0,0,0,6.29209731275297e-05,0,0,0,0
0.061981101844872,0,0.0122686502850923,0,0,0,0,0,0.213384932830652,0,0,0,0,0,0.0584323467335617,0,0,0,0.000418115178998681,0,0,0,0,0,0.00633746787016765,0,0,0,0,0,0,0,0,0,0,0,5.62217388880945e-06,0,0.00254236700911896,1.84372553645296e-05,0.000870445267152211,0,0.00154196329568423,0,0,0,0.000189835908768751,0.000417409985907765,0.00634480068917494,0,0.000495113174298654,0,0,0,0,0,0.00151492119079264,0,7.67869792633828e-05,0,0.0297308567594238,0,0,1.52067176381412e-05,0,0,0,0.0178649708607767,0,0,0,0,0,0.00281470692726674,0,0,0,0,8.40281725230914e-06,0.000275295039631732,0,0.00247768156032599,0.000495510032144209,5.68144355941415e-05,0.0129725372908998,0.000299351990928523,0.000415293488742561
0,0.0252016591373825,0,0,0,0,0,0,0,0.194340438586513,0,0,0,0,0,0.000433980691013858,0,0,0,0,0,0,0,0.00313028546282302,0,0,0,0,0,0,0,0,0,0,0,0,0,0.00291790520508804,0,0,0,0,0,0,0,0,0,0,0,0.00346576195682308,0,0,0,0,0,0,0,0,0,0,0,0.0350481227441221,0,0,0,0,0.0485592629390388,0,0,0,0,0,0,0,0,0,0.00329346131230433,0,0,0,0.00266953591467479,0,0.000281757781469597,3.01145734653696e-05,0.00321922892105064,0,0
0,0,0.0064928128067782,0,0.000210627734063146,0,0.0104341672469586,0,0.000130824417133603,0,0.0707489307697795,0,0.00297963301048687,0,0,0,0,1.09275675143247e-05,0.000484991466237604,0,0.00492650816206794,0,0,0,0,0,0,0,0,0,0.000857174412973796,0,0,0,0,0,0.000311851847967484,0,0.00037173301266156,0,8.88149036183611e-05,0,0.0262241791316938,0,0,0,0.0014963170010943,2.34976537686823e-05,0.000147710122109577,0,0.0124301445369198,0,0.0149475575468024,0,0.00151492119079264,0,0,0,0.0201374863682099,0,0.000204047594644952,0,0,0.0475406087875732,0,0,0,0,0,0,0,0.0018496951440708,0,0.0162484591253179,0,0,0,0,0,0.000255366799548021,0,9.09164543971276e-05,0.00103142190744943,5.97918730174324e-05,0.0223389186123191,0,0.00681016878843469
0,0,0,0.00398749056141278,0,0.00017810942820298,0,0.000348143287820689,0,0,0,0.0566797854391367,0,0.00259179216589144,0,0,0,0,0.000413831034542787,0.00148223672811708,0,0,0,0,0,0,0,0,0,0,0,0,0,0,0,9.61730715783768e-06,0,0.00125444894872078,0,0,0,0.0360255132744415,0,0.000181768192968157,0,0.000468398520661435,0,0,0,0.00923494719673812,0,0.0106261853556902,0,0.00362730711996347,0,0,0,0,0,0.0120998650455231,0,0.000384833128415421,0.0537072694837436,0,0.000277064289046286,0,0.000205279905868551,0,0.000602678969978098,0,0.0479230533511529,0,0.0466604984502213,0,0,0,0,0,0.000681421064698164,0,0.000168514446844667,0,0.000440778351918186,5.84817897515237e-05,0.0172338126441823,0.00507456553745299,0
0,0,0,0,0.000416922919456876,0,0.00741952885237716,0,0,0,0.00151521782790452,0,0.0171713478564471,0,0,0,0,0,0,0,0,0,0,0,0,0,0,0,0,0,0,0,0,0,0,0,0,0,0,0,0,0,0,0,0,0,0,0,0.0039996562574903,0,0.0101217755991076,0,0.000689774260393704,0,7.67869792633828e-05,0,0.0201374863682099,0,0,0,0.0105990241113073,0,0,2.15719234601328e-05,0,0,0,0,0,0,0,0.00301108814993818,0,0,0,0,0,0,0,0,0,0,0.000427886644824786,4.87055215365635e-05,0.000426534791459411,0,0
0,0,0,0.00315485021868578,0,0.00312472309078753,0,0,0,0,0,0.00829850916460911,0,0.00592941575284448,0,0,0,0,0,0,0,0,0,0,0,0,0,0,0,0,0,0,0,0,0,0,0,0,0,0,0,0,0,0,0,0,0,0,0,0.00392345273290288,0,0.00496906985640065,0,0,0,0,0,0.0120998650455231,0,0,0,0.0101986456004867,0.000118127115834669,0,0.000145399227055328,0,0.000376614797781687,0,0.00053561534752546,0,0.014821696804367,0,0,0,0,0,0,0,1.41226432065619e-06,0,0,0,4.63971395953482e-05,2.59658045177746e-05,0.000269737023496636,0,0
0.00028515249992056,0,0.000352665677646136,0,0.000449613934471045,0,0,0,0.00587282185293903,0,0,0,0.000249657568167864,0,0.021347089900875,0,0.000377653248966418,6.71226714464455e-05,0.000249697387046139,0,0,0,0,0,0.000425742338238333,0,0,0,0,0,0,0,0,0,0,0,0,0,0,0,0,0,0,0,0,0,0,0,0.00661252552715855,0,0.013737444964362,0,0,0,0.0297308567594238,0,0.000204047594644952,0,0.0105990241113073,0,0,0,0,0,0,0,0,0,0,0.00104096955328714,0,0,0,0,0,0,0,0,0,0,0,0,0.000158806940588702,2.83038910633181e-05,0,0,0
0,0.00606043497944739,0,0.00384440047831343,0,0.00179240892412382,0,0,0,0.0182885185216096,0,0,0,0,0,0.0171126097931337,0.000174571955859348,0.000280108734613298,0.000169091753885534,0,0,0,0,7.397875185441e-05,0,0,0,0,0,0,0,0,0,0,0,0,0,0,0,0,0,0,0,0,0,0,0,0,0,0.000116585982564879,0,0.0149564308488415,0,0,0,0.0350481227441221,0,0.000384833128415421,0,0.0101986456004867,0,0,0,0,0,0,0,0,0,0,0,0,0,0,0,0,0,0,0,0,0,0,0.000217774380710754,0.000234811606786511,3.32302875141657e-05,0,0
0,0,0,0.000426437640123925,0,4.36748408897498e-05,0,0.00061541389940159,0,0,0,0.00401535222153955,0,0,0,0,0,1.63730534123568e-05,0.00252258377839982,0.0357364281288639,0,0,0,0,0,0,0,0,0,0,0,0,0,0,0,0.00660806664950967,0,0.000450687228396726,0,0.000636518127478879,0,0.0218150873984598,0.000192728425015267,0.00379030141599634,0,0.00533500341441311,0,0,0,0.000188254844501727,0,0.00520892298585699,0,0.000509683968201057,0,0,0,0.0537072694837436,0,0.000118127115834669,0,0,0,0,0,0,0,0,0,0,0.00267004672657141,0,0.0465022846232312,0,0,0,0,0,0.0230368031304779,1.10459365994296e-06,0.0137589333790658,0,0.00101992966564221,1.24557089714424e-05,0.0211201371115735,0.00121985195450402,0
0,0,0.000335659475394176,0,0.00231568065772558,0,0.00609315614938916,0,0.000294767255545815,0,0.00170688305333097,0,0,0,0,0,3.1594126793952e-05,3.15824093359107e-06,0.00430204782339326,0,0.0369776465061974,0,0,0,0,0,0,0,0,0,0,0,0,0,0,0,0.00548191999561042,0,5.0917347889757e-05,1.44793561831618e-05,0.00362093118481535,0.0001512390537733,0.0333921257908409,0.000171384945126518,0.000251049529326896,0,0.0249858896898163,0,0.000304043274633624,0,0.00917416198545684,0,0.00136973929286475,0,1.52067176381412e-05,0,0.0475406087875732,0,2.15719234601328e-05,0,0,0,0,0,0,0,0,0,0,0,0,0,0,0.0177553417245063,0,0,0,0,1.4613566305786e-05,0.0239917948155183,0,0.00703486581762909,0.00113081956768967,4.63064597977296e-05,0.0302374546326571,3.67876710743579e-05,0.00274576355705218
0,0,0,0,0,0,0,0,0,0,0,0,0,0,0,0,0.000685791264503571,0.00507293193294701,8.14124556899605e-05,0,0,0.0424450729903722,0,0.00197085334939654,0,0.00464162252941862,0,0,0,0,0,0,0,0,0,0,0,0.00321408090828028,2.2579716099291e-06,0,0,0,0,0,0,0,0,6.34994865848864e-05,0,0.0080849179771596,0,0,0,0,0,0,0,0.000277064289046286,0,0.000145399227055328,0,0,0,0,0,0.00010542200085326,0.00386463627553886,0,0.00355144006061423,0,0.00402932955762053,0,0,0,0,0,0,0,0,0,0.00734516360005647,0,0.000175081295029532,0,6.63880504912854e-05,0,0
0,0,0,0,0,0,0,0,5.79762637437672e-05,0,0,0,0,0,0.00035784651170481,0,0.00364852767562187,0.000592447529743944,0.000274374797977752,0,0,0,0.0716701758657173,0,0.00106980780450674,0,0.00975211871512227,0,0,0,0,0,0,0,0,0,0,0,2.76611233648041e-05,0,0,0,0,0,0,0,0,0,0.00438386868792597,0,0,0,0,0,0,0,0,0,0,0,0,0,0,0,0.00010542200085326,0,0,0.00362834505259205,0,0.00229752753944224,0,0.000215755854281026,0,0,0,0,0,0,0,0,0,0.00667960783060335,0.00107618931776648,0,0,0,0
0,0,0,0,0,0,0,0,0,0.00190901011726978,0,0,0,0,0,0,0.000129598594766332,0.000265938154693573,0,0,0,0.000340796558731023,0,0.04457142608266,0,0.02065395092261,0,0,0,0,0,0,0,0,0,0,0,0.0017038267020916,0,0,0,0,0,0,0,0,0,0.000216576648457895,0,0.0110956805459398,0,0,0,0,0,0.0485592629390388,0,0.000205279905868551,0,0.000376614797781687,0,0,0,0,0.00386463627553886,0,0,0,0.0494502144815599,0,0.00356172730377539,0,0,0,0,0,0.000425012414472297,0,0,0,0.00371671612122778,0,0.000173564276522827,0,0.00423395432539663,0,0
0,0,0,0,0,0,0,0,0,0,0,0,0,0,0,0,0,0,0,0,0,0,0.0029478921785067,0,0.0879814471488782,0,0.00981963100481591,0,0,0,0,0,0,9.78311645575061e-05,0,0,0,0,0.00152453763450649,0,0,0,0,0,0,0,0,0.00117067777106918,0.0230757540978379,0.000157534436943113,0,0,0,0,0.0178649708607767,0,0,0,0,0,0,0,0,0,0,0.00362834505259205,0,0,0,0.000136669859485981,0,0,0,0,0,0,0,0,0,0,0,0.00260765241685083,6.93830860078012e-05,0,0.00292300109196182,0,0
0,0,0,0,0,0,0,0,0,0,0,0,0,0,0.000757153692319851,0,8.453743130285e-05,0.00400690213255144,0.000472675303834812,0,0,0.00045192785356422,0.000100735067589953,0.00364658361509677,0,0.00121575877254176,0,0.00196074751514782,0,0,0,0,0,0,0,0,0,0,0,0,0,0,0,0,0,0,0,0,0,0.00604856712650543,0,0,0,0,0,0,0,0.000602678969978098,0,0.00053561534752546,0,0,0,0,0.00355144006061423,0,0.0494502144815599,0,0,0,0.0203347888109954,0,0,0,0,0,0,0,0,0,0,0,0.00051320687232895,0,4.04283830111136e-05,0,0
0,0,0,0,0,0,0,0,0.000148837771789249,0,0,0,0,0,0,0,0.0018840626110375,0,0,0,0,0,0.00222764610651267,0,0,0,0.0702629219043634,0,0.000535881842616578,0,0,0,0,0,0,0,0,0,0,0,0,0,0,0,0,0,0,0,0.0215934204856097,0,0,0,0,0,0,0,0,0,0,0,0.00104096955328714,0,0,0,0,0.00229752753944224,0,0.000136669859485981,0,0,0,0.0035281001399057,0,0,0,0,0,0,0,0,0,0,0.000155147579025312,0,0,0,0
0,0,0,0,0,0,0,0,0,0,0,0,0,8.64827452460304e-05,0,0,0,0,0,0,0,0.000177959910366142,0,0.000538693918773536,0,0,0,0.00699723651027401,0,0,0,0,0,0,0,0,0,0.000346432593503445,0,0,0,0.000136972711770604,0,0,0,1.5800931474194e-05,0,0,0,0.0180831188918477,0,0,0,0,0,0,0,0.0479230533511529,0,0.014821696804367,0,0,0.00267004672657141,0,0.00402932955762053,0,0.00356172730377539,0,0.0203347888109954,0,0,0,0.00306100836704574,0,0,0,0,0,2.40763756907392e-05,0,0.000503776395761733,0,2.48648098817423e-05,0.000426379196009418,0.000292809394756045,7.15323405295568e-05,0
0,0,0,0,0,0,0,0,0,0,0,0,0,0,0,0,0,0,0,0,0,0,0,0,0,0,0,0,0.0200950944578883,0,0,0,0,0,0,0,0,0,0.00061127522776663,0,0,0,0,0,0,0,0,0,0.0123476016038643,0,0,0,0,0,0,0,0.0018496951440708,0,0.00301108814993818,0,0,0,0,0,0,0.000215755854281026,0,0,0,0.0035281001399057,0,0,0,0.00103528242131239,0,0,0,0,0,0,0,0.00861764258379311,0,0,0,0,0
