0,0,0.16491215045963,0,0,0,0,0,0.136100719327276,0.266320362687111,0,0,0,0,0,0,0.291598521173,0.299281120300293,0.341034700765329,0,0,0,0,0,0.165190706650416,0,0,0,0,0,0,0,0,0,0,0,0.388807078202565,0,0.250942324829656,0,0.349462181329727,0.2917660176754,0.356251931753024,0,0,0,0.318133860826492,0.353776180744171,0.265355488416311,0,0,0,0,0,0.133302181182098,0,0,0,0,0,0.24000309407711,0,0,0.319951921701431,0,0,0,0.170038333342921,0,0,0,0.346479743719101,0,0,0,0,0,0,0,0.398956254124641,0,0.386504385032152,0.286052300766644,0.29754688590765,0.271263424793015,0,0.405115403234959
0,0,0,0.176944511418396,0,0.155525940987799,0,0,0,0.250667868414418,0,0,0,0,0,0.209285274147987,0.354991465806961,0.428328160196543,0.437792543570201,0.419300049543381,0,0,0,0.23851105879093,0,0,0,0,0,0,0,0,0,0,0,0.39285066373208,0,0.25821566370576,0.318948313593864,0.440937915816903,0.369695857167244,0.367343286278649,0,0,0,0.342163512738127,0,0.254394064346949,0,0.23683977937178,0,0.168208320225988,0,0,0,0.190071318348694,0,0.237981693471892,0,0.234716847538948,0,0.191182219177142,0.364180506694885,0,0,0,0.235890214066756,0,0,0,0.351415783166885,0,0.388264379624663,0,0,0,0,0,0.384908124726887,0,0.310031957693936,0.379155546426773,0.320846769862224,0.298448574542999,0.354175186994171,0.320312514901161,0
0.16491215045963,0,0,0,0.185192985620735,0,0,0,0.142798989469749,0,0,0,0,0,0,0,0.283660992980003,0,0.267941917838721,0,0,0,0,0,0,0,0,0,0,0,0,0,0.288652986288071,0,0.334772154688835,0.238949157297611,0.213261952002843,0.335427850484848,0.333208620548248,0,0.255667763352394,0,0.304779281610982,0,0,0,0.256866961362816,0.305580086261034,0.21037833005824,0.273503758013248,0.194300612434745,0,0,0,0.205615781247616,0,0,0,0.204007232189178,0,0,0,0,0.230306223034859,0,0,0,0,0,0.317069262266159,0,0.336915135383606,0,0,0,0.290399596095085,0,0.312102019786835,0,0.243909169236819,0,0.302388947457075,0.188671589073842,0.20523085569342,0.246482165392952,0,0.356418361457495
0,0.176944511418396,0,0,0,0.190480844222737,0,0,0,0.185828767716885,0,0,0,0,0,0.164294138550758,0.226124778389931,0,0.414089381694794,0.33593475818634,0,0,0,0.208701759576797,0,0,0,0,0,0,0,0,0,0,0,0.252507578581572,0,0.351065263152122,0,0.26846169680357,0,0.273524357673694,0,0,0,0.269565715872008,0,0.328577429056168,0,0.172747666512926,0,0.210121540646804,0,0,0,0.176114122072856,0,0.228880828834678,0,0.192450815161993,0,0.170340708926716,0.282510943710804,0,0,0,0,0,0,0,0,0,0.308596784653871,0,0,0,0,0,0.319574096688518,0,0.380511169632276,0,0.245592423356496,0.260961532592773,0.188016650703134,0.299449026584625,0
0,0,0.185192985620735,0,0,0,0.160629451274872,0,0.164649548200219,0,0,0,0,0,0,0,0,0,0.23323717713356,0,0.255027780166039,0,0,0,0,0,0,0,0,0,0,0,0,0,0,0.252150654792786,0.195821555331349,0,0.278234362602234,0,0.256845408429702,0,0.2516980988008,0,0,0,0.257182413107389,0.279745293781161,0.198393920436502,0.26385227466623,0.178550396848567,0,0,0,0.185511904260652,0,0.314324766397476,0,0,0,0.233016051352024,0,0,0.294131031596517,0,0,0,0,0,0,0,0,0,0,0,0,0,0.296818807721138,0,0.239860563145743,0,0,0.207401557056395,0.19015974475413,0.290178462054048,0,0
0,0.155525940987799,0,0.190480844222737,0,0,0,0,0,0.122564206967193,0,0,0,0,0,0,0.293110728263855,0,0.239602655172348,0.165173496164027,0,0,0,0,0,0,0,0,0,0,0,0,0,0,0,0.203011041295897,0,0.299067065119743,0,0.265953421592712,0,0.256658707096659,0,0,0,0.221634445246309,0,0.301167264580727,0,0.192462658340281,0,0.17454140649197,0,0,0,0.125985575723462,0,0.231718417863513,0,0,0,0.140905979504952,0.2353683504753,0,0,0,0,0,0,0,0.285824626684189,0,0.293603989813063,0,0,0,0,0,0.211110220544718,0,0.289223283529282,0,0.162604531046536,0.17220021096074,0.225930685922503,0,0
0,0,0,0,0.160629451274872,0,0,0,0,0,0,0,0,0,0,0,0,0,0,0,0.161118239164352,0,0,0,0,0,0,0,0,0,0,0,0,0,0,0,0,0,0,0,0,0,0,0,0,0,0,0,0,0,0.135056381779058,0,0.129572467018779,0,0,0,0,0,0,0,0,0,0,0.170722726297069,0,0,0,0,0,0,0,0,0,0,0,0,0,0,0,0,0,0,0.170093112881633,0.196684996669109,0,0,0
0,0,0,0,0,0,0,0,0,0,0,0.170457774195178,0,0,0,0,0,0,0,0.121130832355388,0,0,0,0,0,0,0,0,0,0,0,0,0,0,0,0,0,0,0,0,0,0,0,0,0,0,0,0,0,0,0,0.140096619725227,0,0.173248648399212,0,0,0,0,0,0.140754549205303,0,0,0.255967767909169,0,0,0,0,0,0,0,0,0,0,0,0,0,0,0,0,0,0,0,0.131208811538375,0.164696177869451,0,0,0
0.136100719327276,0,0.142798989469749,0,0.164649548200219,0,0,0,0,0,0,0,0,0,0.158724201843143,0,0.155170182653507,0.18182570040226,0.262167660253389,0,0,0,0,0,0.162131664295172,0,0.137394256251199,0,0,0,0,0,0,0,0,0,0,0,0.223986043592443,0,0,0,0.228800096731076,0,0,0,0.247708028554916,0,0.213189736008644,0,0.161693205768374,0,0,0,0.20572405015107,0,0,0,0,0,0.175189298391342,0,0,0,0,0,0,0.202451813613114,0,0.150989887615045,0,0,0,0,0,0,0,0,0,0,0,0.212658663882929,0.212173015196723,0.18186140358448,0.248224588305648,0,0.236100653807322
0.266320362687111,0.250667868414418,0,0.185828767716885,0,0.122564206967193,0,0,0,0,0,0,0,0,0,0.175546297946137,0.229361891674881,0.236562098858563,0.285828292910809,0,0,0,0,0.211795566641555,0,0.191036149859428,0,0,0,0,0,0,0,0,0,0.370002170926646,0.400426276028156,0.258614513763162,0.385260187089443,0.343163623696282,0.365435169766779,0.249517361572639,0.34186969271728,0,0,0.28756383061409,0.334327012300491,0.196769773960114,0.327353775501251,0.238222798791485,0,0.164023995399475,0,0,0,0.19601329771186,0,0.303875826976516,0,0.174463465809822,0,0.168571270036935,0.278149633723147,0.264179140329361,0,0,0.202906838822656,0,0.161585769145796,0,0.319139566491632,0,0.332938871669526,0,0,0,0,0,0.378209822614428,0.365383796966993,0.29422005865237,0.392998651454323,0.251955304429596,0.236942042907079,0.273322060159826,0.28682146469752,0
0,0,0,0,0,0,0,0,0,0,0,0,0.129004018920425,0,0,0,0,0,0,0,0.156432977237549,0,0,0,0,0,0,0,0,0,0.14487479031086,0,0,0,0,0,0.132251720393405,0,0.131586185501268,0,0,0,0,0,0,0,0,0,0,0,0,0,0,0,0,0,0.168446139477176,0,0.133245134589876,0,0,0,0,0.123448629807306,0,0,0,0,0,0,0,0,0,0.150940495776013,0,0,0,0,0,0.134222695253034,0,0,0.141063897555887,0,0.145797653840138,0,0
0,0,0,0,0,0,0,0.170457774195178,0,0,0,0,0,0.144923370653464,0,0,0,0,0,0.156091833257512,0,0,0,0,0,0,0,0.147269080082575,0,0.163948317185829,0,0,0,0,0,0.135625735709542,0,0.142179354210695,0,0,0,0,0,0,0,0,0,0,0,0,0,0,0,0,0,0,0,0.155993036269655,0,0.128118959668371,0,0,0,0,0,0,0,0,0,0,0.1594552507526,0,0.156195518493775,0,0,0,0,0,0,0,0.169231365124385,0,0.135529830443239,0.102824412286282,0,0,0
0,0,0,0,0,0,0,0,0,0,0.129004018920425,0,0,0,0,0,0,0,0,0,0,0,0,0,0,0,0,0,0.160023553852449,0,0,0,0,0,0,0,0,0,0,0,0,0,0,0,0,0,0,0,0,0,0,0,0,0,0,0,0.123930692672729,0,0.124372553204497,0,0,0,0,0,0,0,0,0,0,0,0,0,0,0,0,0,0,0,0,0,0,0,0.184829621722824,0.197226618727048,0,0,0
0,0,0,0,0,0,0,0,0,0,0,0.144923370653464,0,0,0,0,0,0,0,0,0,0,0,0,0,0,0,0.13990399800241,0,0,0,0,0,0,0,0,0,0,0,0,0,0,0,0,0,0.308656394481659,0,0,0,0,0,0,0,0,0,0,0,0.148405048582289,0,0.141042376211229,0,0,0,0,0,0,0,0,0,0,0.1499314631025,0,0,0,0,0,0,0,0,0,0,0,0.165890147888112,0.175500202850245,0,0,0
0,0,0,0,0,0,0,0,0.158724201843143,0,0,0,0,0,0,0,0.162822930680381,0,0,0,0,0,0,0,0,0,0,0,0,0,0,0,0,0,0,0,0,0,0,0,0,0,0,0,0,0,0,0,0,0,0,0,0,0,0.168732549063861,0,0,0,0,0,0,0,0,0,0,0,0,0,0,0,0,0,0,0,0,0,0,0,0,0,0,0,0.159514265401023,0.152528937373843,0,0,0
0,0.209285274147987,0,0.164294138550758,0,0,0,0,0,0.175546297946137,0,0,0,0,0,0,0.192953478831511,0.180074980031974,0.221711950642722,0,0,0,0,0,0,0.133809053235584,0,0,0,0,0,0,0,0,0,0,0,0,0,0,0,0.258305251598358,0,0,0,0,0,0,0.264064103364944,0.144143938761333,0,0,0,0,0,0.189277939620565,0,0.163025385004351,0,0.137762174010277,0,0.158733300864697,0,0,0,0,0,0,0.114123031497002,0,0,0,0,0,0,0,0,0,0,0,0,0,0.161792184044788,0.145886641882715,0.159157171845436,0,0
0.291598521173,0.354991465806961,0.283660992980003,0.226124778389931,0,0.293110728263855,0,0,0.155170182653507,0.229361891674881,0,0,0,0,0.162822930680381,0.192953478831511,0,0.175312344093867,0.223009467207383,0.379018142819405,0,0,0.179047573416613,0,0.171605827295045,0,0.124310835368103,0,0,0,0,0,0,0,0,0.336989055077235,0.358789262672265,0.32716913599717,0.365055243435659,0.286869742907584,0.322992449859157,0.264087648039133,0.284677304751505,0,0,0.285991068308552,0.277853570050663,0,0.313685599300596,0.271932721138,0,0,0,0,0.165846165723917,0,0,0,0,0,0.182086355984211,0.197740332947837,0.315895567337672,0.309093981981277,0,0.140684409439564,0,0,0,0.133635300211608,0,0.301812380552292,0.290122702717781,0,0,0,0,0,0.321824163198471,0.344063886516803,0.32945157899413,0.341746090462914,0.204935532236179,0.172362677156754,0.317745739720526,0.269049264490604,0.313069983199239
0.299281120300293,0.428328160196543,0,0,0,0,0,0,0.18182570040226,0.236562098858563,0,0,0,0,0,0.180074980031974,0.175312344093867,0,0.206126441490097,0.301651872694492,0,0.140472710056183,0,0.157449616857901,0,0.14321151380028,0,0,0,0,0,0,0,0,0,0.344359660148621,0.354600738911402,0.335700942970374,0.352927532792091,0.291037747772729,0.322737142443657,0.260462042910081,0.286239193989927,0,0,0.279784609947134,0.332986652851105,0,0.311953415828092,0.293871896607535,0,0,0,0,0,0.179000295911516,0,0,0,0,0,0.17798567057559,0.294590625762939,0.267028331756592,0.126282936760357,0,0.185039373380797,0,0.140960675459238,0,0,0,0.38454024706568,0,0,0,0,0,0.332565267768381,0.343088642590576,0.333894524359165,0.34579546911561,0.231870479495274,0.177360471177618,0.318518374073989,0.268157739388315,0.32066732702347
0.341034700765329,0.437792543570201,0.267941917838721,0.414089381694794,0.23323717713356,0.239602655172348,0,0,0.262167660253389,0.285828292910809,0,0,0,0,0,0.221711950642722,0.223009467207383,0.206126441490097,0,0.354731246829033,0,0,0,0,0,0,0,0,0,0.329735279083252,0,0,0,0,0,0.341246332520166,0.370376881750333,0.330226967519969,0.364299598907199,0.272554369346482,0.318293578454272,0.216401871719032,0.22966597658577,0.227049713333448,0.263222068548203,0.29476082842601,0.263479315772139,0.228505954146385,0.328952513683058,0.285752428603954,0,0,0,0,0,0.262434303760529,0,0.337712913751602,0,0,0,0.178530315558116,0.317472559536339,0.317403863583292,0,0,0,0,0,0,0.337919151782989,0.335794267058373,0.337875716092828,0.385070562362671,0,0,0,0,0.324583325556493,0.375314818674719,0.331098071151232,0.38050235663035,0.236624924348946,0.23447317896313,0.315667060385143,0.229723886321909,0.312929615478053
0,0.419300049543381,0,0.33593475818634,0,0.165173496164027,0,0.121130832355388,0,0,0,0.156091833257512,0,0,0,0,0.379018142819405,0.301651872694492,0.354731246829033,0,0,0,0,0,0,0,0,0,0,0.344366597277778,0,0,0,0,0,0.213922985394432,0,0.303909477094809,0,0,0,0.249307228361859,0.316852152347565,0,0,0.237404713759551,0,0,0,0.311197191476822,0,0,0,0,0,0,0,0.156840334335963,0,0,0,0,0.233081206420236,0,0,0,0,0,0,0,0,0,0.325113113316005,0,0,0,0,0,0.230164675572932,0,0.348754445524271,0,0.154455875655211,0.411194831132889,0.18837393014989,0,0
0,0,0,0,0.255027780166039,0,0.161118239164352,0,0,0,0.156432977237549,0,0,0,0,0,0,0,0,0,0,0,0,0,0,0,0,0,0,0,0,0,0,0,0,0,0.179323379820139,0,0.158222398153199,0,0,0,0.276812225580215,0,0,0,0.225259208679199,0,0,0,0,0,0,0,0,0,0.149253245761243,0,0,0,0,0,0,0.173325367777024,0,0,0,0,0,0,0,0,0,0.160472588879722,0,0,0,0,0,0.169120611142866,0,0.265568554401398,0.1700079905904,0.179899290204048,0.280280929358526,0,0
0,0,0,0,0,0,0,0,0,0,0,0,0,0,0,0,0,0.140472710056183,0,0,0,0,0.112033684396376,0.15907599738223,0.127864187583327,0.162385938865412,0,0.18165627489016,0,0,0,0,0,0,0,0,0,0.14617211146446,0.108991409341494,0,0,0,0,0,0,0,0,0,0,0.133686901855861,0,0,0,0,0,0,0,0,0,0,0,0,0,0,0.161460362677407,0.125984732061625,0.19038201692189,0,0.205214253769201,0,0.116521973300863,0,0,0,0,0,0,0,0,0,0.215761980284815,0,0.123877784833418,0.141567999727962,0.241046041250229,0,0
0,0,0,0,0,0,0,0,0,0,0,0,0,0,0,0,0.179047573416613,0,0,0,0,0.112033684396376,0,0,0.190883778523476,0,0.318848140537739,0,0.13047949514891,0,0,0,0,0,0,0,0,0.140104159712791,0.17001341257179,0,0,0,0,0,0,0,0,0,0.179177187575625,0,0,0,0,0,0,0,0,0,0,0,0,0,0,0,0.146314528935096,0.156992266072201,0,0.182827978213174,0,0,0,0.115603361278772,0,0,0,0,0,0,0,0,0,0.229205250574483,0.146400543095321,0.115559958752062,0,0,0
0,0.23851105879093,0,0.208701759576797,0,0,0,0,0,0.211795566641555,0,0,0,0,0,0,0,0.157449616857901,0,0,0,0.15907599738223,0,0,0,0.185466119368871,0,0,0,0,0,0,0,0,0,0,0,0.197358085942477,0,0,0,0.184485615118519,0,0,0,0,0,0.195871770381927,0,0.121185809152551,0,0,0,0,0,0.196011547520757,0,0,0,0,0,0,0,0,0.123458258356109,0,0.213969809202285,0,0.14896301308372,0,0,0,0,0,0,0,0,0,0,0,0.236597929653876,0,0.172147114906046,0,0.241214238107204,0,0
0.165190706650416,0,0,0,0,0,0,0,0.162131664295172,0,0,0,0,0,0,0,0.171605827295045,0,0,0,0,0.127864187583327,0.190883778523476,0,0,0,0.315407287200977,0,0,0,0,0,0,0,0,0,0,0,0.240645393993372,0,0,0,0.265824913978577,0,0,0,0,0.347891718149185,0.172267441360051,0,0,0,0,0,0.182859687962998,0,0,0,0,0,0.2156545230084,0,0,0,0,0.169411034834367,0,0.201682295681848,0,0.124366901814938,0,0,0,0,0,0,0,0,0,0,0,0.256898223695175,0.177801378610368,0.156307841340701,0.212600998580456,0,0
0,0,0,0,0,0,0,0,0,0.191036149859428,0,0,0,0,0,0.133809053235584,0,0.14321151380028,0,0,0,0.162385938865412,0,0.185466119368871,0,0,0,0.328543881547045,0,0,0,0,0,0,0,0,0,0.23551844060421,0,0,0,0,0,0,0,0,0,0,0,0.226606905460358,0,0,0,0,0,0,0,0,0,0,0,0.148843504488468,0,0,0.128356067836285,0,0.211490922324035,0,0.244912803638726,0,0.396245813789256,0,0,0,0,0,0,0,0,0,0.245262424151103,0,0.131552691772288,0,0.242675580084324,0,0
0,0,0,0,0,0,0,0,0.137394256251199,0,0,0,0,0,0,0,0.124310835368103,0,0,0,0,0,0.318848140537739,0,0.315407287200977,0,0,0,0,0,0,0,0,0,0,0,0,0,0,0,0,0,0,0,0,0,0,0,0,0,0,0,0,0,0.139496862391631,0,0,0,0,0,0,0,0,0,0,0,0,0,0,0.152783317025751,0,0,0,0,0,0,0,0,0,0,0,0,0.123701475560665,0,0,0,0
0,0,0,0,0,0,0,0,0,0,0,0.147269080082575,0,0.13990399800241,0,0,0,0,0,0,0,0.18165627489016,0,0,0,0.328543881547045,0,0,0,0.17152413377695,0,0,0,0,0,0,0,0.182214248925447,0,0,0,0,0,0,0,0,0,0,0,0,0,0,0,0,0,0,0,0,0,0,0,0,0,0,0.183896112156675,0,0,0,0.359952265253434,0,0.22566879667684,0,0,0,0,0,0,0,0,0,0,0,0.136940856907694,0.137288282731477,0,0,0
0,0,0,0,0,0,0,0,0,0,0,0,0.160023553852449,0,0,0,0,0,0,0,0,0,0.13047949514891,0,0,0,0,0,0,0,0.243519721772727,0,0,0,0,0,0,0,0.135314419865608,0,0,0,0,0,0,0,0,0,0,0,0,0,0,0,0,0,0,0,0,0,0,0,0,0,0,0.140062684850658,0,0,0,0,0,0.16695652647238,0,0.133799001574516,0,0,0,0,0,0,0,0,0.140419525759561,0.181883819401264,0,0,0
0,0,0,0,0,0,0,0,0,0,0,0.163948317185829,0,0,0,0,0,0,0.329735279083252,0.344366597277778,0,0,0,0,0,0,0,0.17152413377695,0,0,0,0,0,0,0,0,0,0.157663992875152,0,0,0,0.249947622418404,0,0,0,0,0,0,0,0,0,0,0,0,0,0,0,0.171273524242063,0,0,0,0,0.403942465782166,0,0,0,0,0,0,0,0.125897699967027,0,0.159722157148083,0,0,0,0,0,0,0,0.172597194090486,0,0.146721156510083,0.150496367471559,0,0,0
0,0,0,0,0,0,0,0,0,0,0.14487479031086,0,0,0,0,0,0,0,0,0,0,0,0,0,0,0,0,0,0.243519721772727,0,0,0,0,0,0,0,0,0,0.150897728666516,0,0,0,0,0,0,0,0,0,0,0,0,0,0,0,0,0,0.119046039879322,0,0,0,0,0,0,0,0,0,0,0,0,0,0,0.114998938515782,0,0.157131064353689,0,0,0,0,0,0,0,0.187001234606693,0.165988358358542,0,0,0,0
0,0,0,0,0,0,0,0,0,0,0,0,0,0,0,0,0,0,0,0,0,0,0,0,0,0,0,0,0,0,0,0,0.160999560585389,0.157904307526278,0.139521627940915,0,0.110230659006857,0,0,0,0,0,0,0,0,0,0,0.26541078266205,0,0.307520288228989,0,0,0,0,0,0,0,0,0,0,0,0,0,0,0,0,0,0,0,0,0,0,0,0,0.185355197635271,0.267104487617811,0.208907387219369,0.147691649734043,0.266997641324997,0.244269520044327,0,0,0.142112518317605,0,0,0,0
0,0,0.288652986288071,0,0,0,0,0,0,0,0,0,0,0,0,0,0,0,0,0,0,0,0,0,0,0,0,0,0,0,0,0.160999560585389,0,0,0.177420106422794,0,0.228384727030061,0,0.270733222365379,0,0.217973917722702,0,0,0,0,0,0.249820786217848,0.316084782859331,0,0.338059007548369,0,0,0,0,0,0,0,0,0,0,0,0,0,0,0,0,0,0,0,0,0,0,0,0,0.263155579566956,0.266278466268767,0,0.203016683348079,0,0.222388331778347,0,0.266557544469833,0.158773095430063,0,0.269358429643843,0,0
0,0,0,0,0,0,0,0,0,0,0,0,0,0,0,0,0,0,0,0,0,0,0,0,0,0,0,0,0,0,0,0.157904307526278,0,0,0.152345044331418,0.151355510896043,0,0.192064232446931,0,0.295663952827454,0,0.375981787840525,0,0,0,0,0,0.297080148815969,0,0.261438440393519,0,0,0,0,0,0,0,0,0,0,0,0,0,0,0,0,0,0,0,0,0,0,0,0,0.199708524392918,0.166038975119591,0.204163105191152,0.140669267186347,0.212921661418233,0,0.235644774592441,0,0.184351239538144,0,0,0,0
0,0,0.334772154688835,0,0,0,0,0,0,0,0,0,0,0,0,0,0,0,0,0,0,0,0,0,0,0,0,0,0,0,0,0.139521627940915,0.177420106422794,0.152345044331418,0,0,0.195152403767462,0,0.312981816840434,0,0.32267764210701,0,0,0,0,0,0.29349285364151,0.327418476493555,0.273536828745689,0.362439751625061,0,0,0,0,0,0,0,0,0,0,0,0,0,0,0,0,0,0,0,0,0,0,0,0,0,0.269031088799238,0.159741818904877,0.280337866865956,0,0.22525787721662,0,0.224648091274856,0.213412374721201,0,0.3613721984956,0,0
0,0.39285066373208,0.238949157297611,0.252507578581572,0.252150654792786,0.203011041295897,0,0,0,0.370002170926646,0,0.135625735709542,0,0,0,0,0.336989055077235,0.344359660148621,0.341246332520166,0.213922985394432,0,0,0,0,0,0,0,0,0,0,0,0,0,0.151355510896043,0,0,0.14117255241294,0.25226712714897,0.143915927658478,0.261189194331909,0.378932605187098,0.289577287364279,0.289805630626886,0,0,0.271062685675258,0,0.157506305602242,0.26461461186409,0.263019699999627,0,0.273976221680641,0,0,0,0.288813024759293,0,0.240451685436394,0,0,0,0.166262775659561,0.240873348363388,0,0,0,0,0,0,0,0.320132335027059,0,0.308955882580913,0,0.143455055852731,0,0.131603097142298,0.354002952575684,0.218438806901972,0.179376673698425,0.247723134825003,0.277720153331757,0.221029943705201,0.371325211795537,0.308670986252717,0.375111890858725,0.342386496067047
0.388807078202565,0,0.213261952002843,0,0.195821555331349,0,0,0,0,0.400426276028156,0.132251720393405,0,0,0,0,0,0.358789262672265,0.354600738911402,0.370376881750333,0,0.179323379820139,0,0,0,0,0,0,0,0,0,0,0.110230659006857,0.228384727030061,0,0.195152403767462,0.14117255241294,0,0.157658971846104,0.198979821026409,0.359236493706703,0.288957335224206,0.317988649010658,0.337562293316189,0,0,0.298673883080482,0.274400288102943,0.235247708698536,0.277880673823149,0.254181207254015,0,0,0,0,0,0,0.146847634970605,0,0,0,0,0,0,0.184787144200711,0,0,0,0,0,0,0,0,0,0,0.102562059077524,0.218590503931046,0,0.223322268737399,0.153832603068579,0.220490171061415,0.376166969537735,0.25302405116623,0.22450274696101,0.316457052922619,0.276963087315488,0,0.393521998077631
0,0.25821566370576,0.335427850484848,0.351065263152122,0,0.299067065119743,0,0,0,0.258614513763162,0,0.142179354210695,0,0,0,0,0.32716913599717,0.335700942970374,0.330226967519969,0.303909477094809,0,0.14617211146446,0.140104159712791,0.197358085942477,0,0.23551844060421,0,0.182214248925447,0,0.157663992875152,0,0,0,0.192064232446931,0,0.25226712714897,0.157658971846104,0,0.15731774081113,0.310462128903185,0.361806429922581,0.279960070641673,0.322678907641343,0,0,0.28398692558529,0.37804114818573,0.47586795771808,0.374930024147034,0.180527495476525,0,0,0,0,0,0.188613023886011,0,0.170614763618784,0,0.244379878044128,0,0,0.334447783780279,0,0.199701456997254,0,0.173808562118061,0,0.22253677862532,0,0.219348068038623,0,0.203873884234879,0,0,0,0.191361637126585,0,0.281564585987314,0.379203210274378,0.203180995613488,0.211688053201545,0.300252953126508,0.240105589929812,0.30737787259727,0.356167025864124,0.317678385972977
0.250942324829656,0.318948313593864,0.333208620548248,0,0.278234362602234,0,0,0,0.223986043592443,0.385260187089443,0.131586185501268,0,0,0,0,0,0.365055243435659,0.352927532792091,0.364299598907199,0,0.158222398153199,0.108991409341494,0.17001341257179,0,0.240645393993372,0,0,0,0.135314419865608,0,0.150897728666516,0,0.270733222365379,0,0.312981816840434,0.143915927658478,0.198979821026409,0.15731774081113,0,0.397140756249428,0.302384426615324,0.329687043240196,0.338472549059347,0,0.31483381986618,0.33170360326767,0.283082442083758,0.472863088822679,0.225254655871003,0.265067458152771,0,0,0,0,0.197928030628803,0,0.144207837392193,0,0,0,0,0,0,0.203162942556249,0,0.172471745625037,0,0.238528833794385,0,0,0,0,0,0.147096561474287,0,0.3099345266819,0,0.335523682995551,0.387685010830561,0.243287352487197,0.18424000760371,0.200320853038201,0.284091186764827,0.243076751023773,0.294544429099398,0,0.392901014701455
0,0.440937915816903,0,0.26846169680357,0,0.265953421592712,0,0,0,0.343163623696282,0,0,0,0,0,0,0.286869742907584,0.291037747772729,0.272554369346482,0,0,0,0,0,0,0,0,0,0,0,0,0,0,0.295663952827454,0,0.261189194331909,0.359236493706703,0.310462128903185,0.397140756249428,0,0.326003193855286,0.282351282301613,0.296701621264219,0.280170351266861,0,0.265712356789315,0,0.307821784885774,0.385346084833145,0.370203935559009,0,0.299509227275848,0,0,0,0,0,0.259582155942917,0,0,0,0.359546959400177,0.209725022819755,0,0,0,0,0,0,0,0.26866090297699,0,0.293780503304381,0,0.290421611732907,0.43418025970459,0,0.275274664163589,0.23588602827014,0.204479202628136,0.29802662626441,0.366031805674235,0.301606524918196,0.28163316367585,0.278601249728574,0.324317629216239,0.34238101541996
0.349462181329727,0.369695857167244,0.255667763352394,0,0.256845408429702,0,0,0,0,0.365435169766779,0,0,0,0,0,0,0.322992449859157,0.322737142443657,0.318293578454272,0,0,0,0,0,0,0,0,0,0,0,0,0,0.217973917722702,0,0.32267764210701,0.378932605187098,0.288957335224206,0.361806429922581,0.302384426615324,0.326003193855286,0,0.297753086013179,0.311344015048168,0.288918856531382,0.25536248087883,0.307258377733984,0.237661924331998,0.299025930710976,0.22488780422995,0.281550796702504,0,0,0,0,0,0,0,0,0,0,0,0.414888292551041,0.308944165706635,0.258428501089414,0,0,0,0,0,0,0,0.336929172277451,0.332538783550262,0.276293955743313,0,0.30073407292366,0,0,0.356110917031765,0.265386610962179,0.356285977694723,0.316236086686452,0.325298768744981,0.304604620216477,0.304779947875057,0.279661409556866,0.360616201324443
0.2917660176754,0.367343286278649,0,0.273524357673694,0,0.256658707096659,0,0,0,0.249517361572639,0,0,0,0,0,0.258305251598358,0.264087648039133,0.260462042910081,0.216401871719032,0.249307228361859,0,0,0,0.184485615118519,0,0,0,0,0,0.249947622418404,0,0,0,0.375981787840525,0,0.289577287364279,0.317988649010658,0.279960070641673,0.329687043240196,0.282351282301613,0.297753086013179,0,0.238289624513412,0.1948573754022,0,0.294636658045083,0.276143368333578,0.391130536794662,0.284942357377573,0.312138662858156,0,0.259016366675496,0,0,0,0.215409014035355,0,0.31621622289466,0,0.32461603730917,0,0.252999458462,0.290554695426219,0,0,0,0.177740866175065,0,0,0,0.308893753723665,0,0.297320307217172,0,0,0,0,0,0.339662409183232,0.328995067822306,0.308430804558128,0.324890963973538,0.26368963489492,0.252245585324571,0.293638580562684,0.234465580415611,0.248001853227615
0.356251931753024,0,0.304779281610982,0,0.2516980988008,0,0,0,0.228800096731076,0.34186969271728,0,0,0,0,0,0,0.284677304751505,0.286239193989927,0.22966597658577,0.316852152347565,0.276812225580215,0,0,0,0.265824913978577,0,0,0,0,0,0,0,0,0,0,0.289805630626886,0.337562293316189,0.322678907641343,0.338472549059347,0.296701621264219,0.311344015048168,0.238289624513412,0,0.22107952584823,0.269097911460059,0.292578425496183,0.243040588907212,0.368332399164929,0.315663342540491,0.268262917796771,0,0,0,0,0.173467561602592,0,0.345351494848728,0,0,0,0,0,0.29802746574084,0.306626051102044,0,0,0,0.318614214658737,0,0.344103452563286,0,0.319730315771368,0.271768938750029,0.333457306027412,0,0.315525501966476,0,0.294705629348755,0.327600040813772,0.335387719358191,0.323867578919117,0.341697044970382,0.253543820677222,0.250635523537052,0.321746327212649,0.24788223952055,0.30169213421288
0,0,0,0,0,0,0,0,0,0,0,0,0,0,0,0,0,0,0.227049713333448,0,0,0,0,0,0,0,0,0,0,0,0,0,0,0,0,0,0,0,0,0.280170351266861,0.288918856531382,0.1948573754022,0.22107952584823,0,0,0,0,0,0,0,0,0,0,0,0,0,0,0,0,0,0,0,0,0,0,0,0,0,0,0,0,0,0,0,0,0,0,0,0.273279009386897,0.364722460508347,0.262071907520294,0.313212603330612,0.202643860131502,0,0.24897168044533,0,0.285585224628448
0,0,0,0,0,0,0,0,0,0,0,0,0,0,0,0,0,0,0.263222068548203,0,0,0,0,0,0,0,0,0,0,0,0,0,0,0,0,0,0,0,0.31483381986618,0,0.25536248087883,0,0.269097911460059,0,0,0,0,0,0,0,0,0,0,0,0,0,0,0,0,0,0,0,0,0,0,0,0,0,0,0,0,0,0,0,0,0,0,0,0,0,0,0,0.25573218613863,0,0.282466910779476,0,0
0,0.342163512738127,0,0.269565715872008,0,0.221634445246309,0,0,0,0.28756383061409,0,0,0,0.308656394481659,0,0,0.285991068308552,0.279784609947134,0.29476082842601,0.237404713759551,0,0,0,0,0,0,0,0,0,0,0,0,0,0,0,0.271062685675258,0.298673883080482,0.28398692558529,0.33170360326767,0.265712356789315,0.307258377733984,0.294636658045083,0.292578425496183,0,0,0,0.269930452108383,0.283715535151331,0.29198111842076,0.219244340543255,0,0.222998648881912,0,0,0,0.245489358901978,0,0.258442571179734,0,0.241671666502953,0,0,0.257895247401194,0.289088696241379,0,0,0,0,0,0,0.292946205689357,0,0.289407107324311,0,0,0,0,0.270512223243713,0.270461100908976,0.317872196435928,0.292318197833156,0.323188713441292,0.295278430436071,0.276265228788058,0.2895843555236,0.267597790374312,0.276159029867914
0.318133860826492,0,0.256866961362816,0,0.257182413107389,0,0,0,0.247708028554916,0.334327012300491,0,0,0,0,0,0,0.277853570050663,0.332986652851105,0.263479315772139,0,0.225259208679199,0,0,0,0,0,0,0,0,0,0,0,0.249820786217848,0,0.29349285364151,0,0.274400288102943,0.37804114818573,0.283082442083758,0,0.237661924331998,0.276143368333578,0.243040588907212,0,0,0.269930452108383,0,0.258810063557965,0.243489022807377,0.229482859665272,0,0,0,0,0,0,0.371178209781647,0,0,0,0,0,0,0.243903566853158,0,0,0,0,0,0,0,0.305252939462662,0,0,0,0.231134148580687,0,0.238514420886834,0,0.234921279543778,0,0.304188819557326,0.259885880040013,0.26288572119342,0.249458690290968,0,0.308027982711792
0.353776180744171,0.254394064346949,0.305580086261034,0.328577429056168,0.279745293781161,0.301167264580727,0,0,0,0.196769773960114,0,0,0,0,0,0,0,0,0.228505954146385,0,0,0,0,0.195871770381927,0.347891718149185,0,0,0,0,0,0,0.26541078266205,0.316084782859331,0.297080148815969,0.327418476493555,0.157506305602242,0.235247708698536,0.47586795771808,0.472863088822679,0.307821784885774,0.299025930710976,0.391130536794662,0.368332399164929,0,0,0.283715535151331,0.258810063557965,0,0.253061936055768,0.347361378846831,0,0,0,0,0,0,0,0.294743200143178,0,0,0,0,0.266441737612089,0,0,0,0,0.320453509688377,0,0,0,0,0.272952474653721,0,0.302097238128307,0.328186929890607,0.235283620134303,0.310280752396461,0.264069193445159,0.312023850081922,0.324093935681486,0.3962067163621,0.389423474569294,0.17628654340903,0.346727687562184,0,0.242506600916386
0.265355488416311,0,0.21037833005824,0,0.198393920436502,0,0,0,0.213189736008644,0.327353775501251,0,0,0,0,0,0.264064103364944,0.313685599300596,0.311953415828092,0.328952513683058,0,0,0,0.179177187575625,0,0.172267441360051,0,0,0,0,0,0,0,0,0,0.273536828745689,0.26461461186409,0.277880673823149,0.374930024147034,0.225254655871003,0.385346084833145,0.22488780422995,0.284942357377573,0.315663342540491,0,0,0.29198111842076,0.243489022807377,0.253061936055768,0,0.336096197366714,0,0,0,0,0.182833711306254,0,0.387956589460373,0.284815460443497,0.192500268419584,0,0,0,0.338921785354614,0.331946283578873,0,0.179428996376156,0,0.142769703220937,0,0.33318987792852,0,0.282110978575314,0.342336781322956,0.326612309546306,0,0.317668110132217,0,0.28403500539179,0.375348120927811,0.269009033311158,0.340279851108789,0.28528447751641,0.324502175074169,0.318577675382948,0.333955073180104,0.29005105048418,0.398215300985192
0,0.23683977937178,0.273503758013248,0.172747666512926,0.26385227466623,0.192462658340281,0,0,0,0.238222798791485,0,0,0,0,0,0.144143938761333,0.271932721138,0.293871896607535,0.285752428603954,0.311197191476822,0,0.133686901855861,0,0.121185809152551,0,0.226606905460358,0,0,0,0,0,0.307520288228989,0.338059007548369,0.261438440393519,0.362439751625061,0.263019699999627,0.254181207254015,0.180527495476525,0.265067458152771,0.370203935559009,0.281550796702504,0.312138662858156,0.268262917796771,0,0,0.219244340543255,0.229482859665272,0.347361378846831,0.336096197366714,0,0,0.19260573759675,0,0,0,0.18818260200562,0,0.257845837507666,0,0.221738484392806,0,0.149357387939325,0.239300619682361,0,0.214499398823247,0,0.160471236719838,0,0.202399560560783,0,0.238428009757856,0,0.279465511366351,0,0.291656458737157,0.362535640116661,0.268950824974735,0.343546540200055,0.257884435803225,0.265464813533154,0.259031738094227,0.27748432625895,0.327394287078207,0.284169877568881,0.295506751460761,0.288220732339791,0.232734948396683
0,0,0.194300612434745,0,0.178550396848567,0,0.135056381779058,0,0.161693205768374,0,0,0,0,0,0,0,0,0,0,0,0,0,0,0,0,0,0,0,0,0,0,0,0,0,0,0,0,0,0,0,0,0,0,0,0,0,0,0,0,0,0,0,0.127009466290474,0,0.225013457376648,0,0,0,0.20659198363622,0,0.205286964774132,0,0,0,0,0,0,0,0,0,0,0,0,0,0,0,0,0,0,0,0,0,0.177759373317594,0.188523257772128,0.295382276177406,0,0
0,0.168208320225988,0,0.210121540646804,0,0.17454140649197,0,0.140096619725227,0,0.164023995399475,0,0,0,0,0,0,0,0,0,0,0,0,0,0,0,0,0,0,0,0,0,0,0,0,0,0.273976221680641,0,0,0,0.299509227275848,0,0.259016366675496,0,0,0,0.222998648881912,0,0,0,0.19260573759675,0,0,0,0,0,0.14899797954907,0,0.270321444559254,0,0,0,0.183920221646195,0.316124148666859,0,0,0,0,0,0,0,0,0,0.286145746707916,0,0,0,0,0,0.252809691642012,0,0.310447700321674,0,0.150284528426635,0.161801458398501,0.267201513228123,0.278764188289642,0
0,0,0,0,0,0,0.129572467018779,0,0,0,0,0,0,0,0,0,0,0,0,0,0,0,0,0,0,0,0,0,0,0,0,0,0,0,0,0,0,0,0,0,0,0,0,0,0,0,0,0,0,0,0.127009466290474,0,0,0,0,0,0,0,0,0,0,0,0,0,0,0,0,0,0,0,0,0,0,0,0,0,0,0,0,0,0,0,0,0,0,0,0
0,0,0,0,0,0,0,0.173248648399212,0,0,0,0,0,0,0,0,0,0,0,0,0,0,0,0,0,0,0,0,0,0,0,0,0,0,0,0,0,0,0,0,0,0,0,0,0,0,0,0,0,0,0,0,0,0,0,0,0,0.319870591163635,0,0.13553361594677,0,0,0,0,0,0,0,0,0,0,0,0,0,0,0,0,0,0,0,0,0,0,0.159428254763285,0.162725679394675,0,0,0
0.133302181182098,0,0.205615781247616,0,0.185511904260652,0,0,0,0.20572405015107,0,0,0,0,0,0.168732549063861,0,0.165846165723917,0,0,0,0,0,0,0,0.182859687962998,0,0.139496862391631,0,0,0,0,0,0,0,0,0,0,0,0.197928030628803,0,0,0,0.173467561602592,0,0,0,0,0,0.182833711306254,0,0.225013457376648,0,0,0,0,0,0,0,0,0,0.204128266800018,0,0,0,0,0,0,0.19694900730882,0,0.231713819834921,0,0,0,0,0,0,0,0,0,0,0,0.203591311543152,0.192828027539783,0,0.190236988166968,0,0
0,0.190071318348694,0,0.176114122072856,0,0.125985575723462,0,0,0,0.19601329771186,0,0,0,0,0,0.189277939620565,0,0.179000295911516,0.262434303760529,0,0,0,0,0.196011547520757,0,0,0,0,0,0,0,0,0,0,0,0.288813024759293,0,0.188613023886011,0,0,0,0.215409014035355,0,0,0,0.245489358901978,0,0,0,0.18818260200562,0,0.14899797954907,0,0,0,0,0,0.276802718639374,0,0,0,0.190555055100451,0.264335045218468,0,0,0,0.214086264646893,0,0.149374732540713,0,0.289032638072968,0,0.287304406364759,0,0,0,0,0,0.298371896147728,0,0.192663651749104,0,0.190317202221464,0,0.215874213547934,0,0
0,0,0,0,0.314324766397476,0,0,0,0,0,0.168446139477176,0,0.123930692672729,0,0,0,0,0,0,0,0.149253245761243,0,0,0,0,0,0,0,0,0,0.119046039879322,0,0,0,0,0,0.146847634970605,0,0.144207837392193,0,0,0,0.345351494848728,0,0,0,0.371178209781647,0,0.387956589460373,0,0,0,0,0,0,0,0,0,0.212862288455168,0,0,0,0,0.150439877401699,0,0,0,0,0,0,0,0,0,0.162111221750577,0,0,0,0,0,0.14197048842907,0,0.174735546112061,0.148200930129079,0,0.235319358296692,0,0
0,0.237981693471892,0,0.228880828834678,0,0.231718417863513,0,0,0,0.303875826976516,0,0.155993036269655,0,0.148405048582289,0,0.163025385004351,0,0,0.337712913751602,0.156840334335963,0,0,0,0,0,0,0,0,0,0.171273524242063,0,0,0,0,0,0.240451685436394,0,0.170614763618784,0,0.259582155942917,0,0.31621622289466,0,0,0,0.258442571179734,0,0.294743200143178,0.284815460443497,0.257845837507666,0,0.270321444559254,0,0.319870591163635,0,0.276802718639374,0,0,0,0.257314374819796,0,0.165611691259105,0.273726245046887,0,0,0,0,0,0,0,0.347882571477969,0,0.284664578674083,0,0,0,0,0,0.263314727873638,0,0.282749411165714,0,0.295215721000563,0,0.304570822811969,0.30694072842598,0
0,0,0.204007232189178,0,0,0,0,0,0,0,0.133245134589876,0,0.124372553204497,0,0,0,0,0,0,0,0,0,0,0,0,0,0,0,0,0,0,0,0,0,0,0,0,0,0,0,0,0,0,0,0,0,0,0,0.192500268419584,0,0.20659198363622,0,0,0,0,0,0.212862288455168,0,0,0,0.203729678690434,0,0,0,0,0,0,0,0,0,0,0,0,0,0,0,0,0,0,0,0,0,0,0,0.202865466475487,0,0
0,0.234716847538948,0,0.192450815161993,0,0,0,0.140754549205303,0,0.174463465809822,0,0.128118959668371,0,0.141042376211229,0,0.137762174010277,0,0,0,0,0,0,0,0,0,0,0,0,0,0,0,0,0,0,0,0,0,0.244379878044128,0,0,0,0.32461603730917,0,0,0,0.241671666502953,0,0,0,0.221738484392806,0,0,0,0.13553361594677,0,0,0,0.257314374819796,0,0,0,0.181667652395036,0.287687450647354,0,0,0,0,0,0,0,0.192979029085063,0,0,0,0,0,0,0,0,0,0,0,0.18277554572472,0.163381857637848,0.244258863562849,0,0
0.24000309407711,0,0,0,0.233016051352024,0,0,0,0.175189298391342,0,0,0,0,0,0,0,0.182086355984211,0,0,0,0,0,0,0,0.2156545230084,0,0,0,0,0,0,0,0,0,0,0,0,0,0,0,0,0,0,0,0,0,0,0,0,0,0.205286964774132,0,0,0,0.204128266800018,0,0,0,0.203729678690434,0,0,0,0,0,0,0,0,0.199226029217243,0,0.235065231383857,0,0,0,0,0,0,0,0,0,0,0,0,0,0,0,0,0
0,0.191182219177142,0,0.170340708926716,0,0.140905979504952,0,0,0,0.168571270036935,0,0,0,0,0,0.158733300864697,0.197740332947837,0.17798567057559,0.178530315558116,0,0,0,0,0,0,0.148843504488468,0,0,0,0,0,0,0,0,0,0.166262775659561,0,0,0,0.359546959400177,0.414888292551041,0.252999458462,0,0,0,0,0,0,0,0.149357387939325,0,0.183920221646195,0,0,0,0.190555055100451,0,0.165611691259105,0,0.181667652395036,0,0,0,0,0,0,0.211558744311333,0,0.148767717182636,0,0.135915154384242,0,0,0,0,0,0,0,0,0.316676706075668,0,0,0.167873311034414,0.146438590504906,0.178727392191277,0,0
0,0.364180506694885,0,0.282510943710804,0,0.2353683504753,0,0.255967767909169,0,0.278149633723147,0,0,0,0,0,0,0.315895567337672,0.294590625762939,0.317472559536339,0.233081206420236,0,0,0,0,0,0,0,0,0,0.403942465782166,0,0,0,0,0,0.240873348363388,0,0.334447783780279,0,0.209725022819755,0.308944165706635,0.290554695426219,0.29802746574084,0,0,0.257895247401194,0,0.266441737612089,0.338921785354614,0.239300619682361,0,0.316124148666859,0,0,0,0.264335045218468,0,0.273726245046887,0,0.287687450647354,0,0,0,0,0,0,0,0,0,0,0.31740609610953,0,0.292565377368541,0,0,0,0,0.245548591017723,0.235019981385355,0.33942025154829,0.344325860929526,0.353210618098577,0.296963509891117,0.273564857798953,0.277327720942321,0.302009029821916,0
0.319951921701431,0,0.230306223034859,0,0.294131031596517,0,0.170722726297069,0,0,0.264179140329361,0.123448629807306,0,0,0,0,0,0.309093981981277,0.267028331756592,0.317403863583292,0,0.173325367777024,0,0,0,0,0,0,0,0,0,0,0,0,0,0,0,0.184787144200711,0,0.203162942556249,0,0.258428501089414,0,0.306626051102044,0,0,0.289088696241379,0.243903566853158,0,0.331946283578873,0,0,0,0,0,0,0,0.150439877401699,0,0,0,0,0,0,0,0,0,0,0,0,0,0,0,0,0,0,0,0,0,0,0.191221322417259,0,0.315329005892988,0.18337496589952,0.194434084636824,0.289254363177696,0,0.305209524929523
0,0,0,0,0,0,0,0,0,0,0,0,0,0,0,0,0,0.126282936760357,0,0,0,0.161460362677407,0.146314528935096,0.123458258356109,0,0.128356067836285,0,0.183896112156675,0,0,0,0,0,0,0,0,0,0.199701456997254,0,0,0,0,0,0,0,0,0,0,0,0.214499398823247,0,0,0,0,0,0,0,0,0,0,0,0,0,0,0,0,0.16312333726125,0,0.221527261338357,0,0.273175676649565,0,0.235173344612122,0,0,0,0,0,0,0,0.242143823868699,0,0.136783861895294,0.139305345064197,0.242464810609818,0,0
0,0,0,0,0,0,0,0,0,0,0,0,0,0,0,0,0.140684409439564,0,0,0,0,0.125984732061625,0.156992266072201,0,0.169411034834367,0,0,0,0.140062684850658,0,0,0,0,0,0,0,0,0,0.172471745625037,0,0,0,0,0,0,0,0,0,0.179428996376156,0,0,0,0,0,0,0,0,0,0,0,0,0,0,0,0,0,0,0.178290935983726,0,0,0,0.21479375064373,0,0,0,0,0,0,0,0,0,0.251031841461857,0.13616281479996,0.15277926801216,0,0,0
0,0.235890214066756,0,0,0,0,0,0,0,0.202906838822656,0,0,0,0,0,0,0,0.185039373380797,0,0,0,0.19038201692189,0,0.213969809202285,0,0.211490922324035,0,0,0,0,0,0,0,0,0,0,0,0.173808562118061,0,0,0,0.177740866175065,0,0,0,0,0,0,0,0.160471236719838,0,0,0,0,0,0.214086264646893,0,0,0,0,0,0.211558744311333,0,0,0.16312333726125,0,0,0,0.210611763130302,0,0,0,0,0,0,0,0,0,0,0,0.200447906987972,0,0.166810646214906,0,0.2280517347157,0,0
0.170038333342921,0,0,0,0,0,0,0,0.202451813613114,0,0,0,0,0,0,0,0,0,0,0,0,0,0.182827978213174,0,0.201682295681848,0,0,0,0,0,0,0,0,0,0,0,0,0,0.238528833794385,0,0,0,0.318614214658737,0,0,0,0,0.320453509688377,0.142769703220937,0,0,0,0,0,0.19694900730882,0,0,0,0,0,0.199226029217243,0,0,0,0,0.178290935983726,0,0,0,0,0,0,0,0,0,0,0,0,0,0,0,0.240489704173003,0.205771647866179,0,0.156476838514209,0,0
0,0,0,0,0,0,0,0,0,0.161585769145796,0,0,0,0,0,0.114123031497002,0,0.140960675459238,0,0,0,0.205214253769201,0,0.14896301308372,0,0.244912803638726,0,0.359952265253434,0,0,0,0,0,0,0,0,0,0.22253677862532,0,0,0,0,0,0,0,0,0,0,0,0.202399560560783,0,0,0,0,0,0.149374732540713,0,0,0,0,0,0.148767717182636,0,0,0.221527261338357,0,0.210611763130302,0,0,0,0.349502823419041,0,0,0,0,0,0,0,0,0,0.236659212890318,0,0.14062887430191,0,0.176928508010778,0,0
0,0,0.317069262266159,0,0,0,0,0,0.150989887615045,0,0,0,0,0,0,0,0.133635300211608,0,0,0,0,0,0,0,0.124366901814938,0,0.152783317025751,0,0,0,0,0,0,0,0,0,0,0,0,0,0,0,0.344103452563286,0,0,0,0,0,0.33318987792852,0,0,0,0,0,0.231713819834921,0,0,0,0,0,0.235065231383857,0,0,0,0,0,0,0,0,0,0,0,0,0,0,0,0,0,0,0.259233385324478,0,0,0.267005391418934,0,0.353027047758753,0,0
0,0.351415783166885,0,0,0,0.285824626684189,0,0,0,0.319139566491632,0,0.1594552507526,0,0.1499314631025,0,0,0,0,0.337919151782989,0,0,0.116521973300863,0,0,0,0.396245813789256,0,0.22566879667684,0,0.125897699967027,0,0,0,0,0,0.320132335027059,0,0.219348068038623,0,0.26866090297699,0,0.308893753723665,0,0,0,0.292946205689357,0,0,0,0.238428009757856,0,0,0,0,0,0.289032638072968,0,0.347882571477969,0,0.192979029085063,0,0.135915154384242,0.31740609610953,0,0.273175676649565,0,0,0,0.349502823419041,0,0,0,0.311931226269475,0,0,0,0,0,0.293595897463652,0,0.245818556845188,0,0.304758287041016,0.1610299074972,0.314649878713721,0.322176474332809,0
0.346479743719101,0,0.336915135383606,0,0,0,0,0,0,0,0,0,0,0,0,0,0.301812380552292,0,0.335794267058373,0,0,0,0.115603361278772,0,0,0,0,0,0.16695652647238,0,0.114998938515782,0,0,0,0,0,0,0,0,0,0.336929172277451,0,0.319730315771368,0,0,0,0.305252939462662,0,0.282110978575314,0,0,0,0,0,0,0,0,0,0,0,0,0,0,0,0,0.21479375064373,0,0,0,0,0,0,0,0,0,0,0,0,0,0.318576276302338,0,0.262268877029419,0.214689341144285,0,0.407711602616728,0,0.354079633951187
0,0.388264379624663,0,0.308596784653871,0,0.293603989813063,0,0,0,0.332938871669526,0,0.156195518493775,0,0,0,0,0.290122702717781,0.38454024706568,0.337875716092828,0.325113113316005,0,0,0,0,0,0,0,0,0,0.159722157148083,0,0,0,0,0,0.308955882580913,0,0.203873884234879,0,0.293780503304381,0.332538783550262,0.297320307217172,0.271768938750029,0,0,0.289407107324311,0,0.272952474653721,0.342336781322956,0.279465511366351,0,0.286145746707916,0,0,0,0.287304406364759,0,0.284664578674083,0,0,0,0,0.292565377368541,0,0.235173344612122,0,0,0,0,0,0.311931226269475,0,0,0,0,0,0,0,0.308395068825147,0.406564190983772,0.24850670359565,0.387310812870661,0.369994599477352,0.33017403116593,0.346727306446632,0.340877107176624,0.278490096330643
0,0,0,0,0,0,0,0,0,0,0.150940495776013,0,0,0,0,0,0,0,0.385070562362671,0,0.160472588879722,0,0,0,0,0,0,0,0.133799001574516,0,0.157131064353689,0,0,0,0,0,0,0,0.147096561474287,0,0.276293955743313,0,0.333457306027412,0,0,0,0,0,0.326612309546306,0,0,0,0,0,0,0,0.162111221750577,0,0,0,0,0,0,0,0,0,0,0,0,0,0,0,0,0,0,0,0,0,0,0,0,0.261554830574564,0.150817632351233,0.310048878192902,0.298312565117526,0,0
0,0,0,0,0,0,0,0,0,0,0,0,0,0,0,0,0,0,0,0,0,0,0,0,0,0,0,0,0,0,0,0.185355197635271,0.263155579566956,0.199708524392918,0,0.143455055852731,0.102562059077524,0,0,0.290421611732907,0,0,0,0,0,0,0,0.302097238128307,0,0.291656458737157,0,0,0,0,0,0,0,0,0,0,0,0,0,0,0,0,0,0,0,0,0,0,0,0,0,0.356501411540168,0.253195246022185,0,0.220812427870771,0,0,0,0.145501111944517,0,0,0,0
