0,0,0,0,0,0,0,0,6.18385620095414,0,0,0,13.0370221138,0,16.6751633882523,0,24.973317696498,62.3541717529297,37.9266558374677,0,29.5194854736328,0,0,0,11.2124312718709,0,0,0,0,0,0,0,0,0,0,0,57.3141212463379,0,28.5279969533285,0,0,45.7666219075521,23.0060119140805,0,0,0,47.7780524662563,0,8.74577397050209,0,0,0,0,0,4.63744450904228,0,10.0400390377584,0,11.665816747781,0,9.97698928969247,0,0,34.0943517684937,0,0,0,22.3570747375488,0,0,0,0,0,24.6300144195557,0,0,0,0,0,48.1587785085042,0,35.4893815176828,17.8856956584394,42.154613494873,15.343391237019,0,0
0,0,0,7.2929385406215,0,11.1839714050293,0,0,0,7.26257620259741,0,0,0,0,0,0,46.6497278213501,36.9102085051329,17.8891645266597,34.5642547607422,0,0,0,18.9566854146811,0,0,0,0,0,0,0,0,0,0,0,58.8482233978981,115.448417663574,22.6261112811792,0,50.5022808878045,0,25.2932766947533,45.5019187927246,0,0,34.6137387125116,0,0,0,11.8833012416598,0,0,0,0,0,8.36677337478021,0,22.1417416639106,0,7.46820688247681,0,6.5393879810969,36.3076284071978,0,0,0,17.784414560309,0,6.29268169403076,0,5.32999744415283,0,27.7224820071253,0,0,0,0,0,53.8077877269072,102.000480651855,34.7872717035988,0,18.4920479405311,39.6603907071627,21.2123330292665,17.5822033882141,0
0,0,0,0,9.65626186056982,0,0,0,0,0,0,0,6.66416967832125,0,8.1764447147196,0,0,0,0,0,0,0,0,0,0,0,0,0,0,0,0,0,0,0,0,0,0,0,0,0,0,0,23.7736034393311,0,0,0,0,0,5.86393728937422,0,10.6757785777251,0,0,0,0,0,6.14765158066383,0,4.38068766228474,0,0,0,0,0,0,0,0,0,0,0,0,0,0,0,0,0,0,0,0,27.4157466888428,0,0,12.1065247242267,29.6882209777832,5.06660064991484,0,0
0,7.2929385406215,0,0,0,6.08148577719024,0,0,0,10.2604532328242,0,5.24534751120068,0,0,0,6.31170328961143,0,0,40.9566459655762,7.88484259446462,0,0,0,29.9220581054688,0,0,0,0,0,0,0,0,0,0,0,27.1843630018688,0,29.0529508590698,0,36.3974342346191,0,41.8478810829029,43.6213150024414,0,0,27.0933079097582,0,0,0,9.00167641985244,0,10.4512991471724,0,0,0,9.5677573635893,0,6.8395210732805,0,3.99318395853043,0,7.91240727086985,9.68554732913063,0,0,0,26.0031764507294,0,0,0,0,0,33.6570934295654,0,0,0,0,0,29.6025542769321,0,44.2050633430481,0,14.6816830972058,21.9859344959259,17.3506423892761,33.2793045043945,0
0,0,9.65626186056982,0,0,0,4.44647871746736,0,0,0,0,0,0,0,3.36910462379456,0,0,0,0,0,0,0,0,0,0,0,0,0,0,0,0,0,0,0,0,0,23.2884446924383,0,0,0,0,0,0,0,0,0,0,0,10.4390931129456,0,4.99832161996938,0,3.5322965658628,0,0,0,8.94681296590286,0,5.02761509107507,0,7.49992537498474,0,0,0,0,0,0,0,0,0,0,0,0,0,0,0,0,0,0,0,0,0,6.60793315506193,27.0265477498372,8.90118882784972,0,0
0,11.1839714050293,0,6.08148577719024,0,0,0,2.73288345336914,0,4.31249238894536,0,0,0,2.72095632553101,0,0,0,0,0,0,0,0,0,0,0,0,0,0,0,0,0,0,0,0,0,0,0,0,0,0,0,0,0,0,0,0,0,0,0,12.8750295639038,0,3.65855412456871,0,0,0,4.11482715606689,0,0,0,0,0,2.93889045715332,0,0,0,0,0,0,0,0,0,0,0,0,0,0,0,0,3.83390798568726,0,0,0,6.15204463106521,3.80033105611801,12.7358778317769,0,0
0,0,0,0,4.44647871746736,0,0,0,0,0,0,0,4.97455477714539,0,0,0,0,0,0,0,0,0,0,0,0,0,0,0,0,0,0,0,0,0,0,0,8.16766795745263,0,0,0,0,0,0,0,0,0,0,0,0,0,3.32834637632557,0,3.12268263912765,0,0,0,0,0,5.69084189349207,0,0,0,0,0,0,0,0,0,0,0,0,0,0,0,0,0,0,0,0,10.7514772595781,0,0,3.83446241316394,2.74412250518799,0,0,0
0,0,0,0,0,2.73288345336914,0,0,0,0,0,0,0,0,0,0,0,0,0,0,0,0,0,0,0,0,0,0,0,0,0,0,0,0,0,6.8596810166392,0,0,0,0,0,0,0,0,0,0,0,0,0,0,0,6.5157470703125,0,3.2717278849694,0,0,0,2.86858789126078,0,5.48737112681071,0,0,0,0,0,0,0,0,0,0,0,0,0,0,0,0,0,0,6.05603037382427,0,0,0,3.42992598953701,0,0,0,0
6.18385620095414,0,0,0,0,0,0,0,0,0,0,0,0,0,9.52370600162014,0,5.01414056828147,62.4662132263184,17.9879740615224,0,0,0,0,0,4.90310598451854,0,4.84755510798955,0,0,0,0,0,0,0,0,0,0,35.3984184265137,12.0169975466845,0,55.6142902374268,0,20.578615549099,0,0,0,49.2182121276855,0,18.5532476853351,0,0,0,0,0,6.57893214006534,0,17.5636605355475,0,21.6588472729638,0,15.0034152153465,0,0,55.9825668334961,0,0,0,11.5439464641469,0,10.0109169838721,0,21.2886033791762,0,22.450726890564,0,0,0,0,0,109.008855183919,0,10.342925081692,8.82422182063928,43.3872203826904,14.0185585757282,0,9.46965789794922
0,7.26257620259741,0,10.2604532328242,0,4.31249238894536,0,0,0,0,0,0,0,0,0,4.56985537957172,75.2905349731445,5.50195211630601,31.1720419663649,0,0,0,0,5.35971212905386,0,3.48968557516734,0,0,0,0,0,0,0,0,0,52.8908958435059,0,12.9001139839776,0,68.6599884033203,0,23.0015526241378,52.5952008565267,0,0,61.5909042358398,0,0,0,16.0940873036619,0,0,0,0,0,5.04214660597838,0,19.785737991333,0,0,0,6.73159042994181,0,0,0,0,6.1512920579475,0,0,0,16.6400623321533,0,35.7078164418538,0,0,0,0,0,52.0326480865479,0,15.3455585168332,0,5.73771150110109,10.6852754553159,17.496033088896,0,0
0,0,0,0,0,0,0,0,0,0,0,0,5.9913146000642,0,0,0,89.9958343505859,0,0,0,3.50255119118225,0,0,0,0,0,0,0,5.24135875701904,0,3.96972596558341,0,0,0,0,0,10.2773172040904,0,6.77994158074663,0,0,0,0,0,0,0,39.7714042663574,0,0,0,0,0,3.81112909317017,0,0,0,5.8791463294555,0,4.55509420811445,0,0,0,0,8.77836615698678,0,0,0,0,0,0,0,0,0,9.90469380775816,0,0,0,0,0,12.8576962000418,0,10.4203210297753,5.87720894688929,0,0,0,0
0,0,0,5.24534751120068,0,0,0,0,0,0,0,0,0,5.41148438859493,0,0,0,0,0,8.76406698118557,0,0,0,0,0,0,0,0,0,0,0,0,0,0,0,6.25144908506395,0,5.48257812891623,0,0,0,0,0,0,0,25.3491199840199,0,0,0,0,0,0,0,3.15608072280884,0,0,0,7.0305789196842,0,3.73669163007585,0,0,15.9819632194259,0,0,0,0,0,0,0,0,0,17.9150463444121,0,0,0,0,0,6.43935670852661,0,5.45956066198516,0,4.15086324461575,0,6.95548476670918,0,0
13.0370221138,0,6.66416967832125,0,0,0,4.97455477714539,0,0,0,5.9913146000642,0,0,0,3.59016640981038,0,0,0,0,0,38.1727867126465,0,0,0,0,0,0,0,5.66073758755961,0,4.38766923546791,0,0,0,0,0,0,0,0,0,0,0,37.93088722229,0,0,0,0,0,6.40681667327881,0,0,0,0,0,0,0,6.51632471879323,0,3.50970533721443,0,3.54847478866577,0,0,0,0,0,0,0,0,0,0,3.7317902247111,0,33.0806407928467,0,0,0,0,0,0,0,41.2813301086426,5.9377551703226,0,23.5459106564522,0,0
0,0,0,0,0,2.72095632553101,0,0,0,0,0,5.41148438859493,0,0,0,3.2612871834726,0,0,0,0,0,0,0,0,0,0,0,2.8894286553065,0,0,0,0,0,0,0,0,0,0,0,0,0,0,0,0,0,0,0,0,0,0,0,0,0,0,0,0,0,6.37691960092318,0,3.67033064700758,0,0,0,0,0,0,0,0,0,0,2.87380764358922,0,0,0,0,0,0,0,0,0,0,0,3.35580438280862,4.12021754423777,0,0,0
16.6751633882523,0,8.1764447147196,0,3.36910462379456,0,0,0,9.52370600162014,0,0,0,3.59016640981038,0,0,0,0,0,0,0,0,0,0,0,0,0,0,0,0,0,0,0,0,0,0,0,78.1720352172852,0,0,0,0,61.1889190673828,34.6240935759111,0,0,0,0,0,6.62536185128348,0,0,0,0,0,30.3750762939453,0,11.1384044853417,0,3.71460910745569,0,5.22315527726938,0,0,0,0,0,0,28.0313529968262,0,2.93747268617153,0,31.8069372177124,0,33.2645390828451,0,0,0,0,0,0,0,41.6706428527832,8.50466192685641,44.3049926757812,24.1513187090556,0,0
0,0,0,6.31170328961143,0,0,0,0,0,4.56985537957172,0,0,0,3.2612871834726,0,0,0,3.14301594098409,0,0,0,0,0,0,0,3.05208575157892,0,0,0,0,0,0,0,0,0,0,0,0,0,0,0,0,0,0,0,0,0,0,0,8.28929031978954,0,5.39191226959228,0,0,0,4.96993399571769,0,0,0,4.78067420005798,0,3.86979614308006,0,0,0,0,0,0,3.01569358507792,0,0,0,0,0,0,0,0,0,0,0,0,0,4.20250898599625,5.6120483957488,9.58300590515137,0,0
24.973317696498,46.6497278213501,0,0,0,0,0,0,5.01414056828147,75.2905349731445,89.9958343505859,0,0,0,0,0,0,27.8716199552843,19.8825019547647,0,76.1726417541504,31.0707156961135,6.88613604716813,21.8882915973663,6.51351662685997,0,4.00129415454536,0,3.0790337562561,0,0,0,0,0,0,99.8526360648019,85.7525180544172,0,65.109338268157,77.4408170526678,61.7584252929688,67.5832088019258,45.5484160680841,0,119.05574798584,74.0146757329552,54.1195560373286,0,29.4457359313965,92.0620752970378,0,0,0,0,61.2086639404297,0,49.9309657170222,0,72.9728469848633,0,0,0,78.473449283176,63.9076669850481,0,6.48273857434591,0,0,0,3.52147038777669,0,59.8823706309001,49.0114898681641,54.0422600640191,0,0,0,0,87.4637292715219,72.4479417560481,76.2197231111072,62.3409389776025,15.1979660427894,10.9698621925148,57.8930482191917,53.5991969638401,40.9406715192293
62.3541717529297,36.9102085051329,0,0,0,0,0,0,62.4662132263184,5.50195211630601,0,0,0,0,0,3.14301594098409,27.8716199552843,0,19.8435612253693,0,73.4087686538696,15.2117070641708,36.085618019104,6.4690219702544,39.495236714681,4.08115897008351,0,4.5976471208757,0,0,0,0,0,0,0,89.6029872894287,107.3847454616,23.6540462176005,88.8740948268345,70.1947596700568,82.5164337158203,52.9116318841998,72.0093964024594,0,0,64.2012859266631,76.8073178505411,0,0,71.6122035980225,0,0,0,0,0,20.6391476392746,58.8716316223145,52.3927192687988,0,0,0,2.98266883691152,75.3374271392822,83.1766278743744,10.2429992130825,13.7411460876465,7.513974867369,0,2.91996765136719,0,0,83.5985946655273,60.5798759460449,96.341552734375,0,0,0,0,79.4567913840003,90.6827927173023,68.4209477015904,83.7386977331979,12.8873350488803,12.4841610019192,66.6033435268257,47.6046505978233,58.8722629547119
37.9266558374677,17.8891645266597,0,40.9566459655762,0,0,0,0,17.9879740615224,31.1720419663649,0,0,0,0,0,0,19.8825019547647,19.8435612253693,0,0,57.9231381416321,43.549276533581,0,0,0,0,0,0,0,0,0,0,0,0,0,73.5702660878499,74.2283258535756,54.1462173461914,59.7822733018005,50.2562968387967,46.3739772451685,21.7918434910415,19.8645549111569,15.7494297027588,13.9278764932052,45.9020367822691,42.6284027216768,45.2110977172852,36.7891417694092,41.3233263407435,0,0,0,0,62.5003890991211,37.2976894378662,37.9617733344054,31.1460974766658,37.7038311004639,0,51.9007924397786,36.1395606994629,54.7906708774796,53.7174088657766,0,0,32.4320240020752,0,0,0,0,40.8303994824809,34.9553730304425,37.3717110462678,0,0,0,0,62.493501529359,58.8558598240792,48.1952754508617,54.8329567447785,15.4954075332082,43.7199819962184,36.0677349743799,26.2073905823448,28.6052772714457
0,34.5642547607422,0,7.88484259446462,0,0,0,0,0,0,0,8.76406698118557,0,0,0,0,0,0,0,0,0,0,0,0,0,0,0,0,0,0,0,0,0,0,0,5.59205772363513,0,6.01920957590944,0,0,0,12.5354228019714,0,0,0,8.73911179461569,0,0,0,18.5865631970492,0,0,0,0,0,0,0,8.95852860584054,0,23.5639896392822,0,21.4890518188477,6.2437762245604,0,0,0,0,0,0,0,0,0,0,0,0,0,0,0,9.63623272916658,0,10.3785204757815,0,4.61426996125115,0,6.1823541055354,22.0890636444092,0
29.5194854736328,0,0,0,0,0,0,0,0,0,3.50255119118225,0,38.1727867126465,0,0,0,76.1726417541504,73.4087686538696,57.9231381416321,0,0,0,0,0,0,0,0,0,0,0,0,0,0,0,0,0,8.14780406500842,0,6.35535143517159,0,0,0,16.6794421672821,0,0,0,13.5447149650723,0,29.1286373138428,0,0,0,0,0,0,0,4.74348800840049,0,33.9523893992106,0,33.0405917167664,0,0,8.3384889540441,0,0,0,0,0,0,0,0,0,0,0,0,0,0,0,10.0664588112429,0,8.54961551257542,10.4193520984767,0,12.3661579110406,0,0
0,0,0,0,0,0,0,0,0,0,0,0,0,0,0,0,31.0707156961135,15.2117070641708,43.549276533581,0,0,0,5.87383024362259,5.92196791648865,0,3.70394456386566,0,4.23213935534159,0,0,0,0,0,0,0,0,0,4.99788703031318,0,0,94.4748916625977,57.2524890899658,79.7471008300781,0,0,76.2037658691406,0,0,0,10.1490302362022,0,0,0,0,0,0,0,0,0,0,0,0,0,79.2625122070312,5.18187136250073,5.74519206348218,7.02187596982525,0,8.924250507553,0,8.54971872048875,0,0,0,0,0,0,0,0,101.717483520508,6.40458514431501,0,5.22046439207084,5.8102149513333,64.8651084899902,0,0
0,0,0,0,0,0,0,0,0,0,0,0,0,0,0,0,6.88613604716813,36.085618019104,0,0,0,5.87383024362259,0,0,4.77385591748935,0,3.79802147547404,0,3.35273869066353,0,0,0,0,0,0,0,0,4.83548982203508,6.15261009032266,0,0,0,0,0,0,0,0,0,13.4115049288823,0,0,0,0,0,0,0,0,0,0,0,0,0,0,0,13.8326978683472,5.26530446467528,0,12.92032692249,0,9.61028519730819,0,13.1953614881669,0,0,0,0,0,0,0,0,5.46567391626763,5.20816016608271,5.20308095156813,5.60482771286208,11.7962532043457,0,0
0,18.9566854146811,0,29.9220581054688,0,0,0,0,0,5.35971212905386,0,0,0,0,0,0,21.8882915973663,6.4690219702544,0,0,0,5.92196791648865,0,0,0,3.11910074949265,0,0,0,0,0,0,0,0,0,0,0,7.14055294239615,0,0,0,10.5583502596075,0,0,0,0,0,0,0,20.4911353247506,0,0,0,0,0,8.41412349161894,0,0,0,27.0725688934326,0,19.7553520202637,0,0,4.04823291578958,0,5.55134688119094,0,5.16609297063616,0,8.46519820544184,0,0,0,0,0,0,0,0,0,8.70877345989674,0,6.03933209907718,13.1495246887207,9.96276666567876,0,0
11.2124312718709,0,0,0,0,0,0,0,4.90310598451854,0,0,0,0,0,0,0,6.51351662685997,39.495236714681,0,0,0,0,4.77385591748935,0,0,0,2.73852443695068,0,0,0,0,0,0,0,0,0,0,0,10.2778319636524,0,0,0,13.4608612060547,0,0,0,0,0,10.2932814734323,0,0,0,0,0,5.70553449886601,0,24.6911382675171,0,29.2859516143799,0,30.054211139679,0,0,0,0,5.52337482101039,0,4.1981610591595,0,5.40954435999741,0,11.6866465481845,0,0,0,0,0,0,0,0,0,11.1930667674846,5.26909498657499,32.4430212974548,9.1638835514293,0,0
0,0,0,0,0,0,0,0,0,3.48968557516734,0,0,0,0,0,3.05208575157892,0,4.08115897008351,0,0,0,3.70394456386566,0,3.11910074949265,0,0,0,3.08482533693314,0,0,0,0,0,0,0,0,0,0,0,0,0,0,0,0,0,0,0,0,0,0,0,0,0,0,0,0,0,0,0,0,0,0,0,0,0,0,0,0,2.96790524186759,0,3.14594744642576,0,0,0,0,0,0,0,0,0,0,0,3.01365762045889,0,0,0,0
0,0,0,0,0,0,0,0,4.84755510798955,0,0,0,0,0,0,0,4.00129415454536,0,0,0,0,0,3.79802147547404,0,2.73852443695068,0,0,0,2.87195327065208,0,0,0,0,0,0,0,0,0,0,0,0,0,0,0,0,0,0,0,0,0,0,0,0,0,6.40119214057922,0,0,0,0,0,0,0,0,0,0,2.91684055328369,0,3.22632303237915,0,3.13386577054074,0,2.86005254225297,0,0,0,0,0,0,0,0,0,0,3.37690949440002,3.53384876251221,0,0,0
0,0,0,0,0,0,0,0,0,0,0,0,0,2.8894286553065,0,0,0,4.5976471208757,0,0,0,4.23213935534159,0,0,0,3.08482533693314,0,0,0,3.06107241660357,0,0,0,0,0,0,0,4.53320641650094,0,0,0,0,0,0,0,0,0,0,0,3.99815893173218,0,0,0,0,0,0,0,0,0,4.44316911697388,0,2.88622562090556,0,0,0,0,0,0,3.19961019924709,0,3.68099637147857,0,4.85414266586304,0,0,0,0,0,0,0,0,0,2.90554331597828,2.87838790633462,0,0,0
0,0,0,0,0,0,0,0,0,0,5.24135875701904,0,5.66073758755961,0,0,0,3.0790337562561,0,0,0,0,0,3.35273869066353,0,0,0,2.87195327065208,0,0,0,3.57216782280893,0,0,0,0,0,0,0,2.73542881011963,0,0,0,0,0,0,0,0,0,0,0,0,0,0,0,0,0,0,0,0,0,0,0,0,0,0,3.39109015464783,0,0,0,0,0,5.06012724369017,0,0,0,0,0,0,0,0,0,0,3.17770563314358,3.63711239591407,0,0,0
0,0,0,0,0,0,0,0,0,0,0,0,0,0,0,0,0,0,0,0,0,0,0,0,0,0,0,3.06107241660357,0,0,0,0,0,0,0,0,0,0,0,0,0,0,0,0,0,0,0,0,0,0,0,0,0,0,0,0,0,0,0,0,0,0,0,0,0,0,0,0,0,0,0,0,4.91714690101894,0,0,0,0,0,0,0,0,0,0,0,0,0,0
0,0,0,0,0,0,0,0,0,0,3.96972596558341,0,4.38766923546791,0,0,0,0,0,0,0,0,0,0,0,0,0,0,0,3.57216782280893,0,0,0,0,0,0,0,0,0,6.3972900973426,0,0,0,0,0,0,0,0,0,0,0,0,0,0,0,0,0,9.07703399658203,0,0,0,0,0,0,0,0,0,0,0,0,0,0,7.58853253917159,0,5.52637989504808,0,0,0,0,0,0,0,3.77491612093789,4.52679718732834,3.74415180760045,0,0,0
0,0,0,0,0,0,0,0,0,0,0,0,0,0,0,0,0,0,0,0,0,0,0,0,0,0,0,0,0,0,0,0,3.0262736968304,4.8486986273811,0,4.22616187008944,3.98579446474711,0,0,0,0,0,0,0,0,0,0,5.33846473603194,0,10.6451830863953,0,0,0,0,0,0,0,74.951416015625,0,0,0,0,0,0,0,0,0,0,0,0,0,0,0,0,3.74641291899928,2.99602788592142,6.01523526178466,0,4.07922248112953,0,0,0,3.44850225991841,0,6.46696123932347,0,0
0,0,0,0,0,0,0,0,0,0,0,0,0,0,0,0,0,0,0,0,0,0,0,0,0,0,0,0,0,0,0,3.0262736968304,0,0,14.7864650726318,4.39669001319192,12.7326565937404,0,0,0,5.34042791219858,0,0,0,0,0,0,9.47637954448004,7.33833926171064,0,0,0,0,0,0,0,0,0,0,0,0,0,0,0,0,0,0,0,0,0,0,0,0,0,0,4.3573141838565,0,13.2737966775894,0,8.08257673240843,0,0,3.1523194817731,0,11.6648241043091,0,0
0,0,0,0,0,0,0,0,0,0,0,0,0,0,0,0,0,0,0,0,0,0,0,0,0,0,0,0,0,0,0,4.8486986273811,0,0,3.98324936451836,6.25989824074965,0,4.47302048729687,7.39450562000275,21.8788108825684,0,4.21633768081665,0,0,0,0,0,4.64813533075539,19.9103031158447,13.5010365583958,0,0,0,0,0,0,0,0,0,0,0,0,0,0,0,0,0,0,0,0,0,0,0,0,4.92552699324905,0,5.86394231566843,4.43620739173466,14.2014481646155,0,5.40637069149178,4.25240835547447,7.60098473530895,3.37380228042603,4.53106561222592,41.7154026031494,0
0,0,0,0,0,0,0,0,0,0,0,0,0,0,0,0,0,0,0,0,0,0,0,0,0,0,0,0,0,0,0,0,14.7864650726318,3.98324936451836,0,0,5.7444287235454,0,3.79150279668661,0,9.6905992000134,0,52.4172240098317,0,0,0,0,5.43369693264608,11.1445794976675,0,0,0,0,0,0,0,0,0,0,0,0,0,0,0,0,0,0,0,0,0,0,0,0,0,5.4822838306427,15.1983386369852,3.17588145668442,4.86198550796235,0,6.9667439996186,0,6.84029839706421,3.16589030097513,2.89150013923645,8.14949430738177,0,0
0,58.8482233978981,0,27.1843630018688,0,0,0,6.8596810166392,0,52.8908958435059,0,6.25144908506395,0,0,0,0,99.8526360648019,89.6029872894287,73.5702660878499,5.59205772363513,0,0,0,0,0,0,0,0,0,0,0,4.22616187008944,4.39669001319192,6.25989824074965,0,0,3.94084976025117,6.11962347863249,4.85164678096771,20.1961001524808,0,51.2898679295102,82.6283187866211,78.336669921875,0,32.9116796044742,0,6.83695292699186,0,24.3398969355276,0,0,0,7.2410802432469,0,54.2473678588867,0,7.17337732735802,0,16.16139793396,0,0,11.8958124864977,113.993804931641,0,0,44.6460876464844,0,0,0,0,0,70.9857711791992,0,3.57448660065146,0,8.60093622505665,0,7.95665350679533,11.7238704407171,9.996633118148,0,6.59378076521965,5.8399692330649,21.9305441731172,44.8627121807778,0
57.3141212463379,115.448417663574,0,0,23.2884446924383,0,8.16766795745263,0,0,0,10.2773172040904,0,0,0,78.1720352172852,0,85.7525180544172,107.3847454616,74.2283258535756,0,8.14780406500842,0,0,0,0,0,0,0,0,0,0,3.98579446474711,12.7326565937404,0,5.7444287235454,3.94084976025117,0,0,8.24142212937238,112.537315368652,21.848782733051,46.1348501841227,37.7533020085113,0,64.0060896031997,152.074226379395,49.1144742752189,12.2929841183625,16.0204714468724,0,22.1743119557699,0,4.2323009967804,0,0,0,18.8352565170326,0,24.6479495189808,0,0,0,168.554061889648,28.486406227036,0,0,0,0,0,0,0,63.6962394714355,0,0,0,13.3208904346723,0,6.22760522883871,14.6215334861509,8.23633888098519,116.737350463867,12.7326018992406,9.65783077620923,7.93231643714767,26.0967439876241,0,47.654401489451
0,22.6261112811792,0,29.0529508590698,0,0,0,0,35.3984184265137,12.9001139839776,0,5.48257812891623,0,0,0,0,0,23.6540462176005,54.1462173461914,6.01920957590944,0,4.99788703031318,4.83548982203508,7.14055294239615,0,0,0,4.53320641650094,0,0,0,0,0,4.47302048729687,0,6.11962347863249,0,0,10.5182578346946,17.8765053749084,0,18.494562625885,22.2748594284058,0,0,16.4449885303813,0,8.22714676991315,22.6794390678406,6.07737451959261,0,0,0,0,0,15.1237337923886,0,26.6210117340088,0,33.598934173584,0,20.0943303108215,10.8844325304031,0,6.41295920523451,6.88782254854838,8.59060152635678,0,10.9334466934204,0,6.34200174940957,0,3.56616980688913,0,0,0,8.60026574134827,0,8.47404379375769,0,5.50687456801433,4.70853981551002,7.88277537183064,8.67801632697766,11.4949296265841,0,0
28.5279969533285,0,0,0,0,0,0,0,12.0169975466845,0,6.77994158074663,0,0,0,0,0,65.109338268157,88.8740948268345,59.7822733018005,0,6.35535143517159,0,6.15261009032266,0,10.2778319636524,0,0,0,2.73542881011963,0,6.3972900973426,0,0,7.39450562000275,3.79150279668661,4.85164678096771,8.24142212937238,10.5182578346946,0,97.1903915405273,24.944833278656,24.0752904415131,30.069641315937,0,62.5457458496094,138.876266479492,14.7760972459808,6.6890000465938,11.5190822269235,0,0,0,0,0,16.1134007080742,0,6.74982142448425,0,37.3274378095354,0,34.3842363357544,0,0,13.0980529485124,0,9.86791959009672,0,8.07484787113695,0,10.4908226728439,0,5.71261200151945,0,3.21046712663439,0,0,0,3.63594557344913,0,13.7135229267227,7.45866960287094,5.43956734256291,9.96191305644076,4.30205714348519,7.12885231464759,0,31.6145421981812
0,50.5022808878045,0,36.3974342346191,0,0,0,0,0,68.6599884033203,0,0,0,0,0,0,77.4408170526678,70.1947596700568,50.2562968387967,0,0,0,0,0,0,0,0,0,0,0,0,0,0,21.8788108825684,0,20.1961001524808,112.537315368652,17.8765053749084,97.1903915405273,0,13.7893775304159,20.385010647734,21.7414373051036,18.5524353408813,0,30.977578465094,47.101806640625,7.06110377034182,8.83449198217953,6.30477372421819,0,0,0,0,0,60.3718643188477,0,0,0,0,0,0,21.8751259791224,126.320129394531,0,0,0,0,0,0,0,0,58.9168151855469,0,0,0,0,0,15.9071467347289,99.7956042289734,59.2424855232239,110.973838806152,44.2498647439188,88.1888231549944,13.3369707516262,22.9032100390082,66.9905700683594
0,0,0,0,0,0,0,0,55.6142902374268,0,0,0,0,0,0,0,61.7584252929688,82.5164337158203,46.3739772451685,0,0,94.4748916625977,0,0,0,0,0,0,0,0,0,0,5.34042791219858,0,9.6905992000134,0,21.848782733051,0,24.944833278656,13.7893775304159,0,107.396087646484,15.8064084180166,0,27.4602516719273,81.9466934204102,17.2983232796017,5.57451856136322,4.47673188891461,10.4504616146996,0,0,0,0,0,0,45.5828895568848,0,0,0,0,0,74.8858184814453,14.400479924004,0,0,0,0,0,0,0,45.3783302307129,0,25.6258099873861,0,6.15224668362758,0,25.4303525069664,99.4196586608887,7.4985146191756,0,12.4420873887331,47.516112904216,0,9.91873712178945,0,30.3314683437347
45.7666219075521,25.2932766947533,0,41.8478810829029,0,0,0,0,0,23.0015526241378,0,0,0,0,61.1889190673828,0,67.5832088019258,52.9116318841998,21.7918434910415,12.5354228019714,0,57.2524890899658,0,10.5583502596075,0,0,0,0,0,0,0,0,0,4.21633768081665,0,51.2898679295102,46.1348501841227,18.494562625885,24.0752904415131,20.385010647734,107.396087646484,0,8.83407118233615,13.2556167344252,19.3801816940308,21.5767626114003,61.3250629718487,8.42321240141037,20.3720099709251,17.7237235241339,0,0,0,0,0,22.8216614723206,0,16.5765481873562,0,27.7631168365479,54.4969215393066,21.7158986485523,24.2229632798189,93.2929992675781,0,0,21.2085493991249,0,0,0,13.9818415641785,0,20.2479708386056,0,0,0,40.0553932189941,0,34.5654272256818,97.5977226893107,34.4790700498994,60.3729000091553,16.1106403842037,26.6124180763487,14.657323707278,11.3881261493968,8.7500994376999
23.0060119140805,45.5019187927246,23.7736034393311,43.6213150024414,0,0,0,0,20.578615549099,52.5952008565267,0,0,37.93088722229,0,34.6240935759111,0,45.5484160680841,72.0093964024594,19.8645549111569,0,16.6794421672821,79.7471008300781,0,0,13.4608612060547,0,0,0,0,0,0,0,0,0,52.4172240098317,82.6283187866211,37.7533020085113,22.2748594284058,30.069641315937,21.7414373051036,15.8064084180166,8.83407118233615,0,0,14.6019270893788,78.0886253356934,21.2734649083879,5.09480288288561,12.5957952901733,10.5634819924294,0,0,0,0,27.9931775577485,51.3786087036133,19.3338026082041,0,28.7920483117251,0,31.6604896970542,0,0,27.6931203528089,0,0,0,0,0,0,0,22.0630762289602,59.1537666320801,19.8138087272644,0,0,0,28.482421875,72.9655654907227,28.3195278062507,61.0661684672038,15.3458868620826,12.7498746264736,30.3366346359253,12.3705857838084,3.10155975818634,9.1286371679867
0,0,0,0,0,0,0,0,0,0,0,0,0,0,0,0,0,0,15.7494297027588,0,0,0,0,0,0,0,0,0,0,0,0,0,0,0,0,78.336669921875,0,0,0,18.5524353408813,0,13.2556167344252,0,0,0,16.05427051313,0,0,0,42.7659683227539,0,0,0,0,0,0,0,0,0,0,0,0,25.1253023147583,0,0,0,0,0,0,0,0,0,0,0,0,0,0,0,33.9364965438843,0,0,0,8.81052984131707,0,13.0081518530846,13.6925668716431,0
0,0,0,0,0,0,0,0,0,0,0,0,0,0,0,0,119.05574798584,0,13.9278764932052,0,0,0,0,0,0,0,0,0,0,0,0,0,0,0,0,0,64.0060896031997,0,62.5457458496094,0,27.4602516719273,19.3801816940308,14.6019270893788,0,0,0,21.1224939592423,0,39.0292053222656,0,0,0,0,0,0,0,0,0,0,0,0,0,0,29.4095242541769,0,0,0,0,0,0,0,0,0,0,0,0,0,0,0,36.1989476097955,0,55.6562652587891,14.6142454912078,100.33113861084,9.59920659252242,0,12.9031201771327
0,34.6137387125116,0,27.0933079097582,0,0,0,0,0,61.5909042358398,0,25.3491199840199,0,0,0,0,74.0146757329552,64.2012859266631,45.9020367822691,8.73911179461569,0,76.2037658691406,0,0,0,0,0,0,0,0,0,0,0,0,0,32.9116796044742,152.074226379395,16.4449885303813,138.876266479492,30.977578465094,81.9466934204102,21.5767626114003,78.0886253356934,16.05427051313,0,0,59.6067586626325,0,0,33.2511906721154,0,0,0,0,0,0,0,35.7787000073327,0,35.6753425598145,0,31.7154388427734,8.18867339411726,99.8480457729763,0,0,0,0,0,0,40.0147438049316,0,44.0948585641795,0,0,0,0,0,33.364715858742,95.4920099894206,18.5499798515697,117.611034393311,43.2687166359295,80.5529930808327,17.916155033348,36.4243238369624,0
47.7780524662563,0,0,0,0,0,0,0,49.2182121276855,0,39.7714042663574,0,0,0,0,0,54.1195560373286,76.8073178505411,42.6284027216768,0,13.5447149650723,0,0,0,0,0,0,0,0,0,0,0,0,0,0,0,49.1144742752189,0,14.7760972459808,47.101806640625,17.2983232796017,61.3250629718487,21.2734649083879,0,21.1224939592423,59.6067586626325,0,0,48.7701072692871,71.1993865966797,0,0,0,0,0,0,41.3209485274095,0,67.5012741088867,0,59.6594273249308,0,0,13.6109059298281,0,0,0,0,0,0,0,48.5835113525391,0,41.8653854370117,0,0,0,0,89.7752296447754,31.8739852739034,95.4584045410156,21.0416430473328,47.3105620899877,93.4041328430176,20.1406286804368,58.0747197469076,33.2337135935939
0,0,0,0,0,0,0,0,0,0,0,0,0,0,0,0,0,0,45.2110977172852,0,0,0,0,0,0,0,0,0,0,0,0,5.33846473603194,9.47637954448004,4.64813533075539,5.43369693264608,6.83695292699186,12.2929841183625,8.22714676991315,6.6890000465938,7.06110377034182,5.57451856136322,8.42321240141037,5.09480288288561,0,0,0,0,0,5.83312141266372,5.94708510908561,0,0,0,0,0,0,0,0,0,0,0,0,0,0,0,0,0,0,0,0,0,0,0,0,7.18313332704397,6.95770604730943,7.98005172993877,9.65857221530034,8.5855752137502,10.7954080287622,9.23270606994629,6.10359261433284,6.62758646375042,10.1671874272196,5.7694308374682,36.0550909042358,11.9848823547363
8.74577397050209,0,5.86393728937422,0,10.4390931129456,0,0,0,18.5532476853351,0,0,0,6.40681667327881,0,6.62536185128348,0,29.4457359313965,0,36.7891417694092,0,29.1286373138428,0,13.4115049288823,0,10.2932814734323,0,0,0,0,0,0,0,7.33833926171064,19.9103031158447,11.1445794976675,0,16.0204714468724,22.6794390678406,11.5190822269235,8.83449198217953,4.47673188891461,20.3720099709251,12.5957952901733,0,39.0292053222656,0,48.7701072692871,5.83312141266372,0,5.29020591165609,0,0,0,0,19.2043647766113,0,16.0880597377646,0,4.04950658841567,0,4.35240640640259,0,0,33.5606956481934,0,20.9878185749054,0,9.04092635182892,0,5.91439681096908,0,7.32584931627909,0,6.26525459584502,0,6.87294874960376,0,14.9904496108784,0,9.50912213688742,0,6.25622368602396,10.3370023198761,14.3416538238525,8.9910032910444,0,14.070050239563
0,11.8833012416598,0,9.00167641985244,0,12.8750295639038,0,0,0,16.0940873036619,0,0,0,0,0,8.28929031978954,92.0620752970378,71.6122035980225,41.3233263407435,18.5865631970492,0,10.1490302362022,0,20.4911353247506,0,0,0,3.99815893173218,0,0,0,10.6451830863953,0,13.5010365583958,0,24.3398969355276,0,6.07737451959261,0,6.30477372421819,10.4504616146996,17.7237235241339,10.5634819924294,42.7659683227539,0,33.2511906721154,71.1993865966797,5.94708510908561,5.29020591165609,0,0,2.95615307490031,0,0,0,15.4895109459758,0,14.5954537338681,0,3.43819187482198,0,6.47863516012828,25.9832136490766,0,12.2697489768901,0,14.5773002876071,0,3.69871650934219,0,3.69553048651794,0,23.8292497261878,0,11.5984087785085,0,12.9374510798834,0,23.7436732958553,0,16.0214513014345,0,15.3517069057772,10.3015413198385,8.59377217362318,19.2423424928085,17.2214388166155
0,0,10.6757785777251,0,4.99832161996938,0,3.32834637632557,0,0,0,0,0,0,0,0,0,0,0,0,0,0,0,0,0,0,0,0,0,0,0,0,0,0,0,0,0,22.1743119557699,0,0,0,0,0,0,0,0,0,0,0,0,0,0,0,0,0,0,0,9.0411167878371,0,4.35586706021937,0,0,0,0,0,0,0,0,0,0,0,0,0,0,0,0,0,0,0,0,28.6563167572021,0,0,7.98141802868373,46.4372253417969,9.4850122386759,0,0
0,0,0,10.4512991471724,0,3.65855412456871,0,6.5157470703125,0,0,0,0,0,0,0,5.39191226959228,0,0,0,0,0,0,0,0,0,0,0,0,0,0,0,0,0,0,0,0,0,0,0,0,0,0,0,0,0,0,0,0,0,2.95615307490031,0,0,0,5.48402922494071,0,0,0,2.96085286140442,0,0,0,3.85317642760999,0,0,0,0,0,0,0,0,0,0,0,0,0,0,0,0,0,0,0,0,10.6910836270877,46.6273288726807,11.3849205207825,0,0
0,0,0,0,3.5322965658628,0,3.12268263912765,0,0,0,3.81112909317017,0,0,0,0,0,0,0,0,0,0,0,0,0,0,0,0,0,0,0,0,0,0,0,0,0,4.2323009967804,0,0,0,0,0,0,0,0,0,0,0,0,0,0,0,0,0,0,0,5.64465775678223,0,8.18959466662518,0,0,0,0,0,0,0,0,0,0,0,0,0,0,0,0,0,0,0,0,0,0,0,3.89672664838417,0,0,0,0
0,0,0,0,0,0,0,3.2717278849694,0,0,0,3.15608072280884,0,0,0,0,0,0,0,0,0,0,0,0,0,0,0,0,0,0,0,0,0,0,0,7.2410802432469,0,0,0,0,0,0,0,0,0,0,0,0,0,0,0,5.48402922494071,0,0,0,0,0,3.10071758662953,0,4.27810389720477,0,0,0,0,0,0,0,0,0,0,0,0,0,0,0,0,0,0,0,0,0,0,3.16442549228668,0,0,0,0
4.63744450904228,0,0,0,0,0,0,0,6.57893214006534,0,0,0,0,0,30.3750762939453,0,61.2086639404297,0,62.5003890991211,0,0,0,0,0,5.70553449886601,0,6.40119214057922,0,0,0,0,0,0,0,0,0,0,0,16.1134007080742,0,0,0,27.9931775577485,0,0,0,0,0,19.2043647766113,0,0,0,0,0,0,0,17.4970274766286,0,22.5390575953892,0,22.9777119755745,0,0,0,0,0,0,8.50963056435936,0,10.4624197299664,0,20.5882377624512,0,20.6360282897949,0,0,0,0,0,0,0,11.3841846395747,13.8756297143658,35.2160148620605,14.6520334239255,0,0
0,8.36677337478021,0,9.5677573635893,0,4.11482715606689,0,0,0,5.04214660597838,0,0,0,0,0,4.96993399571769,0,20.6391476392746,37.2976894378662,0,0,0,0,8.41412349161894,0,0,0,0,0,0,0,0,0,0,0,54.2473678588867,0,15.1237337923886,0,60.3718643188477,0,22.8216614723206,51.3786087036133,0,0,0,0,0,0,15.4895109459758,0,0,0,0,0,0,0,24.9800758361816,0,15.4481456279755,0,6.45496830829354,44.4751815795898,0,0,0,8.60324793372076,0,0,0,0,0,38.1234408787319,0,0,0,0,0,59.3993272781372,0,13.0296742618084,0,14.2535236305034,30.2879300117493,16.0588759084726,27.3711376190186,0
10.0400390377584,0,6.14765158066383,0,8.94681296590286,0,0,0,17.5636605355475,0,5.8791463294555,0,6.51632471879323,0,11.1384044853417,0,49.9309657170222,58.8716316223145,37.9617733344054,0,4.74348800840049,0,0,0,24.6911382675171,0,0,0,0,0,9.07703399658203,0,0,0,0,0,18.8352565170326,0,6.74982142448425,0,45.5828895568848,0,19.3338026082041,0,0,0,41.3209485274095,0,16.0880597377646,0,9.0411167878371,0,5.64465775678223,0,17.4970274766286,0,0,0,9.66658126224171,0,13.8950904178619,0,0,12.9278284509061,0,0,0,0,0,0,0,6.27493491674724,0,6.64928613814847,0,0,0,0,0,30.087224227923,0,27.2290074825287,20.9979365930464,31.7228842689877,7.65435812770078,0,30.6247453689575
0,22.1417416639106,0,6.8395210732805,0,0,0,2.86858789126078,0,19.785737991333,0,7.0305789196842,0,6.37691960092318,0,0,0,52.3927192687988,31.1460974766658,8.95852860584054,0,0,0,0,0,0,0,0,0,0,0,74.951416015625,0,0,0,7.17337732735802,0,26.6210117340088,0,0,0,16.5765481873562,0,0,0,35.7787000073327,0,0,0,14.5954537338681,0,2.96085286140442,0,3.10071758662953,0,24.9800758361816,0,0,0,3.86794305805222,0,22.4912395477295,12.9198026756446,0,0,0,23.9601593017578,0,0,0,3.22954116662343,0,7.10979575965241,0,0,0,0,0,43.644627562109,0,28.5328598022461,0,14.2313621105819,0,7.46384144349768,0,0
11.665816747781,0,4.38068766228474,0,5.02761509107507,0,5.69084189349207,0,21.6588472729638,0,4.55509420811445,0,3.50970533721443,0,3.71460910745569,0,72.9728469848633,0,37.7038311004639,0,33.9523893992106,0,0,0,29.2859516143799,0,0,0,0,0,0,0,0,0,0,0,24.6479495189808,0,37.3274378095354,0,0,0,28.7920483117251,0,0,0,67.5012741088867,0,4.04950658841567,0,4.35586706021937,0,8.18959466662518,0,22.5390575953892,0,9.66658126224171,0,0,0,3.15980636936495,0,0,58.2843017578125,0,0,0,0,0,3.03432178497314,0,10.4429851311904,0,26.0002348056206,0,0,0,0,0,31.9735510349274,0,35.1417659759521,18.6234094699224,33.9436612725258,16.2516313875522,0,21.074426651001
0,7.46820688247681,0,3.99318395853043,0,0,0,5.48737112681071,0,0,0,3.73669163007585,0,3.67033064700758,0,4.78067420005798,0,0,0,23.5639896392822,0,0,0,27.0725688934326,0,0,0,4.44316911697388,0,0,0,0,0,0,0,16.16139793396,0,33.598934173584,0,0,0,27.7631168365479,0,0,0,35.6753425598145,0,0,0,3.43819187482198,0,0,0,4.27810389720477,0,15.4481456279755,0,3.86794305805222,0,0,0,3.42812923022679,0,0,0,0,0,0,0,0,2.95036506652832,0,35.2734298706055,0,0,0,0,0,0,0,0,0,4.36955663309259,4.34772704312435,9.80862577756246,0,0
9.97698928969247,0,0,0,7.49992537498474,0,0,0,15.0034152153465,0,0,0,3.54847478866577,0,5.22315527726938,0,0,0,51.9007924397786,0,33.0405917167664,0,0,0,30.054211139679,0,0,0,0,0,0,0,0,0,0,0,0,0,34.3842363357544,0,0,54.4969215393066,31.6604896970542,0,0,0,59.6594273249308,0,4.35240640640259,0,0,0,0,0,22.9777119755745,0,13.8950904178619,0,3.15980636936495,0,0,0,0,79.4006118774414,0,0,0,0,0,4.47649097442627,0,10.067156841678,0,19.8926472473145,0,0,0,0,0,66.1530380249023,0,32.4534248352051,11.7178093223687,0,15.3509654790041,0,22.3086318969727
0,6.5393879810969,0,7.91240727086985,0,2.93889045715332,0,0,0,6.73159042994181,0,0,0,0,0,3.86979614308006,0,2.98266883691152,36.1395606994629,21.4890518188477,0,0,0,19.7553520202637,0,0,0,2.88622562090556,0,0,0,0,0,0,0,0,0,20.0943303108215,0,0,0,21.7158986485523,0,0,0,31.7154388427734,0,0,0,6.47863516012828,0,3.85317642760999,0,0,0,6.45496830829354,0,22.4912395477295,0,3.42812923022679,0,0,23.3260726928711,0,0,0,17.8204619884491,0,2.89199155569077,0,0,0,29.2980251312256,0,0,0,0,0,43.0078684488932,0,17.657283782959,0,7.83810566967319,26.2802969614665,11.6813188977025,0,0
0,36.3076284071978,0,9.68554732913063,0,0,0,0,0,0,0,15.9819632194259,0,0,0,0,78.473449283176,75.3374271392822,54.7906708774796,6.2437762245604,0,0,0,0,0,0,0,0,0,0,0,0,0,0,0,11.8958124864977,168.554061889648,10.8844325304031,0,21.8751259791224,74.8858184814453,24.2229632798189,0,25.1253023147583,0,8.18867339411726,0,0,0,25.9832136490766,0,0,0,0,0,44.4751815795898,0,12.9198026756446,0,0,0,23.3260726928711,0,0,0,0,0,0,0,0,0,0,27.9393211180164,0,0,0,0,0,13.2314228106236,0,15.6262657133972,0,20.5676392662455,0,12.4306201849963,47.1838893890381,0
34.0943517684937,0,0,0,0,0,0,0,55.9825668334961,0,8.77836615698678,0,0,0,0,0,63.9076669850481,83.1766278743744,53.7174088657766,0,8.3384889540441,79.2625122070312,0,0,0,0,0,0,0,0,0,0,0,0,0,113.993804931641,28.486406227036,0,13.0980529485124,126.320129394531,14.400479924004,93.2929992675781,27.6931203528089,0,29.4095242541769,99.8480457729763,13.6109059298281,0,33.5606956481934,0,0,0,0,0,0,0,12.9278284509061,0,58.2843017578125,0,79.4006118774414,0,0,0,0,0,0,0,0,0,0,61.6871957778931,0,31.0649790763855,0,0,0,0,131.743354797363,32.0520214569863,0,23.7181861652202,45.6371114313374,93.7083122946999,20.0917946911061,82.0117340087891,46.8351092868381
0,0,0,0,0,0,0,0,0,0,0,0,0,0,0,0,0,10.2429992130825,0,0,0,5.18187136250073,13.8326978683472,4.04823291578958,0,0,0,0,0,0,0,0,0,0,0,0,0,6.41295920523451,0,0,0,0,0,0,0,0,0,0,0,12.2697489768901,0,0,0,0,0,0,0,0,0,0,0,0,0,0,0,7.71222639083862,8.9003969634663,0,12.0973108370955,0,13.8959675654251,0,0,0,0,0,0,0,0,0,12.113959265252,0,5.04829297455713,6.20951358505357,23.6390628814697,0,0
0,0,0,0,0,0,0,0,0,0,0,0,0,0,0,0,6.48273857434591,13.7411460876465,0,0,0,5.74519206348218,5.26530446467528,0,5.52337482101039,0,2.91684055328369,0,3.39109015464783,0,0,0,0,0,0,0,0,6.88782254854838,9.86791959009672,0,0,0,0,0,0,0,0,0,20.9878185749054,0,0,0,0,0,0,0,0,0,0,0,0,0,0,0,7.71222639083862,0,0,7.63761524037819,0,13.0674807361382,0,15.6302494318003,0,0,0,0,0,0,0,0,0,7.09341702546774,4.79659040257245,5.43984334290917,16.2424564361572,0,0
0,17.784414560309,0,26.0031764507294,0,0,0,0,0,6.1512920579475,0,0,0,0,0,0,0,7.513974867369,32.4320240020752,0,0,7.02187596982525,0,5.55134688119094,0,0,0,0,0,0,0,0,0,0,0,44.6460876464844,0,8.59060152635678,0,0,0,21.2085493991249,0,0,0,0,0,0,0,14.5773002876071,0,0,0,0,0,8.60324793372076,0,23.9601593017578,0,0,0,17.8204619884491,0,0,8.9003969634663,0,0,0,3.97289038564741,0,7.5591975524278,0,0,0,0,0,0,0,0,104.67805480957,9.74832260133889,0,9.97648863622626,19.9837577819824,7.14789228775314,0,0
22.3570747375488,0,0,0,0,0,0,0,11.5439464641469,0,0,0,0,0,28.0313529968262,0,0,0,0,0,0,0,12.92032692249,0,4.1981610591595,0,3.22632303237915,0,0,0,0,0,0,0,0,0,0,0,8.07484787113695,0,0,0,0,0,0,0,0,0,9.04092635182892,0,0,0,0,0,8.50963056435936,0,0,0,0,0,0,0,0,0,0,7.63761524037819,0,0,0,5.26350146386681,0,7.93034924211956,0,0,0,0,0,0,0,0,0,8.99424425750078,13.8615537449933,0,8.80751718483962,0,0
0,6.29268169403076,0,0,0,0,0,0,0,0,0,0,0,0,0,3.01569358507792,0,2.91996765136719,0,0,0,8.924250507553,0,5.16609297063616,0,2.96790524186759,0,3.19961019924709,0,0,0,0,0,0,0,0,0,10.9334466934204,0,0,0,0,0,0,0,0,0,0,0,3.69871650934219,0,0,0,0,0,0,0,0,0,0,0,2.89199155569077,0,0,12.0973108370955,0,3.97289038564741,0,0,0,3.82011846681336,0,0,0,0,0,0,0,0,0,15.1508080164591,0,2.96078419685364,0,13.4659128189087,0,0
0,0,0,0,0,0,0,0,10.0109169838721,0,0,0,0,0,2.93747268617153,0,3.52147038777669,0,0,0,0,0,9.61028519730819,0,5.40954435999741,0,3.13386577054074,0,0,0,0,0,0,0,0,0,0,0,10.4908226728439,0,0,0,0,0,0,0,0,0,5.91439681096908,0,0,0,0,0,10.4624197299664,0,0,0,3.03432178497314,0,4.47649097442627,0,0,0,0,13.0674807361382,0,5.26350146386681,0,0,0,5.08666181024515,0,6.01273024082184,0,0,0,0,0,0,0,9.5038968457116,7.1129328807195,0,7.55559042096138,0,0
0,5.32999744415283,0,0,0,0,0,0,0,16.6400623321533,0,0,0,2.87380764358922,0,0,0,0,0,0,0,8.54971872048875,0,8.46519820544184,0,3.14594744642576,0,3.68099637147857,0,0,0,0,0,0,0,0,0,6.34200174940957,0,0,0,13.9818415641785,0,0,0,40.0147438049316,0,0,0,3.69553048651794,0,0,0,0,0,0,0,3.22954116662343,0,2.95036506652832,0,0,0,0,13.8959675654251,0,7.5591975524278,0,3.82011846681336,0,0,0,6.68375852648859,0,0,0,0,0,0,0,9.90930447777112,0,9.9512381370251,0,4.40981292724609,0,0
0,0,0,0,0,0,0,0,21.2886033791762,0,0,0,3.7317902247111,0,31.8069372177124,0,59.8823706309001,83.5985946655273,40.8303994824809,0,0,0,13.1953614881669,0,11.6866465481845,0,2.86005254225297,0,5.06012724369017,0,7.58853253917159,0,0,0,0,0,63.6962394714355,0,5.71261200151945,0,45.3783302307129,0,22.0630762289602,0,0,0,48.5835113525391,0,7.32584931627909,0,0,0,0,0,20.5882377624512,0,6.27493491674724,0,10.4429851311904,0,10.067156841678,0,0,61.6871957778931,0,15.6302494318003,0,7.93034924211956,0,5.08666181024515,0,0,0,6.48787591312871,0,0,0,0,0,69.3475163777669,0,5.23066850601159,24.6412442837443,0,10.1203948094927,0,0
0,27.7224820071253,0,33.6570934295654,0,0,0,0,0,35.7078164418538,0,17.9150463444121,0,0,0,0,49.0114898681641,60.5798759460449,34.9553730304425,0,0,0,0,0,0,0,0,4.85414266586304,0,4.91714690101894,0,0,0,0,0,70.9857711791992,0,3.56616980688913,0,58.9168151855469,0,20.2479708386056,59.1537666320801,0,0,44.0948585641795,0,0,0,23.8292497261878,0,0,0,0,0,38.1234408787319,0,7.10979575965241,0,35.2734298706055,0,29.2980251312256,27.9393211180164,0,0,0,0,0,0,0,6.68375852648859,0,0,0,0,0,0,0,58.3828425937229,96.3549652099609,3.43364447614421,0,24.1365711536813,0,12.3186044519116,20.6334851582845,0
24.6300144195557,0,0,0,0,0,0,0,22.450726890564,0,9.90469380775816,0,33.0806407928467,0,33.2645390828451,0,54.0422600640191,96.341552734375,37.3717110462678,0,0,0,0,0,0,0,0,0,0,0,5.52637989504808,0,0,0,0,0,0,0,3.21046712663439,0,25.6258099873861,0,19.8138087272644,0,0,0,41.8653854370117,0,6.26525459584502,0,0,0,0,0,20.6360282897949,0,6.64928613814847,0,26.0002348056206,0,19.8926472473145,0,0,31.0649790763855,0,0,0,0,0,6.01273024082184,0,6.48787591312871,0,0,0,0,0,0,0,60.0677795410156,0,3.64014919862052,24.8855784359113,0,8.00413855666426,0,17.5911560058594
0,0,0,0,0,0,0,0,0,0,0,0,0,0,0,0,0,0,0,0,0,0,0,0,0,0,0,0,0,0,0,3.74641291899928,0,4.92552699324905,5.4822838306427,3.57448660065146,0,0,0,0,0,0,0,0,0,0,0,7.18313332704397,0,11.5984087785085,0,0,0,0,0,0,0,0,0,0,0,0,0,0,0,0,0,0,0,0,0,0,0,0,0,0,4.41337929896905,0,10.0994361090514,0,0,0,2.93197321513342,0,12.638076543808,0,0
0,0,0,0,0,0,0,0,0,0,0,0,0,0,0,0,0,0,0,0,0,0,0,0,0,0,0,0,0,0,0,2.99602788592142,4.3573141838565,0,15.1983386369852,0,13.3208904346723,0,0,0,6.15224668362758,0,0,0,0,0,0,6.95770604730943,6.87294874960376,0,0,0,0,0,0,0,0,0,0,0,0,0,0,0,0,0,0,0,0,0,0,0,0,0,0,0,0,15.1420774732317,0,5.70662363944762,0,0,3.30641637908088,0,11.8639688491821,0,0
0,0,0,0,0,0,0,0,0,0,0,0,0,0,0,0,0,0,0,0,0,0,0,0,0,0,0,0,0,0,0,6.01523526178466,0,5.86394231566843,3.17588145668442,8.60093622505665,0,8.60026574134827,0,0,0,40.0553932189941,0,0,0,0,0,7.98005172993877,0,12.9374510798834,0,0,0,0,0,0,0,0,0,0,0,0,0,0,0,0,0,0,0,0,0,0,0,0,4.41337929896905,0,0,5.35756726264954,14.9331342106435,0,10.6813893060426,0,14.4137306118011,0,5.00958414872487,0,0
0,0,0,0,0,0,0,0,0,0,0,0,0,0,0,0,0,0,0,0,0,0,0,0,0,0,0,0,0,0,0,0,13.2737966775894,4.43620739173466,4.86198550796235,0,6.22760522883871,0,3.63594557344913,0,25.4303525069664,0,28.482421875,0,0,0,0,9.65857221530034,14.9904496108784,0,0,0,0,0,0,0,0,0,0,0,0,0,0,0,0,0,0,0,0,0,0,0,0,0,0,15.1420774732317,5.35756726264954,0,0,17.4855817104208,0,4.71601384071283,4.81709597228972,3.16507244110107,13.3597566604614,0,0
