0,0,5.09369714072581,0,14.5575304031372,0,0,0,5.87918096161931,0,0,0,0,0,0,0,34.5528297424316,33.0993048350016,11.7186705271403,0,0,0,0,0,0,0,0,0,0,0,0,0,0,0,0,0,0,0,0,0,30.0972771895559,0,14.9769129753113,0,0,0,21.8498477935791,0,4.8013926595015,0,0,0,0,0,4.91661806911011,0,0,0,5.25827419757843,0,5.43262899380464,0,0,0,0,0,0,14.4674135314094,0,13.9531811305455,0,0,0,0,0,0,0,0,52.0694847106934,32.4521285358228,0,0,7.43346772461465,0,7.15464751189354,0,0
0,0,0,7.73836191763749,0,0,0,0,0,4.89775110300256,0,0,0,0,0,5.14669561386108,52.0864109039307,31.6333051828238,17.8405046816225,0,0,0,0,0,0,0,0,0,0,0,0,0,0,0,0,0,0,0,0,0,0,15.6781479312528,0,0,0,0,0,0,0,7.96352828622774,0,0,0,0,0,6.45517671902974,0,8.71146657731798,0,11.7320227622986,0,3.6582987207762,78.5932769775391,0,0,0,0,0,0,0,0,0,0,0,0,0,0,0,32.847056388855,0,0,0,6.63112478912947,32.6522827148438,10.3971984231539,0,0
5.09369714072581,0,0,54.2658081054688,11.4202216696044,63.4125061035156,0,0,5.45895299450044,0,27.8743801116943,0,0,0,0,0,24.385066986084,57.8919544219971,47.1769351959229,0,25.2921253204346,0,0,0,0,0,0,0,0,0,0,0,0,0,0,0,0,0,0,46.9151420593262,37.4693921804428,0,26.271148095995,0,0,0,24.8999280929565,0,9.20438464898082,51.2358436584473,8.27466293743679,0,0,0,8.97296639128681,0,24.1381675243378,0,4.20037317276001,0,8.61988571948475,0,0,21.9753418529735,0,0,0,0,0,0,0,0,0,30.2557678222656,0,0,0,0,74.6161804199219,35.8729883047251,0,0,9.73500135311714,3.7970335483551,22.1346350156743,0,18.5696140738095
0,7.73836191763749,54.2658081054688,0,0,8.56848050200421,0,0,0,6.4816797102912,0,0,0,0,0,0,70.5474548339844,42.8406079610189,40.4944509778704,0,0,0,0,0,0,0,0,0,0,0,0,0,0,0,0,13.7184321403503,0,0,0,32.2886209011078,57.9823608398438,35.9723138133372,46.6359300613403,0,0,10.0698704951339,56.6551856994629,52.4300113677979,40.9383525848389,12.9170215796616,0,8.63199470616594,0,0,0,8.70698570811059,0,12.6135455307208,0,3.79847955703735,0,6.01449590839752,28.4592481759878,54.135066986084,0,0,0,0,0,0,0,0,25.6526406028054,0,0,0,0,0,31.2979483718872,71.6340615408761,30.6461352595577,0,8.81317648329176,7.54175472259521,18.3190633729176,21.5362939834595,0
14.5575304031372,0,11.4202216696044,0,0,0,3.35620151519775,0,3.08678436481346,0,0,0,0,0,0,0,0,0,0,0,4.4315932829549,0,0,0,0,0,0,0,0,0,0,0,0,0,0,0,4.21195960044861,0,0,47.3039512634277,46.1715000697545,0,39.2272932434082,0,0,0,34.9927406311035,0,40.4551905526055,0,5.16159966866508,0,3.49751644134521,0,3.03568493773084,0,43.8988456726074,0,0,0,8.24344003200531,0,0,7.77512300279405,0,0,0,0,0,0,0,0,0,0,0,0,0,0,74.0503005981445,43.1678094863892,0,0,5.24342838732402,0,29.648357614142,0,0
0,0,63.4125061035156,8.56848050200421,0,0,0,0,0,3.94168537754123,0,0,0,0,0,6.3887737315,0,0,0,7.29730352705732,58.1475143432617,0,0,0,0,0,0,0,0,0,0,0,0,0,0,13.4502843947432,0,0,0,41.7928336831026,0,45.213176502901,0,0,0,20.3522616139165,66.1818008422852,58.8117408752441,39.8718433380127,43.860231118124,0,3.70632522671339,0,3.35860085487366,0,17.6455797467913,0,5.97061014175415,0,5.26298451423645,0,6.67889266620482,15.440421727452,0,0,0,0,0,0,0,0,0,34.6475143432617,0,0,0,0,0,24.3888976214683,0,72.8540573120117,0,5.74207578448555,4.29252069337027,17.8124301032455,0,0
0,0,0,0,3.35620151519775,0,0,0,0,0,0,0,0,0,0,0,0,0,0,0,4.08077787269245,0,0,0,0,0,0,0,0,0,0,0,0,0,0,0,0,0,0,0,0,0,0,0,0,0,0,0,0,0,3.25671437748691,0,3.2705931617068,0,0,0,0,0,3.16586256027222,0,0,0,0,6.63216365708245,0,0,0,0,0,0,0,0,0,0,0,0,0,0,0,0,0,0,3.32050709975393,0,0,0,0
0,0,0,0,0,0,0,0,0,0,0,0,0,3.15675377845764,0,0,0,0,0,0,0,0,0,0,0,0,0,0,0,0,0,0,0,0,0,0,0,0,0,0,0,0,0,0,0,0,0,0,0,0,0,5.42846528689067,0,3.94921348480407,0,0,0,2.95404696464539,0,3.33306392137106,0,0,0,0,0,0,0,0,0,0,0,0,0,0,0,0,0,0,0,0,0,0,2.96239602565765,3.06277485454784,0,0,0
5.87918096161931,0,5.45895299450044,0,3.08678436481346,0,0,0,0,40.1218605041504,0,0,0,0,4.62048746788338,0,17.3832419045912,38.8377251535092,28.7622439904646,0,0,0,22.0091495513916,32.4604459490095,14.3238345119688,0,14.2113745212555,0,0,0,0,0,0,0,0,0,0,0,5.73347576504149,0,0,0,17.803170407072,0,0,0,49.7037544250488,0,7.80322374646359,0,4.39851270403181,0,0,0,5.00930793315834,0,0,0,0,0,4.95561542723748,0,0,60.4843940734863,0,0,0,13.5975940320641,0,10.6476420570822,0,0,0,0,0,0,0,0,104.539936065674,64.8733978271484,0,6.12210979867489,8.94333227367425,10.5135633211869,7.45509815661112,0,44.5209465026855
0,4.89775110300256,0,6.4816797102912,0,3.94168537754123,0,0,40.1218605041504,0,0,0,0,0,40.4090995788574,6.46353453173979,33.9985598754883,9.21866126087199,11.4777614068985,0,0,0,0,5.89800585785957,30.5387026468913,2.8744961420695,0,0,0,0,0,0,0,0,0,0,0,5.30747315761371,0,62.7410125732422,0,5.71754813194275,0,0,0,0,0,0,0,6.92273345589638,0,10.3270111083984,0,0,0,7.33281642080602,0,0,0,0,0,6.27301834523678,0,0,0,0,4.95589255690575,0,4.20117616653442,27.2192764282227,0,0,0,0,0,0,0,0,0,0,6.98171228347438,0,6.02714746297976,3.39747674356807,5.55452162232892,0,0
0,0,27.8743801116943,0,0,0,0,0,0,0,0,0,3.00040230751038,0,0,0,0,0,0,0,5.09704749507737,0,0,0,0,0,0,0,6.9047786394755,0,0,0,0,0,0,0,2.75218629837036,0,4.01549969548764,0,55.0452613830566,0,34.0376348495483,0,0,0,14.3474279403687,0,60.8250427246094,0,0,0,2.90246123075485,0,0,0,4.7486999553888,0,3.59671378135681,0,0,0,0,5.34782314053791,0,0,0,0,0,0,0,6.53150270098732,0,9.43249932202426,0,0,0,0,0,52.4673156738281,0,3.6467328824495,7.08371715810564,0,44.0559921264648,0,0
0,0,0,0,0,0,0,0,0,0,0,0,0,2.8591296672821,0,0,0,0,0,3.47913803127077,0,0,0,0,0,0,0,0,0,2.82404478391012,0,0,0,0,0,3.8661314646403,0,4.13595373496133,0,0,0,0,0,0,0,0,0,0,0,0,0,0,0,2.98694208264351,0,0,0,6.2066133814666,0,3.05769039856063,0,0,4.32101862921434,0,0,0,0,0,0,0,0,0,2.87058627605438,0,0,0,0,0,0,0,4.49883667952349,0,3.44153885622971,0,3.51099726888869,0,0
0,0,0,0,0,0,0,0,0,0,3.00040230751038,0,0,0,3.05211575611218,0,0,0,0,0,0,0,0,0,0,0,0,0,0,0,0,0,0,0,0,0,0,0,0,0,0,0,0,0,0,0,0,0,0,0,0,0,0,0,0,0,0,0,3.07281715729657,0,0,0,0,0,0,0,0,0,0,0,0,0,0,0,0,0,0,0,0,0,0,0,3.11332222131582,0,0,0,0
0,0,0,0,0,0,0,3.15675377845764,0,0,0,2.8591296672821,0,0,0,2.86088962852955,0,0,0,0,0,0,0,0,0,4.64241790771484,0,0,0,0,0,0,0,0,0,0,0,0,0,0,0,0,0,0,0,0,0,0,0,10.5786783511822,0,0,0,0,0,0,0,10.5250644683838,0,3.96548096808698,0,4.05034172668886,0,0,0,0,0,0,13.5808945080191,0,7.53208761555808,0,0,0,0,0,0,0,0,0,0,0,3.21580576482026,3.73375120434335,0,0,0
0,0,0,0,0,0,0,0,4.62048746788338,40.4090995788574,0,0,3.05211575611218,0,0,0,8.4030905014012,36.4566350664411,25.0155293146769,0,0,0,0,28.6311168670654,25.2257347106934,0,4.4223669634925,0,2.88409662246704,0,0,0,0,0,0,0,0,0,0,0,0,0,0,0,0,0,0,0,0,0,0,0,0,0,5.54478375653963,0,0,0,0,0,3.15661580841263,0,0,0,0,0,0,0,0,5.35881964365641,0,0,0,0,0,0,0,0,0,0,0,0,5.45236076136104,5.36756264038806,47.8360595703125,0,0
0,5.14669561386108,0,0,0,6.3887737315,0,0,0,6.46353453173979,0,0,0,2.86088962852955,0,0,0,11.2397538820903,0,0,0,0,0,0,0,0,0,0,0,0,0,0,0,0,0,0,0,0,0,0,0,0,0,0,0,0,0,0,0,6.83678911924362,0,7.73591084520525,0,0,0,10.2397498423258,0,0,0,6.04969924688339,0,3.93898776661878,0,0,0,0,0,0,12.9021709138069,0,9.89918231964111,0,0,0,0,0,0,0,0,0,0,0,6.18848583868572,4.82014218363269,0,0,0
34.5528297424316,52.0864109039307,24.385066986084,70.5474548339844,0,0,0,0,17.3832419045912,33.9985598754883,0,0,0,0,8.4030905014012,0,0,20.7134763939406,20.7575039024518,0,0,10.9669799804688,4.80705910198616,30.2143350455721,14.5216849681346,26.2441420555115,8.87045348268248,0,4.10627901554108,0,0,0,0,0,0,0,0,0,0,69.7201238264117,60.12796639924,56.1034380776542,40.1241234836415,51.2023963928223,0,64.7592608133952,58.1768508911133,0,0,0,0,0,0,0,16.8957858529404,30.6629915237427,56.7009010314941,0,0,0,5.74474283463941,0,71.9756182794986,65.6567923227946,31.9466142654419,4.91472139358521,34.3494105815887,16.7457007018613,0,7.13009928931755,0,0,69.5376510620117,0,0,0,0,0,73.0837853206462,63.8126164550781,68.6591835021973,0,12.9128470122666,6.413790128637,56.0512306017753,65.5168533325195,41.2327009836833
33.0993048350016,31.6333051828238,57.8919544219971,42.8406079610189,0,0,0,0,38.8377251535092,9.21866126087199,0,0,0,0,36.4566350664411,11.2397538820903,20.7134763939406,0,19.2553567727744,0,0,4.12040165492466,0,16.8224780664918,28.3537959531357,7.47271437033088,30.0900371624873,0,0,0,0,0,0,0,0,0,0,0,0,65.0311460876465,66.710903053853,51.1253966611974,53.8541471693251,40.0381355285645,0,61.1177580906795,65.468204498291,0,58.9380226135254,0,0,0,0,0,37.069682792381,8.48049826248019,0,0,0,0,38.9138160705566,13.9209270477295,66.8393130711147,72.7081104914347,4.31815661405708,0,21.6921300213746,26.9059334130123,6.94370013958699,37.5976643911222,0,0,59.8252716064453,0,0,0,0,0,67.4842908460487,71.1553932507833,65.2808799743652,0,12.296708324184,7.34646924522653,49.7221360633044,43.8537470499674,59.7375823974609
11.7186705271403,17.8405046816225,47.1769351959229,40.4944509778704,0,0,0,0,28.7622439904646,11.4777614068985,0,0,0,0,25.0155293146769,0,20.7575039024518,19.2553567727744,0,0,29.0561097462972,0,0,22.8039102207531,33.2961029418527,37.7103652954102,30.4358298301697,0,0,0,0,0,0,0,0,0,0,0,0,41.3732910927466,40.1087721551018,25.935635602824,21.140279903588,25.5248110294342,0,45.1889070164074,38.8834085621461,39.6137084960938,45.0642286936442,35.1233507792155,0,0,0,0,35.1764478683472,5.60040467126029,29.798367023468,42.4159393310547,0,0,24.5931491851807,0,49.5655238013385,46.697241862615,49.4866027832031,0,15.110008597374,44.0073391596476,0,23.5702828509467,0,0,37.3498873710632,45.7040557861328,0,0,0,0,46.834131507559,42.5661539542048,36.1843245837821,0,14.6002053581567,17.3738970607208,30.7822405821737,30.5922536210316,21.3128704223476
0,0,0,0,0,7.29730352705732,0,0,0,0,0,3.47913803127077,0,0,0,0,0,0,0,0,0,0,0,0,0,0,0,0,0,9.03832149505615,0,0,0,0,0,4.52595137344801,0,3.68480990659946,0,0,0,0,0,0,0,13.25421667099,0,0,0,0,0,6.43732602302342,0,0,0,0,0,3.91205558981947,0,9.05780029296875,0,0,4.93540918650013,0,0,0,0,0,0,0,0,0,7.1758733689785,0,0,0,0,0,8.0233187763279,0,5.22089189659889,0,4.33936330173792,7.27333076794942,4.36382910940382,0,0
0,0,25.2921253204346,0,4.4315932829549,58.1475143432617,4.08077787269245,0,0,0,5.09704749507737,0,0,0,0,0,0,0,29.0561097462972,0,0,0,0,0,0,0,0,0,0,0,0,0,0,0,0,0,3.91580570802989,0,3.57814633824726,71.0481224060059,53.0167274475098,0,39.1596921774057,0,0,0,14.5918524265289,0,44.5043084886339,0,3.37700990626686,0,0,0,0,0,4.76215332729128,0,0,0,0,0,0,5.37727578385447,0,0,0,0,0,0,0,0,0,8.952532240488,0,0,0,0,0,6.6703457635126,0,5.35101846548227,4.91793543494332,0,29.854780028138,0,0
0,0,0,0,0,0,0,0,0,0,0,0,0,0,0,0,10.9669799804688,4.12040165492466,0,0,0,0,3.77431331351846,6.79104112598994,0,3.38492059707642,0,3.52737273573875,0,0,0,0,0,0,0,0,0,3.47713994935419,0,0,0,0,0,0,0,0,0,0,0,6.17322038296841,0,0,0,0,0,0,0,0,0,0,0,0,0,0,4.11024585503054,3.35840012742714,6.12469297296861,0,3.65905952453613,0,9.67873173119887,0,0,0,0,0,0,0,0,0,5.1084101918918,4.98633108139038,3.61460302775818,3.41957678113665,0,0,0
0,0,0,0,0,0,0,0,22.0091495513916,0,0,0,0,0,0,0,4.80705910198616,0,0,0,0,3.77431331351846,0,0,0,0,4.33639307022095,0,3.656924464024,0,0,0,0,0,0,0,0,3.48763986428579,3.52590157901266,0,0,0,0,0,0,0,0,0,5.32541770056674,0,0,0,0,0,0,0,0,0,0,0,0,0,0,0,7.17290735244751,4.29601102608901,0,3.40404727629253,0,3.68884907750522,0,3.44149681607132,0,0,0,0,0,0,0,0,0,4.00532643386611,4.01364652500596,3.78116045214913,0,0,0
0,0,0,0,0,0,0,0,32.4604459490095,5.89800585785957,0,0,0,0,28.6311168670654,0,30.2143350455721,16.8224780664918,22.8039102207531,0,0,6.79104112598994,0,0,19.6811859607697,3.4625106719603,34.1582660675049,0,0,0,0,0,0,0,0,0,0,6.22371901904835,0,0,0,8.84506464004517,0,0,0,0,0,18.3198509216309,0,0,0,0,0,0,0,3.61144594797927,0,0,0,0,28.257022857666,0,0,0,6.15421177659716,0,5.03627906984753,0,3.21902758734567,26.6003699302673,0,0,0,0,0,0,0,0,0,99.0031051635742,6.78966071294702,0,9.09788522607253,38.7795524597168,9.04345926485564,0,0
0,0,0,0,0,0,0,0,14.3238345119688,30.5387026468913,0,0,0,0,25.2257347106934,0,14.5216849681346,28.3537959531357,33.2961029418527,0,0,0,0,19.6811859607697,0,0,3.66078921696087,0,0,0,0,0,0,0,0,0,0,0,3.93564268559386,79.7706604003906,62.0264511108398,62.5314083099365,14.0046173559653,0,0,0,0,0,6.25146821141243,0,0,0,0,0,5.8092191523694,0,0,0,0,0,25.0171413421631,0,0,0,0,0,30.7506504058838,4.66765270648164,0,5.68028209841981,0,0,0,0,0,0,0,0,84.6244099934896,91.8533477783203,0,7.51445961673305,13.9996788269136,35.7737795511881,4.96961405075772,0,0
0,0,0,0,0,0,0,0,0,2.8744961420695,0,0,0,4.64241790771484,0,0,26.2441420555115,7.47271437033088,37.7103652954102,0,0,3.38492059707642,0,3.4625106719603,0,0,0,4.07792536417643,0,0,0,0,0,0,0,0,0,0,0,0,0,0,0,0,0,0,0,0,0,0,0,0,0,0,40.2102241516113,0,0,0,0,0,0,5.04295825958252,0,0,2.7240743637085,0,3.55207950980575,0,8.40600170059638,0,0,0,0,0,0,0,0,0,79.4899673461914,0,0,0,4.67524405223567,9.23575523921422,0,0,0
0,0,0,0,0,0,0,0,14.2113745212555,0,0,0,0,0,4.4223669634925,0,8.87045348268248,30.0900371624873,30.4358298301697,0,0,0,4.33639307022095,34.1582660675049,3.66078921696087,0,0,0,2.81317055225372,0,0,0,0,0,0,0,0,0,0,0,0,0,0,0,0,0,0,0,11.1007232666016,0,0,0,0,0,18.0655288696289,0,0,0,0,0,0,0,0,0,0,0,0,7.32089032264466,0,5.50947659133931,0,4.59260304157551,0,0,0,0,0,0,0,0,0,0,4.71922998650129,7.46187477111816,0,0,0
0,0,0,0,0,0,0,0,0,0,0,0,0,0,0,0,0,0,0,0,0,3.52737273573875,0,0,0,4.07792536417643,0,0,0,2.86769824028015,0,0,0,0,0,0,0,2.98702016602392,0,0,0,0,0,0,0,0,0,0,0,0,0,0,0,0,0,0,0,0,0,0,0,3.04852592945099,0,0,6.54719967842102,0,0,0,0,0,3.78117925723116,0,5.68239895502726,0,0,0,0,0,0,0,2.95134528477987,0,2.88844116528829,0,0,0,0
0,0,0,0,0,0,0,0,0,0,6.9047786394755,0,0,0,2.88409662246704,0,4.10627901554108,0,0,0,0,0,3.656924464024,0,0,0,2.81317055225372,0,0,0,3.60044148093776,0,0,0,0,0,0,0,2.74858713150024,0,0,0,0,0,0,0,0,0,0,0,0,0,0,0,0,0,6.07780005931854,0,0,0,0,0,0,0,0,4.76154637336731,0,0,0,0,0,4.07602325999691,0,4.10115146636963,0,0,0,0,0,0,0,3.00328864653905,3.12929867614399,3.38337159156799,0,0,0
0,0,0,0,0,0,0,0,0,0,0,2.82404478391012,0,0,0,0,0,0,0,9.03832149505615,0,0,0,0,0,0,0,2.86769824028015,0,0,0,0,0,0,0,0,0,3.34180431780608,0,0,0,0,0,0,0,0,0,0,0,0,0,0,0,0,0,0,0,3.74327178001404,0,0,0,0,11.455705165863,0,0,0,0,0,0,0,3.45782146966162,0,5.85957863612546,0,0,0,0,0,0,0,3.6943547129631,0,3.19501067233342,0,5.24961042404175,0,0
0,0,0,0,0,0,0,0,0,0,0,0,0,0,0,0,0,0,0,0,0,0,0,0,0,0,0,0,3.60044148093776,0,0,0,0,0,0,0,0,0,3.16940096084108,0,0,0,0,0,0,0,0,0,0,0,0,0,0,0,0,0,5.04092514514923,0,0,0,0,0,0,8.9921932220459,0,0,0,0,0,0,0,3.11811500787735,0,4.16380937661906,0,0,0,0,0,0,0,3.53756701728525,4.17547235096971,0,0,0,0
0,0,0,0,0,0,0,0,0,0,0,0,0,0,0,0,0,0,0,0,0,0,0,0,0,0,0,0,0,0,0,0,3.09658107896311,2.9981575012207,0,3.00713210494541,0,0,0,0,0,0,0,0,0,0,0,3.81732201692252,0,0,0,0,0,0,0,0,0,0,0,0,0,0,0,0,0,0,0,0,0,0,0,0,0,0,4.31961521021838,4.43841269016266,3.61389932632446,0,3.57977679120973,0,0,0,2.83531578837848,0,0,0,0
0,0,0,0,0,0,0,0,0,0,0,0,0,0,0,0,0,0,0,0,0,0,0,0,0,0,0,0,0,0,0,3.09658107896311,0,0,11.5729687302201,0,3.14633809778206,0,0,0,0,0,0,0,0,0,0,3.76063537955147,10.2166302779625,0,0,0,0,0,0,0,0,0,0,0,0,0,0,0,0,0,0,0,0,0,0,0,0,0,4.34479821219999,4.87647135187891,0,15.019076683942,0,4.74762038723115,0,0,3.69714769295284,0,9.6734733581543,0,0
0,0,0,0,0,0,0,0,0,0,0,0,0,0,0,0,0,0,0,0,0,0,0,0,0,0,0,0,0,0,0,2.9981575012207,0,0,3.32656779821775,3.57242687162525,0,5.36985508157212,0,0,0,0,0,0,0,0,0,5.18295892497303,0,11.3683543205261,0,0,0,0,0,0,0,0,0,0,0,0,0,0,0,0,0,0,0,0,0,0,0,0,2.7351667881012,15.5367904239231,4.30432109064794,4.90781957263887,3.98221632073687,0,5.23604789515123,0,5.0271542118591,0,11.3479401270548,0,0
0,0,0,0,0,0,0,0,0,0,0,0,0,0,0,0,0,0,0,0,0,0,0,0,0,0,0,0,0,0,0,0,11.5729687302201,3.32656779821775,0,0,3.77290373468704,7.4359518800463,4.71125266254407,0,0,0,0,0,0,0,0,5.47860275591657,4.16843938827515,16.2118995189667,0,0,0,0,0,0,0,0,0,0,0,0,0,0,0,0,0,0,0,0,0,0,0,0,0,9.72969981323589,4.28980743900188,4.60320086978889,0,4.62661115514471,13.7093924070016,6.59743565136624,4.59570648359216,0,0,0,0
0,0,0,13.7184321403503,0,13.4502843947432,0,0,0,0,0,3.8661314646403,0,0,0,0,0,0,0,4.52595137344801,0,0,0,0,0,0,0,0,0,0,0,3.00713210494541,0,3.57242687162525,0,0,3.39510738395797,4.18277363338752,3.81644384788744,5.11801671981812,0,33.3712355295817,0,0,0,22.3526770404934,0,3.44018966920914,0,22.607916279843,0,18.5048948589124,0,0,0,0,0,18.8961451015775,0,0,0,19.998161315918,5.16689967749706,35.4306373596191,0,0,0,0,0,0,0,0,34.9911774226597,0,3.69709530359582,0,3.91619971176473,0,4.33432876028701,3.53950730641683,5.0592821474025,0,4.3768083639607,7.85079703480005,16.6895826331824,27.5766735076904,0
0,0,0,0,4.21195960044861,0,0,0,0,0,2.75218629837036,0,0,0,0,0,0,0,0,0,3.91580570802989,0,0,0,0,0,0,0,0,0,0,0,3.14633809778206,0,3.77290373468704,3.39510738395797,0,0,4.97148252110895,7.36320352554321,0,0,42.6549453735352,0,0,0,26.9508292516073,4.26745107866103,18.7583198547363,0,0,0,0,0,0,0,37.3918228149414,0,0,0,0,0,0,8.73925985490336,0,0,0,0,0,0,0,0,0,42.161382039388,0,5.15115825203825,0,4.70484312090282,3.91793275605077,5.31695940571613,0,11.0837927440966,3.95518559533723,2.94287156477207,20.3787502150938,0,0
0,0,0,0,0,0,0,0,0,5.30747315761371,0,4.13595373496133,0,0,0,0,0,0,0,3.68480990659946,0,3.47713994935419,3.48763986428579,6.22371901904835,0,0,0,2.98702016602392,0,3.34180431780608,0,0,0,5.36985508157212,7.4359518800463,4.18277363338752,0,0,3.26490991055465,0,0,6.2018855214119,14.5226718902588,0,0,15.6706604957581,0,8.51433291916895,0,7.66760456633855,0,0,0,0,0,4.03284090341524,0,4.42625651867569,0,0,0,0,5.9126256449499,0,3.28086209605038,0,5.37832443610482,0,0,0,6.00953362983407,0,5.21140197133334,0,0,0,4.84343562086313,3.66361905468835,4.76039087540359,0,5.15591122571241,4.34600557244342,4.02997626915691,4.03272867202759,5.15845935543378,0,0
0,0,0,0,0,0,0,0,5.73347576504149,0,4.01549969548764,0,0,0,0,0,0,0,0,0,3.57814633824726,0,3.52590157901266,0,3.93564268559386,0,0,0,2.74858713150024,0,3.16940096084108,0,0,0,4.71125266254407,3.81644384788744,4.97148252110895,3.26490991055465,0,0,0,0,7.43689210115079,0,0,0,0,5.58992050994526,6.60642810645311,0,0,0,0,0,5.51971018961234,0,5.25198870897293,0,0,0,0,0,0,4.97271659995327,0,4.32070467948914,0,3.35205126293306,0,0,0,2.73626351356506,0,3.8125786781311,0,0,0,4.36491721569341,4.27739348778358,8.18746518324738,4.20949889202507,5.08129466829541,3.95700783360572,2.97667661466097,5.81944135113766,0,0
0,0,46.9151420593262,32.2886209011078,47.3039512634277,41.7928336831026,0,0,0,62.7410125732422,0,0,0,0,0,0,69.7201238264117,65.0311460876465,41.3732910927466,0,71.0481224060059,0,0,0,79.7706604003906,0,0,0,0,0,0,0,0,0,0,5.11801671981812,7.36320352554321,0,0,0,71.0123477935791,19.6818855024866,34.2360202703583,23.8272622070313,0,22.9098008799266,66.3757927304222,6.36669367757337,43.8493065834045,11.7035626340693,0,36.7407445907593,0,0,0,50.1924629211426,62.6560554504395,49.3257052612305,0,0,0,43.0705413818359,8.92063996263219,70.0621173381805,0,0,0,0,0,0,0,0,50.7285099937802,0,0,0,0,0,25.1809290879428,70.9778327996081,51.445022947817,0,35.2625541751124,71.0026092529297,22.6287989792425,24.2299930060782,43.9475860595703
30.0972771895559,0,37.4693921804428,57.9823608398438,46.1715000697545,0,0,0,0,0,55.0452613830566,0,0,0,0,0,60.12796639924,66.710903053853,40.1087721551018,0,53.0167274475098,0,0,0,62.0264511108398,0,0,0,0,0,0,0,0,0,0,0,0,0,0,71.0123477935791,0,55.0172297159831,18.4618052685726,72.9609069824219,24.7775592803955,64.1555815304027,17.1799119686087,0,8.72660336150961,55.3064270019531,45.6894550323486,0,0,0,0,0,54.2354015551115,76.7950744628906,0,0,0,0,78.190242767334,12.1653540810314,0,0,0,0,0,0,0,0,72.199836730957,68.0940551757812,0,0,0,0,79.5563423792521,15.7137710817361,76.1131332397461,0,40.9569057241348,71.0719194412231,22.8037924952699,0,21.750495249033
0,15.6781479312528,0,35.9723138133372,0,45.213176502901,0,0,0,5.71754813194275,0,0,0,0,0,0,56.1034380776542,51.1253966611974,25.935635602824,0,0,0,0,8.84506464004517,62.5314083099365,0,0,0,0,0,0,0,0,0,0,33.3712355295817,0,6.2018855214119,0,19.6818855024866,55.0172297159831,0,11.7527666742151,17.5891306640433,0,30.7123714738291,87.4386469523112,9.01241494826417,45.9170201619466,19.9560449891295,0,50.5313841501872,0,0,0,41.3489818572998,0,17.4037133798367,0,0,0,45.6354653494699,28.1997252948533,58.4266939163208,0,0,9.70506017858332,0,0,0,22.3480998277664,0,12.448555496112,0,0,0,0,0,20.9902733390996,62.7848575733326,30.8299735321486,0,13.0601094714389,10.608295917511,15.2748771501385,9.45873533845411,28.7993521690369
14.9769129753113,0,26.271148095995,46.6359300613403,39.2272932434082,0,0,0,17.803170407072,0,34.0376348495483,0,0,0,0,0,40.1241234836415,53.8541471693251,21.140279903588,0,39.1596921774057,0,0,0,14.0046173559653,0,0,0,0,0,0,0,0,0,0,0,42.6549453735352,14.5226718902588,7.43689210115079,34.2360202703583,18.4618052685726,11.7527666742151,0,0,6.71613323688507,46.7048296494917,19.2773883881107,7.71558153082471,10.3146068866299,22.4060430526733,41.0853786468506,0,0,0,36.7274799346924,0,20.8917020543416,54.9174652099609,0,0,30.9874267578125,0,54.0065894879793,24.8748809235536,0,0,0,13.7217401776995,0,0,0,0,55.1595573425293,47.404118347168,0,0,0,0,58.2717995246251,22.6150565904814,37.7709536552429,10.0847053527832,14.9675256412324,52.9301312764486,14.0136109358832,6.64897306760152,6.81449010708029
0,0,0,0,0,0,0,0,0,0,0,0,0,0,0,0,51.2023963928223,40.0381355285645,25.5248110294342,0,0,0,0,0,0,0,0,0,0,0,0,0,0,0,0,0,0,0,0,23.8272622070313,72.9609069824219,17.5891306640433,0,0,0,27.3859221140544,0,0,0,20.021580696106,0,0,0,0,0,0,0,17.3637267521449,0,0,0,0,25.3300000258854,0,0,0,0,0,0,0,0,0,22.6942000212493,0,0,0,0,0,29.6816718440411,71.0389022827148,24.4137069649167,0,8.89101492034064,0,17.1204923347956,18.488037109375,0
0,0,0,0,0,0,0,0,0,0,0,0,0,0,0,0,0,0,0,0,0,0,0,0,0,0,0,0,0,0,0,0,0,0,0,0,0,0,0,0,24.7775592803955,0,6.71613323688507,0,0,0,0,0,0,0,0,0,0,0,0,0,0,0,0,0,0,0,0,0,0,0,0,0,0,0,0,0,0,0,0,0,0,0,0,0,0,0,8.34630918502808,0,10.6627434950608,0,0
0,0,0,10.0698704951339,0,20.3522616139165,0,0,0,0,0,0,0,0,0,0,64.7592608133952,61.1177580906795,45.1889070164074,13.25421667099,0,0,0,0,0,0,0,0,0,0,0,0,0,0,0,22.3526770404934,0,15.6706604957581,0,22.9098008799266,64.1555815304027,30.7123714738291,46.7048296494917,27.3859221140544,0,0,60.6169459025065,55.9004215664334,49.371166229248,42.5059719284376,0,29.0656032562256,0,0,0,19.0140256881714,0,22.367641578118,0,0,0,18.3728408813477,13.8279690570398,98.4415740966797,0,0,0,0,0,0,27.8733253479004,0,22.4391126877222,0,0,0,0,0,20.9246329262725,71.1441044807434,14.6605684133782,0,39.3421668052673,39.4222931861877,22.0163573143901,23.3509407043457,0
21.8498477935791,0,24.8999280929565,56.6551856994629,34.9927406311035,66.1818008422852,0,0,49.7037544250488,0,14.3474279403687,0,0,0,0,0,58.1768508911133,65.468204498291,38.8834085621461,0,14.5918524265289,0,0,0,0,0,0,0,0,0,0,0,0,0,0,0,26.9508292516073,0,0,66.3757927304222,17.1799119686087,87.4386469523112,19.2773883881107,0,0,60.6169459025065,0,40.2185897827148,41.1802272529246,42.5812187194824,0,73.987174987793,0,0,0,0,20.1474889119466,0,0,0,0,67.4360580444336,77.3257967631022,13.388492469852,0,0,0,0,0,0,0,0,0,20.2049743334452,0,0,0,0,77.2454914766199,18.6983955522575,63.4679698944092,0,36.9966508686891,59.6505864461263,23.3323514463524,0,30.781999429067
0,0,0,52.4300113677979,0,58.8117408752441,0,0,0,0,0,0,0,0,0,0,0,0,39.6137084960938,0,0,0,0,18.3198509216309,0,0,0,0,0,0,0,3.81732201692252,3.76063537955147,5.18295892497303,5.47860275591657,3.44018966920914,4.26745107866103,8.51433291916895,5.58992050994526,6.36669367757337,0,9.01241494826417,7.71558153082471,0,0,55.9004215664334,40.2185897827148,0,5.25283965342158,6.57612252321901,0,0,0,0,0,0,0,71.8034210205078,0,0,0,0,59.7026100158691,34.381470489502,0,0,0,0,0,0,0,0,0,0,6.02706243907081,5.52393571232195,4.64727786871103,7.23619812107641,5.25523277466543,6.28077689586626,9.50988853430968,7.87330452490428,5.55745142294254,5.19053648044537,11.4820327366688,0,0
4.8013926595015,0,9.20438464898082,40.9383525848389,40.4551905526055,39.8718433380127,0,0,7.80322374646359,0,60.8250427246094,0,0,0,0,0,0,58.9380226135254,45.0642286936442,0,44.5043084886339,0,5.32541770056674,0,6.25146821141243,0,11.1007232666016,0,0,0,0,0,10.2166302779625,0,4.16843938827515,0,18.7583198547363,0,6.60642810645311,43.8493065834045,8.72660336150961,45.9170201619466,10.3146068866299,0,0,49.371166229248,41.1802272529246,5.25283965342158,0,4.95621757847922,5.5059159838635,52.321403503418,0,0,10.6951257768942,0,11.9231363630643,0,4.13975198645341,0,3.59141339248335,44.029842376709,0,42.6607173126523,0,4.62914009019732,0,3.6743447618051,0,6.74409112930298,0,3.48811436421943,53.3638381958008,9.59282092694883,0,0,0,3.81780996322632,34.9494938254356,28.6431732255,59.3912506103516,6.48298899008854,20.0286363242509,0,13.58289911211,56.098596572876,47.809708404541
0,7.96352828622774,51.2358436584473,12.9170215796616,0,43.860231118124,0,0,0,6.92273345589638,0,0,0,10.5786783511822,0,6.83678911924362,0,0,35.1233507792155,0,0,6.17322038296841,0,0,0,0,0,0,0,0,0,0,0,11.3683543205261,16.2118995189667,22.607916279843,0,7.66760456633855,0,11.7035626340693,55.3064270019531,19.9560449891295,22.4060430526733,20.021580696106,0,42.5059719284376,42.5812187194824,6.57612252321901,4.95621757847922,0,0,50.8302909851074,0,0,0,15.7250383138657,0,13.1953599377455,0,7.92645453413328,0,6.80313046284538,43.8153592159874,48.3104076385498,4.81169002736638,0,4.40833195277623,0,14.4801715215047,0,5.6307515384721,0,6.83209691842397,0,0,0,0,16.4767560958862,17.7698254854943,64.3188743591309,6.23331554247783,22.0338268280029,15.9195896340855,0,14.8726506440361,17.6209318161011,0
0,0,8.27466293743679,0,5.16159966866508,0,3.25671437748691,0,4.39851270403181,0,0,0,0,0,0,0,0,0,0,0,3.37700990626686,0,0,0,0,0,0,0,0,0,0,0,0,0,0,0,0,0,0,0,45.6894550323486,0,41.0853786468506,0,0,0,0,0,5.5059159838635,0,0,0,0,0,3.09506120993978,0,0,0,0,0,2.95723855495453,0,0,6.14054551720619,0,0,0,0,0,0,0,0,0,0,0,0,0,0,0,0,0,0,6.41400432725285,0,7.65117539857563,0,0
0,0,0,8.63199470616594,0,3.70632522671339,0,5.42846528689067,0,10.3270111083984,0,0,0,0,0,7.73591084520525,0,0,0,6.43732602302342,0,0,0,0,0,0,0,0,0,0,0,0,0,0,0,18.5048948589124,0,0,0,36.7407445907593,0,50.5313841501872,0,0,0,29.0656032562256,73.987174987793,0,52.321403503418,50.8302909851074,0,0,0,3.42891356490907,0,14.6606613794963,0,3.9240736990264,0,3.89403635263443,0,6.60955200506293,11.6715473190683,0,0,0,0,0,0,0,0,0,0,0,0,0,0,0,25.6266075331589,68.0040435791016,0,0,7.88958610149852,6.61930543023187,9.94320283517753,0,0
0,0,0,0,3.49751644134521,0,3.2705931617068,0,0,0,2.90246123075485,0,0,0,0,0,0,0,0,0,0,0,0,0,0,0,0,0,0,0,0,0,0,0,0,0,0,0,0,0,0,0,0,0,0,0,0,0,0,0,0,0,0,0,0,0,3.46109863805274,0,0,0,0,0,0,0,0,0,0,0,0,0,0,0,0,0,0,0,0,0,0,0,0,0,3.94758745729923,0,0,0,0
0,0,0,0,0,3.35860085487366,0,3.94921348480407,0,0,0,2.98694208264351,0,0,0,0,0,0,0,0,0,0,0,0,0,0,0,0,0,0,0,0,0,0,0,0,0,0,0,0,0,0,0,0,0,0,0,0,0,0,0,3.42891356490907,0,0,0,0,0,0,0,0,0,0,0,0,0,0,0,0,0,0,0,0,0,0,0,0,0,0,0,0,0,0,4.27012190719446,3.49130731507352,0,0,0
4.91661806911011,0,8.97296639128681,0,3.03568493773084,0,0,0,5.00930793315834,0,0,0,0,0,5.54478375653963,0,16.8957858529404,37.069682792381,35.1764478683472,0,0,0,0,0,5.8092191523694,40.2102241516113,18.0655288696289,0,0,0,0,0,0,0,0,0,0,0,5.51971018961234,0,0,0,36.7274799346924,0,0,0,0,0,10.6951257768942,0,3.09506120993978,0,0,0,0,0,0,0,6.72900676727295,0,5.16558118317578,0,0,0,0,0,0,7.41683961293949,0,10.7025995677328,0,0,0,0,0,0,0,0,0,56.6878623962402,0,4.91956567361321,4.75853659487203,0,8.59272909164429,0,0
0,6.45517671902974,0,8.70698570811059,0,17.6455797467913,0,0,0,7.33281642080602,0,0,0,0,0,10.2397498423258,30.6629915237427,8.48049826248019,5.60040467126029,0,0,0,0,3.61144594797927,0,0,0,0,0,0,0,0,0,0,0,0,0,4.03284090341524,0,50.1924629211426,0,41.3489818572998,0,0,0,19.0140256881714,0,0,0,15.7250383138657,0,14.6606613794963,0,0,0,0,0,0,0,0,0,6.19269075700047,0,0,0,0,5.24500874429941,0,0,0,0,0,0,0,0,0,0,0,67.8842926025391,0,6.56280237544667,0,7.27606651416192,11.1149303913116,20.8787846236393,0,0
0,0,24.1381675243378,0,43.8988456726074,0,0,0,0,0,4.7486999553888,0,0,0,0,0,56.7009010314941,0,29.798367023468,0,4.76215332729128,0,0,0,0,0,0,0,6.07780005931854,0,5.04092514514923,0,0,0,0,0,37.3918228149414,0,5.25198870897293,62.6560554504395,54.2354015551115,0,20.8917020543416,0,0,0,20.1474889119466,0,11.9231363630643,0,0,0,3.46109863805274,0,0,0,0,0,4.24410798756973,0,4.24746723551499,0,0,8.27531275246764,0,0,0,0,0,0,0,4.67856975107004,0,3.83258680027618,0,0,0,0,96.9996948242188,41.1557805291538,0,0,14.3398505803701,0,15.6401387062748,0,14.662087281545
0,8.71146657731798,0,12.6135455307208,0,5.97061014175415,0,2.95404696464539,0,0,0,6.2066133814666,0,10.5250644683838,0,0,0,0,42.4159393310547,3.91205558981947,0,0,0,0,0,0,0,0,0,3.74327178001404,0,0,0,0,0,18.8961451015775,0,4.42625651867569,0,49.3257052612305,76.7950744628906,17.4037133798367,54.9174652099609,17.3637267521449,0,22.367641578118,0,71.8034210205078,0,13.1953599377455,0,3.9240736990264,0,0,0,0,0,0,0,5.25485359247639,0,7.73926107027356,8.51920013764968,0,0,0,0,0,16.5991291524564,0,7.31979530397123,0,4.17381298295868,0,0,0,0,0,36.4553619384766,80.3866920471191,5.7072029709816,0,5.94151833481985,0,9.989292725207,14.1297011971474,0
5.25827419757843,0,4.20037317276001,0,0,0,3.16586256027222,0,0,0,3.59671378135681,0,3.07281715729657,0,0,0,0,0,0,0,0,0,0,0,0,0,0,0,0,0,0,0,0,0,0,0,0,0,0,0,0,0,0,0,0,0,0,0,4.13975198645341,0,0,0,0,0,6.72900676727295,0,4.24410798756973,0,0,0,3.50106579123191,0,0,0,0,0,0,0,0,0,0,3.59370096992044,0,0,0,0,0,0,0,0,0,0,0,0,0,0,0
0,11.7320227622986,0,3.79847955703735,0,5.26298451423645,0,3.33306392137106,0,0,0,3.05769039856063,0,3.96548096808698,0,6.04969924688339,0,0,0,9.05780029296875,0,0,0,0,0,0,0,0,0,0,0,0,0,0,0,0,0,0,0,0,0,0,0,0,0,0,0,0,0,7.92645453413328,0,3.89403635263443,0,0,0,0,0,5.25485359247639,0,0,0,8.14700393587249,0,0,0,0,0,0,14.11674305571,0,8.34928885363696,0,0,0,0,0,0,0,0,0,0,0,4.45685189682365,4.46247131841166,6.22560432553291,0,0
5.43262899380464,0,8.61988571948475,0,8.24344003200531,0,0,0,4.95561542723748,0,0,0,0,0,3.15661580841263,0,5.74474283463941,38.9138160705566,24.5931491851807,0,0,0,0,28.257022857666,25.0171413421631,0,0,0,0,0,0,0,0,0,0,0,0,0,0,0,0,0,30.9874267578125,0,0,0,0,0,3.59141339248335,0,2.95723855495453,0,0,0,5.16558118317578,0,4.24746723551499,0,3.50106579123191,0,0,0,0,0,0,0,0,0,0,0,0,0,0,0,0,0,0,0,0,0,0,0,5.34050160704307,7.31729830635919,13.0217158907936,0,0
0,3.6582987207762,0,6.01449590839752,0,6.67889266620482,0,0,0,6.27301834523678,0,0,0,4.05034172668886,0,3.93898776661878,0,13.9209270477295,0,0,0,0,0,0,0,5.04295825958252,0,3.04852592945099,0,0,0,0,0,0,0,19.998161315918,0,0,0,43.0705413818359,0,45.6354653494699,0,0,0,18.3728408813477,67.4360580444336,0,44.029842376709,6.80313046284538,0,6.60955200506293,0,0,0,6.19269075700047,0,7.73926107027356,0,8.14700393587249,0,0,33.6530532836914,0,0,0,0,0,7.71717575372652,0,8.50190818309784,0,35.0495643615723,0,0,0,0,0,35.6153476715088,0,0,0,4.72599999308586,5.47474591986177,29.6219848817395,0,0
0,78.5932769775391,0,28.4592481759878,0,15.440421727452,0,0,0,0,0,4.32101862921434,0,0,0,0,71.9756182794986,66.8393130711147,49.5655238013385,4.93540918650013,0,0,0,0,0,0,0,0,0,11.455705165863,0,0,0,0,0,5.16689967749706,0,5.9126256449499,0,8.92063996263219,78.190242767334,28.1997252948533,54.0065894879793,25.3300000258854,0,13.8279690570398,77.3257967631022,59.7026100158691,0,43.8153592159874,0,11.6715473190683,0,0,0,0,0,8.51920013764968,0,0,0,33.6530532836914,0,84.9866060529436,0,0,0,0,0,0,17.6565723419189,0,14.0804580501426,0,0,0,0,0,9.53611330447091,83.3903121948242,10.2322448600158,0,29.9055562029945,69.3054351806641,13.3971634738477,30.8267475962639,69.8343124389648
0,0,21.9753418529735,54.135066986084,7.77512300279405,0,6.63216365708245,0,60.4843940734863,0,5.34782314053791,0,0,0,0,0,65.6567923227946,72.7081104914347,46.697241862615,0,5.37727578385447,0,0,0,0,0,0,0,0,0,8.9921932220459,0,0,0,0,35.4306373596191,8.73925985490336,0,4.97271659995327,70.0621173381805,12.1653540810314,58.4266939163208,24.8748809235536,0,0,98.4415740966797,13.388492469852,34.381470489502,42.6607173126523,48.3104076385498,6.14054551720619,0,0,0,0,0,8.27531275246764,0,0,0,0,0,84.9866060529436,0,0,0,0,0,0,0,0,0,0,14.7593251641034,0,0,0,0,70.2420459747314,17.3872704911512,78.2227172851562,0,14.7561264842824,0,15.7369864844223,0,16.2169138978167
0,0,0,0,0,0,0,0,0,0,0,0,0,0,0,0,31.9466142654419,4.31815661405708,49.4866027832031,0,0,4.11024585503054,7.17290735244751,6.15421177659716,0,2.7240743637085,0,6.54719967842102,0,0,0,0,0,0,0,0,0,3.28086209605038,0,0,0,0,0,0,0,0,0,0,0,4.81169002736638,0,0,0,0,0,0,0,0,0,0,0,0,0,0,0,0,4.58786688788214,0,3.37105543247761,0,6.89785034907492,0,0,0,0,0,0,0,0,0,4.95963197940187,5.70490312576294,4.16986184563142,4.3033452314489,0,0,0
0,0,0,0,0,0,0,0,0,0,0,0,0,0,0,0,4.91472139358521,0,0,0,0,3.35840012742714,4.29601102608901,0,0,0,0,0,4.76154637336731,0,0,0,0,0,0,0,0,0,4.32070467948914,0,0,0,0,0,0,0,0,0,4.62914009019732,0,0,0,0,0,0,0,0,0,0,0,0,0,0,0,0,0,0,4.70786409764677,0,3.85735369920731,0,8.95879779449881,0,13.099100112915,0,0,0,0,0,0,0,4.0511431263478,3.58283619573039,0,0,0,0
0,0,0,0,0,0,0,0,0,4.95589255690575,0,0,0,0,0,0,34.3494105815887,21.6921300213746,15.110008597374,0,0,6.12469297296861,0,5.03627906984753,30.7506504058838,3.55207950980575,0,0,0,0,0,0,0,0,0,0,0,5.37832443610482,0,0,0,9.70506017858332,0,0,0,0,0,0,0,4.40833195277623,0,0,0,0,0,5.24500874429941,0,0,0,0,0,0,0,0,4.58786688788214,0,0,0,2.92015968716663,33.7017822265625,6.42368352349429,0,0,0,0,0,0,0,0,0,6.17142920201142,0,6.82355704140707,44.3370494842529,6.18164098235256,0,0
14.4674135314094,0,0,0,0,0,0,0,13.5975940320641,0,0,0,0,0,0,0,16.7457007018613,26.9059334130123,44.0073391596476,0,0,0,3.40404727629253,0,4.66765270648164,0,7.32089032264466,0,0,0,0,0,0,0,0,0,0,0,3.35205126293306,0,0,0,13.7217401776995,0,0,0,0,0,3.6743447618051,0,0,0,0,0,7.41683961293949,0,0,0,0,0,0,0,0,0,0,4.70786409764677,0,0,0,6.31365265658027,0,0,0,0,0,0,0,0,0,0,0,4.16050889655834,6.48934113427838,0,4.30075140462981,0,0
0,0,0,0,0,0,0,0,0,4.20117616653442,0,0,0,13.5808945080191,0,12.9021709138069,0,6.94370013958699,0,0,0,3.65905952453613,0,3.21902758734567,0,8.40600170059638,0,0,0,0,0,0,0,0,0,0,0,0,0,0,0,0,0,0,0,0,0,0,0,14.4801715215047,0,0,0,0,0,0,0,16.5991291524564,0,14.11674305571,0,7.71717575372652,0,0,3.37105543247761,0,2.92015968716663,0,0,0,5.03457658866356,0,0,0,0,0,0,0,0,0,0,0,3.34090614318848,0,9.23427581787109,0,0
13.9531811305455,0,0,0,0,0,0,0,10.6476420570822,27.2192764282227,0,0,0,0,5.35881964365641,0,7.13009928931755,37.5976643911222,23.5702828509467,0,0,0,3.68884907750522,26.6003699302673,5.68028209841981,0,5.50947659133931,0,0,0,0,0,0,0,0,0,0,0,0,0,0,0,0,0,0,0,0,0,6.74409112930298,0,0,0,0,0,10.7025995677328,0,0,0,0,0,0,0,0,0,0,3.85735369920731,33.7017822265625,6.31365265658027,0,0,0,4.74708390235901,0,0,0,0,0,0,124.738525390625,0,0,0,6.02695180985575,34.1667182445526,3.24406595230103,0,0
0,0,0,0,0,0,0,0,0,0,0,0,0,7.53208761555808,0,9.89918231964111,0,0,0,0,0,9.67873173119887,0,0,0,0,0,3.78117925723116,0,3.45782146966162,0,0,0,0,0,0,0,6.00953362983407,0,0,0,22.3480998277664,0,0,0,27.8733253479004,0,0,0,5.6307515384721,0,0,0,0,0,0,0,7.31979530397123,0,8.34928885363696,0,8.50190818309784,17.6565723419189,0,6.89785034907492,0,6.42368352349429,0,5.03457658866356,0,0,0,2.85306680202484,0,0,0,0,0,0,0,5.35761219074455,0,18.0429363250732,0,6.24728771710075,15.0814327352187,0
0,0,0,0,0,0,0,0,0,0,6.53150270098732,0,0,0,0,0,0,0,0,0,0,0,3.44149681607132,0,0,0,4.59260304157551,0,4.07602325999691,0,3.11811500787735,0,0,0,0,0,0,0,2.73626351356506,0,0,0,0,0,0,0,0,0,3.48811436421943,0,0,0,0,0,0,0,4.67856975107004,0,3.59370096992044,0,0,0,0,0,0,8.95879779449881,0,0,0,4.74708390235901,0,0,0,4.62887587642909,0,0,0,0,0,0,0,7.78652741645821,0,0,0,0,0
0,0,0,25.6526406028054,0,34.6475143432617,0,0,0,0,0,2.87058627605438,0,0,0,0,69.5376510620117,59.8252716064453,37.3498873710632,7.1758733689785,0,0,0,0,0,0,0,5.68239895502726,0,5.85957863612546,0,0,0,0,0,34.9911774226597,0,5.21140197133334,0,50.7285099937802,72.199836730957,12.448555496112,55.1595573425293,22.6942000212493,0,22.4391126877222,0,0,53.3638381958008,6.83209691842397,0,0,0,0,0,0,0,4.17381298295868,0,0,0,35.0495643615723,14.0804580501426,0,0,0,0,0,0,0,2.85306680202484,0,0,0,0,0,0,0,52.5651274594394,80.0894088745117,4.59970161730313,0,16.2540967512131,0,10.0304227416629,16.6883827510633,0
0,0,30.2557678222656,0,0,0,0,0,0,0,9.43249932202426,0,0,0,0,0,0,0,45.7040557861328,0,8.952532240488,0,0,0,0,0,0,0,4.10115146636963,0,4.16380937661906,0,0,0,0,0,42.161382039388,0,3.8125786781311,0,68.0940551757812,0,47.404118347168,0,0,0,20.2049743334452,0,9.59282092694883,0,0,0,0,0,0,0,3.83258680027618,0,0,0,0,0,0,14.7593251641034,0,13.099100112915,0,0,0,0,0,4.62887587642909,0,0,0,0,0,0,0,46.2612791794997,0,5.73230827541508,8.42692358834403,0,4.57504611070982,0,0
0,0,0,0,0,0,0,0,0,0,0,0,0,0,0,0,0,0,0,0,0,0,0,0,0,0,0,0,0,0,0,4.31961521021838,4.34479821219999,2.7351667881012,0,3.69709530359582,0,0,0,0,0,0,0,0,0,0,0,6.02706243907081,0,0,0,0,0,0,0,0,0,0,0,0,0,0,0,0,0,0,0,0,0,0,0,0,0,0,0,8.36322186209939,3.85802092661489,0,6.37831039130688,0,0,0,5.49043424663113,0,0,0,0
0,0,0,0,0,0,0,0,0,0,0,0,0,0,0,0,0,0,0,0,0,0,0,0,0,0,0,0,0,0,0,4.43841269016266,4.87647135187891,15.5367904239231,9.72969981323589,0,5.15115825203825,0,0,0,0,0,0,0,0,0,0,5.52393571232195,0,0,0,0,0,0,0,0,0,0,0,0,0,0,0,0,0,0,0,0,0,0,0,0,0,0,8.36322186209939,0,0,11.8304589863334,0,5.78816783832799,0,0,4.21324336528778,0,0,0,0
0,0,0,0,0,0,0,0,0,0,0,0,0,0,0,0,0,0,0,0,0,0,0,0,0,0,0,0,0,0,0,3.61389932632446,0,4.30432109064794,4.28980743900188,3.91619971176473,0,4.84343562086313,0,0,0,0,0,0,0,0,0,4.64727786871103,0,0,0,0,0,0,0,0,0,0,0,0,0,0,0,0,0,0,0,0,0,0,0,0,0,0,3.85802092661489,0,0,7.3445519138785,4.55537205667638,0,3.97403985194946,0,4.47601245957978,0,0,0,0
0,0,0,0,0,0,0,0,0,0,0,0,0,0,0,0,0,0,0,0,0,0,0,0,0,0,0,0,0,0,0,0,15.019076683942,4.90781957263887,4.60320086978889,0,4.70484312090282,3.66361905468835,4.36491721569341,0,0,0,0,0,0,0,0,7.23619812107641,3.81780996322632,16.4767560958862,0,0,0,0,0,0,0,0,0,0,0,0,0,0,0,0,0,0,0,0,0,0,0,0,0,11.8304589863334,7.3445519138785,0,0,4.89107698742837,4.51365003585815,4.74123875813646,4.13646831115087,0,0,0,0
52.0694847106934,32.847056388855,74.6161804199219,31.2979483718872,74.0503005981445,24.3888976214683,0,0,104.539936065674,0,0,0,0,0,0,0,73.0837853206462,67.4842908460487,46.834131507559,8.0233187763279,0,0,0,0,84.6244099934896,79.4899673461914,0,0,0,0,0,3.57977679120973,0,3.98221632073687,0,4.33432876028701,3.91793275605077,4.76039087540359,4.27739348778358,25.1809290879428,79.5563423792521,20.9902733390996,58.2717995246251,29.6816718440411,0,20.9246329262725,77.2454914766199,5.25523277466543,34.9494938254356,17.7698254854943,0,25.6266075331589,0,0,0,67.8842926025391,96.9996948242188,36.4553619384766,0,0,0,35.6153476715088,9.53611330447091,70.2420459747314,0,0,0,0,0,124.738525390625,0,0,52.5651274594394,0,6.37831039130688,0,4.55537205667638,0,0,34.3698421504146,11.1454224496791,0,39.016157900518,18.484793936505,23.7728710128197,30.6220148282173,88.4088134765625
