0,0,0.224322971663085,0,0.231145571718907,0,0,0,0.269694189407996,0,0,0,0,0,0,0,0,0,0,0,0,0,0,0,0,0,0,0,0,0,0,0,0,0,0,0,0,0,0,0,0,0,0.355697591845788,0,0,0,0.259808868169785,0,0.212752733842484,0,0.227899751067162,0,0,0,0.212268322706223,0,0,0,0,0,0,0,0,0.421673715114594,0,0,0,0,0,0,0,0,0,0,0,0,0,0,0,0,0,0,0.224679365354096,0.199026217063268,0.281479486863791,0,0
0,0,0,0,0,0,0,0,0,0.210051749761288,0,0,0,0,0,0,0,0.272074085474014,0.232955764119442,0,0,0,0,0,0,0,0,0,0,0,0,0,0,0,0,0,0,0,0,0,0,0.26852966658771,0,0,0,0,0,0,0,0,0,0,0,0,0,0.180546227254366,0,0.142814552783966,0,0,0,0.182379154115915,0,0,0,0,0,0,0,0,0,0,0,0,0,0,0,0,0,0,0,0,0.226620765860209,0.210294529795647,0.17410063211407,0,0
0.224322971663085,0,0,0,0.151752638766086,0,0,0,0.30655411524432,0,0,0,0,0,0,0,0.226722630361716,0,0.221420484171672,0,0,0,0,0,0,0,0,0,0,0,0,0,0,0,0,0,0.206425008137484,0,0,0,0.233356851670477,0,0.259558652838071,0,0,0,0.2522357047496,0,0,0,0.124990470707417,0,0,0,0,0,0,0,0,0,0,0,0.23742088675499,0,0,0,0,0,0,0,0,0,0,0,0,0,0,0,0,0.21423772410039,0,0,0.214314661421683,0.243238703480789,0.25226741814289,0,0
0,0,0,0,0,0.213307290485031,0,0,0,0,0,0,0,0,0,0,0,0,0.226396655042966,0,0,0,0,0,0,0,0,0,0,0,0,0,0,0,0,0.190528464177225,0,0,0,0.21919164324508,0,0,0,0,0,0.225494759451402,0,0,0,0,0,0,0,0,0,0,0,0,0,0,0,0,0,0,0,0,0,0,0,0,0,0,0,0,0,0,0,0,0.196426176411264,0,0,0,0.208147260962728,0,0.236540708935007,0,0
0.231145571718907,0,0.151752638766086,0,0,0,0,0,0.147081568837166,0,0,0,0,0,0,0,0,0,0,0,0,0,0,0,0,0,0,0,0,0,0,0,0,0,0,0,0.195519762886625,0,0,0,0.199513758718967,0,0.270230167678424,0,0,0,0.285416809679235,0,0,0,0,0,0.167599103848139,0,0,0,0,0,0,0,0,0,0,0,0,0,0,0,0,0,0,0,0,0,0,0,0,0,0,0.225266232365562,0,0.372405797243118,0.191719214812042,0.108413305133581,0.251519982372561,0,0
0,0,0,0.213307290485031,0,0,0,0,0,0,0,0,0,0,0,0,0,0,0,0.150079175829887,0,0,0,0,0,0,0,0,0,0,0,0,0,0,0,0.181134148067991,0,0,0,0.211449626419279,0,0,0,0,0,0.225547497325084,0,0,0,0,0,0,0,0,0,0,0,0,0,0,0,0.129562094807625,0,0,0,0,0,0,0,0,0,0,0,0,0,0,0,0,0.194960150729727,0,0,0,0.174537045467231,0,0.208694550808933,0,0
0,0,0,0,0,0,0,0,0,0,0,0,0,0,0,0,0,0,0,0,0.148717612028122,0,0,0,0,0,0,0,0,0,0,0,0,0,0,0,0,0,0,0,0,0,0,0,0,0,0,0,0,0,0,0,0,0,0,0,0,0,0,0,0,0,0,0,0,0,0,0,0,0,0,0,0,0,0,0,0,0,0,0,0,0,0.17078543135098,0.205970257520676,0,0,0
0,0,0,0,0,0,0,0,0,0,0,0,0,0,0,0,0,0,0,0,0,0,0,0,0,0,0,0,0,0,0,0,0,0,0,0,0,0,0,0,0,0,0,0,0,0,0,0,0,0,0,0,0,0,0,0,0,0,0,0,0,0,0,0,0,0,0,0,0,0,0,0,0,0,0,0,0,0,0,0,0,0,0,0.170358155535746,0,0,0
0.269694189407996,0,0.30655411524432,0,0.147081568837166,0,0,0,0,0,0,0,0,0,0.229662962257862,0,0.202975183235648,0,0.190508686006069,0,0,0,0,0,0,0,0,0,0,0,0,0,0,0,0,0,0,0,0,0,0,0,0,0,0,0,0.317900873720646,0,0,0,0,0,0,0,0,0,0,0,0,0,0,0,0,0,0,0,0,0.208455214897792,0,0,0,0,0,0,0,0,0,0,0,0.358560837805271,0,0,0.206293350802018,0.217345403773444,0.277704460280282,0,0
0,0.210051749761288,0,0,0,0,0,0,0,0,0,0,0,0,0,0,0,0.264498807036059,0.212843775323459,0,0,0,0,0.163576137274504,0,0,0,0,0,0,0,0,0,0,0,0,0,0,0,0,0,0.175524890422821,0,0,0,0.359179122292477,0,0,0,0,0,0,0,0,0,0,0,0,0,0,0,0,0.353425765410066,0,0,0,0.265059739351273,0,0,0,0,0,0,0,0,0,0,0,0.366211369633675,0,0,0,0.230984300595743,0.198663548511617,0.288885837630792,0.18988356590271,0
0,0,0,0,0,0,0,0,0,0,0,0,0,0,0,0,0,0,0,0,0.24474355310737,0,0,0,0,0,0,0,0,0,0,0,0,0,0,0,0,0,0.245489103301447,0,0,0,0,0,0,0,0,0,0,0,0,0,0,0,0,0,0.231375452516562,0,0,0,0,0,0,0.240329886603559,0,0,0,0,0,0,0,0.211225053295493,0,0,0,0,0,0,0,0,0,0,0.235046740817396,0.236285378864731,0,0,0
0,0,0,0,0,0,0,0,0,0,0,0,0,0.228125339295912,0,0,0,0,0,0.208628981093566,0,0,0,0,0,0,0,0.232992638447131,0,0.287659399211407,0,0,0,0,0,0.237752706548314,0,0.201782254351152,0,0,0,0,0,0,0,0,0,0,0,0,0,0.136233621587356,0,0.132743660725799,0,0,0,0.241310029765046,0,0.224056859338094,0,0,0.200112666772759,0,0,0,0,0,0,0,0.254537021741271,0,0.288421658212191,0,0,0,0,0,0,0,0,0,0.221977238122248,0.204635801027166,0,0,0
0,0,0,0,0,0,0,0,0,0,0,0,0,0,0,0,0,0,0,0,0,0,0,0,0,0,0,0,0.283772571602815,0,0,0,0,0,0,0,0,0,0,0,0,0,0,0,0,0,0,0,0,0,0,0,0,0,0,0,0.189938520009701,0,0.25264384044368,0,0,0,0,0,0,0,0,0,0,0,0,0.28609892707548,0,0,0,0,0,0,0,0,0,0,0.244319792730468,0.261461156575221,0,0,0
0,0,0,0,0,0,0,0,0,0,0,0.228125339295912,0,0,0,0,0,0,0,0,0,0,0,0,0,0,0,0.253528546761064,0,0,0,0,0,0,0,0,0,0,0,0,0,0,0,0,0,0,0,0,0,0,0,0,0,0,0,0,0,0,0,0.254639895758367,0,0,0,0,0,0,0,0,0,0,0.266851170496507,0,0,0,0,0,0,0,0,0,0,0,0.241529843927401,0.247070337577695,0,0,0
0,0,0,0,0,0,0,0,0.229662962257862,0,0,0,0,0,0,0,0.232088537179694,0,0,0,0,0,0,0,0,0,0.213726048756923,0,0,0,0,0,0,0,0,0,0,0,0,0,0,0,0,0,0,0,0,0,0,0,0,0,0,0,0,0,0,0,0,0,0,0,0,0,0,0,0,0,0,0,0,0,0,0,0,0,0,0,0,0,0,0,0.235175212224325,0.23539144243743,0,0,0
0,0,0,0,0,0,0,0,0,0,0,0,0,0,0,0,0,0.21873660137256,0,0,0,0,0,0,0,0.207968135674795,0,0,0,0,0,0,0,0,0,0,0,0,0,0,0,0,0,0,0,0,0,0,0,0,0,0,0,0,0,0,0,0,0,0,0,0.209995109587908,0,0,0,0,0,0,0,0,0,0,0,0,0,0,0,0,0,0,0,0,0.178829820028373,0.188233874978558,0,0,0
0,0,0.226722630361716,0,0,0,0,0,0.202975183235648,0,0,0,0,0,0.232088537179694,0,0,0.245149387246365,0.222255999818257,0,0,0.271913980140167,0.26634420569287,0.156843066215515,0.189965251359073,0,0.226202822153999,0,0.211221383528306,0,0,0,0,0,0,0,0,0,0,0.215755968409426,0.241443531892516,0.188500507512077,0.194136269842133,0.187129578102898,0.211300177663042,0.212132943213306,0.245024907042626,0,0,0,0,0,0,0,0,0,0,0,0,0,0,0,0.249193379282951,0.269278329217209,0,0,0,0,0,0,0,0,0,0,0,0,0,0,0.244967686442228,0.266711364051608,0,0.257774770798453,0.265767608555469,0.203087100664472,0.218423161980761,0.187471164597405,0.189397743315547
0,0.272074085474014,0,0,0,0,0,0,0,0.264498807036059,0,0,0,0,0,0.21873660137256,0.245149387246365,0,0.199317792987158,0,0,0.262964342577526,0.273547616335425,0.180445589180346,0,0.212006600557175,0,0,0,0,0,0,0,0,0,0,0,0,0,0.241984903812408,0,0.191766471116562,0.179674349906968,0.196510432021958,0.186312222480774,0.276294582082656,0.226406462863088,0,0,0,0,0,0,0,0,0.242893192010957,0,0,0,0,0,0.20796810289224,0.319532148002349,0.245334641499953,0,0,0,0,0,0,0,0,0,0,0,0,0,0,0.282117764465511,0.238832897653705,0.27423632144928,0.237941766778628,0.271138259150027,0.215983328675132,0.232140080937962,0.191166045879978,0.176800130510036
0,0.232955764119442,0.221420484171672,0.226396655042966,0,0,0,0,0.190508686006069,0.212843775323459,0,0,0,0,0,0,0.222255999818257,0.199317792987158,0,0,0,0,0,0,0,0,0,0,0,0,0,0,0,0,0,0.202565436065197,0.238500736653805,0,0,0.244609699692837,0.244165933455329,0.20174191229036,0.186727875675766,0.202530236181402,0.205463015184867,0.282705350366224,0.262097178355893,0,0,0,0,0,0,0,0,0,0,0,0,0,0,0,0.358196008726954,0.322994038623732,0,0,0,0,0,0,0,0,0,0,0,0,0,0,0.302866133758675,0.30816963352214,0.349118590354919,0.300695540403065,0.222303413466485,0.208153390678866,0.269119301766062,0.189811843884997,0.184399873062221
0,0,0,0,0,0.150079175829887,0,0,0,0,0,0.208628981093566,0,0,0,0,0,0,0,0,0,0,0,0,0,0,0,0,0,0,0,0,0,0,0,0.250597897990521,0,0,0,0.200243537624677,0,0,0,0,0,0.22044433339646,0,0,0,0,0,0,0,0.130251574190869,0,0,0,0.20273016918211,0,0,0,0,0.276606601904349,0,0,0,0,0,0,0,0,0,0,0,0,0,0,0,0.17150606987653,0,0,0,0.187899026362335,0.153479484220346,0.206597331166267,0,0
0,0,0,0,0,0,0.148717612028122,0,0,0,0.24474355310737,0,0,0,0,0,0,0,0,0,0,0,0,0,0,0,0,0,0,0,0,0,0,0,0,0,0.193261577851242,0,0.258137376606464,0,0.225654872363074,0,0.261403888463974,0,0,0,0.253478397985539,0,0,0,0,0,0.16349105696593,0,0,0,0.237637376694968,0,0,0,0,0,0,0.244617612321752,0,0,0,0,0,0,0,0,0,0,0,0,0,0,0,0.223955061286688,0,0,0.196159398963309,0.165629699826241,0.252707245497449,0,0
0,0,0,0,0,0,0,0,0,0,0,0,0,0,0,0,0.271913980140167,0.262964342577526,0,0,0,0,0.23933810995231,0.219921107361693,0,0,0,0.322020620107651,0,0,0,0,0,0,0,0,0,0.250677800139055,0.234664063414802,0,0,0,0,0,0,0,0,0,0,0,0,0,0,0,0,0,0,0,0,0,0,0,0,0,0.21279439115077,0.227638347978586,0.230342705694722,0,0,0,0.280865340782651,0,0,0,0,0,0,0,0,0,0.222154630708093,0,0.238886185620033,0.214223999593218,0,0,0
0,0,0,0,0,0,0,0,0,0,0,0,0,0,0,0,0.26634420569287,0.273547616335425,0,0,0,0.23933810995231,0,0,0.205346524715424,0,0,0,0.267600953578949,0,0,0,0,0,0,0,0,0,0.226925179362297,0,0,0,0,0,0,0,0,0,0,0,0,0,0,0,0,0,0,0,0,0,0,0,0,0,0.209937576098266,0.241994509310123,0,0.229299370986475,0,0,0,0,0,0,0,0,0,0,0,0,0,0.177931100130081,0.202334402045858,0.217002873127036,0,0,0
0,0,0,0,0,0,0,0,0,0.163576137274504,0,0,0,0,0,0,0.156843066215515,0.180445589180346,0,0,0,0.219921107361693,0,0,0,0,0,0,0,0,0,0,0,0,0,0,0,0.211376845836639,0,0,0,0,0,0,0,0,0,0,0,0,0,0,0,0,0,0,0,0,0,0,0,0,0,0,0.223092073574662,0,0.262878311914729,0,0,0,0,0,0,0,0,0,0,0,0,0,0,0,0.170763518705088,0.239922590553761,0,0,0
0,0,0,0,0,0,0,0,0,0,0,0,0,0,0,0,0.189965251359073,0,0,0,0,0,0.205346524715424,0,0,0,0,0,0,0,0,0,0,0,0,0,0,0,0,0,0,0,0,0,0,0,0,0,0,0,0,0,0,0,0,0,0,0,0,0,0,0,0,0,0,0.208922832006186,0,0.248806369116815,0,0,0,0,0,0,0,0,0,0,0,0,0,0,0.228255577567147,0.257524232069651,0,0,0
0,0,0,0,0,0,0,0,0,0,0,0,0,0,0,0.207968135674795,0,0.212006600557175,0,0,0,0,0,0,0,0,0,0,0,0,0,0,0,0,0,0,0,0,0,0,0,0,0,0,0,0,0,0,0,0,0,0,0,0,0,0,0,0,0,0,0,0.193093724194027,0,0,0,0,0,0,0.169988761655986,0,0,0,0,0,0,0,0,0,0,0,0,0,0.219033539295197,0,0,0,0
0,0,0,0,0,0,0,0,0,0,0,0,0,0,0.213726048756923,0,0.226202822153999,0,0,0,0,0,0,0,0,0,0,0,0.214941020589322,0,0,0,0,0,0,0,0,0,0,0,0,0,0,0,0,0,0,0,0,0,0,0,0,0,0,0,0,0,0,0,0,0,0,0,0,0,0,0,0,0,0,0,0,0,0,0,0,0,0,0,0,0,0.232165264733677,0.237322825938463,0,0,0
0,0,0,0,0,0,0,0,0,0,0,0.232992638447131,0,0.253528546761064,0,0,0,0,0,0,0,0.322020620107651,0,0,0,0,0,0,0,0.247538043733905,0,0,0,0,0,0,0,0.256538650619833,0,0,0,0,0,0,0,0,0,0,0,0,0,0,0,0,0,0,0,0,0,0.294753303130468,0,0,0,0,0.231004280969501,0,0,0,0,0,0.29715339699429,0,0.274452060185097,0,0,0,0,0,0,0,0.26410673019018,0,0.276520638223048,0.25933129857654,0,0,0
0,0,0,0,0,0,0,0,0,0,0,0,0.283772571602815,0,0,0,0.211221383528306,0,0,0,0,0,0.267600953578949,0,0,0,0.214941020589322,0,0,0,0,0,0,0,0,0,0,0,0,0,0,0,0,0,0,0,0,0,0,0,0,0,0,0,0,0,0,0,0.288300372140352,0,0,0,0,0,0,0.203215206662814,0,0,0,0,0,0.269237399314016,0,0,0,0,0,0,0,0,0,0.306710033240367,0.232327452549161,0.261646249954609,0,0,0
0,0,0,0,0,0,0,0,0,0,0,0.287659399211407,0,0,0,0,0,0,0,0,0,0,0,0,0,0,0,0.247538043733905,0,0,0,0,0,0,0,0,0,0.230912761627049,0,0,0,0,0,0,0,0,0,0,0,0,0,0,0,0,0,0,0,0,0,0,0,0,0,0,0,0,0,0,0,0,0.249532992255341,0,0.246132400064241,0,0,0,0,0,0,0,0.264910193179783,0,0.226641180554057,0,0,0,0
0,0,0,0,0,0,0,0,0,0,0,0,0,0,0,0,0,0,0,0,0,0,0,0,0,0,0,0,0,0,0,0,0,0,0,0,0,0,0.25268197307984,0,0,0,0,0,0,0,0,0,0,0,0,0,0,0,0,0,0.2077892969052,0,0,0,0,0,0,0,0,0,0,0,0,0,0,0.225328008105995,0,0.223808403876988,0,0,0,0,0,0,0,0,0,0,0,0,0
0,0,0,0,0,0,0,0,0,0,0,0,0,0,0,0,0,0,0,0,0,0,0,0,0,0,0,0,0,0,0,0,0.175898533327379,0.217315578833222,0.197953646381696,0,0.175900080357678,0,0,0,0,0,0,0,0,0,0,0.214235758611542,0.248475421674368,0.259682496619779,0,0,0,0,0,0,0,0,0,0,0,0,0,0,0,0,0,0,0,0,0,0,0,0,0.18656233449777,0.174052979151408,0,0.174512170255184,0,0.184165564676126,0,0,0.224895500614272,0,0,0,0
0,0,0,0,0,0,0,0,0,0,0,0,0,0,0,0,0,0,0,0,0,0,0,0,0,0,0,0,0,0,0,0.175898533327379,0,0,0,0.247408941226161,0.134345236245865,0,0,0,0,0,0,0,0,0,0,0.379311297550182,0,0.214853897690773,0,0,0,0,0,0,0,0,0,0,0,0,0,0,0,0,0,0,0,0,0,0,0,0,0.17080776593327,0.183256313402787,0,0.221173107624054,0,0.143884321854961,0,0,0.223186185810624,0,0,0,0
0,0,0,0,0,0,0,0,0,0,0,0,0,0,0,0,0,0,0,0,0,0,0,0,0,0,0,0,0,0,0,0.217315578833222,0,0,0.261906277197816,0,0.196302192551749,0,0.251794706185659,0,0,0,0,0,0,0,0,0.243306074510602,0.248798176646233,0.230515220335552,0,0,0,0,0,0,0,0,0,0,0,0,0,0,0,0,0,0,0,0,0,0,0,0,0,0,0.196908928849681,0.251022764652438,0,0,0.175100280717015,0.157419693228361,0.185479482229379,0,0,0,0
0,0,0,0,0,0,0,0,0,0,0,0,0,0,0,0,0,0,0,0,0,0,0,0,0,0,0,0,0,0,0,0.197953646381696,0,0.261906277197816,0,0.214650974376127,0,0.221322987760816,0,0,0,0,0,0,0,0,0,0.295474623186248,0,0.492028057575226,0,0,0,0,0,0,0,0,0,0,0,0,0,0,0,0,0,0,0,0,0,0,0,0,0.191813897512375,0.194303599851472,0.247015325264096,0.219072087165609,0.217762852087617,0,0.196317687542481,0,0.273621763637725,0,0,0,0
0,0,0,0.190528464177225,0,0.181134148067991,0,0,0,0,0,0.237752706548314,0,0,0,0,0,0,0.202565436065197,0.250597897990521,0,0,0,0,0,0,0,0,0,0,0,0,0.247408941226161,0,0.214650974376127,0,0.251488188234081,0.155342266232852,0.173744916915894,0.232909627258778,0,0,0,0,0,0.218233311687473,0,0.240793198347092,0,0,0,0,0,0,0,0,0,0.260026884504727,0,0,0,0,0.265270614146214,0,0,0,0,0,0,0,0,0,0,0,0.180760191643939,0.370379507476013,0,0,0.194504156917169,0.366161715500401,0.196406660216692,0.17228701710701,0.178329790877028,0.162089766818546,0.197368894447058,0,0
0,0,0.206425008137484,0,0.195519762886625,0,0,0,0,0,0,0,0,0,0,0,0,0,0.238500736653805,0,0.193261577851242,0,0,0,0,0,0,0,0,0,0,0.175900080357678,0.134345236245865,0.196302192551749,0,0.251488188234081,0,0,0.211603324416451,0,0.162840479369193,0,0.255993542571863,0,0,0,0.236416432972597,0,0,0,0,0,0,0,0,0,0.22458240525289,0,0,0,0,0,0,0.252328416163271,0,0,0,0,0,0,0,0,0,0,0.16425713400046,0.20290595293045,0.152091807552746,0.208507681886355,0.215982624051074,0.249341796174619,0,0.227748798082162,0.186758210734695,0.16340378593868,0.241364221639779,0,0
0,0,0,0,0,0,0,0,0,0,0,0.201782254351152,0,0,0,0,0,0,0,0,0,0.250677800139055,0,0.211376845836639,0,0,0,0.256538650619833,0,0.230912761627049,0,0,0,0,0.221322987760816,0.155342266232852,0,0,0.251665509184875,0,0,0,0,0,0,0,0,0.502194560672108,0,0.289098367094994,0,0,0,0,0,0,0,0.224904444888234,0,0,0,0,0,0,0.233992328327529,0,0,0,0,0,0.276910247711035,0,0.281768945641205,0,0,0,0,0,0.157934830653286,0,0.235315353383401,0.24904991272423,0.284326131403554,0.277787426523134,0,0,0
0,0,0,0,0,0,0,0,0,0,0.245489103301447,0,0,0,0,0,0,0,0,0,0.258137376606464,0.234664063414802,0.226925179362297,0,0,0,0,0,0,0,0.25268197307984,0,0,0.251794706185659,0,0.173744916915894,0.211603324416451,0.251665509184875,0,0,0,0,0,0,0,0,0,0.490423902187938,0,0.525958232581615,0,0,0,0,0,0,0.239441356040052,0,0,0,0,0,0,0,0,0.192935685366392,0,0,0,0,0,0.324673440567283,0,0.209374051778874,0,0,0,0,0.186729252338409,0.180107128819331,0.246470364362379,0.273796010710222,0.498955905087229,0.22593019007777,0.593774522052092,0,0
0,0,0,0.21919164324508,0,0.211449626419279,0,0,0,0,0,0,0,0,0,0,0.215755968409426,0.241984903812408,0.244609699692837,0.200243537624677,0,0,0,0,0,0,0,0,0,0,0,0,0,0,0,0.232909627258778,0,0,0,0,0,0.3714656947141,0,0,0,0.239817847744703,0,0,0,0.240339405834675,0,0,0,0,0,0,0,0,0,0,0,0,0.191196949221194,0,0,0,0,0,0,0,0,0,0,0,0,0,0,0,0.227872773023696,0,0,0,0.200536176499699,0.141938110950303,0.248053032356048,0,0
0,0,0.233356851670477,0,0.199513758718967,0,0,0,0,0,0,0,0,0,0,0,0.241443531892516,0,0.244165933455329,0,0.225654872363074,0,0,0,0,0,0,0,0,0,0,0,0,0,0,0,0.162840479369193,0,0,0,0,0,0.202922835946083,0,0.221319004893303,0,0.208768253613206,0,0.191341737175689,0,0,0,0,0,0,0,0,0,0,0,0,0,0,0,0,0,0,0,0,0,0,0,0,0,0,0,0,0,0,0.195243235942871,0,0,0.173990140205775,0,0.210353800885943,0,0
0,0.26852966658771,0,0,0,0,0,0,0,0.175524890422821,0,0,0,0,0,0,0.188500507512077,0.191766471116562,0.20174191229036,0,0,0,0,0,0,0,0,0,0,0,0,0,0,0,0,0,0,0,0,0.3714656947141,0,0,0,0.22511902153492,0.188035398721695,0.274298675571169,0.201069235801697,0,0,0.33607717845347,0,0,0,0,0,0,0,0.303837732079914,0,0,0,0,0.389396697282791,0,0,0,0,0,0,0,0,0,0,0,0,0,0,0,0.323078672091166,0.211441062390804,0,0,0.224778688807867,0.356512725353241,0.344719691571944,0.269946104258883,0.173817612230778
0.355697591845788,0,0.259558652838071,0,0.270230167678424,0,0,0,0,0,0,0,0,0,0,0,0.194136269842133,0.179674349906968,0.186727875675766,0,0.261403888463974,0,0,0,0,0,0,0,0,0,0,0,0,0,0,0,0.255993542571863,0,0,0,0.202922835946083,0,0,0.171598012248675,0.216302554453573,0,0.259909816914135,0,0.336745859256812,0.21198386857907,0,0,0,0,0,0,0,0,0,0,0,0,0,0.340962529182434,0,0,0,0.284465128725225,0,0,0,0,0,0,0,0,0,0,0,0.356522031128407,0,0,0.219366228890301,0.209778141230345,0.355923546585006,0,0.170690544211685
0,0,0,0,0,0,0,0,0,0,0,0,0,0,0,0,0.187129578102898,0.196510432021958,0.202530236181402,0,0,0,0,0,0,0,0,0,0,0,0,0,0,0,0,0,0,0,0,0,0,0.22511902153492,0.171598012248675,0,0.208280071616173,0.268988937897197,0.207177961866061,0,0,0,0,0,0,0,0,0,0,0,0,0,0,0,0,0,0,0,0,0,0,0,0,0,0,0,0,0,0,0,0,0,0,0,0.189897580771641,0,0.260828653431457,0.190313890576363,0.182169519364834
0,0,0,0,0,0,0,0,0,0,0,0,0,0,0,0,0.211300177663042,0.186312222480774,0.205463015184867,0,0,0,0,0,0,0,0,0,0,0,0,0,0,0,0,0,0,0,0,0,0.221319004893303,0.188035398721695,0.216302554453573,0.208280071616173,0,0.201159879565239,0.22397749684751,0,0,0,0,0,0,0,0,0,0,0,0,0,0,0,0,0.344251642624537,0,0,0,0,0,0,0,0,0,0,0,0,0,0,0,0.373922663838116,0,0.380873516201973,0.217076489577691,0,0.269154031760991,0.184946045279503,0
0,0,0,0.225494759451402,0,0.225547497325084,0,0,0,0.359179122292477,0,0,0,0,0,0,0.212132943213306,0.276294582082656,0.282705350366224,0.22044433339646,0,0,0,0,0,0,0,0,0,0,0,0,0,0,0,0.218233311687473,0,0,0,0.239817847744703,0,0.274298675571169,0,0.268988937897197,0.201159879565239,0,0.251606076955795,0,0,0,0,0,0,0,0,0,0,0,0,0,0,0,0.398823896342633,0,0,0,0,0,0,0,0,0,0,0,0,0,0,0,0.259504037697714,0,0,0,0.303906023596354,0.261803506077534,0.269548871642174,0.28048961609602,0.20098765194416
0.259808868169785,0,0.2522357047496,0,0.285416809679235,0,0,0,0.317900873720646,0,0,0,0,0,0,0,0.245024907042626,0.226406462863088,0.262097178355893,0,0.253478397985539,0,0,0,0,0,0,0,0,0,0,0,0,0,0,0,0.236416432972597,0,0,0,0.208768253613206,0.201069235801697,0.259909816914135,0.207177961866061,0.22397749684751,0.251606076955795,0,0,0,0,0,0,0,0,0,0,0,0,0,0,0,0,0,0.422099219900194,0,0,0,0,0,0,0,0,0,0,0,0,0,0,0,0.378426153659821,0,0.437206512435954,0.316593159546345,0.284088412211055,0.274936111587878,0,0.213298581540585
0,0,0,0,0,0,0,0,0,0,0,0,0,0,0,0,0,0,0,0,0,0,0,0,0,0,0,0,0,0,0,0.214235758611542,0.379311297550182,0.243306074510602,0.295474623186248,0.240793198347092,0,0.502194560672108,0.490423902187938,0,0,0,0,0,0,0,0,0,0.387251373928689,0.299864962511211,0,0,0,0,0,0,0,0,0,0,0,0,0,0,0,0,0,0,0,0,0,0,0,0,0.208052352070808,0.305851443640647,0,0,0,0,0.532814525067806,0.576444294436423,0.352122866048771,0.203375095231387,0.541887718705492,0,0
0.212752733842484,0,0,0,0,0,0,0,0,0,0,0,0,0,0,0,0,0,0,0,0,0,0,0,0,0,0,0,0,0,0,0.248475421674368,0,0.248798176646233,0,0,0,0,0,0,0.191341737175689,0,0.336745859256812,0,0,0,0,0.387251373928689,0,0.360370457117392,0,0,0,0,0,0,0,0,0,0,0,0,0,0,0,0,0,0.113902071490884,0,0,0,0,0,0,0,0,0,0,0,0,0,0,0.322940383426646,0,0.308274582001588,0,0
0,0,0,0,0,0,0,0,0,0,0,0,0,0,0,0,0,0,0,0,0,0,0,0,0,0,0,0,0,0,0,0.259682496619779,0.214853897690773,0.230515220335552,0.492028057575226,0,0,0.289098367094994,0.525958232581615,0.240339405834675,0,0.33607717845347,0.21198386857907,0,0,0,0,0.299864962511211,0.360370457117392,0,0,0,0,0,0,0,0,0,0,0,0,0,0,0,0.12919484661973,0,0.127637582608092,0,0,0,0,0,0,0,0,0,0,0,0,0,0.313714851935705,0,0.307937584941676,0,0.234668986832762,0.337726685735914,0.230207707732916
0.227899751067162,0,0.124990470707417,0,0,0,0,0,0,0,0,0,0,0,0,0,0,0,0,0,0,0,0,0,0,0,0,0,0,0,0,0,0,0,0,0,0,0,0,0,0,0,0,0,0,0,0,0,0,0,0,0,0,0,0.12780824676156,0,0,0,0.117339725537998,0,0.118854542262852,0,0,0,0,0,0,0,0,0,0,0,0,0,0,0,0,0,0,0,0,0,0.155679416764213,0,0,0,0
0,0,0,0,0,0,0,0,0,0,0,0.136233621587356,0,0,0,0,0,0,0,0,0,0,0,0,0,0,0,0,0,0,0,0,0,0,0,0,0,0,0,0,0,0,0,0,0,0,0,0,0,0,0,0,0,0,0,0,0,0,0,0,0,0.131249889731407,0,0,0,0,0,0,0,0,0,0,0,0,0,0,0,0,0,0,0,0,0,0,0,0,0
0,0,0,0,0.167599103848139,0,0,0,0,0,0,0,0,0,0,0,0,0,0,0,0.16349105696593,0,0,0,0,0,0,0,0,0,0,0,0,0,0,0,0,0,0,0,0,0,0,0,0,0,0,0,0,0,0,0,0,0,0,0,0,0,0,0,0,0,0,0,0,0,0,0,0,0,0,0,0,0,0,0,0,0,0,0,0,0,0.182559280541905,0,0,0,0
0,0,0,0,0,0,0,0,0,0,0,0.132743660725799,0,0,0,0,0,0,0,0.130251574190869,0,0,0,0,0,0,0,0,0,0,0,0,0,0,0,0,0,0,0,0,0,0,0,0,0,0,0,0,0,0,0,0,0,0,0,0,0,0.146976381540298,0,0,0,0,0,0,0,0,0,0,0,0,0,0,0,0,0,0,0,0,0,0,0,0,0,0,0,0,0
0.212268322706223,0,0,0,0,0,0,0,0,0,0,0,0,0,0,0,0,0,0,0,0,0,0,0,0,0,0,0,0,0,0,0,0,0,0,0,0,0,0,0,0,0,0,0,0,0,0,0,0,0,0.12780824676156,0,0,0,0,0,0,0,0,0,0,0,0,0,0,0,0,0,0,0,0,0,0,0,0,0,0,0,0,0,0,0,0,0,0,0,0
0,0.180546227254366,0,0,0,0,0,0,0,0,0,0,0,0,0,0,0,0.242893192010957,0,0,0,0,0,0,0,0,0,0,0,0,0,0,0,0,0,0,0,0,0,0,0,0,0,0,0,0,0,0,0,0,0,0,0,0,0,0,0,0,0,0,0,0,0,0,0,0,0.297256630327966,0,0,0,0,0,0,0,0,0,0,0,0,0,0,0,0.255541086196899,0,0,0,0
0,0,0,0,0,0,0,0,0,0,0.231375452516562,0,0.189938520009701,0,0,0,0,0,0,0,0.237637376694968,0,0,0,0,0,0,0,0,0,0.2077892969052,0,0,0,0,0,0.22458240525289,0,0.239441356040052,0,0,0,0,0,0,0,0,0,0,0,0,0,0,0,0,0,0,0,0.199097394943237,0,0,0,0,0.230433017444548,0,0,0,0,0,0,0,0.230076696164906,0,0.23256104439497,0,0,0,0,0,0,0,0,0.223979475890409,0.189906735904515,0.249299446316594,0,0
0,0.142814552783966,0,0,0,0,0,0,0,0,0,0.241310029765046,0,0,0,0,0,0,0,0.20273016918211,0,0,0,0,0,0,0,0,0,0,0,0,0,0,0,0.260026884504727,0,0.224904444888234,0,0,0,0.303837732079914,0,0,0,0,0,0,0,0,0,0,0,0.146976381540298,0,0,0,0,0,0.145332174246791,0,0,0.1929177573749,0,0,0,0,0,0,0,0,0,0,0,0,0,0,0,0,0,0,0,0.249826758560364,0.222614474433209,0.261695720018363,0,0
0,0,0,0,0,0,0,0,0,0,0,0,0.25264384044368,0,0,0,0,0,0,0,0,0,0,0,0,0,0,0,0.288300372140352,0,0,0,0,0,0,0,0,0,0,0,0,0,0,0,0,0,0,0,0,0,0.117339725537998,0,0,0,0,0,0.199097394943237,0,0,0,0,0,0,0,0,0,0,0,0,0,0,0.30090357363224,0,0,0,0,0,0,0,0,0,0,0.251791229081708,0.241532736250786,0,0,0
0,0,0,0,0,0,0,0,0,0,0,0.224056859338094,0,0.254639895758367,0,0,0,0,0,0,0,0,0,0,0,0,0,0.294753303130468,0,0,0,0,0,0,0,0,0,0,0,0,0,0,0,0,0,0,0,0,0,0,0,0,0,0,0,0,0,0.145332174246791,0,0,0,0,0,0,0,0,0,0,0,0,0.276656296849251,0,0,0,0,0,0,0,0,0,0,0,0.253205557752933,0.255953554453301,0.173195075032846,0,0
0,0,0,0,0,0,0,0,0,0,0,0,0,0,0,0,0,0,0,0,0,0,0,0,0,0,0,0,0,0,0,0,0,0,0,0,0,0,0,0,0,0,0,0,0,0,0,0,0,0,0.118854542262852,0,0,0,0,0,0,0,0,0,0,0,0,0,0,0,0,0,0,0,0,0,0,0,0,0,0,0,0,0,0,0,0.103392596542835,0,0,0,0
0,0.182379154115915,0,0,0,0.129562094807625,0,0,0,0,0,0,0,0,0,0.209995109587908,0,0.20796810289224,0,0,0,0,0,0,0,0.193093724194027,0,0,0,0,0,0,0,0,0,0,0,0,0,0,0,0,0,0,0,0,0,0,0,0,0,0.131249889731407,0,0,0,0,0,0,0,0,0,0,0,0,0,0,0,0,0,0,0,0,0,0,0,0,0,0,0,0,0,0,0.207163747014671,0,0,0,0
0,0,0.23742088675499,0,0,0,0,0,0,0.353425765410066,0,0.200112666772759,0,0,0,0,0.249193379282951,0.319532148002349,0.358196008726954,0.276606601904349,0,0,0,0,0,0,0,0,0,0,0,0,0,0,0,0.265270614146214,0,0,0,0.191196949221194,0,0.389396697282791,0,0,0,0.398823896342633,0,0,0,0,0,0,0,0,0,0,0,0.1929177573749,0,0,0,0,0,0,0,0,0,0,0,0,0,0,0,0,0,0,0,0,0.175725516502875,0,0,0,0.289684256164222,0.19469610137098,0.383910609413905,0,0
0.421673715114594,0,0,0,0,0,0,0,0,0,0.240329886603559,0,0,0,0,0,0.269278329217209,0.245334641499953,0.322994038623732,0,0.244617612321752,0,0,0,0,0,0,0,0,0,0,0,0,0,0,0,0.252328416163271,0,0,0,0,0,0.340962529182434,0,0.344251642624537,0,0.422099219900194,0,0,0,0,0,0,0,0,0,0.230433017444548,0,0,0,0,0,0,0,0,0,0,0,0,0,0,0,0,0,0,0,0,0,0,0,0,0,0.30381337326916,0.314846783876419,0.402168181563212,0,0
0,0,0,0,0,0,0,0,0,0,0,0,0,0,0,0,0,0,0,0,0,0.21279439115077,0.209937576098266,0.223092073574662,0,0,0,0.231004280969501,0,0,0,0,0,0,0,0,0,0.233992328327529,0,0,0,0,0,0,0,0,0,0,0,0.12919484661973,0,0,0,0,0,0,0,0,0,0,0,0,0,0,0,0.215803231754451,0.259737673207996,0,0,0,0.273824214935303,0,0,0,0,0,0,0,0,0,0.206675282546452,0,0.215726315975189,0.227200632294019,0,0,0
0,0,0,0,0,0,0,0,0,0,0,0,0,0,0,0,0,0,0,0,0,0.227638347978586,0.241994509310123,0,0.208922832006186,0,0,0,0.203215206662814,0,0,0,0,0,0,0,0,0,0.192935685366392,0,0,0,0,0,0,0,0,0,0,0,0,0,0,0,0,0,0,0,0,0,0,0,0,0,0.215803231754451,0,0,0.220947042781081,0,0,0,0,0,0,0,0,0,0,0,0,0,0.255047291517258,0.197720674261451,0.224555134773254,0,0,0
0,0,0,0,0,0,0,0,0,0.265059739351273,0,0,0,0,0,0,0,0,0,0,0,0.230342705694722,0,0.262878311914729,0,0,0,0,0,0,0,0,0,0,0,0,0,0,0,0,0,0,0,0,0,0,0,0,0,0.127637582608092,0,0,0,0,0,0.297256630327966,0,0,0,0,0,0,0,0,0.259737673207996,0,0,0,0,0,0,0,0,0,0,0,0,0,0,0,0,0,0,0.346819669008255,0,0,0
0,0,0,0,0,0,0,0,0.208455214897792,0,0,0,0,0,0,0,0,0,0,0,0,0,0.229299370986475,0,0.248806369116815,0,0,0,0,0,0,0,0,0,0,0,0,0,0,0,0,0,0.284465128725225,0,0,0,0,0,0.113902071490884,0,0,0,0,0,0,0,0,0,0,0,0,0,0,0,0,0.220947042781081,0,0,0,0,0,0,0,0,0,0,0,0,0,0,0,0,0.230657378457627,0.238203123211861,0,0,0
0,0,0,0,0,0,0,0,0,0,0,0,0,0,0,0,0,0,0,0,0,0,0,0,0,0.169988761655986,0,0,0,0,0,0,0,0,0,0,0,0,0,0,0,0,0,0,0,0,0,0,0,0,0,0,0,0,0,0,0,0,0,0,0,0,0,0,0,0,0,0,0,0,0,0,0,0,0,0,0,0,0,0,0,0,0,0,0,0,0
0,0,0,0,0,0,0,0,0,0,0,0,0,0,0,0,0,0,0,0,0,0,0,0,0,0,0,0,0,0,0,0,0,0,0,0,0,0,0,0,0,0,0,0,0,0,0,0,0,0,0,0,0,0,0,0,0,0,0,0,0,0,0,0,0,0,0,0,0,0,0,0,0,0,0,0,0,0,0,0,0,0,0.163617581129074,0,0,0,0
0,0,0,0,0,0,0,0,0,0,0,0.254537021741271,0,0.266851170496507,0,0,0,0,0,0,0,0.280865340782651,0,0,0,0,0,0.29715339699429,0,0.249532992255341,0,0,0,0,0,0,0,0.276910247711035,0,0,0,0,0,0,0,0,0,0,0,0,0,0,0,0,0,0,0,0,0,0.276656296849251,0,0,0,0,0.273824214935303,0,0,0,0,0,0,0,0,0,0,0,0,0,0,0,0,0,0.264793947653871,0.268886938284344,0,0,0
0,0,0,0,0,0,0,0,0,0,0.211225053295493,0,0.28609892707548,0,0,0,0,0,0,0,0,0,0,0,0,0,0,0,0.269237399314016,0,0.225328008105995,0,0,0,0,0,0,0,0.324673440567283,0,0,0,0,0,0,0,0,0,0,0,0,0,0,0,0,0,0.230076696164906,0,0.30090357363224,0,0,0,0,0,0,0,0,0,0,0,0,0,0,0.225577483992828,0,0,0,0,0,0,0,0,0.262690040039587,0.264514984328415,0,0,0
0,0,0,0,0,0,0,0,0,0,0,0.288421658212191,0,0,0,0,0,0,0,0,0,0,0,0,0,0,0,0.274452060185097,0,0.246132400064241,0,0,0,0,0,0,0,0.281768945641205,0,0,0,0,0,0,0,0,0,0,0,0,0,0,0,0,0,0,0,0,0,0,0,0,0,0,0,0,0,0,0,0,0,0,0,0,0,0,0,0,0,0,0.24308515643632,0,0.255753760536512,0,0,0,0
0,0,0,0,0,0,0,0,0,0,0,0,0,0,0,0,0,0,0,0,0,0,0,0,0,0,0,0,0,0,0.223808403876988,0,0,0,0,0,0,0,0.209374051778874,0,0,0,0,0,0,0,0,0,0,0,0,0,0,0,0,0,0.23256104439497,0,0,0,0,0,0,0,0,0,0,0,0,0,0,0.225577483992828,0,0,0,0,0,0,0,0,0,0,0,0,0,0,0
0,0,0,0,0,0,0,0,0,0,0,0,0,0,0,0,0,0,0,0,0,0,0,0,0,0,0,0,0,0,0,0.18656233449777,0.17080776593327,0,0.191813897512375,0.180760191643939,0.16425713400046,0,0,0,0,0,0,0,0,0,0,0.208052352070808,0,0,0,0,0,0,0,0,0,0,0,0,0,0,0,0,0,0,0,0,0,0,0,0,0,0,0,0.186688633620834,0,0.180356175641389,0,0,0,0,0.197315044505031,0,0,0,0
0,0,0,0,0,0,0,0,0,0,0,0,0,0,0,0,0,0,0,0,0,0,0,0,0,0,0,0,0,0,0,0.174052979151408,0.183256313402787,0,0.194303599851472,0.370379507476013,0.20290595293045,0,0,0,0,0,0,0,0,0,0,0.305851443640647,0,0,0,0,0,0,0,0,0,0,0,0,0,0,0,0,0,0,0,0,0,0,0,0,0,0,0.186688633620834,0,0,0.184593817702046,0,0,0,0,0.161017457644145,0,0,0,0
0,0,0,0,0,0,0,0,0,0,0,0,0,0,0,0,0,0,0,0,0,0,0,0,0,0,0,0,0,0,0,0,0,0.196908928849681,0.247015325264096,0,0.152091807552746,0,0,0,0,0,0,0,0,0,0,0,0,0,0,0,0,0,0,0,0,0,0,0,0,0,0,0,0,0,0,0,0,0,0,0,0,0,0,0,0,0.249573166188028,0,0,0,0,0.16271419993256,0,0,0,0
0,0,0,0,0,0,0,0,0,0,0,0,0,0,0,0,0,0,0,0,0,0,0,0,0,0,0,0,0,0,0,0.174512170255184,0.221173107624054,0.251022764652438,0.219072087165609,0,0.208507681886355,0,0,0,0,0,0,0,0,0,0,0,0,0,0,0,0,0,0,0,0,0,0,0,0,0,0,0,0,0,0,0,0,0,0,0,0,0,0.180356175641389,0.184593817702046,0.249573166188028,0,0,0,0.201644912362099,0,0,0,0,0,0
0,0,0,0.196426176411264,0,0.194960150729727,0,0,0,0.366211369633675,0,0,0,0,0,0,0.244967686442228,0.282117764465511,0.302866133758675,0.17150606987653,0,0,0,0,0,0,0,0,0,0,0,0,0,0,0.217762852087617,0.194504156917169,0.215982624051074,0.157934830653286,0.186729252338409,0.227872773023696,0,0.323078672091166,0,0,0,0.259504037697714,0,0,0,0,0,0,0,0,0,0,0,0,0,0,0,0,0.175725516502875,0,0,0,0,0,0,0,0,0,0,0,0,0,0,0,0,0.426716256065008,0.141913331579417,0,0.174783407079301,0.150656950785023,0.223189846170865,0,0
0,0,0.21423772410039,0,0.225266232365562,0,0,0,0.358560837805271,0,0,0,0,0,0,0,0.266711364051608,0.238832897653705,0.30816963352214,0,0.223955061286688,0,0,0,0,0,0,0,0,0,0,0.184165564676126,0.143884321854961,0,0,0.366161715500401,0.249341796174619,0,0.180107128819331,0,0.195243235942871,0.211441062390804,0.356522031128407,0,0.373922663838116,0,0.378426153659821,0,0,0,0,0,0,0,0,0,0,0,0,0,0,0,0,0,0,0,0,0,0,0,0,0,0,0,0,0,0,0,0.426716256065008,0,0,0.176350893133665,0.247025164561878,0.212722218595445,0.238979045033275,0,0.27675586938858
0,0,0,0,0,0,0,0,0,0,0,0,0,0,0,0,0,0.27423632144928,0.349118590354919,0,0,0.222154630708093,0,0,0,0,0,0.26410673019018,0,0.264910193179783,0,0,0,0.175100280717015,0.196317687542481,0.196406660216692,0,0.235315353383401,0.246470364362379,0,0,0,0,0,0,0,0,0.532814525067806,0,0.313714851935705,0,0,0,0,0,0,0,0,0,0,0,0,0,0,0.206675282546452,0,0,0,0,0,0,0,0.24308515643632,0,0,0,0,0.201644912362099,0.141913331579417,0,0,0.243519191231046,0.30366288066249,0.364803493022919,0.415393459796906,0,0
0,0,0,0,0.372405797243118,0,0,0,0,0,0,0,0,0,0,0,0.257774770798453,0.237941766778628,0.300695540403065,0,0,0,0.177931100130081,0,0,0,0,0,0.306710033240367,0,0,0,0,0.157419693228361,0,0.17228701710701,0.227748798082162,0.24904991272423,0.273796010710222,0,0,0,0,0,0.380873516201973,0,0.437206512435954,0.576444294436423,0,0,0,0,0,0,0,0,0,0,0,0,0,0,0,0,0,0.255047291517258,0,0,0,0,0,0,0,0,0,0,0,0,0,0.176350893133665,0.243519191231046,0,0.539287289750014,0.264086008071899,0.477673262357712,0,0
0.224679365354096,0.226620765860209,0.214314661421683,0.208147260962728,0.191719214812042,0.174537045467231,0.17078543135098,0,0.206293350802018,0.230984300595743,0.235046740817396,0.221977238122248,0.244319792730468,0.241529843927401,0.235175212224325,0.178829820028373,0.265767608555469,0.271138259150027,0.222303413466485,0.187899026362335,0.196159398963309,0.238886185620033,0.202334402045858,0.170763518705088,0.228255577567147,0.219033539295197,0.232165264733677,0.276520638223048,0.232327452549161,0.226641180554057,0,0.224895500614272,0.223186185810624,0.185479482229379,0.273621763637725,0.178329790877028,0.186758210734695,0.284326131403554,0.498955905087229,0.200536176499699,0.173990140205775,0.224778688807867,0.219366228890301,0.189897580771641,0.217076489577691,0.303906023596354,0.316593159546345,0.352122866048771,0.322940383426646,0.307937584941676,0.155679416764213,0,0.182559280541905,0,0,0.255541086196899,0.223979475890409,0.249826758560364,0.251791229081708,0.253205557752933,0.103392596542835,0.207163747014671,0.289684256164222,0.30381337326916,0.215726315975189,0.197720674261451,0,0.230657378457627,0,0.163617581129074,0.264793947653871,0.262690040039587,0.255753760536512,0,0.197315044505031,0.161017457644145,0.16271419993256,0,0.174783407079301,0.247025164561878,0.30366288066249,0.539287289750014,0,0.236796096846432,0.268704963862851,0.208229715341613,0.195241672467001
0.199026217063268,0.210294529795647,0.243238703480789,0,0.108413305133581,0,0.205970257520676,0.170358155535746,0.217345403773444,0.198663548511617,0.236285378864731,0.204635801027166,0.261461156575221,0.247070337577695,0.23539144243743,0.188233874978558,0.203087100664472,0.215983328675132,0.208153390678866,0.153479484220346,0.165629699826241,0.214223999593218,0.217002873127036,0.239922590553761,0.257524232069651,0,0.237322825938463,0.25933129857654,0.261646249954609,0,0,0,0,0,0,0.162089766818546,0.16340378593868,0.277787426523134,0.22593019007777,0.141938110950303,0,0.356512725353241,0.209778141230345,0,0,0.261803506077534,0.284088412211055,0.203375095231387,0,0,0,0,0,0,0,0,0.189906735904515,0.222614474433209,0.241532736250786,0.255953554453301,0,0,0.19469610137098,0.314846783876419,0.227200632294019,0.224555134773254,0.346819669008255,0.238203123211861,0,0,0.268886938284344,0.264514984328415,0,0,0,0,0,0,0.150656950785023,0.212722218595445,0.364803493022919,0.264086008071899,0.236796096846432,0,0.241318958308593,0,0.204746198654175
0.281479486863791,0.17410063211407,0.25226741814289,0.236540708935007,0.251519982372561,0.208694550808933,0,0,0.277704460280282,0.288885837630792,0,0,0,0,0,0,0.218423161980761,0.232140080937962,0.269119301766062,0.206597331166267,0.252707245497449,0,0,0,0,0,0,0,0,0,0,0,0,0,0,0.197368894447058,0.241364221639779,0,0.593774522052092,0.248053032356048,0.210353800885943,0.344719691571944,0.355923546585006,0.260828653431457,0.269154031760991,0.269548871642174,0.274936111587878,0.541887718705492,0.308274582001588,0.234668986832762,0,0,0,0,0,0,0.249299446316594,0.261695720018363,0,0.173195075032846,0,0,0.383910609413905,0.402168181563212,0,0,0,0,0,0,0,0,0,0,0,0,0,0,0.223189846170865,0.238979045033275,0.415393459796906,0.477673262357712,0.268704963862851,0.241318958308593,0,0.339165850193385,0.169641556985238
0,0,0,0,0,0,0,0,0,0.18988356590271,0,0,0,0,0,0,0.187471164597405,0.191166045879978,0.189811843884997,0,0,0,0,0,0,0,0,0,0,0,0,0,0,0,0,0,0,0,0,0,0,0.269946104258883,0,0.190313890576363,0.184946045279503,0.28048961609602,0,0,0,0.337726685735914,0,0,0,0,0,0,0,0,0,0,0,0,0,0,0,0,0,0,0,0,0,0,0,0,0,0,0,0,0,0,0,0,0.208229715341613,0,0.339165850193385,0,0.181077569723129
0,0,0,0,0,0,0,0,0,0,0,0,0,0,0,0,0.189397743315547,0.176800130510036,0.184399873062221,0,0,0,0,0,0,0,0,0,0,0,0,0,0,0,0,0,0,0,0,0,0,0.173817612230778,0.170690544211685,0.182169519364834,0,0.20098765194416,0.213298581540585,0,0,0.230207707732916,0,0,0,0,0,0,0,0,0,0,0,0,0,0,0,0,0,0,0,0,0,0,0,0,0,0,0,0,0,0.27675586938858,0,0,0.195241672467001,0.204746198654175,0.169641556985238,0.181077569723129,0
