0,0,0.134512042626739,0,0.114146986976266,0,0,0,0.126381820433856,0,0,0,0,0,0,0,0,0.202357478439808,0.185272495082596,0,0,0,0,0,0,0,0,0,0,0,0,0,0,0,0,0,0,0,0.13560451567173,0,0.316507428884506,0,0.244713297235632,0,0,0,0.187032014131546,0,0.17993168430893,0.338494598865509,0.152354776859283,0,0,0,0.155403676304828,0,0,0,0,0,0.139204484224319,0,0,0,0,0,0,0.172765145699183,0,0,0,0,0,0.275341093540192,0,0,0,0,0,0.291144892573357,0,0.281846642494202,0.212679836681613,0.150694906711578,0.246940570063806,0,0.176385888829827
0,0,0,0.126616901353649,0,0.110636593773961,0,0,0,0.171309386906417,0,0,0,0,0,0.226524747908115,0,0.315606182813644,0.342960443989984,0.301454454660416,0,0,0,0.152677923440933,0.273515254259109,0,0,0,0,0,0,0,0,0,0.456885695457458,0,0,0.159808679730917,0.312993296980858,0.300368577241898,0,0.223536760846694,0,0,0,0.30306219172721,0,0.269960070252419,0.32661060988903,0.182320702618154,0,0,0,0,0.212403804063797,0.199214061139722,0,0.25715438479727,0,0.19450823330518,0,0.238640644401312,0.290395026478697,0,0,0,0.260814526251384,0,0,0,0,0,0.308028075311865,0,0,0,0,0,0.348878998036792,0,0.301102916399638,0.377721965312958,0.228755764474118,0,0.212773363596767,0,0
0.134512042626739,0,0,0,0.127710433713845,0,0,0,0.145527437042731,0,0,0,0,0,0,0,0.221690982580185,0,0.191193763166666,0,0,0,0,0,0,0,0,0,0,0,0,0,0,0,0,0,0,0,0,0,0.17952998355031,0,0.225590856576508,0,0,0,0.17428998529911,0,0.131322680631789,0,0.157651985014873,0,0,0,0.14388931216409,0,0,0,0,0,0,0,0,0,0,0,0,0,0,0,0,0,0,0.250269576907158,0,0,0,0,0,0.20666297915436,0,0.234499558806419,0.158059593510958,0.16121631860733,0.190187531916799,0,0.201614134013653
0,0.126616901353649,0,0,0,0.123210303938907,0,0,0,0,0,0,0,0,0,0,0,0.312795862555504,0.254866309463978,0.224046062678099,0,0,0,0,0.273915410041809,0,0,0,0,0,0,0,0,0,0,0,0,0,0.283986896276474,0.233932304382324,0,0.20988971432169,0,0,0,0.24921580478549,0,0,0,0.17048431634903,0,0.144783571887184,0,0,0,0.154059062627229,0,0.216796468083675,0,0.184232424243225,0,0.181765317681279,0.166985021531582,0,0,0,0,0,0,0,0,0,0.234981638938189,0,0,0,0,0,0.25894081145525,0,0.241390112787485,0,0.219436892973525,0,0.174796599063499,0.174523355705397,0
0.114146986976266,0,0.127710433713845,0,0,0,0,0,0.143605861370846,0,0,0,0,0,0,0,0,0,0,0,0,0,0,0,0,0,0,0,0,0,0,0,0,0,0,0,0,0,0,0,0,0,0.181258469820023,0,0,0,0,0,0,0,0.138957893126644,0,0.157577864825726,0,0.151073379907757,0,0.126368013251087,0,0.140309721231461,0,0,0,0,0.122950032353401,0,0,0,0,0,0,0,0,0,0,0,0,0,0,0,0,0,0,0.142624493743129,0.169633165001869,0.118679551866042,0,0
0,0.110636593773961,0,0.123210303938907,0,0,0,0.16029653461968,0,0.122938282470754,0,0.188105805777013,0,0,0,0,0,0,0,0.153769087791443,0,0,0,0,0,0,0,0,0,0,0,0,0,0,0,0.0998007797787332,0,0,0,0,0,0.20515039563179,0,0,0,0.173778916398684,0,0,0,0.18009324123462,0,0.155414737892889,0,0.162317233317989,0,0.182028909861031,0,0.175739653905233,0,0.153315670788288,0,0.158676268532872,0.140958498631205,0,0,0,0,0,0,0,0,0,0.214851370879582,0,0,0,0,0,0.146770135189096,0,0.222962513566017,0,0.141854292442722,0,0.113411881133447,0,0
0,0,0,0,0,0,0,0,0,0,0.133033670981725,0,0.171409231921037,0,0,0,0,0,0,0,0,0,0,0,0,0,0,0,0,0,0,0,0,0,0,0,0.186799604445696,0,0,0,0,0,0,0,0,0,0,0,0,0,0,0,0.165257666917408,0,0,0,0.154530090325087,0,0.176654637149237,0,0,0,0,0,0,0,0,0,0,0,0,0,0,0,0,0,0,0,0,0.175637036561966,0,0,0.174930893619296,0,0,0,0
0,0,0,0,0,0.16029653461968,0,0,0,0,0,0.140982440231662,0,0.164573869180112,0,0,0,0,0,0.12909806938204,0,0,0,0,0,0,0,0,0,0,0,0,0,0,0,0,0,0,0,0,0,0,0,0,0,0,0,0,0,0,0,0.161965784927209,0,0.160157963153592,0,0,0,0.168881853709095,0,0.177197641831763,0,0,0.123938488463561,0,0,0,0,0,0,0,0,0,0,0,0,0,0,0,0,0,0,0,0.1707776470642,0.174690061381885,0,0,0
0.126381820433856,0,0.145527437042731,0,0.143605861370846,0,0,0,0,0,0,0,0,0,0.142404460906982,0,0.110023672219183,0,0.124835700377928,0,0,0,0,0,0.167774815843484,0,0.165258794313385,0,0,0,0,0,0,0,0.161852692564329,0,0,0,0.152423920897429,0,0,0.314924746751785,0.17566656542645,0,0,0,0.205110900104046,0.18524856120348,0.159719084389508,0.27556736767292,0.166417164355516,0,0,0,0.210664758384228,0,0,0,0,0,0.147838809660503,0,0,0,0,0,0,0.188688600690741,0,0.177532911300659,0,0,0,0.230821363627911,0,0,0,0,0,0.260185872515043,0,0.17731166098799,0.166453937551321,0.210044520145113,0.185685909019326,0,0.166786530365547
0,0.171309386906417,0,0,0,0.122938282470754,0,0,0,0,0,0,0,0.153782084584236,0,0.162796125992348,0,0.175189001560211,0.217665448784828,0,0,0,0,0,0,0,0,0,0,0,0,0,0,0,0,0,0,0.180650324560702,0,0.277063861489296,0,0.196742328123812,0,0,0,0,0,0,0,0.155279799054066,0,0.195660199522972,0,0,0,0.193832429194143,0,0.288353487104177,0,0.163452375266287,0,0.151086486565072,0.299010771725859,0,0,0,0.141914765004601,0,0.133968009480408,0,0,0,0.303600719571114,0,0,0,0,0,0.295192902286847,0,0.209617724021276,0,0.186846112797805,0.229658897519112,0.20577432362198,0.196575062349439,0
0,0,0,0,0,0,0.133033670981725,0,0,0,0,0,0.161808960474072,0,0,0,0,0,0,0,0.151611073125092,0,0,0,0,0,0,0,0.155182970639987,0,0.151547416304516,0,0,0,0,0,0.145781126007976,0,0.137447266270303,0,0,0,0,0,0,0,0,0,0,0,0,0,0,0,0,0,0.165581635511606,0,0.143350933368007,0,0,0,0,0.139975711268368,0,0,0,0,0,0,0,0.146135175585747,0,0.159907057928511,0,0,0,0,0,0.143288626356257,0,0.153703632175314,0.163190577488897,0.183655440807343,0.138936960775601,0,0
0,0,0,0,0,0.188105805777013,0,0.140982440231662,0,0,0,0,0,0.190328252815431,0,0,0,0.289180755615234,0.367702722549438,0.156408494838777,0,0,0,0,0,0,0,0.177123382057942,0,0.154564611813574,0,0,0,0,0,0.137538383569982,0,0.147274120348235,0,0,0,0.275715430577596,0.254596292972565,0,0,0.331994511187077,0,0,0,0,0,0.134739860892296,0,0.175876447895788,0,0,0,0.157966491240259,0,0.193451632681133,0,0,0.200711392416131,0,0,0,0,0,0,0,0,0,0.180225350440313,0,0,0,0,0,0.150756237997872,0,0.156539763820902,0,0.163053171056993,0.168374242190789,0.276108272373676,0.320699453353882,0
0,0,0,0,0,0,0.171409231921037,0,0,0,0.161808960474072,0,0,0,0.232158039645715,0,0,0,0,0,0,0,0,0,0,0,0,0,0.17710635639154,0,0,0,0,0,0,0,0,0,0,0,0,0,0,0,0,0,0,0,0,0,0,0,0,0,0,0,0.17547679883103,0,0.175494831554338,0,0.192448141074729,0,0,0,0,0,0,0,0,0.195889252073625,0,0.183283597359926,0,0,0,0,0,0,0,0,0,0,0.189521950092211,0.22566505785574,0,0,0
0,0,0,0,0,0,0,0.164573869180112,0,0.153782084584236,0,0.190328252815431,0,0,0,0.117503899848089,0,0,0,0,0,0,0,0,0,0.161385670304298,0,0.164140499736133,0,0.211165111640404,0,0,0,0,0,0,0,0,0,0,0,0,0,0,0,0,0,0,0,0,0,0,0,0.156752418726683,0,0,0,0.182508506642677,0,0.174584769472507,0,0.131498640890305,0,0,0,0,0,0,0,0,0.165306624557291,0,0.208400116302073,0,0,0,0,0,0,0,0,0,0.190904277282161,0.20107916180555,0,0,0
0,0,0,0,0,0,0,0,0.142404460906982,0,0,0,0.232158039645715,0,0,0,0.153094597160816,0,0,0,0,0,0,0,0,0,0.184292018413544,0,0.186253450810909,0,0,0,0,0,0,0,0,0,0,0,0,0,0,0,0,0,0,0,0,0,0,0,0,0,0.177052243881755,0,0,0,0,0,0.168633586038714,0,0,0,0,0,0,0,0,0.204799435536067,0,0.201473027467728,0,0,0,0,0,0,0,0,0,0,0.271762881883614,0.340082539319992,0,0,0
0,0.226524747908115,0,0,0,0,0,0,0,0.162796125992348,0,0,0,0.117503899848089,0,0,0,0.149148030842052,0,0,0,0.174127995967865,0,0.142015925712056,0,0.150573980799245,0,0.15784852579236,0,0,0,0,0,0,0,0,0,0,0,0,0,0,0,0,0,0,0,0,0,0.191434013346831,0,0,0,0,0,0.231282044079278,0,0,0,0.15160832843229,0,0.159548103590502,0,0,0,0,0,0,0.165856048543617,0,0,0,0,0,0,0,0,0,0,0,0,0,0.166138211208763,0.162464998662472,0,0,0
0,0,0.221690982580185,0,0,0,0,0,0.110023672219183,0,0,0,0,0,0.153094597160816,0,0,0.142971986838049,0.257756532077603,0,0,0.134389053285122,0.135767869259182,0.126141021959484,0.138481099409355,0,0.175479006158868,0,0.144052240997553,0,0,0,0,0,0,0,0,0,0,0.222916657214656,0.232098583007019,0.189633439694132,0.205987728813775,0,0,0.220047517679632,0.232038028729268,0,0.251670241355896,0.249957919120789,0,0,0,0,0,0,0,0.23193072527647,0,0,0.186433017253876,0,0.255344733595848,0.233806890154642,0,0.111973956227303,0,0.129985009630521,0,0.166747519010028,0,0,0.270491570234299,0.251795283208291,0,0,0,0,0.245284216721421,0.242375279319357,0.33082577586174,0.216307569952572,0.153385595121975,0,0.245044454171707,0.195081859827042,0.204659285730329
0.202357478439808,0.315606182813644,0,0.312795862555504,0,0,0,0,0,0.175189001560211,0,0.289180755615234,0,0,0,0.149148030842052,0.142971986838049,0,0.204599418116211,0,0,0.129340346640264,0,0.127151785172381,0,0.141311414418666,0,0.15389527735256,0,0,0,0,0,0,0,0,0,0,0,0.229380757944419,0.222975158085257,0.185062697816898,0.19301095137725,0,0,0.230984534049942,0.225723528039866,0,0,0,0,0,0,0,0,0.174728027798913,0,0.293546327179478,0,0.210249811410904,0,0.146555567210591,0.288513654044696,0.224869631908157,0.166405007243156,0,0,0,0.145649518415653,0,0.147039576537079,0,0.300784868578757,0.251778021454811,0,0,0,0,0.256990032844217,0.240792250865466,0.326096589677036,0.199531679973006,0.163594696248364,0.193120903050941,0.234787611911694,0.21275459917692,0.192293962463737
0.185272495082596,0.342960443989984,0.191193763166666,0.254866309463978,0,0,0,0,0.124835700377928,0.217665448784828,0,0.367702722549438,0,0,0,0,0.257756532077603,0.204599418116211,0,0.358221888542175,0,0.177932072430849,0,0.202666168411573,0,0,0,0,0,0,0,0,0,0,0,0,0,0.244280730684598,0.174134112894535,0.23898061180428,0.240839660117857,0.171384988742955,0.201748069762271,0,0,0.278681429828408,0.24716391646813,0,0.244484803080559,0.314060201247533,0,0.198153227567673,0,0,0.201023250818253,0,0.241919308900833,0.272989381205391,0,0,0,0,0.32292262673378,0.251072049554851,0,0,0,0,0,0,0,0,0.292182296514511,0.300236533750111,0,0,0,0,0.319056598995611,0.297147311435108,0.31474123102042,0.251378030173088,0.190408755485339,0,0.311977023035847,0.183788906782866,0.202942523903447
0,0.301454454660416,0,0.224046062678099,0,0.153769087791443,0,0.12909806938204,0,0,0,0.156408494838777,0,0,0,0,0,0,0.358221888542175,0,0,0,0,0,0,0,0,0,0,0,0,0,0,0,0,0.151292270457012,0,0.149456056440345,0,0.1625128587087,0,0,0,0,0,0.321701775897633,0,0,0,0,0,0,0,0.164140302010558,0,0,0,0.156516523686144,0,0,0,0,0.185673809434018,0,0,0,0,0,0,0,0,0,0.329259223797742,0,0,0,0,0,0.148125941087507,0,0.199715753582438,0,0.152413712842931,0.122787855565548,0.265689692953054,0,0
0,0,0,0,0,0,0,0,0,0,0.151611073125092,0,0,0,0,0,0,0,0,0,0,0,0,0,0,0,0,0,0,0,0,0,0,0,0,0,0.162591726708545,0,0.145883533381979,0,0,0,0,0,0,0,0,0,0,0,0.118265606462955,0,0,0,0,0,0.145175392747435,0,0,0,0,0,0,0.150652431277749,0,0,0,0,0,0,0,0,0,0.171760454773903,0,0,0,0,0,0.179589371627027,0,0.149547800421715,0.149673004627228,0,0.133935733139515,0,0
0,0,0,0,0,0,0,0,0,0,0,0,0,0,0,0.174127995967865,0.134389053285122,0.129340346640264,0.177932072430849,0,0,0,0.132557152897251,0.183279910047228,0.124695643782616,0.179775310941694,0,0.16718039393425,0,0,0,0,0,0,0,0,0,0.147398853383925,0.153545961815577,0,0,0.160952731966972,0,0,0,0,0,0,0,0.195066733169369,0,0,0,0,0,0,0,0,0,0,0,0,0,0,0.152638887716092,0.140134209346176,0.16833858191967,0,0.177271251666818,0,0.156287668272853,0,0,0,0,0,0.19403088092804,0.196451470255852,0,0,0.159669151738332,0.165703119202094,0.153101799451219,0.194330877504958,0.284513179744993,0,0
0,0,0,0,0,0,0,0,0,0,0,0,0,0,0,0,0.135767869259182,0,0,0,0,0.132557152897251,0,0,0.167025065977514,0,0.168281219257363,0,0.188529589203558,0,0,0,0,0,0,0,0,0.150093203517282,0.197698511279772,0,0,0,0,0,0,0,0,0.509413227438927,0,0,0,0,0,0,0,0,0,0,0,0,0,0,0,0,0.128316702595297,0.171028623018006,0,0.16149736319979,0,0.178454925616582,0,0.1593237905518,0,0,0,0,0,0.192121593015535,0,0,0.418407142162323,0.203596005763718,0.144170727725236,0.148157083052472,0,0,0
0,0.152677923440933,0,0,0,0,0,0,0,0,0,0,0,0,0,0.142015925712056,0.126141021959484,0.127151785172381,0.202666168411573,0,0,0.183279910047228,0,0,0,0.164917969252484,0,0,0,0,0,0,0,0,0,0,0,0.152174893518289,0.423994302749634,0,0.201444283127785,0,0,0,0,0,0.211513817310333,0,0,0.177871477810571,0,0,0,0,0,0.138943082288555,0,0,0,0,0,0.129228139917056,0,0,0.179608208374887,0,0.152677849593101,0,0.154667291374988,0,0.164943034450213,0,0,0,0,0,0.21883699297905,0,0.208207696676254,0,0.189616020475373,0,0.172393458357579,0,0.233431296050549,0,0
0,0.273515254259109,0,0.273915410041809,0,0,0,0,0.167774815843484,0,0,0,0,0,0,0,0.138481099409355,0,0,0,0,0.124695643782616,0.167025065977514,0,0,0,0.185384087095206,0,0,0,0,0,0,0,0,0,0,0.362679302692413,0.263304252910867,0,0,0.369694098830223,0.399127113819122,0,0,0,0,0.401929289102554,0.228919435292482,0.393238831758499,0,0,0,0,0.221429200903062,0,0,0.351915121078491,0,0,0,0,0,0,0,0.211386100781493,0,0.199209343579386,0,0.189877271652222,0,0,0.368065486351649,0,0,0,0,0.255544411018491,0,0,0.398869220912457,0.25406346918744,0.16181511015899,0.146217073003451,0.335926352441311,0,0
0,0,0,0,0,0,0,0,0,0,0,0,0,0.161385670304298,0,0.150573980799245,0,0.141311414418666,0,0,0,0.179775310941694,0,0.164917969252484,0,0,0,0.151590222731615,0,0,0,0,0,0,0,0,0,0,0,0,0,0,0,0,0,0,0,0,0,0,0,0,0,0,0,0,0,0,0,0,0,0.154431793911784,0,0,0.164271251748729,0,0.149591861019185,0,0.163177205647247,0,0.149040237642252,0,0,0,0,0,0,0,0,0,0,0,0.152497363032811,0.153814422396513,0,0,0
0,0,0,0,0,0,0,0,0.165258794313385,0,0,0,0,0,0.184292018413544,0,0.175479006158868,0,0,0,0,0,0.168281219257363,0,0.185384087095206,0,0,0,0.177456869890815,0,0,0,0,0,0,0,0,0,0,0,0,0,0,0,0,0,0,0,0,0,0,0,0,0,0,0,0,0,0,0,0.188922442495823,0,0,0,0,0.176967454866474,0,0.197825689563191,0,0.154080531249444,0,0.123186833583392,0,0,0,0,0,0,0,0,0,0,0.170852227599029,0,0,0,0
0,0,0,0,0,0,0,0,0,0,0,0.177123382057942,0,0.164140499736133,0,0.15784852579236,0,0.15389527735256,0,0,0,0.16718039393425,0,0,0,0.151590222731615,0,0,0,0.174694432864129,0,0,0,0,0,0,0,0.163964663551548,0,0,0,0,0,0,0,0,0,0,0,0,0,0,0,0,0,0,0,0.190575201312701,0,0.17015015192934,0,0,0,0,0.109630746766925,0,0,0,0.174518778496845,0,0.167414919824278,0,0.183399647197553,0,0,0,0,0,0,0,0.172610610007093,0,0.162676505597033,0.177647514019198,0,0,0
0,0,0,0,0,0,0,0,0,0,0.155182970639987,0,0.17710635639154,0,0.186253450810909,0,0.144052240997553,0,0,0,0,0,0.188529589203558,0,0,0,0.177456869890815,0,0,0,0.148661936723417,0,0,0,0,0,0,0,0,0,0,0,0,0,0,0,0,0,0,0,0,0,0,0,0,0,0.147298129938417,0,0.187442736658785,0,0.197818630120971,0,0,0,0,0.160830355855444,0,0,0,0.159422041457927,0,0.168866772186737,0,0.153773912252524,0,0,0,0,0,0,0,0.158493563532829,0.190730060808934,0.249680617451668,0,0,0
0,0,0,0,0,0,0,0,0,0,0,0.154564611813574,0,0.211165111640404,0,0,0,0,0,0,0,0,0,0,0,0,0,0.174694432864129,0,0,0,0,0,0,0,0,0,0.186750864040449,0,0,0,0,0,0,0,0,0,0,0,0,0,0,0,0,0,0,0,0.182080178636394,0,0.208102345466614,0,0,0,0,0,0,0,0,0,0,0.158949978875391,0,0.177121167396804,0,0,0,0,0,0,0,0.181791203501432,0,0.163632646091838,0.16112430870533,0,0,0
0,0,0,0,0,0,0,0,0,0,0.151547416304516,0,0,0,0,0,0,0,0,0,0,0,0,0,0,0,0,0,0.148661936723417,0,0,0,0,0,0,0,0,0,0.153890646567258,0,0,0,0,0,0,0,0,0,0,0,0,0,0,0,0,0,0.139280443606169,0,0,0,0,0,0,0,0,0,0,0,0,0,0,0.153425405355724,0,0.155800743413835,0,0,0,0,0,0,0,0.149733649558106,0.179575184981028,0,0,0,0
0,0,0,0,0,0,0,0,0,0,0,0,0,0,0,0,0,0,0,0,0,0,0,0,0,0,0,0,0,0,0,0,0.161085236523229,0.196820124389721,0.20111220702529,0.225597337030908,0.517551116337461,0,0,0,0,0,0,0,0,0,0,0.435314707435195,0.402002826333046,0.435483624537786,0,0,0,0,0,0,0,0,0,0,0,0,0,0,0,0,0,0,0,0,0,0,0,0,0.214525383985116,0.157587625358814,0.19293110460043,0.198529526591301,0.278872766588108,0.46857213973999,0,0,0.133145460715661,0,0,0,0
0,0,0,0,0,0,0,0,0,0,0,0,0,0,0,0,0,0,0,0,0,0,0,0,0,0,0,0,0,0,0,0.161085236523229,0,0.159589507765528,0.26818660900488,0.169374768395682,0.160235459570119,0,0,0,0,0,0,0,0,0,0,0.318551524762087,0,0,0,0,0,0,0,0,0,0,0,0,0,0,0,0,0,0,0,0,0,0,0,0,0,0,0.162449325562114,0.200680011659576,0.15630975152765,0.259274106319636,0.181492623103702,0.227789422744266,0,0,0.136039687725513,0,0,0,0
0,0,0,0,0,0,0,0,0,0,0,0,0,0,0,0,0,0,0,0,0,0,0,0,0,0,0,0,0,0,0,0.196820124389721,0.159589507765528,0,0.202159769605525,0.16346838654807,0.156740561127663,0.267036102931289,0.251130055181864,0,0,0,0,0,0,0,0,0.273462706611311,0.415914565324783,0.307207236687342,0,0,0,0,0,0.192600384354591,0,0,0,0,0,0,0,0,0,0,0.26546436548233,0,0,0,0,0,0,0,0.256090296166284,0.213681833818555,0.189335231330477,0.179530708032414,0.161665811592225,0.231336042284966,0.187197777298873,0.449102819842451,0.169448024495727,0.197044810110872,0,0,0
0,0.456885695457458,0,0,0,0,0,0,0.161852692564329,0,0,0,0,0,0,0,0,0,0,0,0,0,0,0,0,0,0,0,0,0,0,0.20111220702529,0.26818660900488,0.202159769605525,0,0,0.147070430142363,0.448465307622981,0.203667860395987,0,0,0.389434790611267,0.138616025447845,0,0,0,0,0.383995090809003,0.35518942637877,0.484258421696723,0,0,0,0,0,0,0,0,0,0,0,0,0,0,0,0.508868932723999,0,0,0,0,0,0,0.43469002141672,0.4002715498209,0.156293632196529,0.323949858757921,0.175112761238954,0.191842615834042,0,0.15452801890422,0.310115957453968,0.272613463535175,0.17350609873177,0.165831707663588,0.547460082330202,0,0
0,0,0,0,0,0.0998007797787332,0,0,0,0,0,0.137538383569982,0,0,0,0,0,0,0,0.151292270457012,0,0,0,0,0,0,0,0,0,0,0,0.225597337030908,0.169374768395682,0.16346838654807,0,0,0.172745180569836,0.149349844612286,0.0948824293234132,0.175443265925754,0,0,0,0,0,0,0,0.633396840596621,0,0,0,0,0,0,0,0,0,0.151682611107826,0,0,0,0,0.163959790419371,0,0,0,0,0,0,0,0,0,0,0,0.248324531214818,0.163528802990913,0.169571572911144,0,0.167247644222566,0.197886740660141,0.171242148294086,0,0.157485966148256,0.183621876991195,0.157036417705375,0,0
0,0,0,0,0,0,0.186799604445696,0,0,0,0.145781126007976,0,0,0,0,0,0,0,0,0,0.162591726708545,0,0,0,0,0,0,0,0,0,0,0.517551116337461,0.160235459570119,0.156740561127663,0.147070430142363,0.172745180569836,0,0.111604111889998,0.127279729504926,0.148211620748043,0.126795979738235,0,0,0,0,0,0.208705036590497,0.622045621275902,0,0,0.157371215522289,0,0,0,0,0,0.130888152382852,0,0,0,0,0,0,0.159532935977021,0,0,0,0,0,0,0,0,0,0,0.351400433653066,0.160176896896823,0.133754192954964,0.158329214090886,0.171865366147674,0.164613078180341,0,0.166634198214459,0.152828478836366,0.149743460256744,0.176866245874932,0,0
0,0.159808679730917,0,0,0,0,0,0,0,0.180650324560702,0,0.147274120348235,0,0,0,0,0,0,0.244280730684598,0.149456056440345,0,0.147398853383925,0.150093203517282,0.152174893518289,0.362679302692413,0,0,0.163964663551548,0,0.186750864040449,0,0,0,0.267036102931289,0.448465307622981,0.149349844612286,0.111604111889998,0,0.340679398434755,0,0,0.202784032039686,0,0,0,0.313281147844262,0,0.515614477360009,0.512018322944641,0.258784964766016,0,0,0,0,0,0.20119457244873,0,0.148348759335442,0,0,0,0.231730341911316,0.212020513506568,0,0.130223220957557,0.143849890455043,0.247576639084111,0.472235143184662,0,0,0.163559615464494,0,0.172770160145876,0,0,0,0.226746241031359,0.221550061650898,0.184178184706639,0,0.184158023111416,0.583746026921016,0.175959175932216,0.191593005656533,0.23675736034491,0,0
0.13560451567173,0.312993296980858,0,0.283986896276474,0,0,0,0,0.152423920897429,0,0.137447266270303,0,0,0,0,0,0,0,0.174134112894535,0,0.145883533381979,0.153545961815577,0.197698511279772,0.423994302749634,0.263304252910867,0,0,0,0,0,0.153890646567258,0,0,0.251130055181864,0.203667860395987,0.0948824293234132,0.127279729504926,0.340679398434755,0,0,0,0.404729411444243,0.398054813133909,0,0,0,0.306354731321335,0.50124110495722,0.26845135870907,0.463143682912176,0,0,0,0,0.175140041349964,0.416030794382095,0.16019429581306,0.367529481649399,0,0,0,0,0.308625668287277,0.14354549630382,0.118421827099825,0.209862702610409,0,0.26969108531142,0,0,0,0.163865879178047,0.398390598595142,0.161835195994917,0,0,0.147182240222509,0.196704621983772,0.0961229458247146,0.164850208682751,0.435876095695282,0.184468916488558,0.23861214787195,0.163552550345659,0.421301822522621,0,0
0,0.300368577241898,0,0.233932304382324,0,0,0,0,0,0.277063861489296,0,0,0,0,0,0,0.222916657214656,0.229380757944419,0.23898061180428,0.1625128587087,0,0,0,0,0,0,0,0,0,0,0,0,0,0,0,0.175443265925754,0.148211620748043,0,0,0,0.215622529387474,0.230021598703305,0.206975347052018,0,0,0.241803848372686,0.243887060880661,0.190874768012181,0.287039443850517,0.186469673413349,0,0,0,0,0,0,0,0.240577463456925,0,0.232743382453918,0,0,0.220325588457088,0,0,0,0,0,0,0,0,0,0.227173269043366,0,0,0,0,0,0.178476288067161,0,0.25814214502943,0,0.215211776730464,0,0.232615818735774,0.217246052942106,0.209562987089157
0.316507428884506,0,0.17952998355031,0,0,0,0,0,0,0,0,0,0,0,0,0,0.232098583007019,0.222975158085257,0.240839660117857,0,0,0,0,0.201444283127785,0,0,0,0,0,0,0,0,0,0,0,0,0.126795979738235,0,0,0.215622529387474,0,0.226006415486336,0.226766212772,0,0.281108051538467,0.273622720078989,0.234472886668487,0.116248140111566,0.219408164497393,0,0,0,0,0,0,0,0,0,0,0,0,0,0,0.216578100142988,0,0,0,0,0,0,0,0,0,0.221710876375437,0,0,0,0,0.234197825193405,0.186493189134267,0,0.263321921229362,0.229528354780811,0,0.228893171817324,0,0.235609550029039
0,0.223536760846694,0,0.20988971432169,0,0.20515039563179,0,0,0.314924746751785,0.196742328123812,0,0.275715430577596,0,0,0,0,0.189633439694132,0.185062697816898,0.171384988742955,0,0,0.160952731966972,0,0,0.369694098830223,0,0,0,0,0,0,0,0,0,0.389434790611267,0,0,0.202784032039686,0.404729411444243,0.230021598703305,0.226006415486336,0,0.172491973806551,0.146846085786819,0,0.2251575164178,0.196428589961108,0.32397176469526,0.313318528234959,0.296058393402878,0,0.179702495535215,0,0,0.266716353595257,0.18575026319232,0,0.26503850509723,0,0.210220817909684,0,0.202564216085843,0.231242555636723,0.197997212409973,0,0,0,0.375115668773651,0,0,0.27290879296405,0.208080977201462,0.251822980959614,0.208194985985756,0,0,0,0,0.226817998306259,0.233440980315208,0.283956524234987,0.41359571814537,0.20346826369332,0.219055727124214,0.2444901967182,0.190090828489105,0.168137580156326
0.244713297235632,0,0.225590856576508,0,0.181258469820023,0,0,0,0.17566656542645,0,0,0.254596292972565,0,0,0,0,0.205987728813775,0.19301095137725,0.201748069762271,0,0,0,0,0,0.399127113819122,0,0,0,0,0,0,0,0,0,0.138616025447845,0,0,0,0.398054813133909,0.206975347052018,0.226766212772,0.172491973806551,0,0,0.174522504210472,0.209227652351061,0.230992457919544,0.372199703007936,0.254896041254203,0.358016133308411,0,0,0,0,0.253409223010143,0,0.240858684435035,0,0,0,0,0,0.220168858766556,0.254195267213629,0,0,0,0.350286837667227,0,0,0,0.249272446148098,0.214899174869061,0.248223851232425,0,0,0,0,0.264569330428328,0.254240738166501,0.230165682733059,0.214929919400363,0.2013879160635,0.121865592896938,0.255472719347688,0,0.210692775027458
0,0,0,0,0,0,0,0,0,0,0,0,0,0,0,0,0,0,0,0,0,0,0,0,0,0,0,0,0,0,0,0,0,0,0,0,0,0,0,0,0,0.146846085786819,0,0,0,0,0,0,0,0,0,0,0,0,0,0,0,0,0,0,0,0,0,0,0,0,0,0,0,0,0,0,0,0,0,0,0,0,0,0,0,0,0,0,0,0,0
0,0,0,0,0,0,0,0,0,0,0,0,0,0,0,0,0,0,0,0,0,0,0,0,0,0,0,0,0,0,0,0,0,0,0,0,0,0,0,0,0.281108051538467,0,0.174522504210472,0,0,0,0,0,0,0,0,0,0,0,0,0,0,0,0,0,0,0,0,0,0,0,0,0,0,0,0,0,0,0,0,0,0,0,0,0,0,0,0,0,0,0,0
0,0.30306219172721,0,0.24921580478549,0,0.173778916398684,0,0,0,0,0,0.331994511187077,0,0,0,0,0.220047517679632,0.230984534049942,0.278681429828408,0.321701775897633,0,0,0,0,0,0,0,0,0,0,0,0,0,0,0,0,0,0.313281147844262,0,0.241803848372686,0.273622720078989,0.2251575164178,0.209227652351061,0,0,0,0.250648056085293,0,0,0.232319820672274,0,0.187077224254608,0,0,0,0.218027263879776,0,0.249465093868119,0,0,0,0.149980932474136,0.229491394355546,0.268042683601379,0,0,0,0,0,0,0,0,0.264283380430678,0.233410064131021,0,0,0,0,0.271356854935585,0.26464766902583,0.336214302824094,0.212026573717594,0.250534053146839,0,0.246857177256868,0.205253437161446,0
0.187032014131546,0,0.17428998529911,0,0,0,0,0,0.205110900104046,0,0,0,0,0,0,0,0.232038028729268,0.225723528039866,0.24716391646813,0,0,0,0,0.211513817310333,0,0,0,0,0,0,0,0,0,0,0,0,0.208705036590497,0,0.306354731321335,0.243887060880661,0.234472886668487,0.196428589961108,0.230992457919544,0,0,0.250648056085293,0,0,0.222531041273704,0,0,0,0,0,0.158848844468594,0,0,0,0,0,0,0,0,0.224137007387407,0,0,0,0,0,0,0,0,0.303290277719498,0.249067019564765,0,0,0,0,0.266902002505958,0.235603176775767,0,0.296476878335371,0.23919956947729,0,0.223029537064235,0,0.221784503414081
0,0.269960070252419,0,0,0,0,0,0,0.18524856120348,0,0,0,0,0,0,0,0,0,0,0,0,0,0.509413227438927,0,0.401929289102554,0,0,0,0,0,0,0.435314707435195,0.318551524762087,0.273462706611311,0.383995090809003,0.633396840596621,0.622045621275902,0.515614477360009,0.50124110495722,0.190874768012181,0.116248140111566,0.32397176469526,0.372199703007936,0,0,0,0,0,0.379460822071328,0.414031994529068,0,0,0,0,0.295483499765396,0.374798968434334,0,0.244252651929855,0,0,0,0.360150307416916,0,0,0,0.476284366846085,0.279147207736969,0.400527535213364,0,0,0,0,0.400962435536914,0.360360398888588,0.360815991383192,0.341903218429591,0.245297516978795,0.339083893853702,0.302738699714343,0.363889067556779,0.498025889242633,0.49355808069411,0.390482287964777,0.261754170060158,0.484122047626127,0,0
0.17993168430893,0.32661060988903,0.131322680631789,0,0,0,0,0,0.159719084389508,0,0,0,0,0,0,0,0.251670241355896,0,0.244484803080559,0,0,0,0,0,0.228919435292482,0,0,0,0,0,0,0.402002826333046,0,0.415914565324783,0.35518942637877,0,0,0.512018322944641,0.26845135870907,0.287039443850517,0.219408164497393,0.313318528234959,0.254896041254203,0,0,0,0.222531041273704,0.379460822071328,0,0.305738365385684,0,0,0,0,0.131298887144242,0,0,0,0,0,0.151599876284599,0,0,0.189319178462029,0,0.210834854299372,0,0.208798706531525,0,0.231691046194597,0,0.265938156637652,0.274382680654526,0.351707777008414,0,0.463314101099968,0,0.273132448249003,0,0.154275630911191,0.351414854007383,0.304888525873976,0.280144820056108,0,0.250543516757704,0,0.246110394597054
0.338494598865509,0.182320702618154,0,0.17048431634903,0,0.18009324123462,0,0,0.27556736767292,0.155279799054066,0,0,0,0,0,0.191434013346831,0.249957919120789,0,0.314060201247533,0,0,0.195066733169369,0,0.177871477810571,0.393238831758499,0,0,0,0,0,0,0.435483624537786,0,0.307207236687342,0.484258421696723,0,0,0.258784964766016,0.463143682912176,0.186469673413349,0,0.296058393402878,0.358016133308411,0,0,0.232319820672274,0,0.414031994529068,0.305738365385684,0,0,0,0,0,0.299351930618286,0.199682728777118,0,0.215745062823745,0,0.198265896178782,0,0.181944939195079,0.196964010596275,0,0.205662861041763,0.406833738088608,0.2313176974547,0.395619312157998,0.218925999073715,0,0.290112503213207,0,0.238746894048709,0,0.475893795490265,0,0,0.460095213850339,0.142906589480117,0,0.311177185474825,0.439710813931056,0.33840677699174,0,0.280536137526016,0.196103766560555,0
0.152354776859283,0,0.157651985014873,0,0.138957893126644,0,0,0,0.166417164355516,0,0,0,0,0,0,0,0,0,0,0,0.118265606462955,0,0,0,0,0,0,0,0,0,0,0,0,0,0,0,0.157371215522289,0,0,0,0,0,0,0,0,0,0,0,0,0,0,0,0,0,0.164762434032228,0,0.15573254147186,0,0.159120925569109,0,0.154182928449967,0,0,0.122947068741688,0,0,0,0,0,0,0,0,0,0,0,0,0,0,0,0,0,0,0.150557747110724,0,0.124154817312956,0,0
0,0,0,0.144783571887184,0,0.155414737892889,0,0.161965784927209,0,0.195660199522972,0,0.134739860892296,0,0,0,0,0,0,0.198153227567673,0,0,0,0,0,0,0,0,0,0,0,0,0,0,0,0,0,0,0,0,0,0,0.179702495535215,0,0,0,0.187077224254608,0,0,0,0,0,0,0,0.164092823330845,0,0.183074305765331,0,0.182699309196323,0,0.151208538900722,0,0.155334006994963,0.162781386636198,0,0,0,0,0,0,0,0,0,0.216157762333751,0,0,0,0,0,0.21428732201457,0,0,0,0.164689146603147,0,0.140521495364422,0,0
0,0,0,0,0.157577864825726,0,0.165257666917408,0,0,0,0,0,0,0,0,0,0,0,0,0,0,0,0,0,0,0,0,0,0,0,0,0,0,0,0,0,0,0,0,0,0,0,0,0,0,0,0,0,0,0,0,0,0,0,0,0,0.169583885206117,0,0.180554742875852,0,0,0,0,0,0,0,0,0,0,0,0,0,0,0,0,0,0,0,0,0,0,0,0.178739498058955,0,0,0,0
0,0,0,0,0,0.162317233317989,0,0.160157963153592,0,0,0,0.175876447895788,0,0.156752418726683,0,0,0,0,0,0.164140302010558,0,0,0,0,0,0,0,0,0,0,0,0,0,0,0,0,0,0,0,0,0,0,0,0,0,0,0,0,0,0,0,0.164092823330845,0,0,0,0,0,0.186385731462022,0,0,0,0,0.175653219223022,0,0,0,0,0,0,0,0,0,0,0,0,0,0,0,0,0,0,0,0.167083232917569,0.173336770098943,0,0,0
0.155403676304828,0.212403804063797,0.14388931216409,0,0.151073379907757,0,0,0,0.210664758384228,0,0,0,0,0,0.177052243881755,0,0,0,0.201023250818253,0,0,0,0,0,0.221429200903062,0,0,0,0,0,0,0,0,0,0,0,0,0,0.175140041349964,0,0,0.266716353595257,0.253409223010143,0,0,0,0.158848844468594,0.295483499765396,0.131298887144242,0.299351930618286,0.164762434032228,0,0,0,0,0,0.16919341031462,0,0.171701737812587,0,0.18761678642415,0,0,0,0,0,0,0.203105674478028,0,0.243822688857714,0,0,0,0.226173490285873,0,0,0,0,0,0.175468936562538,0,0.190748470394235,0.212854449203426,0.231320940396365,0.185301080007445,0,0.176421090960503
0,0.199214061139722,0,0.154059062627229,0,0.182028909861031,0,0,0,0.193832429194143,0,0,0,0,0,0.231282044079278,0,0.174728027798913,0,0,0,0,0,0.138943082288555,0,0,0,0,0,0,0,0,0,0.192600384354591,0,0,0,0.20119457244873,0.416030794382095,0,0,0.18575026319232,0,0,0,0.218027263879776,0,0.374798968434334,0,0.199682728777118,0,0.183074305765331,0,0,0,0,0,0.170729001984,0,0.175217161605344,0,0.23581916732174,0.143197660644849,0,0,0,0.139562826412611,0,0.13842627281944,0,0,0,0.198693215847015,0,0,0,0.22998121380806,0,0.201915688812733,0,0.175905141731103,0,0.169408873052282,0,0.245421677993404,0,0
0,0,0,0,0.126368013251087,0,0.154530090325087,0,0,0,0.165581635511606,0,0.17547679883103,0,0,0,0,0,0.241919308900833,0,0.145175392747435,0,0,0,0,0,0,0,0.147298129938417,0,0.139280443606169,0,0,0,0,0,0.130888152382852,0,0.16019429581306,0,0,0,0.240858684435035,0,0,0,0,0,0,0,0.15573254147186,0,0.169583885206117,0,0.16919341031462,0,0,0,0.184543683845113,0,0.174402380983035,0,0,0.187276094528132,0,0,0,0,0,0,0,0.152788168151085,0,0.248926882093378,0,0,0,0,0,0.131748325747101,0,0.149550952163397,0.15018911530836,0.202308543026447,0.262261934849897,0,0
0,0.25715438479727,0,0.216796468083675,0,0.175739653905233,0,0.168881853709095,0,0.288353487104177,0,0.157966491240259,0,0.182508506642677,0,0,0.23193072527647,0.293546327179478,0.272989381205391,0.156516523686144,0,0,0,0,0.351915121078491,0,0,0.190575201312701,0,0.182080178636394,0,0,0,0,0,0.151682611107826,0,0.148348759335442,0.367529481649399,0.240577463456925,0,0.26503850509723,0,0,0,0.249465093868119,0,0.244252651929855,0,0.215745062823745,0,0.182699309196323,0,0.186385731462022,0,0.170729001984,0,0,0,0.219986052976714,0,0.198856915498889,0.243175785440677,0,0,0,0,0,0,0,0.264665088099891,0,0.292915327605815,0.251300841569901,0,0,0,0,0.240143414859365,0,0.180840025260759,0,0.194041254182466,0.185256526517597,0.263992962994054,0.274712607264519,0
0,0,0,0,0.140309721231461,0,0.176654637149237,0,0,0,0.143350933368007,0,0.175494831554338,0,0,0,0,0,0,0,0,0,0,0,0,0,0,0,0.187442736658785,0,0,0,0,0,0,0,0,0,0,0,0,0,0,0,0,0,0,0,0,0,0.159120925569109,0,0.180554742875852,0,0.171701737812587,0,0.184543683845113,0,0,0,0,0,0,0,0,0,0,0,0,0,0,0.196621952123112,0,0,0,0,0,0,0,0,0,0,0.185329260010468,0.19927712281545,0.13692219555378,0,0
0,0.19450823330518,0,0.184232424243225,0,0.153315670788288,0,0.177197641831763,0,0.163452375266287,0,0.193451632681133,0,0.174584769472507,0,0.15160832843229,0,0.210249811410904,0,0,0,0,0,0,0,0,0,0.17015015192934,0,0.208102345466614,0,0,0,0,0,0,0,0,0,0.232743382453918,0,0.210220817909684,0,0,0,0,0,0,0,0.198265896178782,0,0.151208538900722,0,0,0,0.175217161605344,0,0.219986052976714,0,0,0,0.185236422166876,0.170939768354098,0,0,0,0,0,0,0,0.236238001507669,0,0.220508732919485,0,0,0,0,0,0,0,0,0,0.196654654856513,0.209586326338819,0.190046818856906,0.170164614915848,0
0.139204484224319,0,0,0,0,0,0,0,0.147838809660503,0,0,0,0.192448141074729,0,0.168633586038714,0,0.186433017253876,0,0,0,0,0,0,0,0,0,0.188922442495823,0,0.197818630120971,0,0,0,0,0,0,0,0,0,0,0,0,0,0,0,0,0,0,0,0.151599876284599,0,0.154182928449967,0,0,0,0.18761678642415,0,0.174402380983035,0,0,0,0,0,0,0,0,0,0,0.207133024930954,0,0.201963988634256,0,0.205801320262253,0,0,0,0,0,0,0,0,0,0,0.154684587704892,0.247338202595711,0.186189442873001,0,0
0,0.238640644401312,0,0.181765317681279,0,0.158676268532872,0,0,0,0.151086486565072,0,0,0,0.131498640890305,0,0.159548103590502,0,0.146555567210591,0,0,0,0,0,0.129228139917056,0,0.154431793911784,0,0,0,0,0,0,0,0,0,0,0,0.231730341911316,0,0,0,0.202564216085843,0,0,0,0.149980932474136,0,0.360150307416916,0,0.181944939195079,0,0.155334006994963,0,0,0,0.23581916732174,0,0.198856915498889,0,0.185236422166876,0,0,0.167998479945319,0,0,0,0.164557429520707,0,0.158719760634131,0,0,0,0,0,0,0,0,0,0.210909619927406,0,0.265180215239525,0,0.17272092550993,0,0.193981722188302,0.184463664889336,0
0,0.290395026478697,0,0.166985021531582,0,0.140958498631205,0,0.123938488463561,0,0.299010771725859,0,0.200711392416131,0,0,0,0,0.255344733595848,0.288513654044696,0.32292262673378,0.185673809434018,0,0,0,0,0,0,0,0,0,0,0,0,0,0,0,0.163959790419371,0,0.212020513506568,0.308625668287277,0.220325588457088,0,0.231242555636723,0.220168858766556,0,0,0.229491394355546,0,0,0,0.196964010596275,0,0.162781386636198,0,0.175653219223022,0,0.143197660644849,0,0.243175785440677,0,0.170939768354098,0,0.167998479945319,0,0,0,0,0,0,0,0,0.334244080952236,0,0.32023516787412,0,0,0,0,0,0.214541272587848,0,0.291853278875351,0,0.223006455358445,0,0.251987211017505,0.276742709325809,0
0,0,0,0,0.122950032353401,0,0,0,0,0,0.139975711268368,0,0,0,0,0,0.233806890154642,0.224869631908157,0.251072049554851,0,0.150652431277749,0,0,0,0,0,0,0,0,0,0,0,0,0,0,0,0.159532935977021,0,0.14354549630382,0,0.216578100142988,0.197997212409973,0.254195267213629,0,0,0.268042683601379,0.224137007387407,0,0.189319178462029,0,0.122947068741688,0,0,0,0,0,0.187276094528132,0,0,0,0,0,0,0,0,0,0,0,0,0,0,0,0,0.261418717460973,0,0,0,0,0,0.193948049315095,0,0.33327330863632,0.181885795909485,0,0.255813574429858,0,0
0,0,0,0,0,0,0,0,0,0,0,0,0,0,0,0,0,0.166405007243156,0,0,0,0.152638887716092,0.128316702595297,0.179608208374887,0,0.164271251748729,0,0.109630746766925,0,0,0,0,0,0,0,0,0,0.130223220957557,0.118421827099825,0,0,0,0,0,0,0,0,0,0,0.205662861041763,0,0,0,0,0,0,0,0,0,0,0,0,0,0,0,0.131922178233371,0.175395084791543,0,0.187816179119076,0,0.228166862441401,0,0,0,0,0,0.180471188492245,0,0,0,0.171637109838999,0,0.147199797377686,0.218422257235969,0,0,0
0,0,0,0,0,0,0,0,0,0,0,0,0,0,0,0,0.111973956227303,0,0,0,0,0.140134209346176,0.171028623018006,0,0.211386100781493,0,0.176967454866474,0,0.160830355855444,0,0,0,0,0,0.508868932723999,0,0,0.143849890455043,0.209862702610409,0,0,0,0,0,0,0,0,0.476284366846085,0.210834854299372,0.406833738088608,0,0,0,0,0,0,0,0,0,0,0,0,0,0,0.131922178233371,0,0,0.245067768460861,0,0.159911011727083,0,0.160908406245567,0,0,0,0,0,0.199076694877524,0,0,0.388768936906542,0.266106144269408,0.160108353277298,0.149031306492146,0.329857833683491,0,0
0,0.260814526251384,0,0,0,0,0,0,0,0.141914765004601,0,0,0,0,0,0,0,0,0,0,0,0.16833858191967,0,0.152677849593101,0,0.149591861019185,0,0,0,0,0,0,0,0.26546436548233,0,0,0,0.247576639084111,0,0,0,0,0,0,0,0,0,0.279147207736969,0,0.2313176974547,0,0,0,0,0,0.139562826412611,0,0,0,0,0,0.164557429520707,0,0,0.175395084791543,0,0,0,0.165711838779626,0,0.249885382369543,0,0,0,0,0,0.228384641664369,0,0,0,0.218654027502788,0.510033369064331,0.172889258229622,0,0.290894300644768,0,0
0.172765145699183,0,0,0,0,0,0,0,0.188688600690741,0,0,0,0,0,0,0,0.129985009630521,0,0,0,0,0,0.16149736319979,0,0.199209343579386,0,0.197825689563191,0,0,0,0,0,0,0,0,0,0,0.472235143184662,0.26969108531142,0,0,0.375115668773651,0.350286837667227,0,0,0,0,0.400527535213364,0.208798706531525,0.395619312157998,0,0,0,0,0.203105674478028,0,0,0,0,0,0.207133024930954,0,0,0,0,0.245067768460861,0,0,0,0.210221096252402,0,0,0.366623535752296,0,0,0,0,0.254715569317341,0,0,0.410903356292031,0.256419660577997,0.176838785330525,0.141538560390472,0.300522005846423,0,0
0,0,0,0,0,0,0,0,0,0.133968009480408,0,0,0,0,0,0.165856048543617,0,0.145649518415653,0,0,0,0.177271251666818,0,0.154667291374988,0,0.163177205647247,0,0.174518778496845,0,0,0,0,0,0,0,0,0,0,0,0,0,0,0,0,0,0,0,0,0,0.218925999073715,0,0,0,0,0,0.13842627281944,0,0,0,0,0,0.158719760634131,0,0,0.187816179119076,0,0.165711838779626,0,0,0,0.217341760313018,0,0,0,0,0,0,0,0,0,0,0,0.159625848023487,0.150223158977248,0.204481030503909,0,0
0,0,0,0,0,0,0,0,0.177532911300659,0,0,0,0.195889252073625,0,0.204799435536067,0,0.166747519010028,0,0,0,0,0,0.178454925616582,0,0.189877271652222,0,0.154080531249444,0,0.159422041457927,0,0,0,0,0,0,0,0,0,0,0,0,0,0,0,0,0,0,0,0.231691046194597,0,0,0,0,0,0.243822688857714,0,0,0,0,0,0.201963988634256,0,0,0,0,0.159911011727083,0,0.210221096252402,0,0,0,0.220432855933905,0,0,0,0,0,0,0,0,0,0,0.163788125189868,0,0,0,0
0,0,0,0,0,0,0,0,0,0,0,0,0,0.165306624557291,0,0,0,0.147039576537079,0,0,0,0.156287668272853,0,0.164943034450213,0,0.149040237642252,0,0.167414919824278,0,0.158949978875391,0,0,0,0,0,0,0,0.163559615464494,0,0,0,0.27290879296405,0,0,0,0,0,0,0,0.290112503213207,0,0,0,0,0,0,0,0.264665088099891,0,0.236238001507669,0,0,0.334244080952236,0,0.228166862441401,0,0.249885382369543,0,0.217341760313018,0,0,0,0.309117236506131,0,0,0,0,0,0.263395190238953,0,0.228055930398043,0,0.159403409767937,0.170287208315932,0.260103345701569,0.325671941041946,0
0,0,0,0,0,0,0,0,0,0,0.146135175585747,0,0.183283597359926,0,0.201473027467728,0,0,0,0,0,0,0,0.1593237905518,0,0,0,0.123186833583392,0,0.168866772186737,0,0.153425405355724,0,0,0,0,0,0,0,0.163865879178047,0,0,0.208080977201462,0.249272446148098,0,0,0,0,0,0.265938156637652,0,0,0,0,0,0,0,0.152788168151085,0,0.196621952123112,0,0.205801320262253,0,0,0,0,0.160908406245567,0,0,0,0.220432855933905,0,0,0,0.158217341999462,0,0,0,0,0,0,0,0,0.256794393062592,0,0.269052708148956,0,0
0,0.308028075311865,0,0.234981638938189,0,0.214851370879582,0,0,0,0.303600719571114,0,0.180225350440313,0,0.208400116302073,0,0,0.270491570234299,0.300784868578757,0.292182296514511,0.329259223797742,0,0,0,0,0.368065486351649,0,0,0.183399647197553,0,0.177121167396804,0,0,0,0,0.43469002141672,0,0,0.172770160145876,0.398390598595142,0.227173269043366,0,0.251822980959614,0.214899174869061,0,0,0.264283380430678,0.303290277719498,0.400962435536914,0.274382680654526,0.238746894048709,0,0.216157762333751,0,0,0,0.198693215847015,0,0.292915327605815,0,0.220508732919485,0,0,0.32023516787412,0,0,0,0,0.366623535752296,0,0,0.309117236506131,0,0,0.243526890873909,0,0,0,0.275931894779205,0.263875326321971,0,0.264348623703188,0.412650027871132,0.232851158428974,0.162480092501339,0.250780226790016,0.295245217425483,0.213188007473946
0.275341093540192,0,0.250269576907158,0,0,0,0,0,0.230821363627911,0,0.159907057928511,0,0,0,0,0,0.251795283208291,0.251778021454811,0.300236533750111,0,0.171760454773903,0,0,0,0,0,0,0,0.153773912252524,0,0.155800743413835,0,0,0,0.4002715498209,0,0,0,0.161835195994917,0,0.221710876375437,0.208194985985756,0.248223851232425,0,0,0.233410064131021,0.249067019564765,0.360360398888588,0.351707777008414,0,0,0,0,0,0.226173490285873,0,0.248926882093378,0.251300841569901,0,0,0,0,0,0.261418717460973,0,0,0,0,0,0,0,0.158217341999462,0.243526890873909,0,0,0,0,0.328699966271718,0.262806564569473,0.304458090662956,0.325220882892609,0.301315429038194,0.239314008559754,0,0.309544108218093,0.231567576527596,0.302620934322476
0,0,0,0,0,0,0,0,0,0,0,0,0,0,0,0,0,0,0,0,0,0,0,0,0,0,0,0,0,0,0,0.214525383985116,0.162449325562114,0.256090296166284,0.156293632196529,0.248324531214818,0.351400433653066,0,0,0,0,0,0,0,0,0,0,0.360815991383192,0,0.475893795490265,0,0,0,0,0,0,0,0,0,0,0,0,0,0,0,0,0,0,0,0,0,0,0,0,0,0.181607632090648,0.239374562967012,0.213995784521103,0.190573884442855,0.431960228017007,0.228373661637306,0,0.154802121842901,0.527821183204651,0,0,0
0,0,0,0,0,0,0,0,0,0,0,0,0,0,0,0,0,0,0,0,0,0,0,0,0,0,0,0,0,0,0,0.157587625358814,0.200680011659576,0.213681833818555,0.323949858757921,0.163528802990913,0.160176896896823,0,0,0,0,0,0,0,0,0,0,0.341903218429591,0.463314101099968,0,0,0,0,0,0,0,0,0,0,0,0,0,0,0,0,0,0,0,0,0,0,0,0,0,0.181607632090648,0,0,0.285092728962372,0.161928400397301,0.216331571038158,0,0.183996573090553,0.157405103423766,0,0,0,0
