0,0,0.0218152452114236,0,0,0,0,0,0.0221823341356489,0,0,0,0,0,0,0,8.06842352012698e-05,4.12517459446812e-05,0.00299452820580028,0,0,0,0,0,0,0,0,0,0,0,0,0,0,0,0,0,0,0,0,0,0.000316434744353222,0,0,0,0,0,0.00319762831883451,0,0.0319990279367581,0,0,0,0,0,0.0466602543492211,0,0,0,0,0,0.0031248091753123,0,0,0.000265809332015675,0,0,0,0,0,0,0,0,0,0,0,0,0,0,0,0.0005184545463941,0,0,0.000502340375860698,0,0.00597278367178095,0,0
0,0,0,0.0219841452432085,0,0,0,0,0,0.0380028240157773,0,0,0,0,0,0,0,0,0,0,0,0,0,0.000397211555048225,0,0,0,0,0,0,0,0,0,0,0,0,0,1.52924919081101e-05,0,0,0,0.0144442193330606,0,0,0,2.14132539204449e-05,0,0,0,0.0414652212771676,0,0,0,0,0,0.0862430417602825,0,0,0,0,0,0.00524504509844068,0,0,0,0,0.000850587430616169,0,0,0,0,0,0.000126084648524758,0,0,0,0,0,0,0,0,0,0.00111111973795578,0,0.0193835550627496,0.000119426472352547,0
0.0218152452114236,0,0,0,0.0777611421189016,0,0,0,0.0753117319645591,0,0,0,0,0,0,0,0,0,0,0,0.000132051253993046,0,0,0,0,0,0,0,0,0,0,0,0,0,0,0,0.000168188569793333,0,0,0,0.000196637200889407,0,0.000347015610945647,0,0,0,0.000163113845909538,0.000197712033369678,0.00701103541087439,0,0.00371378741285276,0,0,0,0.0869456853987475,0,0,0,0.000370279545876819,0,0.000142809115660281,0,0,0,0,0,0,0,0,0,0,0,0,0,0,0,0,0,0,3.26388521263777e-05,0,1.48342239635248e-05,0.000512031966290129,0,0.0138424508213945,0,0.000495852931532499
0,0.0219841452432085,0,0,0,0.0788989770581274,0,0,0,0.0801492946191341,0,0,0,0,0,0,0,3.15399642195394e-06,5.84027421827774e-05,0.000477378338722037,0,0,0,0,0,0,0,0,0,0,0,0,0,0,0,0.000197818753384437,0,0,0,0.00117722614936961,0,0.00343479692927978,0,5.89265324626997e-05,0,0.000246085839505543,0,0,0,0.0139933121700095,0,0.0187352390586448,0,0,0,0.116480526626348,0,0.00270440442495635,0,0.00512007468995729,0,0.0169705848003092,0.000373842191313928,0,0,0,0,0,0,0,0,0,0,0,0,0,0,0,7.94702058558828e-05,0,3.33464980018768e-05,0,0.00129654949830642,3.47456672575685e-06,0.0138973757920178,0.00153854623395572,0
0,0,0.0777611421189016,0,0,0,0,0,0.00894149689276394,0,0,0,0,0,0.000188640021559435,0,0,0,0,0,0.00597368819793919,0,0,0,0,0,0,0,0,0,0,0,0,0,0,0,0.000143311792361354,0,0,0,0,0,0,0,0,0,0,0,0,0,0.0731101282781127,0,0.00428142500720338,0,0.000438958806694679,0,0,0,0,0,0.00317606932207427,0,0,0,0,0,0,0,0,0,0,0,0,0,0,0,0,0,0,3.08590658476137e-05,0,0,5.15258914183337e-05,0,0.00920949184290885,0,0
0,0,0,0.0788989770581274,0,0,0,0,0,0.03877728173292,0,0,0,0,0,0.00509964452434328,0,0,0,0.00626015088245479,0,0,0,0,0,0,0,0,0,0,0,0,0,0,0,0.000146868943220114,0,0,0,0,0,0,0,0,0,3.10342885070341e-05,0,0,0,0.000152537276982834,0,0.0151255969237137,0,0,0,0.000173910740021942,0,0.00107066980693011,0,0,0,0,0.000590315559434295,0,0,0,0,0,0,0,0,0,0,0,0,0,0,0,0.000105304615213207,0,0,0,0.00183737406421795,0,0.00310185250889936,0,0
0,0,0,0,0,0,0,0,0,0,0.000343819894350686,0,0,0,0,0,0,0,0,0,0,0,0,0,0,0,0,0,0,0,0,0,0,0,0,0,0,0,0,0,0,0,0,0,0,0,0,0,0,0,0,0,0.0635603560654698,0,0,0,0.00105920319328413,0,0,0,0,0,0,0,0,0,0,0,0,0,0,0,0,0,0,0,0,0,0,0,0,0,0,0,0,0,0
0,0,0,0,0,0,0,0,0,0,0,0,0,0,0,0,0,0,0,0,0,0,0,0,0,0,0,0,0,0,0,0,0,0,0,0,0,0,0,0,0,0,0,0,0,0,0,0,0,0,0,0,0,0.00913531124685515,0,0,0,0,0,0,0,0,0,0,0,0,0,0,0,0,0,0,0,0,0,0,0,0,0,0,0,0,0,0,0,0,0
0.0221823341356489,0,0.0753117319645591,0,0.00894149689276394,0,0,0,0,0,0,0,0,0,0.00180449613563723,0,0.00040392753797866,0.000209551323051295,0,0,0,0,0,0,0.00919459625151181,0,0.0017079490860511,0,0,0,0,0,0,0,0,0,2.58530046089463e-05,0,0.000884706419173144,0,0,0,0.000266010498816115,0,0,0,0,0,7.91228924708551e-05,0,0.0166247412136168,0,0,0,0.203390771689912,0,0,0,0,0,0.0147994953141501,0,0,2.41082300286061e-05,0,0,0,0.00194725134700454,0,0,0,0,0,0,0,0,0,0,0,0,0,0.00048826505091362,0.000175481982634658,0,0.00475860713073345,0,0
0,0.0380028240157773,0,0.0801492946191341,0,0.03877728173292,0,0,0,0,0,0,0,0,0,0.0167127264709288,0,0,0,0,0,0,0,0.00909088521476719,0,0.0017423908955633,0,0,0,0,0,0,0,0,0,0,0,0.00186467927084427,0,0,0,0.000580008053601437,0,0,0,0,0,0,0,0.00395629526624702,0,0,0,0,0,0.101140465374465,0,0,0,0,0,0.00593771743237613,0,0,0,0,0.00336508911919108,0,0.0049316328650699,0,0,0,0,0,0,0,0,0,0,0,0.00157678850704102,0,0.00102649948903308,8.10417663833567e-06,0.00191537641939371,0,0
0,0,0,0,0,0,0.000343819894350686,0,0,0,0,0,0.00941282737441622,0,0,0,0,0,0,0,0.0387763960344382,0,0,0,0,0,0,0,0,0,0.00220731623542123,0,0,0,0,0,6.5211973656896e-05,0,0.00585008659131045,0,0,0,0,0,0,0,0,0,0,0,0,0,0,0,0,0,0.0804459921829438,0,0.000991300938188583,0,0,0,0,0.00185645300976733,0,0,0,0,0,0,0,0,0,0.00112602879448965,0,0,0,0,0,0,0,0.000562188008942045,0.000396541454748483,0,0,0,0
0,0,0,0,0,0,0,0,0,0,0,0,0,0.0168292543263907,0,0,0,0,0,0,0,0,0,0,0,0,0,0,0,0.00641526514819783,0,0,0,0,0,0.000924739415334992,0,0.00299107969107966,0,0,0,0,0,0,0,0,0,0,0,0,0,0,0,0,0,0,0,0.104632676131508,0,0.00528668390530638,0,0,0,0,0,0,0,0,0,0,0,0,0.000542205260075552,0,0,0,0,0,9.73329567907494e-05,0,0.00011696439648687,0,0.000233404162669369,0,2.12535974297997e-05,0,0
0,0,0,0,0,0,0,0,0,0,0.00941282737441622,0,0,0,0.00280155077864595,0,0,0,0,0,0,0,0,0,0,0,0,0,4.7781733883312e-05,0,0,0,0,0,0,0,0,0,0,0,0,0,0,0,0,0,0,0,0,0,0,0,0,0,0,0,0,0,0.0128645525990982,0,0.00222339015673947,0,0,0,0,0,0,0,0,4.3964464648339e-05,0,0,0,0,0,0,0,0,0,0,0,0,3.31168283750419e-06,0,0,0,0
0,0,0,0,0,0,0,0,0,0,0,0.0168292543263907,0,0,0,0.00592890105686179,0,0,0,0,0,0,0,0,0,0,0,0.000139687570481328,0,0,0,0,0,0,0,0,0,0,0,0,0,0,0,0,0,0,0,0,0,0,0,0,0,0,0,0,0,9.34904652666914e-05,0,0.00473173666321498,0,0.00637133179822314,0,0,0,0,0,0,0.000141230831122172,0,0,0,0,0,0,0,0,0,0,0,0,0,2.34920730690646e-06,0.000166628585034288,0,0,0
0,0,0,0,0.000188640021559435,0,0,0,0.00180449613563723,0,0,0,0.00280155077864595,0,0,0,0,0,0,0,0,0,0,0,0,0,0,0,0,0,0,0,0,0,0,0,0,0,0,0,0,0,0,0,0,0,0,0,0,0,0.00161118531596676,0,0,0,0.000745672599016152,0,0,0,0.00180228007274771,0,0.0257748626548914,0,0,0,0,0,0,0,0,0,0,0.000143890065373853,0,0,0,0,0,0,0,0,0,0,0,0,0,0,0
0,0,0,0,0,0.00509964452434328,0,0,0,0.0167127264709288,0,0,0,0.00592890105686179,0,0,0,0.000685664902093074,0,0,0,0,0,0,0,0,0,0,0,0,0,0,0,0,0,0,0,0,0,0,0,0,0,0,0,0,0,0,0,0.000631867280302499,0,0,0,0,0,0,0,0,0,0.00189312110715196,0,0.0275377991636646,0,0,0,0,0,0,0.000409484562378731,0,0,0,0,0,0,0,0,0,0,0,0,0,0.000247251583731543,0,0,0,0
8.06842352012698e-05,0,0,0,0,0,0,0,0.00040392753797866,0,0,0,0,0,0,0,0,0.163814303164646,0.060188754271249,0,0,0,0.000108935533739031,5.50791670182078e-05,0,4.9883206324462e-05,0.0006586152367582,0,0,0,0,0,0,0,0,0,0,0,0,0.000143839416108576,0.000411584578869387,0.000365400213248973,0.000686679582242713,0.000322624670732598,0.000506862499369967,5.84659254899262e-05,0.000781917667371507,0,2.60174299482942e-06,0,0,0,0,0,0,0,0,0,0,0,0,0,4.81888365846249e-05,1.47153550373368e-05,0,0,0,0,0,0,0,0,0,0,0,0,0,0,2.95734718799179e-05,0.000483940027260721,6.76585754974757e-06,1.5474212464232e-05,0.022099769793367,0.0266165453877271,0.00159801363233897,7.07449874583384e-06,0.000103840941633653
4.12517459446812e-05,0,0,3.15399642195394e-06,0,0,0,0,0.000209551323051295,0,0,0,0,0,0,0.000685664902093074,0.163814303164646,0,0.0540377912798604,0,0,0,0,5.21667842773143e-05,0,0.00207647857006314,0,0,0,0,0,0,0,0,0,0,0,0,0,0.000361049564467739,5.91562338694908e-05,0.000979633820011585,0.000136527232738201,0.000219751870680294,8.93126750515687e-05,9.16060040120767e-05,0.000260955782508882,0,0,0,0,0,0,0,0,0,0,0,0,0,0,0,0.000106053609335946,0,0,0,0,0,0.00105379536722804,0,0,0,0,0,0,0,0,0,0.000130932305121938,6.31454160049239e-05,1.24109241988132e-05,3.20338316857718e-06,0.0185039506726942,0.0572762238812109,0.00104329847290558,0.00012920076304917,2.96575364077003e-06
0.00299452820580028,0,0,5.84027421827774e-05,0,0,0,0,0,0,0,0,0,0,0,0,0.060188754271249,0.0540377912798604,0,0,0,0,0,0,0,2.24635705670874e-05,0,0,0,0,0,0,0,0,0,3.33684317579256e-05,0,0,0,0.0147417162795386,0.00723315729092167,0.0226086794840114,0.0135803035748723,0.0119557964741891,0.0128191251298202,0.0135109550393094,0.0179171098885149,6.8817232819306e-05,7.38665566650859e-05,9.58432925782703e-05,0,0,0,0,0,0,0,0,0,0,0,0,0.00706447339479488,0.000746407325016608,0,0,0,0,0,0,0,0,0,0,0,0,0,0,0.00341279371928919,0.00893726288344884,0.000574880326768057,0.000178293304443715,0.00934085526393096,0.00131065030824984,0.0455494798190369,0.0022536342185599,0.00225285065692667
0,0,0,0.000477378338722037,0,0.00626015088245479,0,0,0,0,0,0,0,0,0,0,0,0,0,0,0,0,0,0,0,0,0,0,0,0,0,0,0,0,0,0.00835267661085838,0,0.00945860532668079,0,0,0,0,0,0,0,0,0,0,0,0,0,0.000741495637565801,0,0,0,0,0,0.000357370253209014,0,2.66546261792108e-05,0,0,0.0607971778046117,0,0,0,0,0,0,0,0,0,0,0,0,0,0,0,0.00170550533057984,0,0.000155476577444011,0,0.000170531569922182,4.33359050074059e-05,0.000773438334585295,0,0
0,0,0.000132051253993046,0,0.00597368819793919,0,0,0,0,0,0.0387763960344382,0,0,0,0,0,0,0,0,0,0,0,0,0,0,0,0,0,0,0,0,0,0,0,0,0,0.0174924735030678,0,0.00113812602701289,0,1.155454137691e-05,0,0.000111511453060804,0,4.6802813384262e-05,0,0.000682518478684566,0,0,0,0.00161438130997168,0,0.000253914526678917,0,5.20398887086796e-05,0,0,0,0,0,0,0,0,0.0205079529403891,0,0,0,0,0,0,0,0,0,0,0,0,0,0,0,0.00493925720825188,0,0.00116285723701754,0.000481214877158374,0,0.00376267133570193,0,0
0,0,0,0,0,0,0,0,0,0,0,0,0,0,0,0,0,0,0,0,0,0,0.0015965290893706,0.00419660331527703,0,0.000644887862790519,0,0.00010558188877443,0,0,0,0,0,0,0,0,0,0.0094969405102892,0,0,0,0,0,0,0,0,0,0,0,6.6286807127458e-05,0,0,0,0,0,0,0,0,0,3.70346949810055e-06,0,0,0,0,0.034570551426901,0,0.00284468663614071,0,0.00351714899457624,0,0.000122991852604002,0,0,0,0,0,0,0,0,0,0.000700303892210669,0,0.000570341317307328,0.000187082327098743,0,0,0
0,0,0,0,0,0,0,0,0,0,0,0,0,0,0,0,0.000108935533739031,0,0,0,0,0.0015965290893706,0,0,0.000614302638259689,0,0.00140110119133102,0,0.00483849713384602,0,0,0,0,0,0,0,0,0,0.00551337383423778,0,0,0,0,0,0,0,0,0,6.55503155580989e-05,0,0,0,0,0,0,0,0,0,0,0,0,0,0,0,0,0.038210914563221,0,5.0422512716788e-05,0,0.00782985729102275,0,0.000351327842442394,0,0,0,0,0,0,0,0,0,0.00143061213138723,0.000191585941188961,7.50482863192863e-05,0,0,0
0,0.000397211555048225,0,0,0,0,0,0,0,0.00909088521476719,0,0,0,0,0,0,5.50791670182078e-05,5.21667842773143e-05,0,0,0,0.00419660331527703,0,0,0,0.014033667498394,0,0,0,0,0,0,0,0,0,0,0,0.0030887166093666,0,0,0,7.27311337938839e-05,0,0,0,0,0,0,0,7.81838264437612e-05,0,0,0,0,0,0.00855822782085737,0,0,0,0,0,0,0,0,0.00065116335367476,0,0.0500907032655555,0,0.0290825359323085,0,0,0,0,0,0,0,0,0,0,0,0.00100167149026473,0,5.49065914498686e-05,0,0.000153446386519767,0,0
0,0,0,0,0,0,0,0,0.00919459625151181,0,0,0,0,0,0,0,0,0,0,0,0,0,0.000614302638259689,0,0,0,0.00180918949665541,0,0,0,0,0,0,0,0,0,0,0,0.000285965510272706,0,0,0,0,0,0,0,0,0,0.000119230145219489,0,0,0,0,0,0.0103680246772514,0,0,0,0,0,0,0,0,0,0,0.00219264836363455,0,0.034604842032589,0,0.0319973687446803,0,0,0,0,0,0,0,0,0,0,0,0.000585289064669395,2.94881602348208e-06,0,0.000632769111033638,0,0
0,0,0,0,0,0,0,0,0,0.0017423908955633,0,0,0,0,0,0,4.9883206324462e-05,0.00207647857006314,2.24635705670874e-05,0,0,0.000644887862790519,0,0.014033667498394,0,0,0,0.00892201798888489,0,0,0,0,0,0,0,0,0,0,0,0,0,0,0,0,0,0,0,0,0,0,0,0,0,0,0,0,0,0,0,1.8716116753862e-05,0,7.11008717163269e-05,0,0,3.72234337222513e-05,0,4.26877774925404e-05,0,0.0351097610813237,0,0,0,0,0,0,0,0,0,0,0,0,0,0.000473248419036128,0,0,0,0
0,0,0,0,0,0,0,0,0.0017079490860511,0,0,0,0,0,0,0,0.0006586152367582,0,0,0,0,0,0.00140110119133102,0,0.00180918949665541,0,0,0,0.000116952222015243,0,0,0,0,0,0,0,0,0,0,0,0,0,0,0,0,0,0,0,0,0,0,0,0,0,0,0,0,0,0,0,0,0,0,0,0,0.00207725469817683,0,0,0,0.00456345613557908,0,0.000220798936562893,0,0,0,0,0,0,0,0,0,0,4.68810478965261e-05,0,0,0,0
0,0,0,0,0,0,0,0,0,0,0,0,0,0.000139687570481328,0,0,0,0,0,0,0,0.00010558188877443,0,0,0,0.00892201798888489,0,0,0,0.00369055446349444,0,0,0,0,0,0,0,0.000137521693984626,0,0,0,0,0,0,0,0,0,0,0,0,0,0,0,0,0,0,0,0,0,4.50988809461705e-05,0,0.00109716381155585,0,0,0,0,0,0,0.0144551817360982,0,0.0231561298640789,0,0.00115477208463286,0,0,0,0,0,0,0,0,0,2.15856546961514e-05,5.35637309440062e-06,0,0,0
0,0,0,0,0,0,0,0,0,0,0,0,4.7781733883312e-05,0,0,0,0,0,0,0,0,0,0.00483849713384602,0,0,0,0.000116952222015243,0,0,0,0.00939496851019493,0,0,0,0,0,0,0,0.00289848417458255,0,0,0,0,0,0,0,0,0,0,0,0,0,0,0,0,0,0,0,1.29265836094328e-05,0,0,0,0,0,0,0,0,0,0,0,0,0.0144176933922648,0,0,0,0,0,0,0,0,0,0.00029978022803792,4.45092861447455e-05,0,0,0,0
0,0,0,0,0,0,0,0,0,0,0,0.00641526514819783,0,0,0,0,0,0,0,0,0,0,0,0,0,0,0,0.00369055446349444,0,0,0,0,0,0,0,0,0,0.0105200675476749,0,0,0,0,0,0,0,0,0,0,0,0,0,0,0,0,0,0,0,0.0044395213054243,0,0,0,0,0,0,0,0,0,0,0,0,0.00054023968414384,0,0.048481378222337,0,0,0,0,0,0,0,0.00459708476809228,0,0.000166031736684285,0,0,0,0
0,0,0,0,0,0,0,0,0,0,0.00220731623542123,0,0,0,0,0,0,0,0,0,0,0,0,0,0,0,0,0,0.00939496851019493,0,0,0,0,0,0,0,0,0,0.00566942382492661,0,0,0,0,0,0,0,0,0,0,0,0,0,0,0,0,0,0,0,0,0,0,0,0,0,0,0,0,0,0,0,0,0.0110497128526452,0,0.0226323559023685,0,0,0,0,0,0,0,0.00084808912678491,2.54540652074054e-05,0,0,0,0
0,0,0,0,0,0,0,0,0,0,0,0,0,0,0,0,0,0,0,0,0,0,0,0,0,0,0,0,0,0,0,0,0.0148637468175141,0.00159506736903433,0,0.00112597430563553,0,0,0,0,0,0,0,0,0,0,0,0.0132654669248854,0.00087560423208578,0,0,0,0,0,0,0,0,0,0,0,0,0,0,0,0,0,0,0,0,0,0,0,0,0,0.18876507382301,0.000146401723940031,0.0113679646896528,0,0.00375008490615657,0,0,0,0.00171109181271607,0,0,0,0
0,0,0,0,0,0,0,0,0,0,0,0,0,0,0,0,0,0,0,0,0,0,0,0,0,0,0,0,0,0,0,0.0148637468175141,0,0,0.0101246315454822,0,0.00589822129190075,0,0,0,0,0,0,0,0,0,0,0.0102409813593773,4.63811007577527e-05,0,0,0,0,0,0,0,0,0,0,0,0,0,0,0,0,0,0,0,0,0,0,0,0,0,0.00860687072421587,0.224616747879082,0,0.00637136167311861,0,0.00192090045074784,0,0,0.000544298814243157,0,0,0,0
0,0,0,0,0,0,0,0,0,0,0,0,0,0,0,0,0,0,0,0,0,0,0,0,0,0,0,0,0,0,0,0.00159506736903433,0,0,0.102074357964517,0.00964156933088869,0,0.000494042660380342,8.02588448248665e-06,0,0,0,1.09006646396376e-05,0,0,0,0,0.036804252401359,0.000700807331932356,0.000203357863439037,0,0,0,0,0,0,0,0,0,0,0,0,0,0,0,0,0,0,0,0,0,0,0,0,0.00167017087857996,0,0.103763153071102,0.0128007872815547,0.000826537498351212,9.79777346944984e-06,0.00214665223978635,7.55496871152127e-06,0.000503046255803292,4.93413623962706e-05,2.96066831753801e-05,0,0
0,0,0,0,0,0,0,0,0,0,0,0,0,0,0,0,0,0,0,0,0,0,0,0,0,0,0,0,0,0,0,0,0.0101246315454822,0.102074357964517,0,0,0.00362353660936936,0,0.00369850834667302,0,0,0,0,0,0,0,0,0.0436485799404587,0.000932915442161185,4.35652726228711e-05,0,0,0,0,0,0,0,0,0,0,0,0,0,0,0,0,0,0,0,0,0,0,0,0,0,0.0057892315587437,0.0213937191438374,0.141907250682971,0,0.000872902097733847,0,0.00051936697161481,9.60260281665401e-05,0,2.98618893344762e-05,0,0
0,0,0,0.000197818753384437,0,0.000146868943220114,0,0,0,0,0,0.000924739415334992,0,0,0,0,0,0,3.33684317579256e-05,0.00835267661085838,0,0,0,0,0,0,0,0,0,0,0,0.00112597430563553,0,0.00964156933088869,0,0,0.00169871509636875,0.0147208267666138,0,8.32298822529891e-06,0,3.77537488315774e-06,0,0,0,0.000881338834599557,0,0.000208365601148924,0,0,0,3.87680224460211e-05,0,0,0,0,0,0.000349105021481455,0,0,0,8.46763929781744e-06,0.0227303313658388,0,0,0,0,0,0,0,0,0,0,0,0.0020356323943535,0,0.00444032719536154,0,0.100909182668909,0.00149346827237673,0.00410468091442197,0,0.0038162357509546,8.73806271163707e-05,0.00291827755107509,2.86943819168142e-06,0
0,0,0.000168188569793333,0,0.000143311792361354,0,0,0,2.58530046089463e-05,0,6.5211973656896e-05,0,0,0,0,0,0,0,0,0,0.0174924735030678,0,0,0,0,0,0,0,0,0,0,0,0.00589822129190075,0,0.00362353660936936,0.00169871509636875,0,0,0.0104903689274696,0,3.79160123531059e-06,0,0,0,0,0,0.000135232950616012,0.000195463650568403,0,0,0.000322143641844859,0,0,0,7.21918237890304e-05,0,0.00286804930450869,0,9.58780393624119e-05,0,0,0,0,0.00713555187888307,0,0,0,0,0,0,0,0,0,0,0,0.00902986553573857,0,0.00417017989306317,3.59193882261497e-06,0.113404289898314,0,0.00298120980699369,0.0023718632534346,0,0.00151384961828864,0,0
0,1.52924919081101e-05,0,0,0,0,0,0,0,0.00186467927084427,0,0.00299107969107966,0,0,0,0,0,0,0,0.00945860532668079,0,0.0094969405102892,0,0.0030887166093666,0,0,0,0.000137521693984626,0,0.0105200675476749,0,0,0,0.000494042660380342,0,0.0147208267666138,0,0,0.00183772374616425,0,0,2.70084323518178e-05,0,0,0,0.000117833950975133,0,0.00640576720911259,0,0.00416951903207439,0,0,0,0,0,0.00121856158397654,0,0.00555380471423224,0,0,0,0,0.00328959498645116,0,0.00266784704968027,0,0.00471675643442007,0,0,0,0.00510399936560537,0,0.00819769441695986,0,0,0,0.000600071920517981,0,0.00885241647893112,0,0.0737316818360059,0,0.000912410729010704,7.34870388371584e-05,0.00106781799674588,0,0
0,0,0,0,0,0,0,0,0.000884706419173144,0,0.00585008659131045,0,0,0,0,0,0,0,0,0,0.00113812602701289,0,0.00551337383423778,0,0.000285965510272706,0,0,0,0.00289848417458255,0,0.00566942382492661,0,0,8.02588448248665e-06,0.00369850834667302,0,0.0104903689274696,0.00183772374616425,0,0,0,0,5.20417548484933e-06,0,0,0,2.80195174225921e-05,0.0102480603450616,0.0034753659621377,1.66977823757323e-05,0,0,0,0,0.00176597556061882,0,0.00376360043662597,0,0,0,0,0,0,0.000418467630798461,0,0.00475553431298042,0,0.0016776051400565,0,0,0,0,0,0.00367145270081384,0,0,0,0.001224824224411,0,0.00910469664959308,0.000145035989959693,0.0725760441605314,0.000933275111822767,1.08561223726159e-05,0.00231746474114206,0,0
0,0,0,0.00117722614936961,0,0,0,0,0,0,0,0,0,0,0,0,0.000143839416108576,0.000361049564467739,0.0147417162795386,0,0,0,0,0,0,0,0,0,0,0,0,0,0,0,0,8.32298822529891e-06,0,0,0,0,0.000132738280751604,0.0807386399380259,0.000253476794762533,0.0388808655862596,0.000492063873474785,0.0326481965294877,0.000161376962195411,0,6.47756077983485e-05,0.0189756303748276,0,0,0,0,0,0,0,0,0,0,0,0,0.00656756478149143,0,0,0,0,0,0,0,0,0,0,0,0,0,0,0,0.00312439952136324,6.92483609375279e-06,0.000373648261957994,0,0.0005923621383606,6.95207547634794e-05,0.0637514971773556,0.0315297412921401,0.00038998044808372
0.000316434744353222,0,0.000196637200889407,0,0,0,0,0,0,0,0,0,0,0,0,0,0.000411584578869387,5.91562338694908e-05,0.00723315729092167,0,1.155454137691e-05,0,0,0,0,0,0,0,0,0,0,0,0,0,0,0,3.79160123531059e-06,0,0,0.000132738280751604,0,0.000166292122426745,0.0538677885807025,7.04665680541228e-05,0.00864905623125096,0,0.011473753595293,0,0.00228543450135489,0,1.4120320789361e-05,0,0,0,0,0,0,0,0,0,0,0,0,0.000408166840829415,0,0,0,0,0,0,0,0,0,0,0,0,0,0,8.4248087608866e-06,0.000826028085542832,0,3.67314560042601e-05,0.000261257088436612,3.80616491101068e-06,0.0240375451686313,0,0.00227745174728153
0,0.0144442193330606,0,0.00343479692927978,0,0,0,0,0,0.000580008053601437,0,0,0,0,0,0,0.000365400213248973,0.000979633820011585,0.0226086794840114,0,0,0,0,7.27311337938839e-05,0,0,0,0,0,0,0,0,0,0,0,3.77537488315774e-06,0,2.70084323518178e-05,0,0.0807386399380259,0.000166292122426745,0,0.00259213704600659,0.00682128886632698,0.000218061478445014,0.00705086319826526,0.000159123982532063,3.84054060020859e-05,1.30557803220809e-05,0.00995575502283681,0,0,0,0,0,1.96028579799233e-05,0,0,0,0,0,0,0.00764279755326284,0,0,0,0,0,0,0,0,0,0.000163607570162548,0,0,0,0,0,0.0112187189422519,7.77440058430404e-05,0.00408432828418109,0,0.00464570904033105,0.000266809651366579,0.0999665683533091,0.0962383779614119,3.65487922693978e-05
0,0,0.000347015610945647,0,0,0,0,0,0.000266010498816115,0,0,0,0,0,0,0,0.000686679582242713,0.000136527232738201,0.0135803035748723,0,0.000111511453060804,0,0,0,0,0,0,0,0,0,0,0,0,1.09006646396376e-05,0,0,0,0,5.20417548484933e-06,0.000253476794762533,0.0538677885807025,0.00259213704600659,0,0.000282244134145458,0.00698922156751264,7.12440197941757e-05,0.00990022678496247,0.00276216932353093,0.0104382652204624,0.000461676705379539,9.93649714747585e-06,0,0,0,5.74477960312049e-05,0,0.00108627491517632,0,0,0,0,0,7.55547992990647e-05,0.00299886431114645,0,0,0,3.23672870195706e-05,0,0,0,0,0,0,0,0,1.41043592280132e-05,2.37166858980178e-05,3.55271638412203e-05,0.0133274412886886,0,0.00027664046841171,0.0022494560035497,4.8443680453391e-05,0.167234058009053,3.14872911533204e-05,0.0946790036161299
0,0,0,5.89265324626997e-05,0,0,0,0,0,0,0,0,0,0,0,0,0.000322624670732598,0.000219751870680294,0.0119557964741891,0,0,0,0,0,0,0,0,0,0,0,0,0,0,0,0,0,0,0,0,0.0388808655862596,7.04665680541228e-05,0.00682128886632698,0.000282244134145458,0,0.00163497169565698,0.00759740660131955,7.35445947365096e-05,0,0,0,0,0,0,0,0,0,0,0,0,0,0,0,0.00518092084476614,0,0,0,0,0,0,0,0,0,0,0,0,0,0,0,0.00269458147571671,1.84119065907479e-05,0.000601740760800538,0,0.000249335744084581,1.18431155205114e-05,0.0214925096820196,0.00431383079082277,0
0,0,0,0,0,0,0,0,0,0,0,0,0,0,0,0,0.000506862499369967,8.93126750515687e-05,0.0128191251298202,0,4.6802813384262e-05,0,0,0,0,0,0,0,0,0,0,0,0,0,0,0,0,0,0,0.000492063873474785,0.00864905623125096,0.000218061478445014,0.00698922156751264,0.00163497169565698,0,0,0.00761961201477916,0,0.000230788408293888,0,0,0,0,0,0,0,0,0,0,0,0,0,5.0447482508096e-05,0.000768773826918659,0,0,0,0,0,0,0,0,0,0,0,0,0,0,2.30945451899934e-05,0.00266761262917638,3.71092748287704e-06,0.000251358102435946,0.000152302713724046,1.44704447139745e-06,0.0131294766769037,9.36512636339586e-05,0.00700704040651667
0,2.14132539204449e-05,0,0.000246085839505543,0,3.10342885070341e-05,0,0,0,0,0,0,0,0,0,0,5.84659254899262e-05,9.16060040120767e-05,0.0135109550393094,0,0,0,0,0,0,0,0,0,0,0,0,0,0,0,0,0.000881338834599557,0,0.000117833950975133,0,0.0326481965294877,0,0.00705086319826526,7.12440197941757e-05,0.00759740660131955,0,0,5.74249587710818e-05,0,0,0.000487213196698351,0,0,0,0,0,0,0,0.000680228278307456,0,0,0,0,0.0680640682092552,0,0,0,0,0,0,0,0,0,0.00101845596123371,0,0,0,0,0,0.0103489258626521,7.12872567344468e-06,0.00648655709137819,0,0.00117147057542853,4.05206587028155e-05,0.0875861374474914,5.01350212596007e-05,0
0.00319762831883451,0,0.000163113845909538,0,0,0,0,0,0,0,0,0,0,0,0,0,0.000781917667371507,0.000260955782508882,0.0179171098885149,0,0.000682518478684566,0,0,0,0,0,0,0,0,0,0,0,0,0,0,0,0.000135232950616012,0,2.80195174225921e-05,0.000161376962195411,0.011473753595293,0.000159123982532063,0.00990022678496247,7.35445947365096e-05,0.00761961201477916,5.74249587710818e-05,0,0,0.000175558532933089,0,0,0,0,0,0,0,0,0,0,0,0,0,0,0.0207960791731478,0,0,0,0,0,0,0,0,0,0,0,0,0,0,8.8155035087864e-06,0.0220676995635984,0,0.00567163846199919,0.000886479137103914,5.32940785707949e-05,0.0461509222703655,3.13266677108488e-05,0.00102438367947299
0,0,0.000197712033369678,0,0,0,0,0,0,0,0,0,0,0,0,0,0,0,6.8817232819306e-05,0,0,0,0,0,0,0,0,0,0,0,0,0.0132654669248854,0.0102409813593773,0.036804252401359,0.0436485799404587,0.000208365601148924,0.000195463650568403,0.00640576720911259,0.0102480603450616,0,0,3.84054060020859e-05,0.00276216932353093,0,0,0,0,0,0.131720284235596,0.0371613993624576,0,0,0,0,0,0,0,0,0,0,0,0,0,0,0,4.14045924773418e-05,0,0,0,0,0,0,0,0,0.0018204831407458,0.0879765863862256,0.0409767986946316,0.0366040975517208,0.0251159155955611,0.013915432202702,0.0151143069271011,0.0197151751176194,0.00414145287349291,1.72236518579304e-06,0.00747322351718862,0,0
0.0319990279367581,0,0.00701103541087439,0,0,0,0,0,7.91228924708551e-05,0,0,0,0,0,0,0,2.60174299482942e-06,0,7.38665566650859e-05,0,0,0,6.55503155580989e-05,0,0.000119230145219489,0,0,0,0,0,0,0.00087560423208578,4.63811007577527e-05,0.000700807331932356,0.000932915442161185,0,0,0,0.0034753659621377,6.47756077983485e-05,0.00228543450135489,1.30557803220809e-05,0.0104382652204624,0,0.000230788408293888,0,0.000175558532933089,0.131720284235596,0,0.00352741331637573,0,0,0,0,0.00212981291289923,0,0.00477336582915854,0,0,0,0.00314830327422015,0,0,2.39974045253076e-05,0,0.00217538713178432,0,0.00909950836491835,0,0.00474724866739254,0,0.00413343405928614,0,0.00235793862153379,0,0.00399480871208826,0.000454964972497836,0.00384811720710431,1.08575688498574e-06,0.00591248227199879,4.12774082546495e-05,0.0147200295577618,0.000912206088157964,1.40030428055673e-06,0.0428493182945347,0,0.000461365861894079
0,0.0414652212771676,0,0.0139933121700095,0,0.000152537276982834,0,0,0,0.00395629526624702,0,0,0,0,0,0.000631867280302499,0,0,9.58432925782703e-05,0,0,6.6286807127458e-05,0,7.81838264437612e-05,0,0,0,0,0,0,0,0,0,0.000203357863439037,4.35652726228711e-05,0,0,0.00416951903207439,1.66977823757323e-05,0.0189756303748276,0,0.00995575502283681,0.000461676705379539,0,0,0.000487213196698351,0,0.0371613993624576,0.00352741331637573,0,0,0,0,0,0,0.000972828077018741,0,0.000572458909378856,0,0.00144561731406429,0,0.00156572989449296,1.50392847914908e-05,0,0.00568379532710521,0,0.00242294242265333,0,0,0,0.000466784809545094,0,0.00381567554368505,0,0,0,0.000236521186391216,0.000424315933534619,0.00260431151856408,8.55051231157285e-05,0.00330559347823332,4.95545374132548e-05,0.00176918609571377,1.94433260533237e-05,0.0228054595986861,0.00161501102765586,0
0,0,0.00371378741285276,0,0.0731101282781127,0,0,0,0.0166247412136168,0,0,0,0,0,0.00161118531596676,0,0,0,0,0,0.00161438130997168,0,0,0,0,0,0,0,0,0,0,0,0,0,0,0,0.000322143641844859,0,0,0,1.4120320789361e-05,0,9.93649714747585e-06,0,0,0,0,0,0,0,0,0,0.0223463199130969,0,0.00129981200778811,0,0.00365283894931521,0,0,0,0.0307775756652638,0,0,0.000456868900796542,0,0,0,0,0,0,0,0,0,0,0,0,0,0,0,7.74541992002903e-05,0,0,0.000229869857792859,0,0.0152312424338112,0,0
0,0,0,0.0187352390586448,0,0.0151255969237137,0,0,0,0,0,0,0,0,0,0,0,0,0,0.000741495637565801,0,0,0,0,0,0,0,0,0,0,0,0,0,0,0,3.87680224460211e-05,0,0,0,0,0,0,0,0,0,0,0,0,0,0,0,0,0,0,0,0,0,0.00280389651542496,0,0,0,0,0.000348904176025811,0,0,0,0,0,0,0,0,0,0,0,0,0,0,0,9.48255743334342e-05,0,0,0,1.94062748677469e-05,0,0.00210598333451145,0,0
0,0,0,0,0.00428142500720338,0,0.0635603560654698,0,0,0,0,0,0,0,0,0,0,0,0,0,0.000253914526678917,0,0,0,0,0,0,0,0,0,0,0,0,0,0,0,0,0,0,0,0,0,0,0,0,0,0,0,0,0,0.0223463199130969,0,0,0,0,0,0.00387877926216438,0,0,0,0,0,0,0,0,0,0,0,0,0,0,0,0,0,0,0,0,0,0,0,0,0,0.000241507987115662,0,0,0,0
0,0,0,0,0,0,0,0.00913531124685515,0,0,0,0,0,0,0,0,0,0,0,0,0,0,0,0,0,0,0,0,0,0,0,0,0,0,0,0,0,0,0,0,0,0,0,0,0,0,0,0,0,0,0,0,0,0,0,0,0,0.0109005873546443,0,0,0,0,0,0,0,0,0,0,0,0,0,0,0,0,0,0,0,0,0,0,0,0,0,0,0,0,0
0.0466602543492211,0,0.0869456853987475,0,0.000438958806694679,0,0,0,0.203390771689912,0,0,0,0,0,0.000745672599016152,0,0,0,0,0,5.20398887086796e-05,0,0,0,0.0103680246772514,0,0,0,0,0,0,0,0,0,0,0,7.21918237890304e-05,0,0.00176597556061882,0,0,0,5.74477960312049e-05,0,0,0,0,0,0.00212981291289923,0,0.00129981200778811,0,0,0,0,0,0,0,0,0,0.0725792659438644,0,0,0,0,0,0,0.0154952697232571,0,0,0,0,0,0,0,0,0,0,0,0,0,0.00327200576050257,0.000200614663662723,0,0.00460818420158092,0,0.000510921794730671
0,0.0862430417602825,0,0.116480526626348,0,0.000173910740021942,0,0,0,0.101140465374465,0,0,0,0,0,0,0,0,0,0,0,0,0,0.00855822782085737,0,0,0,0,0,0,0,0,0,0,0,0,0,0.00121856158397654,0,0,0,1.96028579799233e-05,0,0,0,0,0,0,0,0.000972828077018741,0,0,0,0,0,0,0,0,0,0,0,0.0406509511290317,0,0,0,0,0.0563281523240275,0,0,0,0,0,0,0,0,0,0,0,0,0,0.00663528064361629,0,2.36201992302916e-05,0,0.0017311654435777,0,0
0,0,0,0,0,0,0.00105920319328413,0,0,0,0.0804459921829438,0,0,0,0,0,0,0,0,0,0,0,0,0,0,0,0,0,0,0,0,0,0,0,0,0,0.00286804930450869,0,0.00376360043662597,0,0,0,0.00108627491517632,0,0,0,0,0,0.00477336582915854,0,0.00365283894931521,0,0.00387877926216438,0,0,0,0,0,0.00882960277067786,0,0.00283216081265486,0,0,0,0,0,0,0,0,0.00320423739090134,0,0.0127918416366168,0,0.0288324869922397,0,0,0,0,0,1.68948960818698e-05,0,1.17098019536232e-05,0.00144891918855162,0,0.00511456714431459,0,0.000832976753221516
0,0,0,0.00270440442495635,0,0.00107066980693011,0,0,0,0,0,0.104632676131508,0,9.34904652666914e-05,0,0,0,0,0,0.000357370253209014,0,0,0,0,0,0,0,0,0,0.0044395213054243,0,0,0,0,0,0.000349105021481455,0,0.00555380471423224,0,0,0,0,0,0,0,0.000680228278307456,0,0,0,0.000572458909378856,0,0.00280389651542496,0,0.0109005873546443,0,0,0,0,0,0.00113065787921486,0,0,0.0208983496174133,0,0,0,0,0,0,0,0.00199983540759487,0,0.0378877805475961,0,0,0,0,0,0.000471838780655583,0,0.000887885599188323,0,0.000316599063063043,0,0.0202085626871744,0,0
0,0,0.000370279545876819,0,0,0,0,0,0,0,0.000991300938188583,0,0.0128645525990982,0,0.00180228007274771,0,0,0,0,0,0,0,0,0,0,0,0,0,1.29265836094328e-05,0,0,0,0,0,0,0,9.58780393624119e-05,0,0,0,0,0,0,0,0,0,0,0,0,0,0,0,0,0,0,0,0.00882960277067786,0,0,0,0.0170443079385649,0,0,1.68776184062054e-05,0,0,0,0,0,0.0102182440216955,0,0.0102135863894756,0,0,0,0,0,0,0,6.81410854593283e-06,0,0,2.96085215687888e-05,0,0.000546307462306368,0,0
0,0,0,0.00512007468995729,0,0,0,0,0,0,0,0.00528668390530638,0,0.00473173666321498,0,0.00189312110715196,0,0,0,2.66546261792108e-05,0,3.70346949810055e-06,0,0,0,1.8716116753862e-05,0,4.50988809461705e-05,0,0,0,0,0,0,0,0,0,0,0,0,0,0,0,0,0,0,0,0,0,0.00144561731406429,0,0,0,0,0,0,0,0.00113065787921486,0,0,0,0.0287285387256816,0,0,0,0,0,0,0.0138230570656916,0,0.00869929019879552,0,0,0,0,0,0,0,0,0,0,0,6.98173722884097e-06,0,9.42144668244535e-05,0,0
0.0031248091753123,0,0.000142809115660281,0,0.00317606932207427,0,0,0,0.0147994953141501,0,0,0,0.00222339015673947,0,0.0257748626548914,0,0,0,0,0,0,0,0,0,0,0,0,0,0,0,0,0,0,0,0,0,0,0,0,0,0,0,0,0,0,0,0,0,0.00314830327422015,0,0.0307775756652638,0,0,0,0.0725792659438644,0,0.00283216081265486,0,0.0170443079385649,0,0,0,0,0,0,0,0,0,0,0.0122121282543208,0,0.000326874606244833,0,0,0,0,0,0,0,0,0,0,0,0,0.000416743134143335,0,0
0,0.00524504509844068,0,0.0169705848003092,0,0,0,0,0,0.00593771743237613,0,0,0,0.00637133179822314,0,0.0275377991636646,0,0,0,0,0,0,0,0,0,7.11008717163269e-05,0,0.00109716381155585,0,0,0,0,0,0,0,8.46763929781744e-06,0,0,0,0,0,0,0,0,0,0,0,0,0,0.00156572989449296,0,0,0,0,0,0.0406509511290317,0,0,0,0.0287285387256816,0,0,3.40478292723909e-05,0,0,0,0,0,0.0396000233066358,0,0.00101880049305408,0,0,0,0,0,0,0,0,0,0,0,7.18088474867661e-05,0,0.000127784114564925,0,0
0,0,0,0.000373842191313928,0,0.000590315559434295,0,0,0,0,0,0,0,0,0,0,4.81888365846249e-05,0.000106053609335946,0.00706447339479488,0.0607971778046117,0,0,0,0,0,0,0,0,0,0,0,0,0,0,0,0.0227303313658388,0,0.00328959498645116,0,0.00656756478149143,0,0.00764279755326284,7.55547992990647e-05,0.00518092084476614,5.0447482508096e-05,0.0680640682092552,0,0,0,1.50392847914908e-05,0,0.000348904176025811,0,0,0,0,0,0.0208983496174133,0,0,0,3.40478292723909e-05,0,0,0,0,0,0,0,0,0,0,0.00295482768600803,0,0,0,0,0,0.0186857098214833,7.73154462988034e-06,0.00490726858352041,0,0.00105157669975097,0,0.0393830731319967,0.000195859729285832,1.84246358032058e-05
0.000265809332015675,0,0,0,0,0,0,0,2.41082300286061e-05,0,0.00185645300976733,0,0,0,0,0,1.47153550373368e-05,0,0.000746407325016608,0,0.0205079529403891,0,0,0,0,0,0,0,0,0,0,0,0,0,0,0,0.00713555187888307,0,0.000418467630798461,0,0.000408166840829415,0,0.00299886431114645,0,0.000768773826918659,0,0.0207960791731478,0,2.39974045253076e-05,0,0.000456868900796542,0,0,0,0,0,0,0,1.68776184062054e-05,0,0,0,0,0,0,0,0,0,0,0,0,0,0,0,0,0,0,0,0,0.0199807473817223,0,0.00498484540154216,0.000223097693645261,0,0.0258721965446798,0,0.000180630743408762
0,0,0,0,0,0,0,0,0,0,0,0,0,0,0,0,0,0,0,0,0,0.034570551426901,0,0.00065116335367476,0,3.72234337222513e-05,0,0,0,0,0,0,0,0,0,0,0,0.00266784704968027,0,0,0,0,0,0,0,0,0,0,0,0.00568379532710521,0,0,0,0,0,0,0,0,0,0,0,0,0,0,0,0,0.00662758625930852,0,0.0232974389221683,0,0.0100976102931582,0,0,0,0,0,0,0,0,0,0.00183618274034465,0,0.000422403137338114,0,0,0,0
0,0,0,0,0,0,0,0,0,0,0,0,0,0,0,0,0,0,0,0,0,0,0.038210914563221,0,0.00219264836363455,0,0.00207725469817683,0,0,0,0,0,0,0,0,0,0,0,0.00475553431298042,0,0,0,0,0,0,0,0,4.14045924773418e-05,0.00217538713178432,0,0,0,0,0,0,0,0,0,0,0,0,0,0,0,0,0,0,0.00416276890925577,0,0.0141297698675461,0,0.0124690213183557,0,0,0,0,0,0,0,0,0,0.0113139535096288,4.51720143246348e-06,0,0,0,0
0,0.000850587430616169,0,0,0,0,0,0,0,0.00336508911919108,0,0,0,0,0,0,0,0,0,0,0,0.00284468663614071,0,0.0500907032655555,0,4.26877774925404e-05,0,0,0,0,0,0,0,0,0,0,0,0.00471675643442007,0,0,0,0,0,0,0,0,0,0,0,0.00242294242265333,0,0,0,0,0,0.0563281523240275,0,0,0,0,0,0,0,0,0.00662758625930852,0,0,0,0.00620355504832404,0,8.26129797846156e-05,0,0,0,0,0,0,0,0,0,0.00617510966426419,0,2.19928712640938e-05,0,0.00243025850982858,0,0
0,0,0,0,0,0,0,0,0.00194725134700454,0,0,0,0,0,0,0,0,0,0,0,0,0,5.0422512716788e-05,0,0.034604842032589,0,0,0,0,0,0,0,0,0,0,0,0,0,0.0016776051400565,0,0,0,3.23672870195706e-05,0,0,0,0,0,0.00909950836491835,0,0,0,0,0,0.0154952697232571,0,0,0,0,0,0,0,0,0,0,0.00416276890925577,0,0,0,0.026350731824291,0,0,0,0,0,0,0,0,0,0,0,0.0115345451090029,1.44907198872774e-06,0,0.00520329285714732,0,0
0,0,0,0,0,0,0,0,0,0.0049316328650699,0,0,0,0.000141230831122172,0,0.000409484562378731,0,0.00105379536722804,0,0,0,0.00351714899457624,0,0.0290825359323085,0,0.0351097610813237,0,0.0144551817360982,0,0,0,0,0,0,0,0,0,0,0,0,0,0,0,0,0,0,0,0,0,0,0,0,0,0,0,0,0,0,0,0.0138230570656916,0,0.0396000233066358,0,0,0.0232974389221683,0,0.00620355504832404,0,0,0,0.021751346302436,0,0,0,0,0,0,0,0,0,0,0,0.000330451203714258,0,0,0,0
0,0,0,0,0,0,0,0,0,0,0,0,4.3964464648339e-05,0,0,0,0,0,0,0,0,0,0.00782985729102275,0,0.0319973687446803,0,0.00456345613557908,0,0,0,0,0,0,0,0,0,0,0,0,0,0,0,0,0,0,0,0,0,0.00474724866739254,0,0,0,0,0,0,0,0.00320423739090134,0,0.0102182440216955,0,0.0122121282543208,0,0,0,0,0.0141297698675461,0,0.026350731824291,0,0,0,0.0296336227047791,0,0,0,0,0,0,0,0,0,4.35783192543975e-06,0.000258684901192157,0,0.000561498469280747,0,0
0,0,0,0,0,0,0,0,0,0,0,0,0,0,0,0,0,0,0,0,0,0.000122991852604002,0,0,0,0,0,0.0231561298640789,0,0.00054023968414384,0,0,0,0,0,0,0,0.00510399936560537,0,0,0,0,0,0,0,0,0,0,0,0.000466784809545094,0,0,0,0,0,0,0,0.00199983540759487,0,0.00869929019879552,0,0.00101880049305408,0,0,0.0100976102931582,0,8.26129797846156e-05,0,0.021751346302436,0,0,0,0,0,0,0,0,0,0,0,0,0,0,0,0,0,0
0,0,0,0,0,0,0,0,0,0,0,0,0,0,0.000143890065373853,0,0,0,0,0,0,0,0.000351327842442394,0,0,0,0.000220798936562893,0,0.0144176933922648,0,0.0110497128526452,0,0,0,0,0,0,0,0,0,0,0,0,0,0,0,0,0,0.00413343405928614,0,0,0,0,0,0,0,0.0127918416366168,0,0.0102135863894756,0,0.000326874606244833,0,0,0,0,0.0124690213183557,0,0,0,0.0296336227047791,0,0,0,0.00252463380116502,0,0,0,0,0,0,0,0.00240645842908404,0.000101244749913694,0,0.0169107965129735,0,0
0,0.000126084648524758,0,0,0,0,0,0,0,0,0,0.000542205260075552,0,0,0,0,0,0,0,0,0,0,0,0,0,0,0,0.00115477208463286,0,0.048481378222337,0,0,0,0,0,0,0,0.00819769441695986,0,0,0,0.000163607570162548,0,0,0,0.00101845596123371,0,0,0,0.00381567554368505,0,0,0,0,0,0,0,0.0378877805475961,0,0,0,0,0.00295482768600803,0,0,0,0,0,0,0,0,0,0,0,0,0,0,0,0,0,0.0144759735049491,0,1.63077250854651e-05,0,0.0222116005979253,0,0
0,0,0,0,0,0,0,0,0,0,0.00112602879448965,0,0,0,0,0,0,0,0,0,0,0,0,0,0,0,0,0,0,0,0.0226323559023685,0,0,0,0,0,0,0,0.00367145270081384,0,0,0,0,0,0,0,0,0,0.00235793862153379,0,0,0,0,0,0,0,0.0288324869922397,0,0,0,0,0,0,0,0,0,0,0,0,0,0,0.00252463380116502,0,0,0,0,0,0,0,0,0,0.00313084546224497,1.88436483294094e-05,0,0.0310449200658931,0,0
0,0,0,0,0,0,0,0,0,0,0,0,0,0,0,0,0,0,0,0,0,0,0,0,0,0,0,0,0,0,0,0.18876507382301,0.00860687072421587,0.00167017087857996,0,0.0020356323943535,0,0,0,0,0,0,0,0,0,0,0,0.0018204831407458,0,0,0,0,0,0,0,0,0,0,0,0,0,0,0,0,0,0,0,0,0,0,0,0,0,0,0,0,0.0226609480225556,0,0.00130661748273896,0,0,0,0.000518609620478971,0,0,0,0
0,0,0,0,0,0,0,0,0,0,0,0,0,0,0,0,0,0,0,0,0,0,0,0,0,0,0,0,0,0,0,0.000146401723940031,0.224616747879082,0,0.0057892315587437,0,0.00902986553573857,0,0,0,0,0,0,0,0,0,0,0.0879765863862256,0.00399480871208826,0,0,0,0,0,0,0,0,0,0,0,0,0,0,0,0,0,0,0,0,0,0,0,0,0,0,0,0,0.0522485989170745,0,0.00390301182667387,0,0,0.000295351922812999,0,0,0,0
0,0,0,0,0,0,0,0,0,0,0,0,0,0,0,0,0,0,0,0,0,0,0,0,0,0,0,0,0,0,0,0.0113679646896528,0,0.103763153071102,0.0213937191438374,0.00444032719536154,0,0.000600071920517981,0,0,0,0,1.41043592280132e-05,0,0,0,0,0.0409767986946316,0.000454964972497836,0.000236521186391216,0,0,0,0,0,0,0,0,0,0,0,0,0,0,0,0,0,0,0,0,0,0,0,0,0.0226609480225556,0,0,6.09508660939437e-05,0.00329443266880543,2.35467224677549e-05,0.00738312757462967,0,0.000322437445866136,0,2.96418308457793e-05,0,0
0,0,0,0,0,0,0,0,0,0,0,0,0,0,0,0,0,0,0,0,0,0,0,0,0,0,0,0,0,0,0,0,0.00637136167311861,0.0128007872815547,0.141907250682971,0,0.00417017989306317,0,0.001224824224411,0,0,0,2.37166858980178e-05,0,0,0,0,0.0366040975517208,0.00384811720710431,0.000424315933534619,0,0,0,0,0,0,0,0,0,0,0,0,0,0,0,0,0,0,0,0,0,0,0,0,0,0.0522485989170745,6.09508660939437e-05,0,0,0.000146008742808548,0,0.00591069052370247,0.000124687923167218,0,5.75323955299876e-05,0,0
0,0,0,7.94702058558828e-05,0,0.000105304615213207,0,0,0,0,0,9.73329567907494e-05,0,0,0,0,2.95734718799179e-05,0.000130932305121938,0.00341279371928919,0.00170550533057984,0,0,0,0,0,0,0,0,0,0,0,0.00375008490615657,0,0.000826537498351212,0,0.100909182668909,3.59193882261497e-06,0.00885241647893112,0,0.00312439952136324,8.4248087608866e-06,0.0112187189422519,3.55271638412203e-05,0.00269458147571671,2.30945451899934e-05,0.0103489258626521,8.8155035087864e-06,0.0251159155955611,1.08575688498574e-06,0.00260431151856408,0,9.48255743334342e-05,0,0,0,0,0,0.000471838780655583,0,0,0,0,0.0186857098214833,0,0,0,0,0,0,0,0,0,0,0,0.00130661748273896,0,0.00329443266880543,0,0,3.00170440550942e-05,0.0174023485996955,7.30658066265232e-07,0.00316723659606373,9.10736698842105e-05,0.0156677051924771,0.000750441830184992,1.76575609157522e-06
0.0005184545463941,0,3.26388521263777e-05,0,3.08590658476137e-05,0,0,0,0,0,0,0,0,0,0,0,0.000483940027260721,6.31454160049239e-05,0.00893726288344884,0,0.00493925720825188,0,0,0,0,0,0,0,0,0,0,0,0.00192090045074784,9.79777346944984e-06,0.000872902097733847,0.00149346827237673,0.113404289898314,0,0.00910469664959308,6.92483609375279e-06,0.000826028085542832,7.77440058430404e-05,0.0133274412886886,1.84119065907479e-05,0.00266761262917638,7.12872567344468e-06,0.0220676995635984,0.013915432202702,0.00591248227199879,8.55051231157285e-05,7.74541992002903e-05,0,0,0,0,0,1.68948960818698e-05,0,6.81410854593283e-06,0,0,0,7.73154462988034e-06,0.0199807473817223,0,0,0,0,0,0,0,0,0,0,0,0.00390301182667387,2.35467224677549e-05,0.000146008742808548,3.00170440550942e-05,0,0,0.016104042826619,0.00506648863219262,4.54553982549211e-05,0.0197176448366238,5.82415273886298e-06,0.000393424526851846
0,0,0,3.33464980018768e-05,0,0,0,0,0,0.00157678850704102,0,0.00011696439648687,0,0,0,0,6.76585754974757e-06,1.24109241988132e-05,0.000574880326768057,0.000155476577444011,0,0.000700303892210669,0,0.00100167149026473,0,0,0,0,0,0.00459708476809228,0,0,0,0.00214665223978635,0,0.00410468091442197,0,0.0737316818360059,0.000145035989959693,0.000373648261957994,0,0.00408432828418109,0,0.000601740760800538,3.71092748287704e-06,0.00648655709137819,0,0.0151143069271011,4.12774082546495e-05,0.00330559347823332,0,0,0,0,0,0.00663528064361629,0,0.000887885599188323,0,0,0,0,0.00490726858352041,0,0.00183618274034465,0,0.00617510966426419,0,0,0,0,0,0.0144759735049491,0,0,0,0.00738312757462967,0,0.0174023485996955,0,0,1.08403770223271e-05,0.00124880184362451,3.95293436887552e-05,0.0119421236220813,0.00534414453873712,0
0,0,1.48342239635248e-05,0,0,0,0,0,0.00048826505091362,0,0.000562188008942045,0,0,0,0,0,1.5474212464232e-05,3.20338316857718e-06,0.000178293304443715,0,0.00116285723701754,0,0.00143061213138723,0,0.000585289064669395,0,0,0,0.00029978022803792,0,0.00084808912678491,0,0,7.55496871152127e-06,0.00051936697161481,0,0.00298120980699369,0,0.0725760441605314,0,3.67314560042601e-05,0,0.00027664046841171,0,0.000251358102435946,0,0.00567163846199919,0.0197151751176194,0.0147200295577618,4.95545374132548e-05,0,0,0,0,0.00327200576050257,0,1.17098019536232e-05,0,0,0,0,0,0,0.00498484540154216,0,0.0113139535096288,0,0.0115345451090029,0,4.35783192543975e-06,0,0.00240645842908404,0,0.00313084546224497,0,0,0,0.00591069052370247,7.30658066265232e-07,0.016104042826619,1.08403770223271e-05,0,0.000840808389680973,2.49961101251585e-05,0.00499298178222969,0,0.000107933891631631
