0,0,50.9958337545395,0,0.209584876894951,0,0,0,18.3014918118715,0,0,0,0,0,2.04180130362511,0,0,0,0,0,0,0,0,0,0,0,0,0,0,0,0,0,0,0,0,0,0,0,0,0,0,0,70.9475101456046,0,1.26081776618958,0,0,2.71510291099548,247.764546431601,0,0.178711295127869,0,0,0,0,0,3.32952812314034,0,7.35507678985596,0,13.7702618986368,0,0,0,0,0,0,0,0,0,0,0,0,2.80877530574799,0,0,0,0,0,0,0,0.869348600506783,74.6295802146196,0,171.967288464308,0,0
0,0,0,75.575336098671,0,0,0,0,0,95.1913704127073,0,0,0,0,0,9.85491083562374,0,0,0,0.270305961370468,0,0,0,0,0,0,0,0,0,0.22236941754818,0,0,0,0,0,0,0,0,0,0,0,60.4037590771914,0,0,0,3.49931360781193,0,0,0,47.9718322604895,0,0,0,0,0,382.356023594737,0,16.1095147877932,0,22.4272151440382,0,38.042192235589,0,0,0,0,0,0,0,0,0,0,4.24207329750061,0,0,0,0,0,0,0,0,0,38.9309547692537,0,109.526322461665,0,0
50.9958337545395,0,0,0,62.6514983177185,0,0,0,10.1282014399767,0,0,0,0,0,0,0,0,0,0,0,0,0,0,0,0,0,0,0,0,0,0,0,0,0,0,0,0,0,0,0,0,0,0,0,0,0,0,0,61.9549672007561,0,0,0,0,0,155.52419270575,0,2.65486541390419,0,4.04145587980747,0,80.8900815695524,0,0,0,0,0,0,0,0,0,0,0,0,1.90386199951172,0,0,0,0,0,0,0,0,3.06227570772171,0,141.048346176744,0,0
0,75.575336098671,0,0,0,36.2476428747177,0,0,0,10.2060136198997,0,0,0,0,0,0,0,0,0,0,0,0,0,0,0,0,0,0,0,0,0,0,0,0,0,0,0,0.565178036689758,0,0,0,18.6822072267532,0,0,0,0,0,0,0,10.0219362527132,0,79.9890724718571,0,0,0,291.15297794342,0,4.65323132276535,0,1.46701994538307,0,3.94441598653793,0,0,0,0,0,0,0,0,0,0,0,0,0,0,0,0,0,0,0,0,56.3586803376675,0,429.457519456744,1.80366194248199,0
0.209584876894951,0,62.6514983177185,0,0,0,23.45554292202,0,3.7985155582428,0,0,0,3.54667460918427,0,21.8667432665825,0,0,0,0,0,0,0,0,0,0,0,0,0,0,0,0,0,0,0,0,0,0,0,0,0,0,0,0,0,0,0,0,0,0.266276776790619,0,278.415131285787,0,0,0,199.117884099483,0,4.35405032336712,0,398.71053622663,0,15.2315210551023,0,0,2.26901195943356,0,0,0,0,0,0,0,0,0,0,0,0,0,0,0,0,0,0,200.773754477501,23.3023428916931,2.15625904500484,0,0
0,0,0,36.2476428747177,0,0,0,102.390757590532,0,0,0,0,0,0,0,0,0,0,0,9.65593534708023,0,0,0,0,0,0,0,0,0,0,0,0,0,0,0,7.00646829605103,0,0,0,0,0,0,0,0,0,0,0,0,0,0,0,333.957017987967,0,25.367989897728,0,0,0,29.3378865271807,0,0,0,0,1.22446721792221,0,0,0,0,0,0,0,0,0,0,0,0,0,0,0,48.5032839775085,0,0,0,314.354638814926,0,43.3712719976902,0,0
0,0,0,0,23.45554292202,0,0,0,0,0,0,0,14.7173753380775,0,0,0,0,0,0,0,0,0,0,0,0,0,0,0,0,0,0,0,0,0,0,0,89.2694861292839,0,0,0,0,0,0,0,0,0,0,0,0,0,0,0,161.337688028812,0,0,0,28.0488309860229,0,99.0568239092827,0,0,0,0,0,0,0,0,0,0,0,0,0,0,0,0,0,0,0,0,0,0,0,73.3003326654434,21.7536110877991,0,0,0
0,0,0,0,0,102.390757590532,0,0,0,0,0,0,0,0,0,0,0,0,0,0,0,0,0,0,0,0,0,0,0,0,0,0,0,0,0,0,0,0,0,0,0,0,0,0,0,0,0,0,0,0,0,1.38931423425674,0,108.465680956841,0,0,0,141.345760822296,0,0,0,0,6.21303841471672,0,0,0,0,0,0,0,0,0,0,0,0,0,0,0,0,0,0,0,6.59736543893814,0,0,0,0
18.3014918118715,0,10.1282014399767,0,3.7985155582428,0,0,0,0,0,0,0,0,0,62.1393113285303,0,54.4308647811413,0,14.2477825284004,0,0,0,3.46234692633152,0,30.0716415196657,0,0,0,0,0,0,0,0,0,0,0,0,4.87707275152206,83.5619763061404,0,0,9.02997145056725,25.1532527655363,0,0,0,0,0,0.656843543052673,0,0,0,0,0,186.957478314638,0,0.885102272033691,0,9.07939994335175,0,12.0838497281075,0,0,0,0,0,0,83.2384207546711,0,0.76396906375885,0,0,0,0.523088946938515,0,0,0,0,0,0,0,71.2676920741796,266.968936428428,76.8890693187714,36.9529679715633,0,4.67746666073799
0,95.1913704127073,0,10.2060136198997,0,0,0,0,0,0,0,0,0,0,0,69.6704032719135,0,0.833975195884705,0.56746181845665,0,0,0,0,5.85659766197205,0,0,0,0,0,0,0,0,0,0,0,0,0,40.1230370849371,2.26854446530342,0,0,28.5804444253445,2.37900933623314,0,0,0,0,0,0,2.234191223979,0,0,0,0,0,354.953603468835,0,1.69229604303837,0,0,0,28.6591126471758,0.444947957992554,0,0,0,8.19114984571934,0,0,0,0,0,0,0,0,0,0,0,0,0,66.974648937583,0,84.0408706963062,43.66762162745,40.2646431475878,0.462181776762009,0
0,0,0,0,0,0,0,0,0,0,0,0,34.258450627327,0,0,0,0,0,0,0,131.220995664597,0,0,0,0,0,0,0,5.2143611907959,0,1.12224407494068,0,0,0,0,0,39.1292919516563,0,384.032988421619,0,0,0,0,0,0,0,0,0,0,0,0,0,0.797979608178139,0,0,0,1672.2796240449,0,53.566516160965,0,0,0,0,11.1434278488159,0,0,0,0,0,0,0,0.724122047424316,0,54.2733841836452,0,0,0,0,0,12.6074851006269,0,12.1683642566204,116.544318795204,7.78560921549797,0,0,0
0,0,0,0,0,0,0,0,0,0,0,0,0,110.839082837105,0,0,0,1.30655379593372,1.41806757450104,595.283986538649,0,0,0,0,0,0,0,0,0,47.7391659319401,0,0,0,0,0,164.970947027206,0,515.618748098612,0,0,0,0,0,0,0,11.8798995912075,0,0,0,0,0,0,0,11.0706020593643,0,0,0,2579.85941597819,0,108.124116659164,0,0,348.388949766755,0,0,0,0,0,0,0,0,0,136.699075318873,0,0,0,0,0,0,0,8.65227043628693,0,138.375602066517,88.7222867012024,10.9633817821741,0,0
0,0,0,0,3.54667460918427,0,14.7173753380775,0,0,0,34.258450627327,0,0,0,4.81193940341473,0,0,0,0,0,0,0,0,0,0,0,0,0,0,0,0,0,0,0,0,0,0,0,0,0,0,0,0,0,0,0,0,0,0,0,0,0,0,0,0,0,12.2822803258896,0,241.306388810277,0,9.4380701482296,0,0,0,0,0,0,0,0,0,0,0,0,0,0,0,0,0,0,0,0,0,341.398071318865,664.55723875761,0,0,0
0,0,0,0,0,0,0,0,0,0,0,110.839082837105,0,0,0,15.9019055366516,0,0,0,0,0,0,0,0,0,0,0,4.33099317550659,0,0,0,0,0,0,0,0,0,0,0,0,0,0,0,0,0,0,0,0,0,0,0,0,0,0,0,0,0,1,0,70.3518495261669,0,0,0,0,0,0,0,0,0,0,0,0,0,0,0,0,0,0,0,0,0,0,78.4207571744919,43.1757698059082,0,0,0
2.04180130362511,0,0,0,21.8667432665825,0,0,0,62.1393113285303,0,0,0,4.81193940341473,0,0,0,0,0,0,0,0,0,0,0,0,0,0,0,0,0,0,0,0,0,0,0,0,0,0,0,0,0,2.31833682954311,0,0,0,0,0,6.39573764801025,0,21.7866073697805,0,0,0,58.4967506974936,0,0,0,7.30560502409935,0,90.5161411464214,0,0,0,0,0,0,0,0,0,0,0,0,0,0,0,0,0,0,0,0,0,59.0367084741592,56.7692637443542,8.3083932697773,0,0
0,9.85491083562374,0,0,0,0,0,0,0,69.6704032719135,0,0,0,15.9019055366516,0,0,0.364846467971802,0.948428273200989,0.676116690039635,0,0,0,0,0.82854962348938,0,0,0,0,0,0,0,0,0,0,0,0,0,1.41159501671791,0,0,0,7.08299387991428,0,0,0,0,0,0,0,3.56976892054081,0,0,0,0,0,57.587851062417,0,0,0,0,0,19.9683437347412,0,0,0,0,1.08686703443527,0,0,0,0,0,0,0,0,0,0,0,0,0,2.57621210813522,0,5.29382848739624,0,3.03788191080093,0,0
0,0,0,0,0,0,0,0,54.4308647811413,0,0,0,0,0,0,0.364846467971802,0,13166.0490285978,4539.61498247087,0.989275872707367,0,2.96493765711784,86.7794373035431,0,0,0,41.9145354032516,0,0,0.881614446640015,0,0,0,0,0,0,0,0,0,0,0,27.423901244998,350.302357912064,4.53364700078964,19.5693473666906,31.7612922489643,100.577061325312,0,32.2340708449483,0,0,0,0,0,0,0,0,2.0231036990881,0,0,0,0,0.262542873620987,0,0,1,0,0,0,0,0,0,12.9348069429398,57.9576088935137,0,0,0,0,0,0,0.480848759412766,113.946895316243,11241.444287248,5715.69276401401,522.806391842663,3.89995270967484,102.847177132964
0,0,0,0,0,0,0,0,0,0.833975195884705,0,1.30655379593372,0,0,0,0.948428273200989,13166.0490285978,0,4529.61156251281,2.58194679021835,0,51.3966188430786,0,249.064751595259,0,60.2978885471821,0,48.513665497303,0,0.150665372610092,0,0,0,0,0,0,0,0,0,0,0,217.400092981756,59.2190323919058,17.8652025014162,4.78061147034168,115.224707409739,11.5541880056262,0,1.53462147712708,0,0,0,0,0,0,21.6884260177612,0,10.992222905159,0,0,0,0,16.9671272188425,0,0,0,0,0,0,0,0,0,59.8885274678469,4.72716614603996,0,0,0,0,0,0,9.06693263351917,2.03019088506699,8887.83580568433,6747.2205555439,664.978707224131,65.492567948997,11.6908957213163
0,0,0,0,0,0,0,0,14.2477825284004,0.56746181845665,0,1.41806757450104,0,0,0,0.676116690039635,4539.61498247087,4529.61156251281,0,6.21098230779171,0,0,4.95125703513622,10.9026321321726,4.90315960347652,0.749037966132164,0,0,0,1.50348979234695,0,0,0,0,0,0,0,1.49544125795364,2.83969861268997,0,0,655.623373180628,1584.80414182693,79.0595192909241,352.738817930222,497.582924112678,403.274644970894,0,113.900064170361,0.265719652175903,0,0,0,0,7.69676899909973,5.48335544019938,16.2634332180023,31.7662045806646,3.99204567074776,0,0,0.281364992260933,38.6383415460587,3.1735226213932,1.14872270822525,0.556129068136215,4.53403089940548,2.43090060353279,5.2772146910429,0,0.455364167690277,3.71623814105988,120.759149760008,217.820739805698,0,0,0,0,0,0,21.1536340713501,312.925255388021,5460.27419359982,5.83668604493141,4495.09908955544,154.399442382157,445.891587615013
0,0.270305961370468,0,0,0,9.65593534708023,0,0,0,0,0,595.283986538649,0,0,0,0,0.989275872707367,2.58194679021835,6.21098230779171,0,0,0,0,0,0,0,0,0,0,0,0,0,0,0,0,189.073559820652,0,0,0,0,0,2.94591194391251,0,0,0,7.98432952165604,0,0,0,0,0,0,0,0,0,0,0,46.1895017027855,0,0,0,0,526.316915199161,0,0,0,0,0,0,0,0,0,17.3822907209396,0,0,0,0,0,217.21746057272,0,0.213936373591423,0,13.4410436302423,0,43.1207808703184,0,0
0,0,0,0,0,0,0,0,0,0,131.220995664597,0,0,0,0,0,0,0,0,0,0,0,0,0,0,0,0,0,0,0,0,0,0,0,0,0,591.50494594872,0,0,0,0,0,0,0,0,0,43.2584750056267,0,0,0,2.14188358187675,0,0,0,0,0,113.63233448565,0,0.915648937225342,0,0,0,0,1050.84326128662,0,0,0,0,0,0,0,0,0,0,0,0,0,0,0,131.369171321392,0,0,66.9615015983582,0,24.6023526340723,0,0
0,0,0,0,0,0,0,0,0,0,0,0,0,0,0,0,2.96493765711784,51.3966188430786,0,0,0,0,274.812035441399,87.3967060446739,0,0,0,79.7339302301407,0,0,0,0,0,0,0,0,0,410.48236438632,40.4288988411427,0,0,0,0,0,0,0,0,0,0,0,0,0,0,0,0,0,0,0,0,0,0,0,0,0,2601.6476469487,7.62711668014526,146.117324024439,0,0.827270418405533,0,56.2505826354027,0,0,0,0,0,0,0,0,0,30.3856450021267,0,714.063138663769,189.898493796587,0,0,0
0,0,0,0,0,0,0,0,3.46234692633152,0,0,0,0,0,0,0,86.7794373035431,0,4.95125703513622,0,0,274.812035441399,0,0,318.453491121531,0,78.8351842164993,0,49.0908027589321,0,0,0,0,0,0,0,0,4.42025838792324,263.385040014982,0,0,43.3595561534166,45.5723080188036,0,0,0,0,16.9274866878986,228.036120742559,0,0,0,0,0,6.39261680841446,0,0,0,0,0,0,0,0,0,15.8070380985737,1953.83539180458,0,120.118608534336,0,63.3374343514442,0,1.70427119731903,0,0,0,0,0,0,0,0,0,185.116759806871,535.756968706846,138.508487775922,14.840038061142,0,0
0,0,0,0,0,0,0,0,0,5.85659766197205,0,0,0,0,0,0.82854962348938,0,249.064751595259,10.9026321321726,0,0,87.3967060446739,0,0,0,1,0,0,0,0,0,0,0,0,0,0,0,259.432414069772,7.0325855910778,0,0,49.3580795824528,7.45926220715046,0,0,0,0,0.468526691198349,0,0.992329388856888,0,0,0,0,0,9.86283321678638,0,0,0,0,0,3.38225923478603,0,0,34.490842372179,0,110.394218981266,0,3.69524133205414,0,0,0,0,0,0,0,0,0,0,0,53.9129558950663,0,148.932239159942,1.12920841574669,23.4491892307997,0,0
0,0,0,0,0,0,0,0,30.0716415196657,0,0,0,0,0,0,0,0,0,4.90315960347652,0,0,0,318.453491121531,0,0,0,96.6119433492422,0,0,0,0,0,0,0,0,0,0,3.462950527668,71.5362029373646,0,0,28.3609059900045,8.63904337584972,0,0,0,0,0.882074236869812,0,0,0,0,0,0,40.2059778869152,0,0,0,0,0,4.52052572369576,0,0,0,0,246.888226419687,0,132.013256788254,0,192.972576066852,0,0.784486874938011,0,0,0,0,0,0,0,0,0,32.8996671363711,170.260654732585,0,1.72171559929848,0,0
0,0,0,0,0,0,0,0,0,0,0,0,0,0,0,0,0,60.2978885471821,0.749037966132164,0,0,0,0,1,0,0,0,6.47587051987648,0,0,0,0,0,0,0,0,0,0.431469559669495,0,0,0,8.65525090694427,0.254149734973907,0,0,0,0,0,0,0,0,0,0,0,0,0,0,0,0,0,0,0,0,0,0,0,0,0,0,0,2.85116401314735,0,0,0,0,0,0,0,0,0,0.268245220184326,0,13.1476482003927,1.76757061481476,3.03284282982349,0,0
0,0,0,0,0,0,0,0,0,0,0,0,0,0,0,0,41.9145354032516,0,0,0,0,0,78.8351842164993,0,96.6119433492422,0,0,0,0,0,0,0,0,0,0,0,0,0,0,0,0,0,0,0,0,0,0,0,0,0,0,0,0,0,0,0,0,0,0,0,5.21199822425842,0,0,0,0,69.7327997386456,0,34.5689914822578,0,312.605061903596,0,68.4538996368647,0,0,0,0,0,0,0,0,0,0,0,0,0,0,0
0,0,0,0,0,0,0,0,0,0,0,0,0,4.33099317550659,0,0,0,48.513665497303,0,0,0,79.7339302301407,0,0,0,6.47587051987648,0,0,0,64.5657762736082,0,0,0,0,0,0,0,70.7753320634365,0,0,0,0,0,0,0,0,0,0,0,0,0,0,0,0,0,0,0,0,0,28.1513659954071,0,0,0,0,31.4305154979229,0,0,0,2.80948409438133,0,737.341590702534,0,4.73783320188522,0,0,0,0,0,0,0,0,0,121.407291263342,44.3868340849876,0,0,0
0,0,0,0,0,0,0,0,0,0,5.2143611907959,0,0,0,0,0,0,0,0,0,0,0,49.0908027589321,0,0,0,0,0,0,0,4,0,0,0,0,0,0,0,13.1968870013952,0,0,0,0,0,0,0,0,0,0,0,0,0,0,0,0,0,46.2780582010746,0,0,0,0,0,0,0,0,0,0,0,0,33.2349858283997,0,596.259526133537,0,2,0,0,0,0,0,0,0,29.4682622253895,7.2649747133255,0,0,0,0
0,0.22236941754818,0,0,0,0,0,0,0,0,0,47.7391659319401,0,0,0,0,0.881614446640015,0.150665372610092,1.50348979234695,0,0,0,0,0,0,0,0,64.5657762736082,0,0,0,0,0,0,0,0,0,347.168795645237,0,0,0,0,0,0,0,2.15378692746162,0,0,0,0,0,0,0,0,0,0,0,133.009350039065,0,0,0,0,8.5313685387373,0,0,0,0,0,0,0,27.2816366553307,0,374.697837635875,0,0,0,0,0,0,0,69.8422027826309,0,20.2690206170082,5.27053952217102,2.73112131655216,0,0
0,0,0,0,0,0,0,0,0,0,1.12224407494068,0,0,0,0,0,0,0,0,0,0,0,0,0,0,0,0,0,4,0,0,0,0,0,0,0,0,0,94.2016956359148,0,0,0,0,0,0,0,0,0,0,0,0,0,0,0,0,0,13.7321077436209,0,0,0,0,0,0,0,0,0,0,0,0,0,0,61.6856766939163,0,630.141591668129,0,0,0,0,0,0,0,12.7004815936089,0.66143687069416,0,0,0,0
0,0,0,0,0,0,0,0,0,0,0,0,0,0,0,0,0,0,0,0,0,0,0,0,0,0,0,0,0,0,0,0,203.514898777008,128.571956157684,0,338.940009430051,72.2342069149017,0,0,0,12.8910934329033,0,0,0,0,0,0,212.824511453509,0,0,0,0,0,0,0,0,0,0,0,0,0,0,0,0,0,0,0,0,0,0,0,0,0,0,1193.58568666875,133.783426851034,91.7536123543978,0,332.790566682816,274.589432284236,0,0,8.8300239443779,0,0,0,0
0,0,0,0,0,0,0,0,0,0,0,0,0,0,0,0,0,0,0,0,0,0,0,0,0,0,0,0,0,0,0,203.514898777008,0,0,37.9800131171942,8.8196724653244,99.353104442358,0,0,0,0,0,0,0,0,0,0,384.853609383106,0,1.15580439567566,0,0,0,0,0,0,0,0,0,0,0,0,0,0,0,0,0,0,0,0,0,0,0,0,21.4127095341682,655.512869551778,0,148.072679311037,11.4752794802189,90.822538420558,0,0,7.2791927754879,0,0,0,0
0,0,0,0,0,0,0,0,0,0,0,0,0,0,0,0,0,0,0,0,0,0,0,0,0,0,0,0,0,0,0,128.571956157684,0,0,510.291912645102,484.359233856201,0,23.3150108158588,0,0,0,13.9668217599392,0,0,0,0,0,714.329286634922,0,0,0,0,0,0,0,0,0,0,0,0,0,0,0,0,0,0,0,0,0,0,0,0,0,0,125.015197873116,0,1443.58456042409,86.2938804626465,39.8527060449123,0,10.9041831195354,0,29.7394548654556,0,0,0,0
0,0,0,0,0,0,0,0,0,0,0,0,0,0,0,0,0,0,0,0,0,0,0,0,0,0,0,0,0,0,0,0,37.9800131171942,510.291912645102,0,0,562.993231713772,53.0039896965027,56.3561136722565,0,0,1.00104486942291,0,0,0,0,0,1821.14140437543,1.72231096029282,0,0,0,0,0,0,0,0,0,0,0,0,0,0,0,0,0,0,0,0,0,0,0,0,0,0,101.515410810709,305.086983263493,921.042225733399,0,212.602026209235,11.1730579733849,391.049752607942,51.0007735192776,35.0604980438948,0,0,0
0,0,0,0,0,7.00646829605103,0,0,0,0,0,164.970947027206,0,0,0,0,0,0,0,189.073559820652,0,0,0,0,0,0,0,0,0,0,0,338.940009430051,8.8196724653244,484.359233856201,0,0,990.169751465321,1835.19202744961,0,13.9828617721796,122.01997949183,0,0,0,0,113.356820255518,0,279.550982639194,0,2.92051875591278,0,0,0,0,0,0,0,67.5469097495079,0,0,0,0,146.484911262989,0,0,0,0,0,0,0,0,0,0,0,624.36699962616,5.26424667239189,127.865363150835,0,14564.170230031,858.221336722374,286.980056121945,0,2361.15624390543,218.840001165867,119.647902101278,0,0
0,0,0,0,0,0,89.2694861292839,0,0,0,39.1292919516563,0,0,0,0,0,0,0,0,0,591.50494594872,0,0,0,0,0,0,0,0,0,0,72.2342069149017,99.353104442358,0,562.993231713772,990.169751465321,0,17.2485083341599,923.84479226172,0,20.9564827382565,0,0,0,0,0,68.491719275713,79.9509864151478,0,0,0,0,0,0,0,0,231.428124725819,0,0,0,0,0,0,659.492825545371,0,0,0,0,0,0,0,0,0,0,2.36894261837006,177.933863371611,0,526.790860667825,118.03402903676,13203.2436668351,0,268.647152528167,2960.58272625506,44.0014120936394,59.5719961673021,0,0
0,0,0,0.565178036689758,0,0,0,0,4.87707275152206,40.1230370849371,0,515.618748098612,0,0,0,1.41159501671791,0,0,1.49544125795364,0,0,410.48236438632,4.42025838792324,259.432414069772,3.462950527668,0.431469559669495,0,70.7753320634365,0,347.168795645237,0,0,0,23.3150108158588,53.0039896965027,1835.19202744961,17.2485083341599,0,199.842503219843,0,0,512.43060849607,5.269945114851,0,0,0,0,128.529319092631,0,107.181129604578,0,0,0,0,0,136.233715839684,0,295.668071046472,0,0,0,1.94268134236336,34.7657727599144,0,70.8101302236319,1.00182798504829,114.68292747438,2.30643294751644,8.48191709816456,0,55.1528505980968,0,129.854712873697,0,0,0,56.1430325508118,0,360.428202942014,0,8924.92274013162,18.352735504508,2879.86591210961,326.26720751822,109.758931949735,1.32667180895805,0
0,0,0,0,0,0,0,0,83.5619763061404,2.26854446530342,384.032988421619,0,0,0,0,0,0,0,2.83969861268997,0,0,40.4288988411427,263.385040014982,7.0325855910778,71.5362029373646,0,0,0,13.1968870013952,0,94.2016956359148,0,0,0,56.3561136722565,0,923.84479226172,199.842503219843,0,0,0,124.832631379366,222.434035927057,0,0,0,0,98.5718580186367,120.895855903625,3.8364163339138,0,0,0,0,15.3552311435342,1.62888006865978,129.701375380158,0,0.344340890645981,0,0,0,0,0,7.61191967129707,214.640821039677,5.55230282247066,40.1111941486597,4.40942154824734,0,11.389913380146,2.96011382341385,0,82.3302540779114,0,0,0,52.5656664669514,0,417.818610161543,4.45254176855087,8582.02793508023,1616.20182773471,35.9258333295584,106.635793015361,0,0
0,0,0,0,0,0,0,0,0,0,0,0,0,0,0,0,0,0,0,0,0,0,0,0,0,0,0,0,0,0,0,0,0,0,0,13.9828617721796,0,0,0,0,157.037293627858,49.1665734052658,0,0,0,535.047560170293,0,207.449822336435,16.8004961907864,528.649476781487,0,0,0,0,0,0,0,0,0,0,0,0,56.1026967167854,0,0,0,0,0,0,0,0,0,0.844572305679321,0,0,0,0.309534549713135,0,1509.42032232136,33.2982370406389,0,0,12.0288087427616,0,2402.71655681729,0,0
0,0,0,0,0,0,0,0,0,0,0,0,0,0,0,0,0,0,0,0,0,0,0,0,0,0,0,0,0,0,0,12.8910934329033,0,0,0,122.01997949183,20.9564827382565,0,0,157.037293627858,0,0,46.8502352833748,0,0,0,292.97959895432,1131.64443585277,655.297026917338,61.7811262607574,0,0,0,0,0,0,0,0,0,0,0,0,0,32.7022914588451,0,0,0,0,0,0,0,0,0,0,25.96668612957,7.877311617136,0,0,331.934722915292,1933.95525491238,0,1.80758699774742,13.0631734728813,0,2419.10123129189,0,0
0,60.4037590771914,0,18.6822072267532,0,0,0,0,9.02997145056725,28.5804444253445,0,0,0,0,0,7.08299387991428,27.423901244998,217.400092981756,655.623373180628,2.94591194391251,0,0,43.3595561534166,49.3580795824528,28.3609059900045,8.65525090694427,0,0,0,0,0,0,0,13.9668217599392,1.00104486942291,0,0,512.43060849607,124.832631379366,49.1665734052658,0,0,295.079724892974,11.8959556818008,0.802121996879578,297.384279891849,9.81504084169865,860.543369293213,1.38395047187805,1333.00913611054,0,0,0,0,1.0716906785965,122.264336019754,0,621.796808943152,0,0.508858770132065,0,8.39869151264429,74.7876552194357,0,7.23348730802536,15.2219298481941,32.2567075043917,31.2886484861374,70.7109086364508,0,229.289878100157,0,150.124766737223,1.62041309475899,0,0,0,17.7902354896069,29.8160783499479,0,252.102178841829,98.9666202664375,2089.97685320675,25.1608844101429,7635.28174107522,1585.64139939845,2.14543795585632
70.9475101456046,0,0,0,0,0,0,0,25.1532527655363,2.37900933623314,0,0,0,0,2.31833682954311,0,350.302357912064,59.2190323919058,1584.80414182693,0,0,0,45.5723080188036,7.45926220715046,8.63904337584972,0.254149734973907,0,0,0,0,0,0,0,0,0,0,0,5.269945114851,222.434035927057,0,46.8502352833748,295.079724892974,0,0,23.6559722721577,7.12598857283592,833.194882467389,705.39201451838,332.299389347434,5.47738164663315,0.252732187509537,0,0,0,0,8.84709043800831,30.4874886572361,0,98.3631101846695,0,2.50316518545151,0,0,2.09452795982361,0,26.7288255244493,8.22050222754478,13.3997426778078,9.51290446519852,0,18.2422221899033,5.17979001998901,4.49867278337479,194.177399724722,0,0,0,2.83294901251793,0,40.3917292058468,6.46988147497177,240.500194877386,1308.61831389368,9.12860755622387,4779.74148499966,9.42967674136162,1630.32628959417
0,0,0,0,0,0,0,0,0,0,0,0,0,0,0,0,4.53364700078964,17.8652025014162,79.0595192909241,0,0,0,0,0,0,0,0,0,0,0,0,0,0,0,0,0,0,0,0,0,0,11.8959556818008,0,0,0,10.1858159303665,3.20700615644455,0,0,0,0,0,0,0,0,0,0,0,0,0,0,0,0,0,0,0,0,0,0,0,0,0,0,0,0,0,0,0,0,0,0,0,18.9105939865112,0,68.1408821344376,0.265582472085953,0
1.26081776618958,0,0,0,0,0,0,0,0,0,0,0,0,0,0,0,19.5693473666906,4.78061147034168,352.738817930222,0,0,0,0,0,0,0,0,0,0,0,0,0,0,0,0,0,0,0,0,0,0,0.802121996879578,23.6559722721577,0,0,4.47024631500244,28.2699776887894,0,0,0,0,0,0,0,0,0,0,0,0,0,0,0,0,0,0,0,0,0,0,0,0,0,0.979904055595398,0,0,0,0,0,0,0,0,4.35101014375687,121.535932719707,0,296.55842757225,0,13.5793648958206
0,3.49931360781193,0,0,0,0,0,0,0,0,0,11.8798995912075,0,0,0,0,31.7612922489643,115.224707409739,497.582924112678,7.98432952165604,0,0,0,0,0,0,0,0,0,2.15378692746162,0,0,0,0,0,113.356820255518,0,0,0,535.047560170293,0,297.384279891849,7.12598857283592,10.1858159303665,4.47024631500244,0,4.05902290344238,0,0,8.55349466204643,0,0,0,0,0,0,0,11.13690058887,0,0,0,0,1980.63843409717,0,0,0,0,0,0,0,0,0,70.9058246910572,0,0,0,0,0,876.196255795658,0,4.45431008934975,4.55308616161346,258.60708026588,0,4113.83701823652,10.4967591166496,0.117829672992229
0,0,0,0,0,0,0,0,0,0,0,0,0,0,0,0,100.577061325312,11.5541880056262,403.274644970894,0,43.2584750056267,0,0,0,0,0,0,0,0,0,0,0,0,0,0,0,68.491719275713,0,0,0,292.97959895432,9.81504084169865,833.194882467389,3.20700615644455,28.2699776887894,4.05902290344238,0,4.89550556242466,8.61397080123425,1.3054826259613,0,0,0,0,0,0,0,0,0,0,0,0,0,1924.78068655729,0,0,0,0,0,0,0,0,0,14.6675312519073,0,0,0,0,0,1461.017877765,0,20.7640088200569,66.2751400619745,20.0700279772282,5334.77936887741,3.08911240100861,13.066222384572
2.71510291099548,0,0,0,0,0,0,0,0,0,0,0,0,0,0,0,0,0,0,0,0,0,16.9274866878986,0.468526691198349,0.882074236869812,0,0,0,0,0,0,212.824511453509,384.853609383106,714.329286634922,1821.14140437543,279.550982639194,79.9509864151478,128.529319092631,98.5718580186367,207.449822336435,1131.64443585277,860.543369293213,705.39201451838,0,0,0,4.89550556242466,0,700.318670362234,1245.41321279109,0,0,0,0,0,0,0,0,0.589542031288147,0,1.13081906735897,0,0,0,0,0.938544094562531,0,1.83621117472649,0,0,0.702051520347595,0,0,0,880.57311591506,407.41173325479,267.568550646305,437.191771805286,4103.07155910134,4468.03807714581,94.1107973754406,291.825952455401,2628.61330036819,1.68835490942001,256.753169447184,0,0
247.764546431601,0,61.9549672007561,0,0.266276776790619,0,0,0,0.656843543052673,0,0,0,0,0,6.39573764801025,0,32.2340708449483,1.53462147712708,113.900064170361,0,0,0,228.036120742559,0,0,0,0,0,0,0,0,0,0,0,1.72231096029282,0,0,0,120.895855903625,16.8004961907864,655.297026917338,1.38395047187805,332.299389347434,0,0,0,8.61397080123425,700.318670362234,0,248.139428585768,0,0,0,0,16.7082479000092,0,34.8624324500561,0,127.674757651985,0,116.616394720972,0,0,8.71912208199501,0,432.796905949712,0,5.01172289252281,0,169.8834566921,0,707.524018406868,0,323.940270021558,0,1.19729235768318,0,6.2201064825058,7.92700566351414,384.174148023129,0,852.74911147356,274.373581662774,0,998.328801244497,0,14.5558507889509
0,47.9718322604895,0,10.0219362527132,0,0,0,0,0,2.234191223979,0,0,0,0,0,3.56976892054081,0,0,0.265719652175903,0,0,0,0,0.992329388856888,0,0,0,0,0,0,0,0,1.15580439567566,0,0,2.92051875591278,0,107.181129604578,3.8364163339138,528.649476781487,61.7811262607574,1333.00913611054,5.47738164663315,0,0,8.55349466204643,1.3054826259613,1245.41321279109,248.139428585768,0,0,0,0,0,0,24.9037344902754,0,24.4519559293985,0,5.66122645139694,0,5.33422569930553,0,0.717804193496704,0,0,4.5308693498373,0,7.82311488687992,0,266.5725774616,0,68.0787987709045,0,9.20958375930786,7.84276002645493,1.4966746866703,24.8568312078714,926.740655660629,247.110034644604,290.760115757585,0,735.284727916121,1.83735056221485,1028.11501757056,0,0
0.178711295127869,0,0,0,278.415131285787,0,0,0,0,0,0,0,0,0,21.7866073697805,0,0,0,0,0,2.14188358187675,0,0,0,0,0,0,0,0,0,0,0,0,0,0,0,0,0,0,0,0,0,0.252732187509537,0,0,0,0,0,0,0,0,0,1,0,6.53960114717484,0,27.4747244864702,0,100.114714860916,0,32.525829821825,0,0,11.7570871263742,0,0,0,0,0,0,0,0,0,0,0,0,0,0,0,0,0,0,23.9592152237892,3.99960207939148,28.9375073462725,0,0
0,0,0,79.9890724718571,0,333.957017987967,0,1.38931423425674,0,0,0,0,0,0,0,0,0,0,0,0,0,0,0,0,0,0,0,0,0,0,0,0,0,0,0,0,0,0,0,0,0,0,0,0,0,0,0,0,0,0,0,0,0,1.44916498661041,0,0,0,178.063718214631,0,94.8787434697151,0,1.14798390865326,4.48576843738556,0,0,0,0,0,0,0,0,0,0,0,0,0,0,0,0,0,0,0,95.2218469977379,0.67366898059845,18.8107271790504,0,0
0,0,0,0,0,0,161.337688028812,0,0,0,0.797979608178139,0,0,0,0,0,0,0,0,0,0,0,0,0,0,0,0,0,0,0,0,0,0,0,0,0,0,0,0,0,0,0,0,0,0,0,0,0,0,0,1,0,0,0,0,0,112.492843791842,0,30.7727437019348,0,0,0,0,0,0,0,0,0,0,0,0,0,0,0,0,0,0,0,0,0,0,0,4,0,0,0,0
0,0,0,0,0,25.367989897728,0,108.465680956841,0,0,0,11.0706020593643,0,0,0,0,0,0,0,0,0,0,0,0,0,0,0,0,0,0,0,0,0,0,0,0,0,0,0,0,0,0,0,0,0,0,0,0,0,0,0,1.44916498661041,0,0,0,0,0,187.155691847205,0,0,0,0,40.1619404256344,0,0,0,0,0,0,0,0,0,0,0,0,0,0,0,0,0,0,0,4.46804133057594,0,0,0,0
0,0,155.52419270575,0,199.117884099483,0,0,0,186.957478314638,0,0,0,0,0,58.4967506974936,0,0,0,7.69676899909973,0,0,0,6.39261680841446,0,40.2059778869152,0,0,0,0,0,0,0,0,0,0,0,0,0,15.3552311435342,0,0,1.0716906785965,0,0,0,0,0,0,16.7082479000092,0,6.53960114717484,0,0,0,0,0,10.3495758473873,0,0.218318730592728,0,19.5958525687456,0,0,0,0,2.09055572748184,0,250.601025432348,0,0,0,0,0,0,0,0,0,0,0,0,0,55.9324794262648,72.7914888709784,2.31056261062622,21.7622182816267,0,0
0,382.356023594737,0,291.15297794342,0,0,0,0,0,354.953603468835,0,0,0,0,0,57.587851062417,0,21.6884260177612,5.48335544019938,0,0,0,0,9.86283321678638,0,0,0,0,0,0,0,0,0,0,0,0,0,136.233715839684,1.62888006865978,0,0,122.264336019754,8.84709043800831,0,0,0,0,0,0,24.9037344902754,0,0,0,0,0,0,0,0,0,0,0,233.279639296234,0,0,0,0,42.8710903078318,0,0,0,0,0,0,0,0,0,0,0,0,0,381.417237617075,0,147.854848973453,0.889783129096031,38.3136437237263,0,0
3.32952812314034,0,2.65486541390419,0,4.35405032336712,0,28.0488309860229,0,0.885102272033691,0,1672.2796240449,0,12.2822803258896,0,0,0,0,0,16.2634332180023,0,113.63233448565,0,0,0,0,0,0,0,46.2780582010746,0,13.7321077436209,0,0,0,0,0,231.428124725819,0,129.701375380158,0,0,0,30.4874886572361,0,0,0,0,0,34.8624324500561,0,27.4747244864702,0,112.492843791842,0,10.3495758473873,0,0,0,306.010716944933,0,35.8180901557207,0,0,800.28877261281,0,0,0,0,0,0,0,316.747471988201,0,184.433618962765,0,0,0,0,0,5.04326923191547,0,82.866305410862,35.4967746734619,0,1062.95250450075,0,1.75906765460968
0,16.1095147877932,0,4.65323132276535,0,29.3378865271807,0,141.345760822296,0,1.69229604303837,0,2579.85941597819,0,1,0,0,2.0231036990881,10.992222905159,31.7662045806646,46.1895017027855,0,0,0,0,0,0,0,0,0,133.009350039065,0,0,0,0,0,67.5469097495079,0,295.668071046472,0,0,0,621.796808943152,0,0,0,11.13690058887,0,0,0,24.4519559293985,0,178.063718214631,0,187.155691847205,0,0,0,0,0,564.928591817617,0,1.90107095241547,538.141168922186,0,0,0,0,0,0,0,1181.58895604312,0,1616.40703263879,0,0,0,0,0,0,0,40.2109081149101,0,95.5320357382298,93.0123343467712,1207.84633013606,51.3135596066713,0
7.35507678985596,0,4.04145587980747,0,398.71053622663,0,99.0568239092827,0,9.07939994335175,0,53.566516160965,0,241.306388810277,0,7.30560502409935,0,0,0,3.99204567074776,0,0.915648937225342,0,0,0,0,0,0,0,0,0,0,0,0,0,0,0,0,0,0.344340890645981,0,0,0,98.3631101846695,0,0,0,0,0.589542031288147,127.674757651985,0,100.114714860916,0,30.7727437019348,0,0.218318730592728,0,306.010716944933,0,0,0,99.0890496224165,0,0,14.833389878273,0,0,0,0,0,80.8640466630459,0,47.3925270885229,0,3.31484064459801,0,0,0,0,0,0.233425706624985,0,0.362286284565926,115.914257764816,136.023388028145,313.984907463193,0,4.31814427673817
0,22.4272151440382,0,1.46701994538307,0,0,0,0,0,0,0,108.124116659164,0,70.3518495261669,0,0,0,0,0,0,0,0,0,0,0,0,0,28.1513659954071,0,0,0,0,0,0,0,0,0,0,0,0,0,0.508858770132065,0,0,0,0,0,0,0,5.66122645139694,0,94.8787434697151,0,0,0,0,0,564.928591817617,0,0,0,121.031680509448,0,0,0,0,0,0,8.26208034157753,0,972.597307756543,0,19.0204988270998,0,0,0,0,0,0,0,0,0,14.6856434345245,0,16.8784419000149,0,0
13.7702618986368,0,80.8900815695524,0,15.2315210551023,0,0,0,12.0838497281075,0,0,0,9.4380701482296,0,90.5161411464214,0,0,0,0,0,0,0,0,0,4.52052572369576,0,5.21199822425842,0,0,0,0,0,0,0,0,0,0,0,0,0,0,0,2.50316518545151,0,0,0,0,1.13081906735897,116.616394720972,0,32.525829821825,0,0,0,19.5958525687456,0,35.8180901557207,0,99.0890496224165,0,0,0,0,0.394684091210365,0,0,0,1.36003082990646,0,418.625478237867,0,0,0,0,0,0,0,0.251189053058624,0,0,0,1.62732784450054,14.5606683790684,0,78.0886218398809,0,0.142939180135727
0,38.042192235589,0,3.94441598653793,0,0,0,0,0,28.6591126471758,0,0,0,0,0,19.9683437347412,0,0,0.281364992260933,0,0,0,0,3.38225923478603,0,0,0,0,0,0,0,0,0,0,0,0,0,1.94268134236336,0,0,0,8.39869151264429,0,0,0,0,0,0,0,5.33422569930553,0,1.14798390865326,0,0,0,233.279639296234,0,1.90107095241547,0,121.031680509448,0,0,0,0,0,0,2.65320146083832,0,10.5237738490105,0,0,0,0,0,0,0,0,0,0,0,3.34042790532112,0,2.35151295363903,0,4.83404612541199,0,0
0,0,0,0,0,1.22446721792221,0,6.21303841471672,0,0.444947957992554,0,348.388949766755,0,0,0,0,0.262542873620987,16.9671272188425,38.6383415460587,526.316915199161,0,0,0,0,0,0,0,0,0,8.5313685387373,0,0,0,0,0,146.484911262989,0,34.7657727599144,0,56.1026967167854,0,74.7876552194357,0,0,0,1980.63843409717,0,0,0,0,0,4.48576843738556,0,40.1619404256344,0,0,0,538.141168922186,0,0,0,0,0,0,0,0,0,0,0,0,11.820799946785,0,441.648212045431,0,0,0,0,0,1785.4964299202,0,12.1394709050655,0,28.9470905065536,0,884.373200803995,15.4479838609695,0
0,0,0,0,2.26901195943356,0,0,0,0,0,11.1434278488159,0,0,0,0,0,0,0,3.1735226213932,0,1050.84326128662,0,0,0,0,0,0,0,0,0,0,0,0,0,0,0,659.492825545371,0,0,0,32.7022914588451,0,2.09452795982361,0,0,0,1924.78068655729,0,8.71912208199501,0.717804193496704,11.7570871263742,0,0,0,0,0,800.28877261281,0,14.833389878273,0,0.394684091210365,0,0,0,0,0,0,0,0,0,0,7.95256561040878,0,233.934311397374,0,0,0,0,0,940.932919941843,0,189.273614734411,46.4641745090485,0,1079.86865207553,0,0
0,0,0,0,0,0,0,0,0,0,0,0,0,0,0,0,0,0,1.14872270822525,0,0,2601.6476469487,15.8070380985737,34.490842372179,0,0,0,31.4305154979229,0,0,0,0,0,0,0,0,0,70.8101302236319,7.61191967129707,0,0,7.23348730802536,0,0,0,0,0,0,0,0,0,0,0,0,0,0,0,0,0,0,0,0,0,0,0,0,167.918197065592,0,20.0359803438187,0,484.109174758196,0,0,0,0,0,0,0,0,0,410.426150590181,0,47.46706366539,0,0.914481312036514,0,0
0,0,0,0,0,0,0,0,0,0,0,0,0,0,0,0,1,0,0.556129068136215,0,0,7.62711668014526,1953.83539180458,0,246.888226419687,0,69.7327997386456,0,0,0,0,0,0,0,0,0,0,1.00182798504829,214.640821039677,0,0,15.2219298481941,26.7288255244493,0,0,0,0,0.938544094562531,432.796905949712,0,0,0,0,0,2.09055572748184,0,0,0,0,0,0,0,0,0,0,0,0,178.371591508389,0,146.049134552479,0,72.3709774315357,0,0,0,0,0,0,0,0,0,74.4388009011745,222.138728111982,0.503318622708321,7.73525604605675,0,0
0,0,0,0,0,0,0,0,0,8.19114984571934,0,0,0,0,0,1.08686703443527,0,0,4.53403089940548,0,0,146.117324024439,0,110.394218981266,0,0,0,0,0,0,0,0,0,0,0,0,0,114.68292747438,5.55230282247066,0,0,32.2567075043917,8.22050222754478,0,0,0,0,0,0,4.5308693498373,0,0,0,0,0,42.8710903078318,0,0,0,0,0,2.65320146083832,0,0,167.918197065592,0,0,0,3.87186455726624,0,0,0,0,0,0,0,0,0,0,0,89.3535036742687,0,80.8386463969946,1.41758686304092,9.97783398628235,0,0
0,0,0,0,0,0,0,0,83.2384207546711,0,0,0,0,0,0,0,0,0,2.43090060353279,0,0,0,120.118608534336,0,132.013256788254,0,34.5689914822578,0,0,0,0,0,0,0,0,0,0,2.30643294751644,40.1111941486597,0,0,31.2886484861374,13.3997426778078,0,0,0,0,1.83621117472649,5.01172289252281,0,0,0,0,0,250.601025432348,0,0,0,0,0,1.36003082990646,0,0,0,0,178.371591508389,0,0,0,252.738746270537,0,8.23448720574379,0,0,0,0,0,0,0,0,0,0.438193365931511,134.963447228074,0.398199290037155,2.14812615513802,0,0
0,0,0,0,0,0,0,0,0,0,0,0,0,0,0,0,0,0,5.2772146910429,0,0,0.827270418405533,0,3.69524133205414,0,0,0,2.80948409438133,0,0,0,0,0,0,0,0,0,8.48191709816456,4.40942154824734,0,0,70.7109086364508,9.51290446519852,0,0,0,0,0,0,7.82311488687992,0,0,0,0,0,0,0,0,0,8.26208034157753,0,10.5237738490105,0,0,20.0359803438187,0,3.87186455726624,0,0,0,339.512501016259,0,0,0,0,0,0,0,0,0,6.5589819252491,0,75.1993243992329,1.24732695519924,23.625657171011,0,0
0,0,0,0,0,0,0,0,0.76396906375885,0,0,0,0,0,0,0,0,0,0,0,0,0,63.3374343514442,0,192.972576066852,0,312.605061903596,0,33.2349858283997,0,0,0,0,0,0,0,0,0,0,0,0,0,0,0,0,0,0,0,169.8834566921,0,0,0,0,0,0,0,0,0,80.8640466630459,0,418.625478237867,0,0,0,0,146.049134552479,0,252.738746270537,0,0,0,739.668034747243,0,0,0,0,0,0,0,0,0,1.6697379052639,0,0,0.882807314395905,0,0
0,0,0,0,0,0,0,0,0,0,0,0,0,0,0,0,0,0,0.455364167690277,0,0,56.2505826354027,0,0,0,2.85116401314735,0,737.341590702534,0,27.2816366553307,0,0,0,0,0,0,0,55.1528505980968,11.389913380146,0,0,229.289878100157,18.2422221899033,0,0,0,0,0.702051520347595,0,266.5725774616,0,0,0,0,0,0,0,1181.58895604312,0,972.597307756543,0,0,11.820799946785,0,484.109174758196,0,0,0,339.512501016259,0,0,0,360.168664187193,0,0,0,0,0,0,0,142.521963611245,0.461510866880417,139.363316252828,71.215534940362,425.375853180885,0,0
0,0,0,0,0,0,0,0,0,0,0.724122047424316,0,0,0,0,0,0,0,3.71623814105988,0,0,0,1.70427119731903,0,0.784486874938011,0,68.4538996368647,0,596.259526133537,0,61.6856766939163,0,0,0,0,0,0,0,2.96011382341385,0,0,0,5.17979001998901,0,0,0,0,0,707.524018406868,0,0,0,0,0,0,0,316.747471988201,0,47.3925270885229,0,0,0,0,7.95256561040878,0,72.3709774315357,0,8.23448720574379,0,739.668034747243,0,0,0,478.783747181296,0,0,0,0,0,0,0,382.135577663779,14.1282724738121,0.553858637809753,304.169314026833,0,1.34897136688232
0,4.24207329750061,0,0,0,0,0,0,0,0,0,136.699075318873,0,0,0,0,12.9348069429398,59.8885274678469,120.759149760008,17.3822907209396,0,0,0,0,0,0,0,4.73783320188522,0,374.697837635875,0,0,0,0,0,0,0,129.854712873697,0,0.844572305679321,0,150.124766737223,4.49867278337479,0,0.979904055595398,70.9058246910572,0,0,0,68.0787987709045,0,0,0,0,0,0,0,1616.40703263879,0,19.0204988270998,0,0,441.648212045431,0,0,0,0,0,0,0,360.168664187193,0,0,0,0,0,0,0,0.912497043609619,0,1250.64217755198,1.31546998023987,167.34195163846,12.6647919416428,396.334666624665,14.0578244626522,0.483823895454407
2.80877530574799,0,1.90386199951172,0,0,0,0,0,0.523088946938515,0,54.2733841836452,0,0,0,0,0,57.9576088935137,4.72716614603996,217.820739805698,0,0,0,0,0,0,0,0,0,2,0,630.141591668129,0,0,0,0,0,0,0,82.3302540779114,0,0,1.62041309475899,194.177399724722,0,0,0,14.6675312519073,0,323.940270021558,0,0,0,0,0,0,0,184.433618962765,0,3.31484064459801,0,0,0,0,233.934311397374,0,0,0,0,0,0,0,478.783747181296,0,0,0,0,0,0,0,0,0,1247.83262732625,112.424208730459,0,724.892093852162,0,16.1593615710735
0,0,0,0,0,0,0,0,0,0,0,0,0,0,0,0,0,0,0,0,0,0,0,0,0,0,0,0,0,0,0,1193.58568666875,21.4127095341682,125.015197873116,0,624.36699962616,2.36894261837006,0,0,0,25.96668612957,0,0,0,0,0,0,880.57311591506,0,9.20958375930786,0,0,0,0,0,0,0,0,0,0,0,0,0,0,0,0,0,0,0,0,0,0,0,0,0,12.3501255214214,570.763194665313,0,288.833000153303,625.961994841695,0,0,15.4682352542877,0,0,0,0
0,0,0,0,0,0,0,0,0,0,0,0,0,0,0,0,0,0,0,0,0,0,0,0,0,0,0,0,0,0,0,133.783426851034,655.512869551778,0,101.515410810709,5.26424667239189,177.933863371611,0,0,0,7.877311617136,0,0,0,0,0,0,407.41173325479,1.19729235768318,7.84276002645493,0,0,0,0,0,0,0,0,0,0,0,0,0,0,0,0,0,0,0,0,0,0,0,0,12.3501255214214,0,0,483.573115348816,13.8691728413105,402.916227273643,0,0,29.2679647505283,0,0,0,0
0,0,0,0,0,0,0,0,0,0,0,0,0,0,0,0,0,0,0,0,0,0,0,0,0,0,0,0,0,0,0,91.7536123543978,0,1443.58456042409,305.086983263493,127.865363150835,0,56.1430325508118,0,0.309534549713135,0,0,0,0,0,0,0,267.568550646305,0,1.4966746866703,0,0,0,0,0,0,0,0,0,0,0,0,0,0,0,0,0,0,0,0,0,0,0,0,570.763194665313,0,0,0,70.0376222282648,0,255.924707114697,0,7.49451813101768,0,0,0,0
0,0,0,0,0,0,0,0,0,0,0,0,0,0,0,0,0,0,0,0,0,0,0,0,0,0,0,0,0,0,0,0,148.072679311037,86.2938804626465,921.042225733399,0,526.790860667825,0,52.5656664669514,0,0,17.7902354896069,2.83294901251793,0,0,0,0,437.191771805286,6.2201064825058,24.8568312078714,0,0,0,0,0,0,0,0,0,0,0.251189053058624,0,0,0,0,0,0,0,0,0,0,0,0,0,0,483.573115348816,0,0,0,109.081519052386,0.713396042585373,259.458205938339,106.93188765645,59.3763497322798,19.4869233220816,0,0
0,0,0,0,0,48.5032839775085,0,0,0,0,0,0,0,0,0,0,0,0,0,217.21746057272,0,0,0,0,0,0,0,0,0,0,0,332.790566682816,11.4752794802189,39.8527060449123,0,14564.170230031,118.03402903676,360.428202942014,0,1509.42032232136,331.934722915292,29.8160783499479,0,0,0,876.196255795658,0,4103.07155910134,7.92700566351414,926.740655660629,0,0,0,0,0,0,0,0,0,0,0,0,1785.4964299202,0,0,0,0,0,0,0,0,0,0.912497043609619,0,288.833000153303,13.8691728413105,70.0376222282648,0,0,3130.05738738924,107.997880548239,0,2389.22823505104,149.18730828166,1807.75299814343,0,0
0,0,0,0,0,0,0,0,0,0,12.6074851006269,0,0,0,0,0,0,0,0,0,131.369171321392,0,0,0,0,0,0,0,0,0,0,274.589432284236,90.822538420558,0,212.602026209235,858.221336722374,13203.2436668351,0,417.818610161543,33.2982370406389,1933.95525491238,0,40.3917292058468,0,0,0,1461.017877765,4468.03807714581,384.174148023129,247.110034644604,0,0,0,0,0,0,5.04326923191547,0,0.233425706624985,0,0,0,0,940.932919941843,0,0,0,0,0,0,0,0,0,0,625.961994841695,402.916227273643,0,109.081519052386,3130.05738738924,0,0,990.315119042993,1421.32129618526,15.0815947949886,1871.01250923425,0,0
0,0,0,0,0,0,0,0,0,66.974648937583,0,8.65227043628693,0,0,0,2.57621210813522,0.480848759412766,9.06693263351917,21.1536340713501,0.213936373591423,0,30.3856450021267,0,53.9129558950663,0,0.268245220184326,0,0,0,69.8422027826309,0,0,0,10.9041831195354,11.1730579733849,286.980056121945,0,8924.92274013162,4.45254176855087,0,0,252.102178841829,6.46988147497177,0,0,4.45431008934975,0,94.1107973754406,0,290.760115757585,0,0,0,0,0,381.417237617075,0,40.2109081149101,0,0,0,3.34042790532112,12.1394709050655,0,410.426150590181,0,89.3535036742687,0,6.5589819252491,0,142.521963611245,0,1250.64217755198,0,0,0,255.924707114697,0.713396042585373,107.997880548239,0,0,0.912505000829697,565.98741787672,16.4744357764721,171.93921123445,1.05348405241966,0
0.869348600506783,0,0,0,0,0,0,0,71.2676920741796,0,12.1683642566204,0,0,0,0,0,113.946895316243,2.03019088506699,312.925255388021,0,0,0,185.116759806871,0,32.8996671363711,0,0,0,29.4682622253895,0,12.7004815936089,0,0,0,391.049752607942,0,268.647152528167,18.352735504508,8582.02793508023,0,1.80758699774742,98.9666202664375,240.500194877386,0,4.35101014375687,4.55308616161346,20.7640088200569,291.825952455401,852.74911147356,0,0,0,0,0,55.9324794262648,0,82.866305410862,0,0.362286284565926,0,1.62732784450054,0,0,189.273614734411,0,74.4388009011745,0,0.438193365931511,0,1.6697379052639,0.461510866880417,382.135577663779,1.31546998023987,1247.83262732625,0,0,0,259.458205938339,0,990.315119042993,0.912505000829697,0,751.16121840477,30.6890693604946,512.449347525835,0,15.3390924632549
74.6295802146196,38.9309547692537,3.06227570772171,56.3586803376675,200.773754477501,314.354638814926,73.3003326654434,6.59736543893814,266.968936428428,84.0408706963062,116.544318795204,138.375602066517,341.398071318865,78.4207571744919,59.0367084741592,5.29382848739624,11241.444287248,8887.83580568433,5460.27419359982,13.4410436302423,66.9615015983582,714.063138663769,535.756968706846,148.932239159942,170.260654732585,13.1476482003927,0,121.407291263342,7.2649747133255,20.2690206170082,0.66143687069416,8.8300239443779,7.2791927754879,29.7394548654556,51.0007735192776,2361.15624390543,2960.58272625506,2879.86591210961,1616.20182773471,12.0288087427616,13.0631734728813,2089.97685320675,1308.61831389368,18.9105939865112,121.535932719707,258.60708026588,66.2751400619745,2628.61330036819,274.373581662774,735.284727916121,23.9592152237892,95.2218469977379,4,4.46804133057594,72.7914888709784,147.854848973453,35.4967746734619,95.5320357382298,115.914257764816,14.6856434345245,14.5606683790684,2.35151295363903,28.9470905065536,46.4641745090485,47.46706366539,222.138728111982,80.8386463969946,134.963447228074,75.1993243992329,0,139.363316252828,14.1282724738121,167.34195163846,112.424208730459,15.4682352542877,29.2679647505283,7.49451813101768,106.93188765645,2389.22823505104,1421.32129618526,565.98741787672,751.16121840477,0,4242.77277974784,4625.46806955338,69.6233945414424,43.5412993729115
