0,0,0.00504553200620434,0,0,0,0,0,0.0435979245427366,0,0,0,0,0,0.00325647089753005,0,0,0,0.00275594261620809,0,0,0,0,0,0,0,0,0,0,0,0,0,0,0,0,0,0,0,0,0,0.000583503324826444,2.95213261553308e-05,0.00207506969612327,0,0,0,0.00267287977717954,7.17414746616513e-05,0.0126155521721441,0,0,0,0,0,0.0296083933236164,0,0.000352033223464778,0,0,0,0.0215847070364311,0,0,0.000501855328251124,0,0,0,0,0,0.000161322475704506,0,0,0,3.90224317247043e-05,0,0,0,0,0,0.00149522153531898,0,0.000182766305938319,0.000545055850845061,0,0.00721918413881399,0,0.000142155451005627
0,0,0,0.0215236423542363,0,0,0,0,0,0.0143614153167674,0,0,0,0,0,0,0,5.45494139160153e-06,0.000922717238000109,0,0,0,0,0,0,0,0,0,0,0,0,0,0,0,0,0,0,3.23391327798622e-06,0,0.000223470252989314,0,0.015286207671516,0.000128861058542626,0,0,3.87191711601793e-05,0,0,2.24516943349003e-05,0.00949579997549495,0,0,0,0,0,0.0373792515994697,0,2.33088659131054e-05,0,0.000494551127870368,0,0.0244319997475867,0,0,0,0,0,0,0.00666291646359357,0,0,0,0.00018754457664405,0,0,0,0,0,0.000199015266573314,0,6.31145644554506e-05,0,0.00061565422590682,0,0.00542508454177075,0,0
0.00504553200620434,0,0,0,0.000652734120012268,0,0,0,0.0271083555802467,0,1.97657890771924e-05,0,0,0,0,0,2.74983930791302e-05,0,0.000256976226986981,0,2.79988825754884e-05,0,0,0,0,0,0,0,0,0,0,0,0,0,8.21171471359584e-05,0,2.96872189210068e-06,0,0,0,0.000688415671789126,1.3410078076663e-05,0.0108596896598252,0,0,0,0.000532731578779196,0.000439894720082937,0.0017619360381893,1.66583874815071e-05,0.004434794861341,0,0,0,0,0,0.013604033629163,0,0.0166947590419503,0,0.00585783666142251,0,0,0.00165967098769221,0,0,0,0,0,0,0,0,0,0.00101266139806137,0,0,0,0,1.46686515304733e-05,5.18298393028737e-05,0,0.000141297304491659,0.000555333166130991,9.6318948337044e-06,0.0148019901879397,0,0.000850978663163348
0,0.0215236423542363,0,0,0,0.00613465340238418,0,0,0,0.02792058024995,0,0,0,0,0,0,3.89941059357018e-06,0.000141871146099166,0.000664710834686007,0.00276241443930869,0,0,0,0,0,0,0,0,0,0,0,0,0,0,0,9.45076458531785e-05,0,4.65919002550896e-06,0,0.00239373287996647,0,0.0213580226001278,0.000256818878122572,0,0,0.000399367094349457,0,0.000316082135404724,0.000283971027885383,0.00530497589924356,0,0.0131985197344836,0,0,0,0.0028408664055668,0,0.00976433723932203,0,0.00520778343134666,0,0.0704056097048727,0.00027641120317759,0,0,0,0,0,0,0,0,0,0.0165773626055251,0,0,0,0,0,0.000181036109780597,0,0.000226274460354253,0,0.0012240037501102,3.30616677929365e-05,0.029607654449632,0.00559079375546324,0
0,0,0.000652734120012268,0,0,0,0,0,0.00486594589934795,0,0,0,0.0104742320073203,0,0,0,9.20131901406412e-05,0,0,0,0.0160143604752525,0,0,0,0,0,0,0,0,0,0,0,0,0,0,0,4.91010291839098e-05,0,0,0,0.000287683555350515,0,0.00103405713745775,0,0,0,0,0,0.000570768027691728,9.79324163714271e-05,0.10606433107,0,0,0,0,0,9.55385592380661e-05,0,0.00382085806932505,0,0.000168102048723473,0,0,0.000873971218239645,0,0,0,0,0,0,0,0,0,0,0,0,0,0,2.99680535827489e-05,2.58383904743597e-05,0,0,3.33472815358503e-05,1.44215064876163e-06,0.00390272883189061,0,0
0,0,0,0.00613465340238418,0,0,0,0.00221074778440751,0,0,0,0,0,0,0,0,0,0,0,0.0119912105122215,0,0,0,0,0,0,0,0,0,0,0,0,0,0,0,0.000354655921967635,0,0,0,0.00028273752886793,0,0.000933843938241318,0,0,0,0.000199563109845244,0,2.94177708666183e-05,0.000264432255383799,0.00172997288559187,0,0.0458525339286984,0,0.00312200083477313,0,0,0,0.00019613665836124,0,0,0,7.16635191630871e-05,0.0015078864315824,0,0,0,0,0,0,0,0,0,7.91476652421356e-05,0,0,0,0,0,1.25669104618123e-05,0,1.4931680947792e-05,0,0.00183496319828593,0.000115530969365274,0.00934042894957182,0.000397794621076197,0
0,0,0,0,0,0,0,0,0,0,0,0,0.0315181881740904,0,0,0,0,0,0,0,0.0197504528904027,0,0,0,0,0,0,0,0,0,0,0,0,0,0,0,0,0,0,0,0,0,0,0,0,0,0,0,0,0,0,0,0,0,0,0,0,0,0.0181782677957588,0,0,0,0,0.000483253995390114,0,0,0,0,0,0,0,0,0,0,0,0,0,0,0,0,0,0,0,0,0,0,0
0,0,0,0,0,0.00221074778440751,0,0,0,0,0,0,0,0,0,0,0,0,0,0.00186284878257383,0,0,0,0,0,0,0,0,0,0,0,0,0,0,0,0,0,0,0,0,0,0,0,0,0,0,0,0,0,0,0,0,0,0,0,0,0,0,0,0,0,0,0.0005329197521925,0,0,0,0,0,0,0,0,0,0,0,0,0,0,0,0,0,0,0,2.06146647487603e-05,0,0,0,0
0.0435979245427366,0,0.0271083555802467,0,0.00486594589934795,0,0,0,0,0,0,0,0,0,0.00147317011665706,0,0.0124027588629155,0.00154693373220231,0.000343886693793409,0,0.00279867976545643,0,0.000355878455144322,0,0.00206209415556314,0,0.00159732560998638,0,0,0,0,0,0,0,0,0,1.18664214176802e-05,0,0.0010787403772854,1.5880936759437e-05,0,0,0,0,0,0,2.66628888789639e-05,0,0.0195098236505676,0,0,0,0,0,0.101989495044157,0,0,0,0,0,0.00196426127465895,0,0,0,0,0.000319611466070966,0,0.00298867322285205,0,0.00343117796306045,0,0,0,0,0,0,0,0,7.68131668233308e-06,1.44294496572842e-05,0,0.000282462876201835,0.00208177328269218,0,0.0219874120738923,0,0
0,0.0143614153167674,0,0.02792058024995,0,0,0,0,0,0,0,0,0,0,0,0.022894774919204,0,7.08324748625356e-05,0,0,0,0,0,0.00220608253060062,0,0.0097852620816689,0,0,0,0,0,0,0,0.000705145026996209,0,0,0,0.00203904663535043,0,0,0,9.85634911679293e-05,0,0,0,0,0,0,0,0.000233998913275324,0,0,0,0,0,0.157663365543197,0,0,0,0,0,0,0,0,0,0,0.00374919698088849,0,0.00156039642519832,0,0,0,0,0,0,0,0.000666126506550033,0,6.35948363812671e-05,0,0.000152532851792803,0,0.00346453943378032,3.14999851633584e-05,0.00237129564641748,0.00152416594308745,0
0,0,1.97657890771924e-05,0,0,0,0,0,0,0,0,0,0.0519818309231186,0,0,0,0,0,0,0,0.0369580344201595,0,0,0,0,0,0,0,0.00249657831213697,0,0,0,0,0,0,0,0.00310642779339381,0,0.0129743926361337,0,0,0,1.05631427829295e-05,0,0,0,0.000122515439326589,0,0,0,0,0,0,0,0,0,0.0304994809314512,0,0.00595437319775982,0,0,0,0,0.0174654534304622,0,0,0,0,0,0,0,0,0,0.000241622786852792,0,0,0,0,0,0.000228412184845998,0,0.000369425623615922,0.00266014259207303,0.000428587799794145,3.92948071326013e-05,0,0
0,0,0,0,0,0,0,0,0,0,0,0,0,0.0195961018176524,0,0,0,0,0,0.0303783097826018,0,0,0,0,0,0,0,0,0,8.12499700131898e-05,0,0,0,0,0,0.0033580146811424,0,0.0232852473598342,0,1.51455166384844e-05,0,0,0,0,0,0.000106692628189954,0,0,0,0,0,0,0,0,0,0,0,0.0197199323846379,0,0.00673596300864442,0,0,0.0115765874753091,0,0,0,0,0,0,0,0,0,0.000213165139095552,0,0,0,0,0,0.00225862016998966,0,0.00820607087324395,0,0.00115248292394538,1.5966591059873e-05,9.90040925496163e-05,0,0
0,0,0,0,0.0104742320073203,0,0.0315181881740904,0,0,0,0.0519818309231186,0,0,0,0.00377504953358466,0,0,0,0,0,0,0,0,0,0,0,0,0,0.00705500931983934,0,0,0,0,0,0,0,0,0,0,0,0,0,0,0,0,0,0,0,0,0,0,0,0.00100110881956483,0,0,0,0.0337991856360588,0,0.0618955119798897,0,0.000878770549914766,0,0,0,0,0,0,0,0,0,0,0,0,0,0,0,0,0,0,0,0,0,8.27951044855589e-05,0.000999186015788937,0,0,0
0,0,0,0,0,0,0,0,0,0,0,0.0195961018176524,0,0,0,0.0183766168672603,0,0,0,0,0,0,0,0,0,0,0,0,0,0.000404318125220016,0,0,0,0,0,0,0,0,0,0,0,0,0,0,0,0,0,0,0,0,0,0,0,0,0,0,0,0.00481164782278902,0,0.01412693513363,0,0.0180885878976917,0,0,0,0,0,0,0,0,0.000335737707175821,0,0,0,0,0,0,0,0,0,0,0,0.000266905444926211,0,0,0,0
0.00325647089753005,0,0,0,0,0,0,0,0.00147317011665706,0,0,0,0.00377504953358466,0,0,0,0.00278558222279888,2.03909558327839e-05,0.000208867921513718,0,0,0,3.61669867980992e-05,0,0,0,0,0,0,0,0,0,0,0,0,0,0,0,0,0,0,1.20375675243238e-05,0,0,0,0,0,0,0,0,0,0,0,0,0,0,0,0,0.0124374459719899,0,0.00453140103732718,0,0,0,0,0,0,0,0,0.000106392712131247,0,0,0,0,0,0,0,0,0,0,0,0,0.000229037242549582,0,0,0,0
0,0,0,0,0,0,0,0,0,0.022894774919204,0,0,0,0.0183766168672603,0,0,0,0.00250184485312443,0,0,0,4.43750190960053e-05,0,0,0,0.000294506125032325,0,0,0,0,0,0,0,0,0,0,0,0,0,0,0,2.47090959593656e-05,0,0,0,0,0,0,0,6.5523051956522e-05,0,0,0,0,0,0.0608360421265218,0,0,0,0,0,0.00660872460962308,0,0,0,0,0,0,0,0,0,0,0,0,0,0,0,0,0,0,0,0,0.00035600002268206,0,0,0,0
0,0,2.74983930791302e-05,3.89941059357018e-06,9.20131901406412e-05,0,0,0,0.0124027588629155,0,0,0,0,0,0.00278558222279888,0,0,0.166195749397338,0.0869355759151908,0,0,0,0.00752487953845198,0,0.00420766896936641,0.000896367290478773,0.0423272161187035,0,2.2625170975082e-05,0,0,0,0,0,0,0,0,0,0,0.00149250694374002,0.00249475462268299,0.00110262461955925,0.00230174264408235,0,0,0.000263838168976472,0.00144682202324855,0,2.45569600427659e-06,2.13569168334025e-05,0,0,0,0,9.47403180929609e-05,0,0.00022995791515476,8.53213805970893e-05,1.96004742658187e-05,0,0.0105103231412235,7.73899554487974e-06,0.000630242315056418,0.000243165015545709,0,0.00461872180369858,0,0,0.000289604578772506,0.026926735259878,0,0,0.000437593855635265,8.56074585341194e-05,0,0,0,0,0.00148051413781783,0.00237512980591337,0.000355761271997692,0.000494998354603351,0.0333163039109432,0.00551281124311057,0.00395586615419556,0.000420330485384703,0.000329829949670379
0,5.45494139160153e-06,0,0.000141871146099166,0,0,0,0,0.00154693373220231,7.08324748625356e-05,0,0,0,0,2.03909558327839e-05,0.00250184485312443,0.166195749397338,0,0.0772823234526414,0,0,0.000140726447278546,5.43664786246153e-06,6.03516373261333e-05,1.64124633567238e-05,0.03031425771213,0.00128617914661456,8.7351685078241e-05,0,0,0,0,0,0,0,5.49690311982609e-06,0,0,0,0.00219738243492243,0.000970804182159589,0.00240450948758802,0.000783468492769577,0,0,0.00057531804320044,0.000635885543280182,0,0,7.66874791375185e-06,0,0,0,0,0,0,6.3613864198359e-05,0.000352230550073265,0,0,0.000484587248969411,0.00053220339532649,0.000974789847185448,0.000323154238340712,0,0.000339627475484,0,0,0.00414609468557266,0.000368482437603759,0,0,0.000926598195685893,3.89100251798856e-05,0,0,0,0,0.00216502503981102,0.000888328954402671,0.000725669255235342,0.000120918439472795,0.02131415953539,0.00075199064943767,0.00288895535605284,0.000920255348316785,0.000190289964060795
0.00275594261620809,0.000922717238000109,0.000256976226986981,0.000664710834686007,0,0,0,0,0.000343886693793409,0,0,0,0,0,0.000208867921513718,0,0.0869355759151908,0.0772823234526414,0,0.000101611736446211,1.07866100491842e-05,0,0,0,2.89722404907212e-05,0.000879433166668679,0.000296824090412525,0,0,0,0,0,0,0,0,0.000106251549216696,0,1.82526592994323e-05,0,0.0295244568372173,0.0289772831766977,0.0225391609334708,0.0140628325312533,0,0,0.00569566397909473,0.0227685042516187,3.850009817915e-05,0.000161249152265861,0.000258674060212468,0,0.000123140079111206,0,0,0,0,0.0026998545970409,0.00164657530953927,1.0628038751284e-05,0,0.000167988670232258,0.000250666704199782,0.0114352720729923,0.0071765814577274,0,0.00021225723701343,0,0,0.000130083651188627,9.35444189027359e-05,0,0,0.00741313142026332,0.000786469458189026,0,0,0,0,0.0254510047586999,0.020900934968624,0.00610178169817461,0.00383318780284832,0.00962845283167305,3.36895308703438e-05,0.0510455340435954,0.0115330817936162,0.00323074609240784
0,0,0,0.00276241443930869,0,0.0119912105122215,0,0.00186284878257383,0,0,0,0.0303783097826018,0,0,0,0,0,0,0.000101611736446211,0,0,0,0,0,0,0,0,0,0,0,0,0,0,0,0,0.0195825015410972,0,0.00546702702247743,0,2.32452245632663e-05,0,0.000700108585356045,0,0,0,4.78498167477276e-05,0,0,4.03618810864801e-05,0.000452029626384444,0,0.0178393292138752,0,0.00524950866356732,0,0,0,0.00828018329434917,0,0,0,0,0.0474313424501114,0,0,0,0,0,0,0,0,0,0.000172722144331678,0,0,0,0,0,0.00390855008322238,0,0.00214344699380969,0,0.00144673009615381,0.000123666717388141,0.00644628620641962,0,0
0,0,2.79988825754884e-05,0,0.0160143604752525,0,0.0197504528904027,0,0.00279867976545643,0,0.0369580344201595,0,0,0,0,0,0,0,1.07866100491842e-05,0,0,0,0,0,0,0,0,0,0,0,0,0,0,0,0,0,0.0142799986668414,0,0.00116744761928687,0,0.000255557662814741,0,0.0010739200091529,0,0,0,0.00111440149418122,0.000121359843103245,0.000750297692182629,0,0.0227553329509955,0,0.000943850733332509,0,0,0,0.000185877059550867,0,0,0,0,0,0,0.0471054796550855,0,0,0,0,0,0,0,0,0,0,0,0,0,0,0,0.00630925349040511,0,0.00158652428635003,0.00148373463800273,0.000146590436102809,0.00736578835416984,0,0
0,0,0,0,0,0,0,0,0,0,0,0,0,0,0,4.43750190960053e-05,0,0.000140726447278546,0,0,0,0,0.00405032951963986,0.00152147053926959,0,0.000272467038633714,0,0,0,0,0,0,0,5.40505361813337e-05,0,0,0,0.00860309956285518,0,0,0,0,0,0,0,0,0,0,0,0.00184507568687236,0,0,0,0,0,0,0,0,0,0,0,0,0,0,0.0699998337206116,3.42964922310784e-05,0.000243865217720282,0,0.000722982739631888,0,0,0,0,0,0,0,0,0,0,0,0.0109041150263633,0,0.00225294300871316,0.000299512276724116,4.57192706780437e-05,0,0
0,0,0,0,0,0,0,0,0.000355878455144322,0,0,0,0,0,3.61669867980992e-05,0,0.00752487953845198,5.43664786246153e-06,0,0,0,0.00405032951963986,0,0,0.00321767584478193,0,0.00163020660955623,0,0.00629275292131197,0,0,0,0,0,0,0,0,0.00120193332919324,0.00171679830695281,0,0,0,0,0,0,0,0,4.02599949049509e-05,0.000617296611237821,0,0,0,0,0,0,0,0,0,0,0,0.00019115761446618,0,0,0,0,0.0599701634413384,0,2.3088458608059e-05,0,0.00290611937993326,0,0.000599400937606113,0,0,0,0,0,0,0,0,0,0.00416072193646511,0.00318307974564007,0.000995355784647687,0,0,0
0,0,0,0,0,0,0,0,0,0.00220608253060062,0,0,0,0,0,0,0,6.03516373261333e-05,0,0,0,0.00152147053926959,0,0,0,0.0205183326566628,0,0,0,0,0,0,0,0,0,0,0,0.00432549174905001,0,0,0,0,0,0,0,0,0,0,0,0.00126854778691144,0,0,0,0,0,0.0170746990049115,0,0,0,0,0,0,0,0,0.00215135188266434,0,0.0686587165897219,0,0.00581952899698309,0,0,0,0,0,0,0,0,0,0,0,0.000487477845442295,0,0.000167144789663168,0,0.00338464666505884,0,0
0,0,0,0,0,0,0,0,0.00206209415556314,0,0,0,0,0,0,0,0.00420766896936641,1.64124633567238e-05,2.89722404907212e-05,0,0,0,0.00321767584478193,0,0,0,0.0326914478917912,0,0,0,0,0,0,0,0,0,0,0,0.00274355311543242,0,0,0,0,0,0,0,0,0,0.00130259592927045,0,0,0,0,0,0.0130935907382078,0,0,0,0,0,0.000379302926945463,0,0,0,0,0.000293405028398326,0,0.0371051382057137,0,0.00375113350834031,0,0,0,0,0,0,0,0,1.74912327763327e-06,0,0,1.73352891164877e-05,0.000481516991851873,0,0.000505838884078152,0,0
0,0,0,0,0,0,0,0,0,0.0097852620816689,0,0,0,0,0,0.000294506125032325,0.000896367290478773,0.03031425771213,0.000879433166668679,0,0,0.000272467038633714,0,0.0205183326566628,0,0,0,0.00212144716800417,0,0,0,0,0,0,0,0,0,0,0,7.96940835812356e-05,0.000144669866477489,0,3.76684054888693e-05,0,0,0,0,0,0,0,0,0,0,0,0,0.00967899220186962,0,0,0,0,0,0,0,0,0.00332861769848663,0,0.0932489217555001,0,0.0179338748048675,0,0.000124137795373068,0,0,0,0,0,0,0,1.22275959509223e-05,0,0,0,0.00088910764584201,0,8.72266220274219e-05,3.97635619758575e-05,8.53244278988569e-05
0,0,0,0,0,0,0,0,0.00159732560998638,0,0,0,0,0,0,0,0.0423272161187035,0.00128617914661456,0.000296824090412525,0,0,0,0.00163020660955623,0,0.0326914478917912,0,0,0,0.00279803414447749,0,0,0,0,0,0,0,0,0,0,0,0,0,0,0,0,0,0,0,0,0,0,0,0,0,0.000183209513528817,0,0,0,0.000124536876683123,0,0.000524566170481328,0,0,0,0,8.43418482827374e-05,0,0,0,0.00203330468523319,0,0.000251679957727902,0,0,0,0,0,0,0,1.15904774579218e-05,0,0,0.00125124208576875,0,0,0,0
0,0,0,0,0,0,0,0,0,0,0,0,0,0,0,0,0,8.7351685078241e-05,0,0,0,0,0,0,0,0.00212144716800417,0,0,0,0.0186153629235375,0,0,0,0,0,0,0,0.000252025116461864,0,0,0,0,0,0,0,0,0,0,0,0,0,0,0,0,0,0,0,0,0,0.00306977737063416,0,0,0,0,0,0,0,0,0,0,0.0231376107285244,0,0.0101098028229528,0,0,0,0,0,0,0,0.000755339635748527,0,1.43752537258857e-05,0,0,0,0
0,0,0,0,0,0,0,0,0,0,0.00249657831213697,0,0.00705500931983934,0,0,0,2.2625170975082e-05,0,0,0,0,0,0.00629275292131197,0,0,0,0.00279803414447749,0,0,0,0.0193264998942918,0,0,0,0,0,0,0,0.00327059630004934,0,0,0,0,0,0,0,0,0,0,0,0,0,0,0,0,0,0,0,0.00244120702146831,0,0,0,0,0,0,0.00103449356622416,0,0,0,0,0,0.0352997900773014,0,0.00349274670446776,0,0,0,0,0,0,0,0.00025208810191394,0.000502595354789596,0,0,0,0
0,0,0,0,0,0,0,0,0,0,0,8.12499700131898e-05,0,0.000404318125220016,0,0,0,0,0,0,0,0,0,0,0,0,0,0.0186153629235375,0,0,0,0,0,0,0,0,0,0.00341902505298217,0,0,0,0,0,0,0,0,0,0,0,0,0,0,0,0,0,0,0,0.000916339705401316,0,6.34779571555555e-05,0,0,0,0,0,0,0,0,0,0,0,0,0.00626045418447492,0,0,0,0,0,0,0,0.00503726541624571,0,0,0,0,0,0
0,0,0,0,0,0,0,0,0,0,0,0,0,0,0,0,0,0,0,0,0,0,0,0,0,0,0,0,0.0193264998942918,0,0,0,0,0,0,0,0,0,0.00044007731954125,0,0,0,0,0,0,0,0,0,0,0,0,0,0,0,0,0,0,0,0,0,0,0,0,0,0,0,0,0,0,0,0,0,0,0.0118959494860953,0,0,0,0,0,0,0,0,1.54565116040916e-05,0,0,0,0
0,0,0,0,0,0,0,0,0,0,0,0,0,0,0,0,0,0,0,0,0,0,0,0,0,0,0,0,0,0,0,0,0.0685538648036694,0.00147688952269326,0,0.0065304391446214,0,0,0,2.72597480129608e-05,0,0,0,0,0,0,0,0.0980189947344613,0.000115359139613016,0.000302557439870268,0,0,0,0,0,0,0,0,0,0,0,0,0,0,0,0,0,0,0,0,0,0,0,0,0.209855574622667,0.0769402333302168,0.000934301628180839,0,0.00276149261380011,4.42232008392956e-05,0,0,0.000904469824581364,0,0,0,0
0,0,0,0,0,0,0,0,0,0,0,0,0,0,0,0,0,0,0,0,0,0,0,0,0,0,0,0,0,0,0,0.0685538648036694,0,0.000103124065280187,0.00634140078488384,0,0.00317915562850162,0,0,0,0,0,0,0,0,0,0,0.0874213089081774,0.000547485930894771,0.000799756175268942,0,0,0,0,0,0,0,0,0,0,0,0,0,0,0,0,0,0,0,0,0,0,0,0,0.0943811045310926,0.323466899914133,7.02970162005804e-05,0.023981103575726,2.59258941958465e-05,0.00385532044742237,0,0,0.000277981224344775,0,0,0,0
0,0,0,0,0,0,0,0,0,0.000705145026996209,0,0,0,0,0,0,0,0,0,0,0,5.40505361813337e-05,0,0,0,0,0,0,0,0,0,0.00147688952269326,0.000103124065280187,0,0.0827620616346242,0.00871955449908319,0,0.00756213367885699,0.00237629650158788,7.61903479014696e-05,0,8.28956619889597e-05,0,0,0,0,0,0.281853887100585,0.00038651630486278,0.00244766902079333,0,0,0,0,0,0.000329461758197952,0,0,0,0,0,0,0,0,2.62254457645818e-05,0,0,0,0,0,0,0,0,0,0.00123088576742441,3.98602648199126e-05,0.10047305638469,0.00838899976728696,0.00429523350109052,0,0.00648072219537021,0.000582510989987074,0.004391942025098,0,0.000272686442504725,0,0
0,0,8.21171471359584e-05,0,0,0,0,0,0,0,0,0,0,0,0,0,0,0,0,0,0,0,0,0,0,0,0,0,0,0,0,0,0.00634140078488384,0.0827620616346242,0,0,0.0064165471534984,0,0,0,0,3.29029953813093e-05,0.000174800238597289,0,0,0,8.34185824066021e-05,0.298549169551294,0.00427133041487173,0.000572566167887013,0,0,0,0,0,0,0,0,0,0,0,0,0,0,0,0,0,0,0,0,0,0,0,0,0,0.00659186316812145,0,0.105737268873695,0,0.00218854035838821,0,0.00107451404450854,0.00169665847225258,0,0.00150964053442863,0,0
0,0,0,9.45076458531785e-05,0,0.000354655921967635,0,0,0,0,0,0.0033580146811424,0,0,0,0,0,5.49690311982609e-06,0.000106251549216696,0.0195825015410972,0,0,0,0,0,0,0,0,0,0,0,0.0065304391446214,0,0.00871955449908319,0,0,0.00793813597224173,0.0176024831630403,0,0.000263321079914049,0,5.98217961606507e-05,1.31774999200387e-06,0,0,0.000431968861043103,0,0.00125403216803731,0.00034459726101095,0.00042218850889192,0,0.000892535974727526,0,0,0,0,0,0.000231397476110105,0,0,0,2.55185222804719e-06,0.0184713146448837,0,0,0,0,0,0,0,0,0,3.76654604662543e-05,0,0.00145145597566921,0,0.00287093169202954,0,0.0744840490102294,0.0022953802751711,0.00138764619597431,0,0.00602097282782521,0.00116004057878235,0.00471854496115745,5.66548964400779e-06,0
0,0,2.96872189210068e-06,0,4.91010291839098e-05,0,0,0,1.18664214176802e-05,0,0.00310642779339381,0,0,0,0,0,0,0,0,0,0.0142799986668414,0,0,0,0,0,0,0,0,0,0,0,0.00317915562850162,0,0.0064165471534984,0.00793813597224173,0,0,0.0151154670572454,0,2.31067340104764e-05,0,2.67200258443247e-05,0,0,0,0.00062648616925443,0.000227169930328805,0.00126489136308019,3.08351178627472e-05,0.000444945493545059,0,0,0,0,0,3.57161717483706e-05,0,2.22827789614088e-05,0,0,0,0,0.00620421834450514,0,0,0,0,0,0,0,0,0,0,0,0.00380370741021258,0,0.000135452650000196,0.000697759438073538,0.0600560800411267,0,0.00106931861040652,0.00895675120831982,0.000301484043692228,0.00479825299039417,0,0
0,3.23391327798622e-06,0,4.65919002550896e-06,0,0,0,0,0,0.00203904663535043,0,0.0232852473598342,0,0,0,0,0,0,1.82526592994323e-05,0.00546702702247743,0,0.00860309956285518,0.00120193332919324,0.00432549174905001,0,0,0,0.000252025116461864,0,0.00341902505298217,0,0,0,0.00756213367885699,0,0.0176024831630403,0,0,0.00826628938230766,2.92582277393639e-06,0,0.000115541062743018,0,0,0,0.000346082818765095,0,3.11355226462987e-05,2.52753331933379e-06,0.00966075532525225,0,0,0,0,0,0.00237895687393641,0,0.000578153455461951,0,0,0,1.13120633566115e-05,0.0031248927633683,0,0.00559141592964728,0,0.00309793441984265,0,0,0,0.00015199221779834,0,0,0,0,0,0.00449408894118925,0,0.00948212482409392,0,0.0762658942178514,0.000595316953043033,0.00562521540338443,4.60675645396194e-05,0.00398154164707389,3.836319169846e-06,0
0,0,0,0,0,0,0,0,0.0010787403772854,0,0.0129743926361337,0,0,0,0,0,0,0,0,0,0.00116744761928687,0,0.00171679830695281,0,0.00274355311543242,0,0,0,0.00327059630004934,0,0.00044007731954125,0,0,0.00237629650158788,0,0,0.0151154670572454,0.00826628938230766,0,0,0,0,1.22619076364143e-05,0,0,0,8.91791523769119e-05,0.000407263024528354,0.0109716128908582,2.83166062000855e-05,0,0,0,0,0.00266922577783237,0,0.000272919606030371,0,0,0,0,0,0,0.00164672501580863,0,0.00123487165724209,0,7.46539406285313e-05,0,0,0,0,0,0.000981383848186783,0,0,0,0,0,0.00165381273987013,0,0.0811375515422096,0.00687142733523308,0.000102886925232974,0.00306226260457576,0,0
0,0.000223470252989314,0,0.00239373287996647,0,0.00028273752886793,0,0,1.5880936759437e-05,0,0,1.51455166384844e-05,0,0,0,0,0.00149250694374002,0.00219738243492243,0.0295244568372173,2.32452245632663e-05,0,0,0,0,0,7.96940835812356e-05,0,0,0,0,0,2.72597480129608e-05,0,7.61903479014696e-05,0,0.000263321079914049,0,2.92582277393639e-06,0,0,0.0013924911767632,0.049361782152333,0.000474628170631125,3.24273965961897e-05,0,0.011660307992572,0.000163187232180577,0.0061901800491863,0,0.0184697694907093,0,0.000747685908360447,0,0,0,0,2.22931080092847e-05,0.000931110476467595,0,4.30436569561502e-05,0,0.000155239351172338,0.0111592539860505,0.000116210435272643,0,0,0,0,0,0,0,0,0.00350875042163862,0,0.000761557339330121,0,0,0,0.0061302283640828,0.000201303035841825,0.0017728083440292,2.35481557377274e-05,0.000879579651348162,0.000180354143900594,0.0284483111311811,0.0269056023741217,0.000198704822694085
0.000583503324826444,0,0.000688415671789126,0,0.000287683555350515,0,0,0,0,0,0,0,0,0,0,0,0.00249475462268299,0.000970804182159589,0.0289772831766977,0,0.000255557662814741,0,0,0,0,0.000144669866477489,0,0,0,0,0,0,0,0,0,0,2.31067340104764e-05,0,0,0.0013924911767632,0,0.000832116760344529,0.0612526768980043,0,0,4.43562183601898e-05,0.0246049754201672,5.12099600505511e-05,0.0041658269821206,0,0.000855436414181959,0,0,0,0,0,0.00164091995095523,8.93675993118264e-05,0.00025501244573977,0,0.00104399182535494,0,0.000493779723022029,0.0326106082619236,0,0,0,0,0,0,0,0,0.000303668586282599,0.00050780151285301,0,0,0,0,0.000256549692661628,0.0115362406176407,0.000150110164820156,0.00258914180348083,0.00106089858125403,0.000117118753711402,0.0359449990180079,0.000382130361834521,0.0199924259155173
2.95213261553308e-05,0.015286207671516,1.3410078076663e-05,0.0213580226001278,0,0.000933843938241318,0,0,0,9.85634911679293e-05,0,0,0,0,1.20375675243238e-05,2.47090959593656e-05,0.00110262461955925,0.00240450948758802,0.0225391609334708,0.000700108585356045,0,0,0,0,0,0,0,0,0,0,0,0,0,8.28956619889597e-05,3.29029953813093e-05,5.98217961606507e-05,0,0.000115541062743018,0,0.049361782152333,0.000832116760344529,0,0.0144278717883711,0.000418408389282362,0,0.00672201369000135,0.000434805548412108,0.0030343420257849,0.000447342274100569,0.0172758070262123,3.12833405774872e-05,0.00186841376496618,0,0,0,0,0.00013508150171989,0.0634604498632848,0,7.73011578184082e-05,3.22556015293352e-05,0.00274089808806926,0.0133271949296028,8.30338700273255e-05,0,0,0,0,0,0,0,0,0.0275113716264683,7.83520608021475e-05,0,0,2.24608341042703e-05,0,0.0148359718946165,0.000290870968110829,0.0025494627002343,5.73829736726119e-05,0.00380923883314651,0.000741956032643265,0.0974266428249352,0.0594936141599112,0.000262782968367732
0.00207506969612327,0.000128861058542626,0.0108596896598252,0.000256818878122572,0.00103405713745775,0,0,0,0,0,1.05631427829295e-05,0,0,0,0,0,0.00230174264408235,0.000783468492769577,0.0140628325312533,0,0.0010739200091529,0,0,0,0,3.76684054888693e-05,0,0,0,0,0,0,0,0,0.000174800238597289,1.31774999200387e-06,2.67200258443247e-05,0,1.22619076364143e-05,0.000474628170631125,0.0612526768980043,0.0144278717883711,0,0.000154318821836656,0,4.87030551101712e-06,0.0109514477652528,0.00357673374740208,0.0158432298799115,0.000313750294808185,0.00230923343578273,0,0,0,0,0,0.0431788710914037,9.35320243853833e-05,0.000968662229224358,0,0.0014654878591179,0,0.000334293835906484,0.022040273705565,0,0,0,0,0,0,0,0,0.000167445156384695,0.0107805292378909,0,0,0,3.16983715961542e-05,0.000194067305652832,0.0148495714735288,8.7136032417323e-05,0.00228427016712596,0.00339018571485354,0.000532388569116734,0.122018541983415,0.000573239519644279,0.0244086577524244
0,0,0,0,0,0,0,0,0,0,0,0,0,0,0,0,0,0,0,0,0,0,0,0,0,0,0,0,0,0,0,0,0,0,0,0,0,0,0,3.24273965961897e-05,0,0.000418408389282362,0.000154318821836656,0,0,0,0,0,0,0,0,0,0,0,0,0,0,0,0,0,0,0,0,0,0,0,0,0,0,0,0,0,0,0,0,0,0,0,5.8406220837145e-06,0,0,0,0.000111822301069433,7.36845700353315e-07,0.000376011444686845,0,0
0,0,0,0,0,0,0,0,0,0,0,0,0,0,0,0,0,0,0,0,0,0,0,0,0,0,0,0,0,0,0,0,0,0,0,0,0,0,0,0,0,0,0,0,0,0,2.19892156485863e-05,0,0,0,0,0,0,0,0,0,0,0,0,0,0,0,0,0,0,0,0,0,0,0,0,0,0,0,0,0,0,0,0,0,0,0,0,0,0,0,0
0,3.87191711601793e-05,0,0.000399367094349457,0,0.000199563109845244,0,0,0,0,0,0.000106692628189954,0,0,0,0,0.000263838168976472,0.00057531804320044,0.00569566397909473,4.78498167477276e-05,0,0,0,0,0,0,0,0,0,0,0,0,0,0,0,0.000431968861043103,0,0.000346082818765095,0,0.011660307992572,4.43562183601898e-05,0.00672201369000135,4.87030551101712e-06,0,0,0,2.08398383049154e-05,0.000248728390989432,0.000369203116441636,0.00248299050973777,0,3.11224348689848e-05,0,0,0,0,0.000103939610627481,0.00129122329122233,8.80826759320179e-06,0,0,0.000367378950319176,0.0185548530149993,1.00414980438023e-05,0,0,0,0,0,0,0,0,0.0152486710840599,7.78517627147042e-05,0,0,0,0,0.0136640547535788,7.19387018848623e-05,0.00911481836007298,1.13389670515907e-05,0.000397735141624089,0.000113528458539605,0.0200555892134454,0.00113956218600938,0
0.00267287977717954,0,0.000532731578779196,0,0,0,0,0,2.66628888789639e-05,0,0.000122515439326589,0,0,0,0,0,0.00144682202324855,0.000635885543280182,0.0227685042516187,0,0.00111440149418122,0,0,0,0,0,0,0,0,0,0,0,0,0,8.34185824066021e-05,0,0.00062648616925443,0,8.91791523769119e-05,0.000163187232180577,0.0246049754201672,0.000434805548412108,0.0109514477652528,0,2.19892156485863e-05,2.08398383049154e-05,0,0.000263227193892659,0.00224000629941654,6.53175285828126e-05,0.000391704822751254,0,0,0,0,0,0.0033988137748957,0,0.000201800967907882,0,0.000361333031630983,0,6.27665897624721e-06,0.0475987593832699,0,0,0,0,0,0,0,0,0.000109682760703622,0.00101580074156317,0,0,0,3.02708346362163e-05,0.000150617087661675,0.0205598259147396,6.82114741699636e-06,0.00659662477560634,0.00102908142339531,0.00017331870120705,0.0396874256614492,0.000265425404109382,0.000681755866458848
7.17414746616513e-05,0,0.000439894720082937,0.000316082135404724,0,2.94177708666183e-05,0,0,0,0,0,0,0,0,0,0,0,0,3.850009817915e-05,0,0.000121359843103245,0,4.02599949049509e-05,0,0,0,0,0,0,0,0,0.0980189947344613,0.0874213089081774,0.281853887100585,0.298549169551294,0.00125403216803731,0.000227169930328805,3.11355226462987e-05,0.000407263024528354,0.0061901800491863,5.12099600505511e-05,0.0030343420257849,0.00357673374740208,0,0,0.000248728390989432,0.000263227193892659,0,0.0766107847168771,0.0747102175205344,0.000157053080950257,0.00018812709101599,0,0,0,0,9.20161273792316e-05,0.000104389262710025,0,2.74776150349155e-05,2.6255365995459e-05,4.49387038210531e-05,2.58482996248107e-05,3.16383228370882e-05,0,0,0,0,0,0,0,0,0,0,0.140387080792119,0.363069918546476,0.0435972299582942,0.036032823465243,0.0183752462361431,0.00729015456386633,5.42096633021645e-06,0.00718249237216757,0.00612775075397234,2.86868645211884e-05,0.0207778737933918,0,0
0.0126155521721441,2.24516943349003e-05,0.0017619360381893,0.000283971027885383,0.000570768027691728,0.000264432255383799,0,0,0.0195098236505676,0,0,0,0,0,0,0,2.45569600427659e-06,0,0.000161249152265861,4.03618810864801e-05,0.000750297692182629,0,0.000617296611237821,0,0.00130259592927045,0,0,0,0,0,0,0.000115359139613016,0.000547485930894771,0.00038651630486278,0.00427133041487173,0.00034459726101095,0.00126489136308019,2.52753331933379e-06,0.0109716128908582,0,0.0041658269821206,0.000447342274100569,0.0158432298799115,0,0,0.000369203116441636,0.00224000629941654,0.0766107847168771,0,0.00961085185511205,0.000836983218487633,2.52051520517682e-05,0,0,0.00250742536246789,0,0.000527712963196492,7.45359826709162e-05,0.000270580269485078,1.24374501666064e-05,0.0064992142772562,0.000303239970019407,0,0.000322794516927278,0,0.00533927410546598,0,0.000922303679011378,0,0,0,0.000116301720303156,6.82630850848757e-05,0.00377830343573147,2.61362943517057e-05,0.000258175664489827,6.49126534381906e-05,0.005228134262072,1.18875304239916e-05,0.00258422487483531,0,0.0139831033856469,0.00282411445547051,0.000165847155059875,0.0408833422324812,0.000127041669506719,0.000276152838421863
0,0.00949579997549495,1.66583874815071e-05,0.00530497589924356,9.79324163714271e-05,0.00172997288559187,0,0,0,0.000233998913275324,0,0,0,0,0,6.5523051956522e-05,2.13569168334025e-05,7.66874791375185e-06,0.000258674060212468,0.000452029626384444,0,0.00184507568687236,0,0.00126854778691144,0,0,0,0,0,0,0,0.000302557439870268,0.000799756175268942,0.00244766902079333,0.000572566167887013,0.00042218850889192,3.08351178627472e-05,0.00966075532525225,2.83166062000855e-05,0.0184697694907093,0,0.0172758070262123,0.000313750294808185,0,0,0.00248299050973777,6.53175285828126e-05,0.0747102175205344,0.00961085185511205,0,0,0.000963882144101458,0,0,0,5.35857010756889e-05,1.65533813673241e-05,0.00128286580202585,0,0.00011392391959068,0,0.00227064948237022,0.0008041575850728,1.3444018687532e-05,0.00454501431827645,0,0.00321070002798452,0,0.01164865469768,0,0.00804744201510199,0,0.00399360819261065,0,0.00195083701997025,5.94780359704564e-05,9.00310203726027e-05,0.000238640463483063,0.00289591637074936,3.55439531990779e-06,0.0162857070112188,0.000157664254825593,0.00204301639106078,0.000283394913751388,0.0381776456789485,0.000822873663878715,0
0,0,0.004434794861341,0,0.10606433107,0,0,0,0,0,0,0,0,0,0,0,0,0,0,0,0.0227553329509955,0,0,0,0,0,0,0,0,0,0,0,0,0,0,0,0.000444945493545059,0,0,0,0.000855436414181959,3.12833405774872e-05,0.00230923343578273,0,0,0,0.000391704822751254,0.000157053080950257,0.000836983218487633,0,0,0,0,0,0,0,0.0013597319962569,0,1.80171191292355e-05,0,0,0,0,0.0177675699103667,0,0,0,0,0,0,0,0,0,0,0,0,0,0,2.07485044061362e-05,0.000255910008527661,0,7.60095682504882e-05,0.0004140559546509,1.51895261128788e-05,0.018962399173055,0,0
0,0,0,0.0131985197344836,0,0.0458525339286984,0,0,0,0,0,0,0,0,0,0,0,0,0.000123140079111206,0.0178393292138752,0,0,0,0,0,0,0,0,0,0,0,0,0,0,0,0.000892535974727526,0,0,0,0.000747685908360447,0,0.00186841376496618,0,0,0,3.11224348689848e-05,0,0.00018812709101599,2.52051520517682e-05,0.000963882144101458,0,0,0,0,0,0,0,0.000579958906286932,0,0,0,0,0.00160822301048604,0,0,0,0,0,0,0,0,0,0.000367220695087576,0,0,0,0,0,6.53220351418672e-05,0,0,0,0.000540640475102165,7.22744603118226e-05,0.00952098068805406,0,0
0,0,0,0,0,0,0,0,0,0,0,0,0.00100110881956483,0,0,0,0,0,0,0,0.000943850733332509,0,0,0,0,0,0,0,0,0,0,0,0,0,0,0,0,0,0,0,0,0,0,0,0,0,0,0,0,0,0,0,0,0,0,0,0,0,0.00020419826640415,0,0,0,0,0,0,0,0,0,0,0,0,0,0,0,0,0,0,0,0,0,0,0,0,0,0,0,0
0,0,0,0,0,0.00312200083477313,0,0,0,0,0,0,0,0,0,0,0,0,0,0.00524950866356732,0,0,0,0,0,0,0,0,0,0,0,0,0,0,0,0,0,0,0,0,0,0,0,0,0,0,0,0,0,0,0,0,0,0,0,0,0,0,0,0,0,0,0.00157305007368553,0,0,0,0,0,0,0,0,0,0,0,0,0,0,0,0,0,0,0,0.000279840924343535,0,0,0,0
0.0296083933236164,0,0,0,0,0,0,0,0.101989495044157,0,0,0,0,0,0,0,9.47403180929609e-05,0,0,0,0,0,0,0,0.0130935907382078,0,0.000183209513528817,0,0,0,0,0,0,0,0,0,0,0,0.00266922577783237,0,0,0,0,0,0,0,0,0,0.00250742536246789,0,0,0,0,0,0,0,0,0,0,0,0.00969807408606546,0,0,0,0,0,0,0.0160379582357906,0,0.00103165994184841,0,0,0,0,0,0,0,0,0,0,0,0.00378549934979873,5.03037654266376e-05,0,0.00792505040822402,0,0
0,0.0373792515994697,0,0.0028408664055668,0,0,0,0,0,0.157663365543197,0,0,0,0,0,0.0608360421265218,0,0,0,0,0,0,0,0.0170746990049115,0,0.00967899220186962,0,0,0,0,0,0,0,0.000329461758197952,0,0,0,0.00237895687393641,0,0,0,0,0,0,0,0,0,0,0,5.35857010756889e-05,0,0,0,0,0,0,0,0,0,0,0,0.0248274291025047,0,0,0,0,0.0735100115456303,0,0.0109024280340988,0,0,0,0,0,0,0,0.00141840362366746,0,0,0,0.00177604334960363,0,0.000163836377104222,0,0.000153373920206018,0,0
0.000352033223464778,0,0.013604033629163,0,9.55385592380661e-05,0,0,0,0,0,0.0304994809314512,0,0.0337991856360588,0,0,0,0.00022995791515476,6.3613864198359e-05,0.0026998545970409,0,0.000185877059550867,0,0,0,0,0,0,0,0,0,0,0,0,0,0,0,3.57161717483706e-05,0,0.000272919606030371,2.22931080092847e-05,0.00164091995095523,0.00013508150171989,0.0431788710914037,0,0,0.000103939610627481,0.0033988137748957,9.20161273792316e-05,0.000527712963196492,1.65533813673241e-05,0.0013597319962569,0,0,0,0,0,0,4.29827726306734e-05,0.00477686167661507,0,0.000620100978024299,0,7.90449637806667e-06,0.0116691793375876,0,0,0,0,0,0,0,0.000349503716279287,2.94944502671724e-05,0.020843143578735,0,0,0,0,4.24034772244157e-05,0.000602116845802178,1.16327061071837e-05,5.51701412709766e-05,0.000702699383549102,6.67934751713278e-05,0.0271199621881476,7.32699309679656e-05,0.00921988605650662
0,2.33088659131054e-05,0,0.00976433723932203,0,0.00019613665836124,0,0,0,0,0,0.0197199323846379,0,0.00481164782278902,0,0,8.53213805970893e-05,0.000352230550073265,0.00164657530953927,0.00828018329434917,0,0,0,0,0,0,0,0,0,0.000916339705401316,0,0,0,0,0,0.000231397476110105,0,0.000578153455461951,0,0.000931110476467595,8.93675993118264e-05,0.0634604498632848,9.35320243853833e-05,0,0,0.00129122329122233,0,0.000104389262710025,7.45359826709162e-05,0.00128286580202585,0,0.000579958906286932,0,0,0,0,4.29827726306734e-05,0,0,0.000287033690229456,0,0.000319369296465343,0.0217369480994321,0,0,0,0,0,0,0,0.00252428410209494,0,0.0294216295350196,0,0,0,0,0,0.000401983112225223,2.43651645892126e-05,0.000338387399083712,0,0.000738135819361528,3.73984300347288e-05,0.0211203854628576,0.0140711142233473,0
0,0,0.0166947590419503,0,0.00382085806932505,0,0.0181782677957588,0,0,0,0.00595437319775982,0,0.0618955119798897,0,0.0124374459719899,0,1.96004742658187e-05,0,1.0628038751284e-05,0,0,0,0,0,0,0,0.000124536876683123,0,0.00244120702146831,0,0,0,0,0,0,0,2.22827789614088e-05,0,0,0,0.00025501244573977,0,0.000968662229224358,0,0,8.80826759320179e-06,0.000201800967907882,0,0.000270580269485078,0,1.80171191292355e-05,0,0.00020419826640415,0,0,0,0.00477686167661507,0,0,0,0.0112284102944278,0,0,0.000236293896870601,0,0,0,0,0,0,0,0,0,0.000111193998608023,0,0,0,0,1.15482013911291e-06,9.10128328606637e-05,0,2.71156984062464e-05,0.000425433849977457,7.43581237034228e-05,0.00235343212159835,0,0
0,0.000494551127870368,0,0.00520778343134666,0,0,0,0,0,0,0,0.00673596300864442,0,0.01412693513363,0,0,0,0,0,0,0,0,0,0,0,0,0,0.00306977737063416,0,6.34779571555555e-05,0,0,0,0,0,0,0,0,0,4.30436569561502e-05,0,7.73011578184082e-05,0,0,0,0,0,2.74776150349155e-05,1.24374501666064e-05,0.00011392391959068,0,0,0,0,0,0,0,0.000287033690229456,0,0,0,0.0111338350387259,1.26046402276737e-05,0,0,0,0,0,7.51411452771973e-05,0,0.00011447767102967,0,0.000111526202270672,0,0,0,0,0,3.22517112715925e-06,0,0,0,0.000148455444127334,1.16387000161922e-05,0.00143956775227147,3.52238218349741e-05,0
0.0215847070364311,0,0.00585783666142251,0,0.000168102048723473,0,0,0,0.00196426127465895,0,0,0,0.000878770549914766,0,0.00453140103732718,0,0.0105103231412235,0.000484587248969411,0.000167988670232258,0,0,0,0.00019115761446618,0,0.000379302926945463,0,0.000524566170481328,0,0,0,0,0,0,0,0,0,0,0,0,0,0.00104399182535494,3.22556015293352e-05,0.0014654878591179,0,0,0,0.000361333031630983,2.6255365995459e-05,0.0064992142772562,0,0,0,0,0,0.00969807408606546,0,0.000620100978024299,0,0.0112284102944278,0,0,0,0,0.000382192190960624,0,0,0,0,0,0.000243267361447709,0,0,0,0.000241851059999215,0,0,0,3.33146712473214e-05,4.08844001415637e-06,9.53479769182827e-05,2.08049693760889e-06,2.76336016735712e-05,0.000315508121676196,0,0.00132997938295815,0,0.000425978054284057
0,0.0244319997475867,0,0.0704056097048727,0,7.16635191630871e-05,0,0,0,0,0,0,0,0.0180885878976917,0,0.00660872460962308,7.73899554487974e-06,0.00053220339532649,0.000250666704199782,0,0,0,0,0,0,0,0,0,0,0,0,0,0,0,0,2.55185222804719e-06,0,1.13120633566115e-05,0,0.000155239351172338,0,0.00274089808806926,0,0,0,0.000367378950319176,0,4.49387038210531e-05,0.000303239970019407,0.00227064948237022,0,0,0,0,0,0.0248274291025047,0,0.000319369296465343,0,0.0111338350387259,0,0,0.000147742296251449,0,0,0,0.000105537662077536,0,0.000486027749351907,0,0,0,0.000411929001175396,0,0,0,0,0,0,4.83868276293908e-06,1.00172740739526e-05,0,0.000226701759210177,0,0.00150172524986343,6.45569784999724e-05,0
0,0,0,0.00027641120317759,0,0.0015078864315824,0,0.0005329197521925,0,0,0,0.0115765874753091,0,0,0,0,0.000630242315056418,0.000974789847185448,0.0114352720729923,0.0474313424501114,0,0,0,0,0,0,0,0,0,0,0,0,0,0,0,0.0184713146448837,0,0.0031248927633683,0,0.0111592539860505,0.000493779723022029,0.0133271949296028,0.000334293835906484,0,0,0.0185548530149993,6.27665897624721e-06,2.58482996248107e-05,0,0.0008041575850728,0,0.00160822301048604,0,0.00157305007368553,0,0,7.90449637806667e-06,0.0217369480994321,0,1.26046402276737e-05,0,0.000147742296251449,0,0.000126705276084896,0,0,0,0,0,0,0,0,0.0368091080448193,0,0,0,0,0,0.0211496248559845,9.53179072445658e-05,0.0151952974495075,1.79596368341579e-05,0.00238249253403107,0.000245525703027035,0.0308767217366812,0.000650071219727555,0.000222627326093569
0.000501855328251124,0,0.00165967098769221,0,0.000873971218239645,0,0.000483253995390114,0,0,0,0.0174654534304622,0,0,0,0,0,0.000243165015545709,0.000323154238340712,0.0071765814577274,0,0.0471054796550855,0,0,0,0,0,0,0,0,0,0,0,0,0,0,0,0.00620421834450514,0,0.00164672501580863,0.000116210435272643,0.0326106082619236,8.30338700273255e-05,0.022040273705565,0,0,1.00414980438023e-05,0.0475987593832699,3.16383228370882e-05,0.000322794516927278,1.3444018687532e-05,0.0177675699103667,0,0,0,0,0,0.0116691793375876,0,0.000236293896870601,0,0.000382192190960624,0,0.000126705276084896,0,0,0,0,0,0,0,0,0,0,0.000547015094824833,0,0,0,0,0.00010461570000651,0.0146611171422785,1.57182651100567e-05,0.00848964275983768,0.000636278132059054,5.19085498067702e-05,0.0396802302223253,0.000568961835650168,0.00143318649614063
0,0,0,0,0,0,0,0,0,0,0,0,0,0,0,0,0,0,0,0,0,0.0699998337206116,0,0.00215135188266434,0,0.00332861769848663,0,0,0,0,0,0,0,2.62254457645818e-05,0,0,0,0.00559141592964728,0,0,0,0,0,0,0,0,0,0,0,0.00454501431827645,0,0,0,0,0,0,0,0,0,0,0,0,0,0,0,0,0.00236451914330301,0,0.00305438417220999,0,1.28686796262148e-05,0,0,0,0,0,0,0,0,0,0.00359393353332574,0,0.000445458116719311,0,0.00022075115268904,0,0
0,0,0,0,0,0,0,0,0.000319611466070966,0,0,0,0,0,0,0,0.00461872180369858,0.000339627475484,0.00021225723701343,0,0,3.42964922310784e-05,0.0599701634413384,0,0.000293405028398326,0,8.43418482827374e-05,0,0.00103449356622416,0,0,0,0,0,0,0,0,0,0.00123487165724209,0,0,0,0,0,0,0,0,0,0.00533927410546598,0,0,0,0,0,0,0,0,0,0,0,0,0,0,0,0,0,0,0.00647983446672912,0,0.015774043391165,0,0.00887625277356315,0,0,0,0,0,0,0,1.57580422107076e-06,0,0.00375007443635741,0.000507873512224891,0,0,0,0
0,0,0,0,0,0,0,0,0,0.00374919698088849,0,0,0,0,0,0,0,0,0,0,0,0.000243865217720282,0,0.0686587165897219,0,0.0932489217555001,0,0,0,0,0,0,0,0,0,0,0,0.00309793441984265,0,0,0,0,0,0,0,0,0,0,0,0.00321070002798452,0,0,0,0,0,0.0735100115456303,0,0,0,0,0,0.000105537662077536,0,0,0.00236451914330301,0,0,0,0.198281152958015,0,0,0,0,0,0,0,0,0,0,0,0.00128198143553507,0,0.000269891612336549,0,0.00603215495993538,0,0
0,0,0,0,0,0,0,0,0.00298867322285205,0,0,0,0,0,0,0,0,0,0,0,0,0,2.3088458608059e-05,0,0.0371051382057137,0,0,0,0,0,0,0,0,0,0,0,0,0,7.46539406285313e-05,0,0,0,0,0,0,0,0,0,0.000922303679011378,0,0,0,0,0,0.0160379582357906,0,0,0,0,0,0,0,0,0,0,0.00647983446672912,0,0,0,0.000271996653312222,0,0,0,0,0,0,0,0,0,0,0,0.000184576502522734,3.24015881351161e-05,0,0.000476085769104893,0,0
