0,0,5.03272540728251,0,0,0,0,0,5.05222884707413,0,0,0,0,0,0,0,0,0,17.8283462524414,0,34.629581451416,0,0,0,0,0,0,0,0,0,0,0,0,0,0,0,60.3002471923828,0,0,0,0,0,16.2507781982422,0,0,0,16.5866394042969,0,4.48463249134838,0,0,0,0,0,4.57387857688101,0,6.97220381792041,0,6.3317086851442,0,5.29879464964936,0,0,28.4468444824219,0,0,0,6.84081482887268,0,0,0,0,0,0,0,0,0,0,0,49.2121568159624,0,34.4451721191406,5.61890764651951,0,5.51597277289075,0,0
0,0,0,4.51971757075207,0,0,0,0,0,4.5052055199941,0,0,0,0,0,0,0,0,26.9668769836426,0,0,25.2519521384404,0,19.7684756384956,0,0,0,0,0,0,0,0,0,0,0,0,0,28.0094736417135,0,0,0,16.892804239717,0,0,0,15.3802145004272,0,0,0,7.24619654992047,0,0,0,0,0,5.30325694785399,0,8.57182741165161,0,22.0865745544434,0,3.78988912446158,0,0,27.7126131439209,0,16.8896986722946,0,8.0857070720557,0,10.9446296691895,0,31.2267723083496,0,0,0,0,0,54.0733995437622,0,26.3749294281006,0,8.53007411956787,0,8.85838447207898,14.2273777855767,0
5.03272540728251,0,0,0,0,0,0,0,3.81749657127592,0,28.0580323537191,0,0,0,0,0,0,0,13.6463298797607,0,26.7053356170654,0,0,0,0,0,0,0,0,0,35.6169395446777,0,0,0,0,0,0,0,0,0,0,0,22.8272302800959,0,0,0,19.3931541442871,0,3.65608805418015,0,0,0,0,0,0,0,33.0282459259033,0,0,0,4.01436833901839,0,0,23.5803451538086,0,0,0,0,0,0,0,0,0,0,0,0,0,0,0,0,0,0,6.85623708747615,0,8.12783864191023,0,0
0,4.51971757075207,0,0,0,5.54568228857858,0,0,0,5.68064164479574,0,0,0,0,0,0,0,0,25.9341166360038,0,0,0,0,39.6614761352539,0,0,0,0,0,0,0,0,0,0,0,23.9564483642578,0,0,0,37.3232583999634,0,19.4230020607953,0,13.0698862075806,0,7.62750479235794,0,0,34.1285533905029,30.5022769555067,0,4.72749730791801,0,0,0,4.70785553559013,0,21.6853296756744,0,3.08323536469386,0,3.6608467060223,0,0,0,0,0,0,0,0,0,0,26.9944961447465,0,0,0,0,0,42.31354032244,0,32.4914956092834,0,22.8169699325466,0,16.6132706848475,18.4531998329974,0
0,0,0,0,0,0,6.47873624640318,0,0,0,31.5334829943521,0,0,0,0,0,0,0,0,0,10.2827891341961,0,0,0,0,0,0,0,0,0,37.4693298339844,0,0,0,0,0,33.7711153030396,0,0,0,0,0,34.4829063415527,0,0,0,0,0,45.6221603393555,0,5.21391141321752,0,3.16541989644369,0,0,0,9.32985179527946,0,2.74279165267944,0,2.74501991271973,0,0,9.90388763180146,0,0,0,0,0,0,0,0,0,38.0285987854004,0,0,0,0,0,46.7156155904134,0,47.096492767334,14.668931169689,0,11.1287541436522,0,0
0,0,0,5.54568228857858,0,0,0,3.43184141159058,0,2.94757294654846,0,0,0,0,0,0,0,0,0,4.537184715271,0,0,0,0,0,0,0,0,0,0,0,0,0,0,0,27.5749912261963,0,0,0,48.9239120483398,0,29.3845007154677,0,0,0,0,0,0,0,34.7606303691864,0,3.67168153780643,0,3.70974032695477,0,0,0,0,0,0,0,2.96177577972412,0,0,0,0,0,0,0,0,0,0,37.2188339233398,0,0,0,0,0,0,0,0,0,10.489937921524,0,7.71984559147298,24.838578182718,0
0,0,0,0,6.47873624640318,0,0,0,0,0,4.08208060447986,0,0,0,0,0,0,0,0,0,3.82413193157741,0,0,0,0,0,0,0,0,0,0,0,0,0,0,0,0,0,0,0,0,0,0,0,0,0,0,0,0,0,9.19727563858032,0,3.6525129498282,0,0,0,4.03707415179202,0,0,0,0,0,0,0,0,0,0,0,0,0,0,0,0,0,0,0,0,0,0,0,0,0,3.94997961076947,4.64684135485918,0,0,0
0,0,0,0,0,3.43184141159058,0,0,0,0,0,3.26911034709529,0,0,0,0,0,0,0,0,0,0,0,0,0,0,0,0,0,0,0,0,0,0,0,0,0,0,0,0,0,0,0,0,0,0,0,0,0,0,0,3.77801267854099,0,2.94078338664511,0,0,0,5.59317069222229,0,0,0,0,9.12876205719434,0,0,0,0,0,0,0,0,0,0,0,0,0,0,0,0,0,0,0,2.72838449478149,0,0,0,0
5.05222884707413,0,3.81749657127592,0,0,0,0,0,0,0,0,0,24.987361907959,0,8.60211057276339,0,19.9714518481212,40.3850741052324,28.1599217237428,0,0,0,26.3065116670397,0,11.4167436888961,0,18.2936665626487,0,18.7814966837565,0,0,0,0,0,0,0,0,0,6.7080342402825,0,0,0,14.2280784416199,0,0,0,0,0,10.1904958254331,0,0,0,0,0,5.49127706872972,0,0,0,2.89325865109762,0,11.6514138422514,0,0,0,0,24.0389041900635,0,11.9161760668824,0,21.4947186929208,0,0,0,0,0,0,0,0,0,0,0,10.0501209667751,11.8520709191827,27.3617351531982,6.21075670873116,0,0
0,4.5052055199941,0,5.68064164479574,0,2.94757294654846,0,0,0,0,0,0,0,0,0,5.10339833969294,0,0,0,0,0,35.562744140625,0,3.52415693507475,0,0,0,0,0,0,0,0,0,0,0,32.0944938659668,0,6.60714412659638,0,0,0,16.543219268322,0,0,0,21.5130729675293,0,0,0,22.9118539492289,0,0,0,0,0,5.33250669720247,0,0,0,0,0,7.35944999059041,0,0,0,0,3.55061937780941,0,0,0,0,0,41.4377899169922,0,0,0,0,0,0,0,8.19345027340132,0,5.06041969625394,0,12.2687296347185,26.4783693949382,0
0,0,28.0580323537191,0,31.5334829943521,0,4.08208060447986,0,0,0,0,0,3.52595400810242,0,0,0,52.816801071167,70.3117294311523,54.1021161651611,0,4.76836684680306,0,0,0,0,0,0,0,0,0,5.48028396787288,0,0,0,0,0,16.4899381085446,0,5.87372133323454,83.2887344360352,0,0,16.6724410208445,55.358528137207,21.8309307098389,0,13.0676557528667,0,36.2665939331055,0,35.0267944335938,0,4.54950600504224,0,0,0,6.69430498938215,0,3.37655846277873,0,0,0,0,9.65157918739094,0,0,0,0,0,0,0,12.8443086942037,0,5.51183091418844,0,0,0,0,88.0800933837891,42.4758159991392,0,10.5026275930525,6.63429016901982,8.57068050475348,18.2509485615624,0,16.0074231624603
0,0,0,0,0,0,0,3.26911034709529,0,0,0,0,0,2.88277924351576,0,0,0,0,0,7.48542700391827,0,0,0,0,0,0,0,6.3431830406189,0,4.47615099791905,0,0,0,0,0,3.51593806442705,0,4.28888744305653,0,0,0,0,0,0,0,0,0,0,0,0,0,0,0,0,0,0,0,7.18777111817676,0,2.90854848755731,0,0,6.59003138044317,0,0,0,0,0,0,0,2.93252992630005,0,6.9529928746077,0,0,0,0,0,0,0,5.26387742042542,0,6.88489608515322,0,4.61922297477722,0,0
0,0,0,0,0,0,0,0,24.987361907959,0,3.52595400810242,0,0,0,4.42687012751897,0,17.255808713701,47.684886932373,49.764087677002,0,0,0,20.8120574951172,0,0,0,12.6308622360229,0,3.73049260675907,0,0,0,0,0,0,0,0,0,0,0,0,0,0,0,0,0,0,0,0,0,0,0,0,0,0,0,3.42684154510498,0,3.83274019142622,0,2.96113872528076,0,0,0,0,0,0,0,0,16.8630485534668,0,3.32684144377708,0,0,0,0,0,0,0,0,0,0,5.94691147985338,5.00409704446793,0,0,0
0,0,0,0,0,0,0,0,0,0,0,2.88277924351576,0,0,0,0,0,0,0,0,0,0,0,0,0,0,0,0,0,0,0,0,0,0,0,0,0,0,0,0,0,0,0,0,0,0,0,0,0,0,0,0,0,0,0,0,0,2.91718564154227,0,3.50494557179903,0,0,0,0,0,0,0,0,0,0,4.55039429664612,0,0,0,0,0,0,0,0,0,0,0,3.43982689721244,0,0,0,0
0,0,0,0,0,0,0,0,8.60211057276339,0,0,0,4.42687012751897,0,0,0,13.1251407801503,42.3300660133362,55.8783760070801,0,0,0,22.1881108965193,0,18.1151307225227,0,8.71195541593161,0,7.68871491346786,0,0,0,0,0,0,0,0,0,0,0,0,0,0,0,0,0,0,0,2.84390258789062,0,2.85077742735545,0,0,0,6.82177204352159,0,3.27704528245059,0,3.02050908406576,0,3.36283138470772,0,0,0,0,0,0,19.2513704299927,0,9.64726832934788,0,7.9661324491034,0,0,0,0,0,0,0,0,0,0,9.65853244529487,7.95594787597656,0,0,0
0,0,0,0,0,0,0,0,0,5.10339833969294,0,0,0,0,0,0,0,0,0,0,0,0,0,0,0,0,0,0,0,0,0,0,0,0,0,0,0,0,0,0,0,0,0,0,0,0,0,0,0,0,0,0,0,0,0,7.85506840546926,0,0,0,0,0,4.18330811646025,0,0,0,0,0,0,0,0,0,0,0,0,0,0,0,0,0,0,0,0,4.20436424016953,0,0,0,0
0,0,0,0,0,0,0,0,19.9714518481212,0,52.816801071167,0,17.255808713701,0,13.1251407801503,0,0,27.2054809567555,27.4604306251148,0,57.4915487501356,0,12.410746523129,0,15.3410763875461,0,13.0143913863782,0,8.47368682201822,0,61.2521553039551,0,0,0,0,0,91.0575823783875,0,63.097038269043,75.2369329279119,97.6492538452148,57.9799859183175,37.9641650220473,55.3582301139832,39.8178561283992,75.7849133809408,48.630268179852,0,0,69.0642395019531,0,0,0,0,19.7794109221661,0,61.0403723283248,0,0,0,13.7429871962736,0,72.6030750274658,56.1328910024543,0,12.2737301190694,0,15.2504372845093,0,13.8028752954567,0,5.49763305046979,0,0,0,0,0,0,82.0698680316701,75.3845489530852,0,67.5546376154973,17.1007438527454,10.4564522448567,51.976113656851,65.095051574707,39.288102756847
0,0,0,0,0,0,0,0,40.3850741052324,0,70.3117294311523,0,47.684886932373,0,42.3300660133362,0,27.2054809567555,0,20.5467571544095,0,67.414888381958,3.0822523911794,33.4033198007723,0,33.7550224418804,4.48305206355594,36.9264483254803,0,45.8564167022705,0,0,0,0,0,0,106.370320638021,101.744028727214,0,74.3521575927734,71.0007531302316,0,48.6560436503092,58.1776725769043,49.2551483154297,44.8347384134928,50.2034111022949,63.3145654466417,0,0,76.7800445556641,0,0,0,0,39.6063047647476,0,72.9955991109212,0,0,0,41.9743642807007,0,75.6997840187766,71.2178573608398,2.89759674939242,0,0,32.8975089618138,0,41.4089978806516,0,0,75.1855926513672,0,0,0,0,0,82.4768630739242,91.9637701383201,63.7220802307129,84.715798441569,17.3293477923745,54.8970329647972,63.3780357654278,58.467399597168,53.6398304530552
17.8283462524414,26.9668769836426,13.6463298797607,25.9341166360038,0,0,0,0,28.1599217237428,0,54.1021161651611,0,49.764087677002,0,55.8783760070801,0,27.4604306251148,20.5467571544095,0,0,46.9686848900535,0,42.7394417126973,0,36.2217580023266,0,49.2430722853717,0,72.8902740478516,0,51.611852645874,0,0,0,0,64.2297337123326,72.4632946572653,0,49.5500111050076,42.503091583252,0,24.954132849443,21.2575585743612,15.8080486682275,25.9221371626243,44.0536369741633,33.6802484530669,0,11.729640007019,31.0993132089314,0,0,0,0,40.9024534225464,0,49.8246183724239,33.7128082275391,0,0,48.513988494873,0,56.1519422832288,46.1170018685831,0,0,0,34.4911975860596,0,46.1705449422201,0,0,25.5530120561708,55.598072052002,0,0,71.9304122924805,0,52.6499910504755,60.8067745851522,35.8275797707694,54.7074886244171,14.1084346745448,24.6666498908373,28.0165246270056,21.5428247914536,34.1460332706057
0,0,0,0,0,4.537184715271,0,0,0,0,0,7.48542700391827,0,0,0,0,0,0,0,0,0,0,0,0,0,0,0,0,0,0,0,0,0,0,0,3.97889590731875,0,3.00229918956757,0,0,0,0,0,0,0,6.68276560306549,0,0,0,0,0,0,0,0,0,0,0,14.066455523173,0,0,0,0,3.72387483504511,0,0,0,0,0,0,0,0,0,0,0,0,0,0,0,5.4520501769506,0,9.84962846551623,0,7.50326541772823,0,4.10487119908686,0,0
34.629581451416,0,26.7053356170654,0,10.2827891341961,0,3.82413193157741,0,0,0,4.76836684680306,0,0,0,0,0,57.4915487501356,67.414888381958,46.9686848900535,0,0,0,0,0,0,0,0,0,0,0,14.2932893290664,0,0,0,0,108.570037841797,11.2185885163032,0,5.09894720554352,0,0,0,15.523518354662,56.2072486877441,22.4962744031634,0,12.4421102032065,29.5424423217773,40.4192590713501,0,8.88716714382172,0,3.45555712195004,0,0,0,8.56634036999828,0,0,0,0,0,0,8.68813633968728,0,0,0,0,0,0,0,17.1608170403375,0,12.1064158821106,0,0,0,0,88.8472793579102,15.8914902056732,0,12.7592473995118,23.8797482252121,62.2331345876058,16.6498843347183,0,14.6117126118053
0,25.2519521384404,0,0,0,0,0,0,0,35.562744140625,0,0,0,0,0,0,0,3.0822523911794,0,0,0,0,5.38426105453543,8.5258166881708,0,12.7282016093914,0,3.05591815710068,0,0,0,0,0,17.6070505777995,0,0,0,6.59346639964892,0,0,0,30.6426775796073,0,0,0,0,0,18.6167646408081,0,11.3464590925159,0,0,0,0,0,0,0,25.4357299804688,0,0,0,23.5734796524048,34.1918992996216,0,5.02724871270375,0,10.38597952935,0,15.0853415619243,0,3.73147128820419,0,0,0,0,0,0,0,69.9518737792969,0,10.0527944435835,0,4.23132739479878,4.55924469165588,24.829235193206,28.8351745605469,0
0,0,0,0,0,0,0,0,26.3065116670397,0,0,0,20.8120574951172,0,22.1881108965193,0,12.410746523129,33.4033198007723,42.7394417126973,0,0,5.38426105453543,0,0,9.58393162132328,0,9.02040687109295,0,5.92687255673938,0,0,0,0,0,0,0,0,0,5.19203153173944,0,0,60.4478569030762,0,0,0,0,0,0,15.6079995897081,0,0,0,0,0,32.8087882995605,0,0,0,0,0,20.5061596234639,0,0,0,5.47238843142986,4.83584969203187,0,4.78235220140026,0,10.0159841792337,0,7.25073298709989,0,23.8099327087402,0,0,0,0,0,0,0,6.79836965481747,9.02244086554839,10.6337448358536,0,0,0
0,19.7684756384956,0,39.6614761352539,0,0,0,0,0,3.52415693507475,0,0,0,0,0,0,0,0,0,0,0,8.5258166881708,0,0,0,3.6950335219755,0,0,0,0,0,0,0,0,0,0,0,7.08386320592951,0,0,0,23.6383473396301,0,0,0,37.1449851989746,0,0,0,9.10703617143849,0,0,0,0,0,8.57994182904561,0,0,0,0,0,8.98158967494965,0,0,9.34963560932212,0,5.43809784024353,0,5.2337988759302,0,0,0,0,0,0,0,0,0,0,0,6.6064414481322,0,4.55545318585176,0,16.1538857870955,0,0
0,0,0,0,0,0,0,0,11.4167436888961,0,0,0,0,0,18.1151307225227,0,15.3410763875461,33.7550224418804,36.2217580023266,0,0,0,9.58393162132328,0,0,43.0675315856934,15.7043149197688,0,28.5246671040853,0,0,0,0,0,0,0,0,0,5.13082518638709,0,0,67.2917747497559,36.9638754526774,0,0,0,0,0,8.11364524260811,0,0,0,0,0,11.9811242640576,0,0,0,0,0,23.1999201093401,0,0,0,0,3.96922481293772,0,4.0685420600748,0,6.79942515442491,0,7.82127283911669,0,0,0,0,0,0,0,81.6758155822754,0,10.6811742186546,16.2227997310912,26.3990292019314,5.78261708219846,0,0
0,0,0,0,0,0,0,0,0,0,0,0,0,0,0,0,0,4.48305206355594,0,0,0,12.7282016093914,0,3.6950335219755,43.0675315856934,0,0,4.08535812831506,0,0,0,0,0,0,0,0,0,25.9417794545492,0,0,0,0,0,0,0,0,0,0,0,5.20633268356323,0,0,0,0,0,0,0,0,0,0,0,4.936164021492,0,0,14.9655215689477,0,5.3100129956066,0,4.87367747416402,0,4.45311144173863,0,0,0,0,0,0,0,0,0,22.9552154541016,0,4.98856182098389,0,0,0,0
0,0,0,0,0,0,0,0,18.2936665626487,0,0,0,12.6308622360229,0,8.71195541593161,0,13.0143913863782,36.9264483254803,49.2430722853717,0,0,0,9.02040687109295,0,15.7043149197688,0,0,0,8.80465509494146,0,0,0,0,0,0,0,0,0,0,0,0,0,0,0,0,0,0,0,0,0,0,0,0,0,14.0048070870913,0,0,0,0,0,11.6473926444386,0,83.4330139160156,0,0,6.10140263117277,0,18.0930171012878,0,4.99708690735453,0,0,0,0,0,0,0,0,0,117.672075907389,0,0,16.7635269804066,25.1879703521729,0,0,46.950138092041
0,0,0,0,0,0,0,0,0,0,0,6.3431830406189,0,0,0,0,0,0,0,0,0,3.05591815710068,0,0,0,4.08535812831506,0,0,0,2.99148327112198,0,0,0,0,0,0,0,0,0,0,0,0,0,0,0,0,0,0,0,0,0,0,0,0,0,0,0,0,0,3.17183995246887,0,0,0,0,0,0,0,0,6.87350369251526,0,5.44538092661144,0,2.84510226871656,0,0,0,0,0,0,0,0,0,2.74036018053691,0,0,0,0
0,0,0,0,0,0,0,0,18.7814966837565,0,0,0,3.73049260675907,0,7.68871491346786,0,8.47368682201822,45.8564167022705,72.8902740478516,0,0,0,5.92687255673938,0,28.5246671040853,0,8.80465509494146,0,0,0,4.77237127147504,0,0,0,0,0,0,0,6.50516390800476,0,0,0,0,0,0,0,0,0,0,0,0,0,0,0,20.3862991333008,0,0,0,3.38920402526855,0,9.30203006344457,0,0,0,0,3.54500415386298,0,25.5125865936279,0,10.9158349566989,0,3.93460606723218,0,3.40286973685272,0,0,0,0,0,0,0,3.36482049359216,8.05236210719603,11.1797430936028,0,0,0
0,0,0,0,0,0,0,0,0,0,0,4.47615099791905,0,0,0,0,0,0,0,0,0,0,0,0,0,0,0,2.99148327112198,0,0,0,0,0,0,0,0,0,3.45695823431015,0,0,0,0,0,0,0,0,0,0,0,0,0,0,0,0,0,0,0,4.68624992668629,0,0,0,0,0,0,0,0,0,0,0,0,3.15168872901372,0,6.14979114612185,0,0,0,0,0,0,0,6.40276467225638,0,0,0,0,0,0
0,0,35.6169395446777,0,37.4693298339844,0,0,0,0,0,5.48028396787288,0,0,0,0,0,61.2521553039551,0,51.611852645874,0,14.2932893290664,0,0,0,0,0,0,0,4.77237127147504,0,0,0,0,0,0,0,101.283264160156,0,4.36210297346115,0,0,0,21.1167902364963,0,0,0,19.261312191303,0,0,0,41.0387153625488,0,0,0,0,0,6.48290134664005,0,0,0,0,0,0,14.2738441612039,0,0,0,0,0,0,0,0,0,4.70111905142318,0,0,0,0,0,50.5847538218779,0,5.28787397427992,32.7188307103657,2.75360059738159,20.8440451314372,0,19.7613728387015
0,0,0,0,0,0,0,0,0,0,0,0,0,0,0,0,0,0,0,0,0,0,0,0,0,0,0,0,0,0,0,0,3.92156811926862,3.4611109495163,4.55529111623764,3.83190489808718,0,0,0,0,0,52.3045616149902,0,0,0,0,0,6.05651687788365,14.0929472306195,14.3518067273227,0,0,0,0,0,0,0,0,0,0,0,0,0,0,0,0,0,0,0,0,0,0,0,0,4.14907813395778,5.03160527304037,3.54117366671562,5.85466017723084,5.14799631195839,0,0,0,3.59264751466746,0,11.0574812889099,0,0
0,0,0,0,0,0,0,0,0,0,0,0,0,0,0,0,0,0,0,0,0,0,0,0,0,0,0,0,0,0,0,3.92156811926862,0,5.99706170707941,7.38334131240845,0,3.71954609751701,0,0,0,0,0,0,0,0,0,0,3.7541049909191,0,0,0,0,0,0,0,0,0,0,0,0,0,0,0,0,0,0,0,0,0,0,0,0,0,0,8.0825188562274,4.74362576680401,0,6.0908388197422,0,6.45568801860681,0,0,3.37251659126969,0,0,0,0
0,0,0,0,0,0,0,0,0,0,0,0,0,0,0,0,0,0,0,0,0,17.6070505777995,0,0,0,0,0,0,0,0,0,3.4611109495163,5.99706170707941,0,3.60526980212296,4.57463094890118,0,6.49803155562272,0,0,0,0,0,0,0,0,0,5.92205966326846,18.4418561935425,12.3281497425503,0,0,0,0,0,0,0,0,0,0,0,0,0,0,23.1588180541992,0,0,0,0,0,0,0,0,0,0,5.82625465807707,5.2089555412783,5.13926291465759,8.63116367248928,0,8.92262118266682,0,4.18812684311954,3.39607959323459,12.8665038889105,0,0
0,0,0,0,0,0,0,0,0,0,0,0,0,0,0,0,0,0,0,0,0,0,0,0,0,0,0,0,0,0,0,4.55529111623764,7.38334131240845,3.60526980212296,0,0,3.99647363813797,0,5.06423055819976,0,0,0,0,0,0,0,0,4.02481908400854,9.75685376387376,0,0,0,0,0,0,0,0,0,0,0,0,0,0,0,0,0,0,0,0,0,0,0,0,0,0,4.35180228670067,3.89338245262971,4.0833126918471,0,5.07663269061966,0,6.16423870823908,3.39843860268593,0,0,0,0
0,0,0,23.9564483642578,0,27.5749912261963,0,0,0,32.0944938659668,0,3.51593806442705,0,0,0,0,0,106.370320638021,64.2297337123326,3.97889590731875,108.570037841797,0,0,0,0,0,0,0,0,0,0,3.83190489808718,0,4.57463094890118,0,0,2.95803415775299,8.91358077913371,5.15030418742787,66.8689260482788,0,46.758773727417,0,51.6207069396973,0,24.3100856307923,0,6.06872148513794,0,41.4447326660156,0,0,0,0,0,0,0,6.90040222803752,0,0,0,0,6.71542769975036,0,0,0,0,0,0,0,0,0,0,0,7.18475077531048,0,6.60464758163243,0,6.65004675883331,5.59968086920286,7.48479738640448,0,5.20443440383335,7.47029098102025,12.7517405660064,48.5887142528187,0
60.3002471923828,0,0,0,33.7711153030396,0,0,0,0,0,16.4899381085446,0,0,0,0,0,91.0575823783875,101.744028727214,72.4632946572653,0,11.2185885163032,0,0,0,0,0,0,0,0,0,101.283264160156,0,3.71954609751701,0,3.99647363813797,2.95803415775299,0,0,5.10804334699317,0,23.0610462188721,86.8002471923828,44.4902108056205,0,54.9847583770752,0,41.0640206933022,0,20.8800934685601,0,31.3853378295898,0,0,0,0,0,37.2558678458719,0,0,0,0,0,0,18.4321049295419,0,0,0,0,0,0,0,0,0,81.9193267822266,0,8.0959822563898,0,7.15626017252604,7.3997215458325,8.11904076197457,0,6.20652814937814,6.40776312300474,9.10058484033302,36.3987083576135,0,43.0186109118991
0,28.0094736417135,0,0,0,0,0,0,0,6.60714412659638,0,4.28888744305653,0,0,0,0,0,0,0,3.00229918956757,0,6.59346639964892,0,7.08386320592951,0,25.9417794545492,0,0,0,3.45695823431015,0,0,0,6.49803155562272,0,8.91358077913371,0,0,3.20830755648406,0,0,5.20386637730545,0,0,0,40.0308151245117,0,4.52343886536221,0,8.52771652575545,0,0,0,0,0,7.76361317104763,0,5.89289855559667,0,0,0,0,14.4997509320577,0,10.3460871459915,0,9.64439901631129,0,25.7487825393677,0,2.75121283531189,0,4.63117682933807,0,0,0,8.12256666294364,0,9.12408866420258,0,5.62303130122515,2.75202322006226,4.73424366463973,3.14235314829596,6.49303369680229,0,0
0,0,0,0,0,0,0,0,6.7080342402825,0,5.87372133323454,0,0,0,0,0,63.097038269043,74.3521575927734,49.5500111050076,0,5.09894720554352,0,5.19203153173944,0,5.13082518638709,0,0,0,6.50516390800476,0,4.36210297346115,0,0,0,5.06423055819976,5.15030418742787,5.10804334699317,3.20830755648406,0,0,16.4499190194266,0,16.3991823866963,0,24.9887142181396,0,21.2552540852473,4.2536787553267,5.89165553898165,0,42.2595240275065,0,0,0,7.42021847598125,0,11.7444926259267,0,0,0,0,0,0,10.8890987445261,0,6.79544796283657,0,6.76491504669189,0,0,0,6.36559609965523,0,6.42585696845219,0,0,0,6.57410654814347,0,10.8957471561945,0,5.38605182741161,4.9847995110549,4.61173695988125,7.06284550214425,0,19.8808831666645
0,0,0,37.3232583999634,0,48.9239120483398,0,0,0,0,83.2887344360352,0,0,0,0,0,75.2369329279119,71.0007531302316,42.503091583252,0,0,0,0,0,0,0,0,0,0,0,0,0,0,0,0,66.8689260482788,0,0,0,0,0,18.5550764319758,52.2751426696777,27.743640610666,0,19.2478803881892,85.2772598266602,0,0,12.0675075161123,0,0,0,0,0,0,0,0,0,0,0,0,11.5208390245632,0,0,0,0,0,0,0,0,0,44.6212390899658,0,0,0,0,0,14.7846130405154,93.9371048609416,20.2471492687861,86.2876510620117,48.2385119915009,72.6238250732422,15.6481700783921,17.362509755735,0
0,0,0,0,0,0,0,0,0,0,0,0,0,0,0,0,97.6492538452148,0,0,0,0,0,0,0,0,0,0,0,0,0,0,0,0,0,0,0,23.0610462188721,0,16.4499190194266,0,0,0,12.9423623968054,0,0,0,0,19.828218460083,7.02056131155595,0,0,0,0,0,0,0,43.0306510925293,0,0,0,0,0,0,19.5027081416203,0,0,0,0,0,0,0,0,0,13.7373247146606,0,0,0,0,0,16.9392212010812,0,9.42217895173535,28.5467107846187,0,7.35921465966009,0,36.0057264963786
0,16.892804239717,0,19.4230020607953,0,29.3845007154677,0,0,0,16.543219268322,0,0,0,0,0,0,57.9799859183175,48.6560436503092,24.954132849443,0,0,30.6426775796073,60.4478569030762,23.6383473396301,67.2917747497559,0,0,0,0,0,0,52.3045616149902,0,0,0,46.758773727417,86.8002471923828,5.20386637730545,0,18.5550764319758,0,0,6.82363591767222,16.1187289393909,36.0093123118083,22.714776357015,30.2958221435547,5.97385542392731,0,17.9591762311652,0,0,0,0,0,18.2996590137482,45.9068285624186,21.0846309441787,0,0,0,0,27.7197561022602,80.4637680053711,29.4916534423828,0,14.5218914031982,0,25.8787370681763,0,0,0,11.3944595341097,0,0,0,55.2918315463596,0,28.6615935433076,70.1770879572088,26.1600059973888,56.2208224705287,13.0662962080079,48.6906545003255,13.7415629524066,9.20983468697943,58.0777359008789
16.2507781982422,0,22.8272302800959,0,34.4829063415527,0,0,0,14.2280784416199,0,16.6724410208445,0,0,0,0,0,37.9641650220473,58.1776725769043,21.2575585743612,0,15.523518354662,0,0,0,36.9638754526774,0,0,0,0,0,21.1167902364963,0,0,0,0,0,44.4902108056205,0,16.3991823866963,52.2751426696777,12.9423623968054,6.82363591767222,0,74.9321136474609,9.29125191370646,0,9.64323857076028,11.6534891593151,9.99919846711829,0,0,0,0,0,0,0,21.3030721327154,0,0,0,0,0,0,16.1314608849236,0,0,0,16.4433703422546,0,19.0891464233398,0,17.554405039007,0,12.792650604248,0,0,0,0,63.5563969612122,30.8317741985076,0,23.4771441556095,13.0110002373247,44.0504903793335,9.11487896505928,0,6.94146775062008
0,0,0,13.0698862075806,0,0,0,0,0,0,55.358528137207,0,0,0,0,0,55.3582301139832,49.2551483154297,15.8080486682275,0,56.2072486877441,0,0,0,0,0,0,0,0,0,0,0,0,0,0,51.6207069396973,0,0,0,27.743640610666,0,16.1187289393909,74.9321136474609,0,25.2494678497314,23.2950147390366,36.1516647338867,0,0,25.9655885696411,0,0,0,0,0,0,0,0,0,0,0,0,38.3060771397182,44.9510803222656,0,0,0,0,0,0,0,0,20.8389624357224,0,0,0,60.4175643920898,0,34.6076443843353,69.7537738800049,26.7800956139198,0,18.7351284155397,46.4260597229004,20.6109481740881,8.48555590456182,0
0,0,0,0,0,0,0,0,0,0,21.8309307098389,0,0,0,0,0,39.8178561283992,44.8347384134928,25.9221371626243,0,22.4962744031634,0,0,0,0,0,0,0,0,0,0,0,0,0,0,0,54.9847583770752,0,24.9887142181396,0,0,36.0093123118083,9.29125191370646,25.2494678497314,0,47.0350685119629,10.0122875240114,0,0,0,0,0,0,0,0,0,26.0766429901123,0,0,0,0,0,72.2607803344727,22.7836673042991,0,0,0,0,0,0,0,0,0,23.4868831634521,0,0,0,0,53.0347073872884,40.4645496965891,0,28.3352888743083,19.9661001008132,38.6461139678955,8.86046216111434,0,18.5599277019501
0,15.3802145004272,0,7.62750479235794,0,0,0,0,0,21.5130729675293,0,0,0,0,0,0,75.7849133809408,50.2034111022949,44.0536369741633,6.68276560306549,0,0,0,37.1449851989746,0,0,0,0,0,0,0,0,0,0,0,24.3100856307923,0,40.0308151245117,0,19.2478803881892,0,22.714776357015,0,23.2950147390366,47.0350685119629,0,0,18.2969532012939,27.9028167724609,23.1400502123425,0,0,0,0,0,0,0,15.5844035852151,0,0,0,0,7.13404989362483,0,0,0,0,0,0,0,0,0,18.9939468885495,0,0,0,47.6969184875488,0,25.3132880382093,0,17.7902562443644,0,34.1731975192115,0,15.6896630668927,14.739209920802,0
16.5866394042969,0,19.3931541442871,0,0,0,0,0,0,0,13.0676557528667,0,0,0,0,0,48.630268179852,63.3145654466417,33.6802484530669,0,12.4421102032065,0,0,0,0,0,0,0,0,0,19.261312191303,0,0,0,0,0,41.0640206933022,0,21.2552540852473,85.2772598266602,0,30.2958221435547,9.64323857076028,36.1516647338867,10.0122875240114,0,0,0,28.8761310577393,0,0,0,0,0,0,0,15.4059941360305,0,0,0,0,0,0,10.5768967148853,0,0,0,0,0,0,0,0,0,15.9417160474337,0,0,0,0,63.5461845397949,24.7004996793709,0,23.4666743675868,24.9830259529941,52.4044713973999,11.257387460025,0,12.4971604269059
0,0,0,0,0,0,0,0,0,0,0,0,0,0,0,0,0,0,0,0,29.5424423217773,18.6167646408081,0,0,0,0,0,0,0,0,0,6.05651687788365,3.7541049909191,5.92205966326846,4.02481908400854,6.06872148513794,0,4.52343886536221,4.2536787553267,0,19.828218460083,5.97385542392731,11.6534891593151,0,0,18.2969532012939,0,0,8.54877240369709,8.58534520383001,0,0,0,0,0,0,42.7203273773193,0,0,0,0,0,18.5556224187215,18.5211001350766,25.0090827941895,0,0,0,0,0,0,0,0,0,6.86569558535537,5.84617906212532,4.91182248163423,6.54038256228655,8.13360774112686,8.00505120201973,6.64204771750796,18.8497654914856,6.77202033250706,3.43048659523765,8.95383415113088,0,0
4.48463249134838,0,3.65608805418015,34.1285533905029,45.6221603393555,0,0,0,10.1904958254331,0,36.2665939331055,0,0,0,2.84390258789062,0,0,0,11.729640007019,0,40.4192590713501,0,15.6079995897081,0,8.11364524260811,0,0,0,0,0,0,14.0929472306195,0,18.4418561935425,9.75685376387376,0,20.8800934685601,0,5.89165553898165,0,7.02056131155595,0,9.99919846711829,0,0,27.9028167724609,28.8761310577393,8.54877240369709,0,9.8830471833547,45.5341300964355,0,0,0,5.11263390856052,0,21.3593104141099,0,3.79432722769286,0,3.56498214518689,0,0,21.9197735574081,0,17.5784135180866,0,8.62428336782554,0,12.0263255549514,0,9.85662636756897,0,7.43125637023004,27.7622299194336,11.4530610561371,0,13.2138719891393,0,9.91443620203229,0,8.20956549280824,9.01146923564913,0,6.9449526092893,0,18.2787094116211
0,7.24619654992047,0,30.5022769555067,0,34.7606303691864,0,0,0,22.9118539492289,0,0,0,0,0,0,69.0642395019531,76.7800445556641,31.0993132089314,0,0,11.3464590925159,0,9.10703617143849,0,5.20633268356323,0,0,0,0,0,14.3518067273227,0,12.3281497425503,0,41.4447326660156,0,8.52771652575545,0,12.0675075161123,0,17.9591762311652,0,25.9655885696411,0,23.1400502123425,0,8.58534520383001,9.8830471833547,0,0,0,0,0,0,7.24549449235201,0,8.63296354487861,0,3.37260370254517,0,5.06301259701369,21.3614140599074,0,15.8149826633519,0,8.42831481812317,0,5.47678351688156,0,4.01946531843256,0,6.82275717063973,0,0,0,5.95387535095215,0,18.2574517477314,73.7192916870117,6.37895847655631,0,10.7565320821191,0,10.3577065042487,13.1840377503072,0
0,0,0,0,5.21391141321752,0,9.19727563858032,0,0,0,35.0267944335938,0,0,0,2.85077742735545,0,0,0,0,0,8.88716714382172,0,0,0,0,0,0,0,0,0,41.0387153625488,0,0,0,0,0,31.3853378295898,0,42.2595240275065,0,0,0,0,0,0,0,0,0,45.5341300964355,0,0,0,4.58875341415405,0,0,0,5.10277552389476,0,3.69056749343872,0,2.8520965774854,0,0,6.33435782790184,0,0,0,0,0,0,0,0,0,0,0,0,0,0,0,67.4672164916992,0,44.0051422119141,28.4594404697418,0,8.4742125749588,0,0
0,0,0,4.72749730791801,0,3.67168153780643,0,3.77801267854099,0,0,0,0,0,0,0,0,0,0,0,0,0,0,0,0,0,0,0,0,0,0,0,0,0,0,0,0,0,0,0,0,0,0,0,0,0,0,0,0,0,0,0,0,0,4.15316711834499,0,2.94899475574493,0,2.99258269204034,0,0,0,0,0,0,0,0,0,0,0,0,0,0,0,0,0,0,0,0,0,0,0,0,3.24305582046509,0,0,0,0
0,0,0,0,3.16541989644369,0,3.6525129498282,0,0,0,4.54950600504224,0,0,0,0,0,0,0,0,0,3.45555712195004,0,0,0,0,0,0,0,0,0,0,0,0,0,0,0,0,0,0,0,0,0,0,0,0,0,0,0,0,0,4.58875341415405,0,0,0,0,0,3.98388788090196,0,2.74220371246338,0,0,0,0,0,0,0,0,0,0,0,0,0,0,0,0,0,0,0,0,0,0,0,4.94821645052005,0,0,0,0
0,0,0,0,0,3.70974032695477,0,2.94078338664511,0,0,0,0,0,0,0,0,0,0,0,0,0,0,0,0,0,0,0,0,0,0,0,0,0,0,0,0,0,0,0,0,0,0,0,0,0,0,0,0,0,0,0,4.15316711834499,0,0,0,0,0,4.34972629593116,0,0,0,0,8.42789823130557,0,0,0,0,0,0,0,0,0,0,0,0,0,0,0,0,0,0,0,0,0,0,0,0
4.57387857688101,0,0,0,0,0,0,0,5.49127706872972,0,0,0,0,0,6.82177204352159,0,19.7794109221661,39.6063047647476,40.9024534225464,0,0,0,32.8087882995605,0,11.9811242640576,0,14.0048070870913,0,20.3862991333008,0,0,0,0,0,0,0,0,0,7.42021847598125,0,0,0,0,0,0,0,0,0,5.11263390856052,0,0,0,0,0,0,0,5.03366565704346,0,6.09726524353027,0,5.80216650735764,0,0,0,0,0,0,12.7600215714553,0,19.3960475921631,0,0,0,0,0,0,0,0,0,0,0,12.2951440413793,17.4486725587331,0,5.38542129776695,0,0
0,5.30325694785399,0,4.70785553559013,0,0,0,0,0,5.33250669720247,0,0,0,0,0,7.85506840546926,0,0,0,0,0,0,0,8.57994182904561,0,0,0,0,0,0,0,0,0,0,0,0,0,7.76361317104763,0,0,0,18.2996590137482,0,0,0,0,0,0,0,7.24549449235201,0,2.94899475574493,0,0,0,0,0,0,0,0,0,7.50984271536482,0,0,0,0,4.44375114855559,0,3.352152744929,0,0,0,0,0,0,0,0,0,0,0,8.19854785763998,0,15.3677203771545,0,9.91813812937055,26.9328727722168,0
6.97220381792041,0,33.0282459259033,0,9.32985179527946,0,4.03707415179202,0,0,0,6.69430498938215,0,3.42684154510498,0,3.27704528245059,0,61.0403723283248,72.9955991109212,49.8246183724239,0,8.56634036999828,0,0,0,0,0,0,0,0,0,6.48290134664005,0,0,0,0,0,37.2558678458719,0,11.7444926259267,0,43.0306510925293,45.9068285624186,21.3030721327154,0,26.0766429901123,0,15.4059941360305,42.7203273773193,21.3593104141099,0,5.10277552389476,0,3.98388788090196,0,5.03366565704346,0,0,0,4.56771541514048,0,3.13658690452576,0,0,9.24048515586443,0,0,0,0,0,0,0,5.28397992721626,0,5.25319264613239,0,0,0,0,85.4167633056641,43.5596752307685,0,11.595896168759,14.2139321661408,61.9323997497559,12.9184605901522,0,17.3187974449096
0,8.57182741165161,0,21.6853296756744,0,0,0,5.59317069222229,0,0,0,7.18777111817676,0,2.91718564154227,0,0,0,0,33.7128082275391,14.066455523173,0,25.4357299804688,0,0,0,0,0,0,0,4.68624992668629,0,0,0,0,0,6.90040222803752,0,5.89289855559667,0,0,0,21.0846309441787,0,0,0,15.5844035852151,0,0,0,8.63296354487861,0,2.99258269204034,0,4.34972629593116,0,0,0,0,0,3.98386366629019,0,4.61282397718991,8.34390969156091,0,24.1435356140137,0,12.3645992279053,0,4.59044203092886,0,3.69210283176319,0,7.14765014749639,0,0,0,0,0,44.6566734313965,0,12.3237338117558,0,10.0060651343444,0,9.73616216977437,17.9396909077962,0
6.3317086851442,0,0,0,2.74279165267944,0,0,0,2.89325865109762,0,3.37655846277873,0,3.83274019142622,0,3.02050908406576,0,0,0,0,0,0,0,0,0,0,0,0,0,3.38920402526855,0,0,0,0,0,0,0,0,0,0,0,0,0,0,0,0,0,0,0,3.79432722769286,0,3.69056749343872,0,2.74220371246338,0,6.09726524353027,0,4.56771541514048,0,0,0,3.8292300073724,0,0,0,0,0,0,0,0,0,0,4.30657327796022,0,0,0,0,0,0,0,0,0,0,2.95399403572083,0,0,0,0
0,22.0865745544434,0,3.08323536469386,0,0,0,0,0,0,0,2.90854848755731,0,3.50494557179903,0,0,0,0,0,0,0,0,0,0,0,0,0,3.17183995246887,0,0,0,0,0,0,0,0,0,0,0,0,0,0,0,0,0,0,0,0,0,3.37260370254517,0,0,0,0,0,0,0,3.98386366629019,0,0,0,4.03029245980042,0,0,0,0,0,0,3.16855285167694,0,3.35333585739136,0,0,0,0,0,0,0,0,0,0,0,51.938777923584,0,6.17187599341075,23.1078491210938,0
5.29879464964936,0,4.01436833901839,0,2.74501991271973,0,0,0,11.6514138422514,0,0,0,2.96113872528076,0,3.36283138470772,0,13.7429871962736,41.9743642807007,48.513988494873,0,0,0,20.5061596234639,0,23.1999201093401,0,11.6473926444386,0,9.30203006344457,0,0,0,0,0,0,0,0,0,0,0,0,0,0,0,0,0,0,0,3.56498214518689,0,2.8520965774854,0,0,0,5.80216650735764,0,3.13658690452576,0,3.8292300073724,0,0,0,0,0,0,0,0,0,0,9.67513970706774,0,10.3917225690988,0,0,0,0,0,0,0,89.3347320556641,0,0,11.9743553377261,13.4541692733765,0,0,0
0,3.78988912446158,0,3.6608467060223,0,2.96177577972412,0,0,0,7.35944999059041,0,0,0,0,0,4.18330811646025,0,0,0,0,0,23.5734796524048,0,8.98158967494965,0,4.936164021492,0,0,0,0,0,0,0,0,0,0,0,0,0,0,0,0,0,0,0,0,0,0,0,5.06301259701369,0,0,0,0,0,7.50984271536482,0,4.61282397718991,0,4.03029245980042,0,0,0,0,26.4424700737,0,6.13018770651384,0,3.69198103592946,0,0,0,0,0,0,0,0,0,0,0,0,0,3.0386116027832,0,5.22720440891054,0,0
0,0,0,0,0,0,0,9.12876205719434,0,0,0,6.59003138044317,0,0,0,0,72.6030750274658,75.6997840187766,56.1519422832288,3.72387483504511,0,34.1918992996216,0,0,0,0,83.4330139160156,0,0,0,0,0,0,0,0,6.71542769975036,0,14.4997509320577,0,11.5208390245632,0,27.7197561022602,0,38.3060771397182,72.2607803344727,7.13404989362483,0,18.5556224187215,0,21.3614140599074,0,0,0,8.42789823130557,0,0,0,8.34390969156091,0,0,0,0,0,0,29.750560760498,0,0,0,53.6352577209473,0,17.2426490783691,0,20.2521708710025,0,0,0,0,0,10.4744346779461,100.796176365444,14.2014017402468,91.6359329223633,25.5103587065593,0,16.2340005229367,33.1961246728897,66.7880554199219
28.4468444824219,0,23.5803451538086,0,9.90388763180146,0,0,0,0,0,9.65157918739094,0,0,0,0,0,56.1328910024543,71.2178573608398,46.1170018685831,0,8.68813633968728,0,0,0,0,0,0,0,0,0,14.2738441612039,0,0,0,0,0,18.4321049295419,0,10.8890987445261,0,19.5027081416203,80.4637680053711,16.1314608849236,44.9510803222656,22.7836673042991,0,10.5768967148853,18.5211001350766,21.9197735574081,0,6.33435782790184,0,0,0,0,0,9.24048515586443,0,0,0,0,0,0,0,0,0,0,0,0,0,0,23.0667444864909,0,11.140882919232,0,0,0,0,112.826164245605,19.2568291435263,0,16.5196283941942,36.7284580304072,63.6157007217407,9.58271992739211,0,11.0758117725772
0,27.7126131439209,0,0,0,0,0,0,0,0,0,0,0,0,0,0,0,2.89759674939242,0,0,0,5.02724871270375,5.47238843142986,9.34963560932212,0,14.9655215689477,0,0,0,0,0,0,0,23.1588180541992,0,0,0,10.3460871459915,0,0,0,29.4916534423828,0,0,0,0,0,25.0090827941895,0,15.8149826633519,0,0,0,0,0,0,0,24.1435356140137,0,0,0,26.4424700737,29.750560760498,0,0,0,7.28277834995422,0,16.4489890376727,0,4.53095356623332,0,0,0,0,0,0,0,0,0,12.8569125615799,0,7.75354835365427,8.56660747528076,26.7793173665586,0,0
0,0,0,0,0,0,0,0,24.0389041900635,0,0,0,0,0,0,0,12.2737301190694,0,0,0,0,0,4.83584969203187,0,3.96922481293772,0,6.10140263117277,0,3.54500415386298,0,0,0,0,0,0,0,0,0,6.79544796283657,0,0,0,0,0,0,0,0,0,17.5784135180866,0,0,0,0,0,0,0,0,0,0,0,0,0,0,0,0,0,0,4.66758077290593,0,6.67707907317397,0,8.27782848819357,0,23.0382188161214,0,0,0,0,0,0,0,6.7574062289672,13.0952648851607,0,26.0875086784363,0,0
0,16.8896986722946,0,0,0,0,0,0,0,3.55061937780941,0,0,0,0,0,0,0,0,0,0,0,10.38597952935,0,5.43809784024353,0,5.3100129956066,0,0,0,0,0,0,0,0,0,0,0,9.64439901631129,0,0,0,14.5218914031982,0,0,0,0,0,0,0,8.42831481812317,0,0,0,0,0,4.44375114855559,0,12.3645992279053,0,0,0,6.13018770651384,0,0,7.28277834995422,0,0,0,6.11909781248515,0,0,0,0,0,0,0,18.2621097564697,0,0,0,7.65625184182613,0,6.74634887451349,0,11.0852933499011,0,0
6.84081482887268,0,0,0,0,0,0,0,11.9161760668824,0,0,0,0,0,19.2513704299927,0,15.2504372845093,32.8975089618138,34.4911975860596,0,0,0,4.78235220140026,0,4.0685420600748,0,18.0930171012878,0,25.5125865936279,0,0,0,0,0,0,0,0,0,6.76491504669189,0,0,0,16.4433703422546,0,0,0,0,0,8.62428336782554,0,0,0,0,0,12.7600215714553,0,0,0,0,0,0,0,0,0,0,4.66758077290593,0,0,0,4.88314174693167,0,6.3386565986016,0,0,0,0,0,0,0,0,0,11.5775516827901,18.7314823071162,0,6.05499506390784,0,0
0,8.0857070720557,0,0,0,0,0,0,0,0,0,0,0,0,0,0,0,0,0,0,0,15.0853415619243,0,5.2337988759302,0,4.87367747416402,0,6.87350369251526,0,0,0,0,0,0,0,0,0,25.7487825393677,0,0,0,25.8787370681763,0,0,0,0,0,0,0,5.47678351688156,0,0,0,0,0,3.352152744929,0,4.59044203092886,0,3.16855285167694,0,3.69198103592946,53.6352577209473,0,16.4489890376727,0,6.11909781248515,0,0,0,5.25407548287163,0,0,0,0,0,0,0,0,0,29.7381839752197,0,0,0,9.38423474999361,0,0
0,0,0,0,0,0,0,0,21.4947186929208,0,0,0,16.8630485534668,0,9.64726832934788,0,13.8028752954567,41.4089978806516,46.1705449422201,0,0,0,10.0159841792337,0,6.79942515442491,0,4.99708690735453,0,10.9158349566989,0,0,0,0,0,0,0,0,0,0,0,0,0,19.0891464233398,0,0,0,0,0,12.0263255549514,0,0,0,0,0,19.3960475921631,0,0,0,0,0,9.67513970706774,0,0,0,0,6.67707907317397,0,4.88314174693167,0,0,0,4.46453761148535,0,0,0,0,0,0,0,0,0,14.7639067967733,18.7424672210073,17.8212375640869,14.2975889841715,0,0
0,10.9446296691895,0,0,0,0,0,0,0,0,0,2.93252992630005,0,4.55039429664612,0,0,0,0,0,0,0,3.73147128820419,0,0,0,4.45311144173863,0,5.44538092661144,0,3.15168872901372,0,0,0,0,0,0,0,2.75121283531189,0,0,0,0,0,0,0,0,0,0,0,4.01946531843256,0,0,0,0,0,0,0,3.69210283176319,0,3.35333585739136,0,0,17.2426490783691,0,4.53095356623332,0,0,0,5.25407548287163,0,0,0,7.27362946759571,0,0,0,0,0,0,0,3.28605877001261,0,0,0,6.12205594923438,0,0
0,0,0,0,0,0,0,0,0,0,12.8443086942037,0,3.32684144377708,0,7.9661324491034,0,5.49763305046979,0,0,0,17.1608170403375,0,7.25073298709989,0,7.82127283911669,0,0,0,3.93460606723218,0,0,0,0,0,0,0,0,0,6.36559609965523,0,0,0,17.554405039007,0,0,0,0,0,9.85662636756897,0,0,0,0,0,0,0,5.28397992721626,0,4.30657327796022,0,10.3917225690988,0,0,23.0667444864909,0,8.27782848819357,0,6.3386565986016,0,4.46453761148535,0,0,0,5.55033741136445,0,0,0,0,0,50.1186480522156,0,9.47340454592288,11.038614319592,8.53557634353638,15.0707871363713,0,0
0,31.2267723083496,0,26.9944961447465,0,37.2188339233398,0,0,0,41.4377899169922,0,6.9529928746077,0,0,0,0,0,75.1855926513672,25.5530120561708,0,0,0,0,0,0,0,0,2.84510226871656,0,6.14979114612185,0,0,0,0,0,0,0,4.63117682933807,0,44.6212390899658,0,11.3944595341097,0,20.8389624357224,0,18.9939468885495,0,0,0,6.82275717063973,0,0,0,0,0,0,0,7.14765014749639,0,0,0,0,20.2521708710025,0,0,0,0,0,0,0,7.27362946759571,0,0,0,0,0,0,0,49.8257175661483,0,6.04938263145148,0,36.5738383293152,61.9293212890625,12.6359123932688,20.2587320009867,0
0,0,0,0,38.0285987854004,0,0,0,0,0,5.51183091418844,0,0,0,0,0,0,0,55.598072052002,0,12.1064158821106,0,23.8099327087402,0,0,0,0,0,3.40286973685272,0,4.70111905142318,0,0,0,0,0,81.9193267822266,0,6.42585696845219,0,13.7373247146606,0,12.792650604248,0,23.4868831634521,0,15.9417160474337,0,7.43125637023004,0,0,0,0,0,0,0,5.25319264613239,0,0,0,0,0,0,11.140882919232,0,23.0382188161214,0,0,0,0,0,5.55033741136445,0,0,0,0,0,0,0,50.9459406534831,0,5.7381451223536,29.4259614944458,0,12.6410496281643,0,17.759344206916
0,0,0,0,0,0,0,0,0,0,0,0,0,0,0,0,0,0,0,0,0,0,0,0,0,0,0,0,0,0,0,4.14907813395778,8.0825188562274,0,0,7.18475077531048,0,0,0,0,0,0,0,0,0,0,0,6.86569558535537,27.7622299194336,0,0,0,0,0,0,0,0,0,0,0,0,0,0,0,0,0,0,0,0,0,0,0,0,0,0,12.9825881755713,4.74409434088954,26.5609283447266,7.8406691113118,0,0,0,5.18211595659671,0,0,0,0
0,0,0,0,0,0,0,0,0,0,0,0,0,0,0,0,0,0,0,0,0,0,0,0,0,0,0,0,0,0,0,5.03160527304037,4.74362576680401,5.82625465807707,4.35180228670067,0,8.0959822563898,0,0,0,0,0,0,0,0,0,0,5.84617906212532,11.4530610561371,0,0,0,0,0,0,0,0,0,0,0,0,0,0,0,0,0,0,0,0,0,0,0,0,0,12.9825881755713,0,0,3.92002571087617,0,8.20683763331662,0,0,4.17694838508886,0,42.5346565246582,0,0
0,0,0,0,0,0,0,0,0,0,0,0,0,0,0,0,0,0,71.9304122924805,0,0,0,0,0,0,0,0,0,0,0,0,3.54117366671562,0,5.2089555412783,3.89338245262971,6.60464758163243,0,8.12256666294364,0,0,0,55.2918315463596,0,60.4175643920898,0,47.6969184875488,0,4.91182248163423,0,5.95387535095215,0,0,0,0,0,0,0,0,0,0,0,0,0,0,0,0,18.2621097564697,0,0,0,0,0,0,0,4.74409434088954,0,0,6.02339474360148,6.4202999458842,0,6.43031043049337,0,4.64527160672758,0,77.4476089477539,56.4097747802734,0
0,0,0,0,0,0,0,0,0,0,0,0,0,0,0,0,0,0,0,0,0,0,0,0,0,0,0,0,0,0,0,5.85466017723084,6.0908388197422,5.13926291465759,4.0833126918471,0,7.15626017252604,0,6.57410654814347,0,0,0,0,0,0,0,0,6.54038256228655,13.2138719891393,0,0,0,0,0,0,0,0,0,0,0,0,0,0,0,0,0,0,0,0,0,0,0,0,0,26.5609283447266,3.92002571087617,6.02339474360148,0,0,5.84392468343701,0,5.67166716160717,5.16978687624777,0,0,0,0
0,54.0733995437622,0,42.31354032244,0,0,0,0,0,0,88.0800933837891,0,0,0,0,0,82.0698680316701,82.4768630739242,52.6499910504755,5.4520501769506,88.8472793579102,69.9518737792969,0,0,0,0,0,0,0,0,0,5.14799631195839,0,8.63116367248928,0,6.65004675883331,7.3997215458325,9.12408866420258,0,14.7846130405154,0,28.6615935433076,63.5563969612122,34.6076443843353,53.0347073872884,25.3132880382093,63.5461845397949,8.13360774112686,0,18.2574517477314,0,0,0,0,0,0,85.4167633056641,44.6566734313965,0,0,0,0,10.4744346779461,112.826164245605,0,0,0,0,0,0,0,0,49.8257175661483,0,7.8406691113118,0,6.4202999458842,0,0,106.554553115577,7.42638675142076,91.4317306518555,19.7352802634028,28.3800023638684,24.2373545897403,31.6381528684828,66.2742462158203
49.2121568159624,0,0,0,46.7156155904134,0,0,0,0,0,42.4758159991392,0,0,0,0,0,75.3845489530852,91.9637701383201,60.8067745851522,0,15.8914902056732,0,0,0,81.6758155822754,0,117.672075907389,0,0,0,50.5847538218779,0,6.45568801860681,0,5.07663269061966,5.59968086920286,8.11904076197457,0,10.8957471561945,93.9371048609416,16.9392212010812,70.1770879572088,30.8317741985076,69.7537738800049,40.4645496965891,0,24.7004996793709,8.00505120201973,9.91443620203229,73.7192916870117,67.4672164916992,0,0,0,0,0,43.5596752307685,0,0,0,89.3347320556641,0,100.796176365444,19.2568291435263,0,0,0,0,0,0,0,50.1186480522156,0,50.9459406534831,0,8.20683763331662,0,5.84392468343701,106.554553115577,0,93.3042526245117,14.1904160143603,22.7753458352245,49.7396662105213,25.843931856189,77.9051966667175,30.6290305021108
