0,0,3.32425791669536,0,0,0,0,0,3.72027308443374,0,0,0,0,0,0,0,0,0,0,0,0,0,0,0,0,0,0,0,0,0,0,0,0,0,0,0,0,0,0,0,0,0,0,0,0,0,0,0,3.17020997946913,0,0,0,0,0,3.38949534657237,0,0,0,0,0,2.95046424865723,0,0,0,0,0,0,0,0,0,0,0,0,0,0,0,0,0,0,0,0,0,3.88115538869585,0,4.53799135895336,0,0
0,0,0,6.8292674753401,0,0,0,0,0,4.3577827263942,0,0,0,0,0,0,0,0,0,0,0,0,0,2.98948683738708,0,0,0,0,0,0,0,0,0,0,0,0,0,0,0,0,0,18.9387370745341,0,0,0,0,0,0,0,4.84436911131206,0,0,0,0,0,4.40121827313775,0,5.49613428115845,0,0,0,3.92924871444702,0,0,0,0,4.00137193997701,0,0,0,0,0,0,0,0,0,0,0,0,0,0,0,5.61323528944679,0,7.2960942036821,0,0
3.32425791669536,0,0,0,5.25984942622301,0,0,0,4.63205027580261,0,36.4307174682617,0,0,0,0,0,0,0,77.1481475830078,0,0,0,0,0,0,0,0,0,0,0,0,0,0,0,0,0,61.9087079366048,0,65.2973810831706,0,41.064334324428,0,32.7649625217213,0,0,0,14.3410802134152,46.7853571573893,32.2563006877899,0,3.94142812490463,0,0,0,4.49437653101408,0,30.490119934082,0,3.53544920682907,0,0,0,0,30.7498979568481,0,0,0,0,0,0,0,0,0,36.4179470141729,0,0,0,0,0,56.6533084445529,0,41.2206856863839,9.95740096973923,0,7.3612128700222,0,23.7908579508464
0,6.8292674753401,0,0,0,5.05627725521723,0,0,0,4.41428768634796,0,0,0,0,0,0,0,0,64.2030326843262,0,0,0,0,0,0,0,0,0,0,0,0,0,0,0,0,26.5573113759359,0,0,0,48.7349947879189,0,41.3163701837713,0,27.3786625862122,0,18.6891646189901,0,50.3322348594666,0,25.85770546478,0,4.09740360618867,0,0,0,0,0,30.1082950234413,0,0,0,4.33218605518341,13.812631173212,0,56.1734447479248,0,0,0,0,0,45.9885045051575,0,39.3846147127241,0,0,0,0,0,49.3313549041748,0,44.1824144502965,0,24.6592024910835,2.84610688686371,9.29381723771585,0,0
0,0,5.25984942622301,0,0,0,0,0,0,0,0,0,0,0,0,0,0,0,53.257932027181,0,7.91729893287023,0,0,0,0,0,0,0,0,0,0,0,0,0,0,0,49.1647504170736,0,69.6122055053711,0,44.0140270996094,0,41.0248830360279,0,23.5766334533691,0,15.638950237861,50.2005381376847,42.2034492492676,40.2408485412598,3.76354995038774,0,0,0,0,0,62.1991221110026,0,5.06598297754924,0,4.80187471707662,0,0,11.2159950297976,0,0,0,0,0,0,0,0,0,45.2891629536947,0,0,0,0,0,39.4172797203064,0,51.4304306927849,21.680621046769,0,11.7343033520766,0,31.7127259572347
0,0,0,5.05627725521723,0,0,0,0,0,0,0,0,0,0,0,0,0,0,45.0646705627441,4.9622487915096,0,0,0,0,0,0,0,0,0,0,0,0,0,0,0,24.8685196770562,0,0,0,28.5016632080078,0,36.4099021911621,0,0,0,16.0491897654983,0,47.775520324707,0,39.8995374043783,0,3.00172518832343,0,0,0,2.89797270298004,0,0,0,0,0,0,10.2264677073858,0,0,0,0,0,0,0,45.3053550720215,0,0,0,0,0,0,0,22.0659929003034,0,0,0,2.89851438082182,2.82419228553772,13.1424208595639,0,0
0,0,0,0,0,0,0,0,0,0,4.14827997890519,0,0,0,0,0,0,0,0,0,0,0,0,0,0,0,0,0,0,0,0,0,0,0,0,0,0,0,0,0,0,0,0,0,0,0,0,0,0,0,2.75209593772888,0,2.91967042287191,0,0,0,3.5276819559244,0,0,0,0,0,0,0,0,0,0,0,0,0,0,0,0,0,0,0,0,0,0,0,0,0,0,0,0,0,0
0,0,0,0,0,0,0,0,0,0,0,2.75074028968811,0,0,0,0,0,0,0,0,0,0,0,0,0,0,0,0,0,0,0,0,0,0,0,0,0,0,0,0,0,0,0,0,0,0,0,0,0,0,0,0,0,2.80565502246221,0,0,0,0,0,0,0,0,0,0,0,0,0,0,0,0,0,0,0,0,0,0,0,0,0,0,0,0,0,0,0,0,0
3.72027308443374,0,4.63205027580261,0,0,0,0,0,0,0,0,0,0,0,6.18892560466643,0,23.9307734105597,45.1602028294613,19.4955229811616,0,0,0,30.8589035669963,44.1844017028809,10.5155750837396,0,18.2807633578777,0,0,0,0,0,0,0,0,0,0,0,3.6453294356664,83.8728179931641,70.0799674987793,60.696216583252,37.4407207489014,0,0,95.6748962402344,14.2580971717834,51.9022064208984,5.77013969421387,0,0,0,0,0,3.79470278118171,0,0,0,0,0,8.94503617286682,0,0,32.4810028076172,45.477352142334,0,0,3.5044913145212,69.4911575317383,12.4697504043579,0,0,0,40.4868354797363,0,0,0,0,0,82.7419509887695,0,3.75306193645184,13.0990030167455,0,4.77680861473084,0,80.4567031860352
0,4.3577827263942,0,4.41428768634796,0,0,0,0,0,0,0,0,0,0,0,6.38493031840171,48.4553726741246,23.0744060527779,26.4041741444514,0,0,28.8616714477539,0,9.02876291628237,53.0196399688721,15.0818590058221,57.330379486084,0,0,0,0,0,0,0,0,0,0,3.09161678949992,0,74.2395401000977,66.7942810058594,0,0,0,0,0,0,0,0,0,0,0,0,0,0,4.54274072132859,0,0,0,0,0,6.55805052410473,0,0,0,0,3.97506608281817,0,11.1483812332153,0,0,0,0,0,0,0,0,0,0,0,3.89765498042107,0,7.34524318761232,55.5514984130859,14.1914296831403,0,0
0,0,36.4307174682617,0,0,0,4.14827997890519,0,0,0,0,0,3.23251342773438,0,0,0,0,0,0,0,3.77104089941297,0,0,0,0,0,0,0,0,0,4.42670323815144,0,0,0,0,0,3.12233098347982,0,5.33246008340303,0,56.5507888793945,0,24.4600229263306,0,22.9080352783203,0,14.3467380609085,0,58.1454048156738,0,0,0,4.2294555794109,0,0,0,6.06479403243902,0,2.74447202682495,0,0,0,0,7.52150392532349,0,0,0,0,0,0,0,0,0,8.74294505596161,0,0,0,0,0,51.3209425608317,0,10.9012926881964,8.27492596552922,0,36.0610074996948,0,25.6270666122437
0,0,0,0,0,0,0,2.75074028968811,0,0,0,0,0,2.96387600898743,0,0,0,0,0,5.53825522682123,0,0,0,0,0,0,0,0,0,9.24870212591147,0,0,0,0,0,5.96410464357447,0,4.40506257155604,0,0,0,0,0,0,0,17.8527698516846,0,0,0,77.5966262817383,0,0,0,0,0,0,0,5.61597070893968,0,0,0,0,9.85691161653889,0,37.7513465881348,0,0,0,0,0,16.6593545930726,0,7.90521607673708,0,0,0,0,0,32.1772682189941,0,7.86641665335694,0,5.1507166696474,0,14.2997062856501,0,0
0,0,0,0,0,0,0,0,0,0,3.23251342773438,0,0,0,0,0,0,0,0,0,0,0,0,0,0,0,0,0,0,0,0,0,0,0,0,0,0,0,0,0,0,0,0,0,0,0,0,0,0,0,0,0,0,0,0,0,3.58897245631498,0,0,0,0,0,0,0,0,0,0,0,0,0,0,0,0,0,0,0,0,0,0,0,0,0,0,0,0,0,0
0,0,0,0,0,0,0,0,0,0,0,2.96387600898743,0,0,0,2.90209460258484,0,6.04315390586853,0,0,0,0,0,0,0,4.1579127907753,0,0,0,0,0,0,0,0,0,0,0,0,0,0,0,0,0,0,0,0,0,0,0,0,0,0,0,0,0,0,0,3.10353620847066,0,3.78868079185486,0,0,0,0,0,0,0,0,0,0,5.73094429969788,0,0,0,0,0,0,0,0,0,0,0,0,0,0,0,0
0,0,0,0,0,0,0,0,6.18892560466643,0,0,0,0,0,0,0,9.88083431443239,48.0045246548123,50.2357864379883,0,0,0,22.4844570159912,0,22.1919094085693,0,5.42861163020134,0,0,0,0,0,0,0,0,0,0,0,0,0,0,0,0,0,0,0,0,0,0,0,0,0,0,0,3.57498097419739,0,0,0,0,0,2.93895447254181,0,0,0,0,0,0,0,0,21.0238075256348,0,0,0,0,0,0,0,0,0,0,0,0,8.68020921235993,0,0,0,0
0,0,0,0,0,0,0,0,0,6.38493031840171,0,0,0,2.90209460258484,0,0,47.2692279815674,17.619069669099,72.7972717285156,0,0,23.1301593780518,0,18.3682032791344,0,13.2002903006294,0,0,0,0,0,0,0,0,0,0,0,0,0,0,0,0,0,0,0,0,0,0,0,0,0,0,0,0,0,5.08055830001831,0,0,0,0,0,5.33601862192154,0,0,0,0,19.7633261680603,0,9.99559926986694,0,0,0,0,0,0,0,0,0,0,0,0,0,9.9808642407444,0,0,0,0
0,0,0,0,0,0,0,0,23.9307734105597,48.4553726741246,0,0,0,0,9.88083431443239,47.2692279815674,0,29.9681782869822,28.2156569354527,0,0,20.7905249595642,7.86283751397506,41.5208725413761,17.8833505558062,49.3833204905192,11.9561517918953,0,2.93880701065063,0,0,0,0,0,0,101.095383493524,89.0318856672807,133.200579325358,92.0935053825378,90.1747353736391,64.5834908118615,75.0119027762577,53.888382310236,0,42.8412532806396,71.3773651123047,65.1000728607178,89.7304484049479,75.3832403818766,80.70148340861,0,0,0,0,28.3950519561768,0,0,0,0,0,17.5203804969788,0,87.0135341644287,81.6705029805501,25.3586945533752,11.3420250806652,0,0,45.803816986084,17.8903981298208,0,0,92.8827997843425,70.1497705777486,0,84.4200820922852,0,0,90.6601394700126,75.5835786617071,89.3812872688725,68.5861887498335,17.5592416419695,15.1351468421795,62.5479044307362,73.5432739257812,50.616662979126
0,0,0,0,0,0,0,0,45.1602028294613,23.0744060527779,0,0,0,6.04315390586853,48.0045246548123,17.619069669099,29.9681782869822,0,30.118530467114,0,0,7.35892468351465,42.3186111611835,19.7221564246974,36.8955342714814,11.6691537583332,39.9283761978149,3.61512303352356,0,0,0,0,0,0,0,92.3966220749749,106.414313316345,92.3467011451721,97.5872116088867,72.91215900155,70.5941436767578,56.5197336114349,70.0917542775472,60.7850357055664,46.908332824707,63.9333419234664,66.3131558100383,68.7392654418945,78.6504462105887,74.3956401824951,0,0,0,0,0,0,0,0,0,0,41.3498840332031,16.7083497047424,75.2974111867506,0,9.87315837867924,64.6692581176758,22.0286382039388,0,18.271462329056,44.8589804172516,82.9304504394531,0,70.2702173868815,143.058303833008,0,0,0,0,83.4005548309862,86.2560125408751,70.6018036263888,93.7775859832764,17.6958472670112,21.2371458558224,65.7675902006642,51.0190429142543,66.3246451483832
0,0,77.1481475830078,64.2030326843262,53.257932027181,45.0646705627441,0,0,19.4955229811616,26.4041741444514,0,0,0,0,50.2357864379883,72.7972717285156,28.2156569354527,30.118530467114,0,75.0190505981445,39.676212310791,63.1341400146484,46.6478841872442,33.9480388103387,32.2912295948375,44.006101335798,36.9654495532696,0,0,0,68.5706176757812,0,0,0,0,74.0943852402557,71.9223882121425,74.194944158777,69.6856012424501,53.0929010750073,47.2004401014206,44.3630632354229,39.145104368946,12.424782771838,13.5643318339092,37.9748016537667,28.7577925268458,59.0565982394748,57.119611278657,59.3656531524658,0,0,0,0,39.6356408596039,0,69.943063100179,71.3374862670898,0,0,0,0,55.4545603731077,66.4543064258717,43.6313258579799,37.8365936279297,0,0,58.8999576568604,0,70.8758042075417,0,58.2698768325474,52.0522874251656,0,90.0373001098633,0,0,62.0240250798648,54.7818081648966,54.5127245093859,47.0020372801189,17.3731370260478,29.6945463120937,35.7657598779377,43.1375238261526,32.2416415659936
0,0,0,0,0,4.9622487915096,0,0,0,0,0,5.53825522682123,0,0,0,0,0,0,75.0190505981445,0,0,0,0,0,0,0,0,0,0,8.8742835521698,0,0,0,0,0,4.01031903040062,0,9.01177717924118,0,39.4476299285889,0,0,0,0,0,12.6605000495911,0,0,0,0,0,6.08967471122742,0,0,0,0,0,5.41429559526772,0,0,0,0,5.3832660981005,0,36.2815055847168,0,0,0,0,0,22.3280935287476,0,12.4356717972528,0,0,0,0,0,9.84728816315765,0,11.1306454058365,0,3.10241925561583,0,6.16892292304915,0,0
0,0,0,0,7.91729893287023,0,0,0,0,0,3.77104089941297,0,0,0,0,0,0,0,39.676212310791,0,0,0,0,0,0,0,0,0,0,0,10.6152896881104,0,0,0,0,0,3.94409754680611,0,6.18584291707902,0,39.4958019256592,0,31.3566022286048,0,46.4160283406576,0,10.3161385673465,0,48.8379755020142,0,0,0,0,0,0,0,6.80071761379134,0,0,0,0,0,0,5.43671191582397,0,0,0,0,0,0,0,0,0,13.1391201962286,0,0,0,0,0,8.54593168665044,0,9.59375342216281,4.34026130983385,0,10.2318217126947,0,0
0,0,0,0,0,0,0,0,0,28.8616714477539,0,0,0,0,0,23.1301593780518,20.7905249595642,7.35892468351465,63.1341400146484,0,0,0,4.36365910137401,7.61592186198515,0,4.05570120811462,0,0,0,0,0,0,0,0,0,0,0,5.17365898779773,0,0,0,0,0,0,0,59.0697364807129,99.5501556396484,0,0,9.07108897850162,0,0,0,0,0,0,0,24.9774983479426,0,26.0397086510291,0,0,39.399772644043,0,4.98915870955094,0,4.72058548710563,0,12.4869144273841,0,17.3238981628418,0,0,0,0,0,0,0,0,0,9.83919694474737,0,6.39136444599139,3.86712467670441,15.205002784729,0,0
0,0,0,0,0,0,0,0,30.8589035669963,0,0,0,0,0,22.4844570159912,0,7.86283751397506,42.3186111611835,46.6478841872442,0,0,4.36365910137401,0,43.6094436645508,6.37845616130268,0,4.47256260530084,0,2.81695024172465,0,0,0,0,0,0,0,0,0,3.57320482371956,0,0,67.0384979248047,76.288703918457,0,0,94.7752075195312,0,0,10.283404240408,0,0,0,0,0,0,0,26.2231664657593,0,0,0,31.2973346710205,0,0,0,16.0212659835815,4.19190238905095,0,4.81626516580582,0,7.04744982719421,0,8.31583702869904,0,20.7181758880615,0,0,0,0,0,89.5112342834473,81.0987777709961,6.41793976844625,6.21547689177096,5.69343617169753,14.7458403344248,0,0
0,2.98948683738708,0,0,0,0,0,0,44.1844017028809,9.02876291628237,0,0,0,0,0,18.3682032791344,41.5208725413761,19.7221564246974,33.9480388103387,0,0,7.61592186198515,43.6094436645508,0,36.3811168670654,5.54623526132713,46.5760269165039,0,0,0,0,0,0,0,0,0,0,4.07680088646558,0,94.1276092529297,98.2944869995117,0,0,0,0,71.4647750854492,0,0,0,9.28997649388893,0,0,0,0,0,3.72873017075774,0,21.7372932434082,0,23.5468883514404,0,8.56666358311971,0,0,4.66686028713213,0,3.37353743675007,0,11.5066112279892,0,15.5444898945945,0,0,0,0,0,0,0,81.348747253418,89.9956970214844,10.6195477039918,0,14.5754865940506,0,11.7784048237213,39.2114868164062,0
0,0,0,0,0,0,0,0,10.5155750837396,53.0196399688721,0,0,0,0,22.1919094085693,0,17.8833505558062,36.8955342714814,32.2912295948375,0,0,0,6.37845616130268,36.3811168670654,0,37.3623361587524,6.68371706097214,0,0,0,0,0,0,0,0,0,0,0,5.38165430944474,0,0,55.6825466156006,91.6454391479492,0,0,0,0,0,8.54646487097346,0,0,0,0,0,6.18912402321311,0,0,0,0,0,0,0,0,0,34.5796813964844,4.20738570920883,0,5.24014659317172,0,0,0,0,0,0,0,0,0,0,105.284220377604,0,75.4928588867188,7.6563487606154,11.47354127014,0,10.783421208075,0,0
0,0,0,0,0,0,0,0,0,15.0818590058221,0,0,0,4.1579127907753,0,13.2002903006294,49.3833204905192,11.6691537583332,44.006101335798,0,0,4.05570120811462,0,5.54623526132713,37.3623361587524,0,0,5.34935100873311,0,0,0,0,0,0,0,0,0,0,0,0,0,59.4676513671875,0,0,0,0,0,0,0,0,0,0,0,0,0,0,0,0,0,0,0,0,0,0,3.93511627368557,0,4.2704191792245,0,4.96598206957181,0,3.0193509714944,0,0,0,0,0,0,0,83.9262924194336,0,0,0,10.5967325146459,0,0,0,0
0,0,0,0,0,0,0,0,18.2807633578777,57.330379486084,0,0,0,0,5.42861163020134,0,11.9561517918953,39.9283761978149,36.9654495532696,0,0,0,4.47256260530084,46.5760269165039,6.68371706097214,0,0,0,3.26945984363556,0,0,0,0,0,0,0,0,0,0,0,0,0,0,0,0,0,0,0,0,0,0,0,0,0,0,0,0,0,0,0,4.87425603469213,0,0,0,0,5.23749000598223,0,3.85128600026932,0,3.85901250921447,0,0,0,0,0,0,0,0,0,125.375915527344,112.030181884766,0,9.84938195466582,0,0,0,0
0,0,0,0,0,0,0,0,0,0,0,0,0,0,0,0,0,3.61512303352356,0,0,0,0,0,0,0,5.34935100873311,0,0,0,2.85122521718343,0,0,0,0,0,0,0,0,0,0,0,0,0,0,0,0,0,0,0,0,0,0,0,0,0,0,0,0,0,0,0,0,0,0,5.78420762515362,0,0,0,0,0,4.98641436316164,0,3.40993926463983,0,0,0,0,0,0,0,8.78322960535685,0,4.37371942630181,0,0,0,0
0,0,0,0,0,0,0,0,0,0,0,0,0,0,0,0,2.93880701065063,0,0,0,0,0,2.81695024172465,0,0,0,3.26945984363556,0,0,0,0,0,0,0,0,0,0,0,2.96399903297424,0,0,0,0,0,0,0,0,0,0,0,0,0,0,0,0,0,0,0,0,0,0,0,0,0,0,0,0,0,0,0,0,5.33837441922268,0,3.48917950372227,0,0,0,0,0,0,0,3.11294946999385,3.6660297314326,2.75529503822327,0,0,0
0,0,0,0,0,0,0,0,0,0,0,9.24870212591147,0,0,0,0,0,0,0,8.8742835521698,0,0,0,0,0,0,0,2.85122521718343,0,0,0,0,0,0,0,0,0,13.7666868426583,0,0,0,0,0,0,0,28.8058433532715,0,0,0,0,0,0,0,0,0,0,0,10.6593638995419,0,0,0,0,15.4371200708243,0,0,0,0,0,0,0,0,0,8.29587504764398,0,0,0,0,0,49.0825386047363,0,4.8827519757407,0,0,0,0,0,0
0,0,0,0,0,0,0,0,0,0,4.42670323815144,0,0,0,0,0,0,0,68.5706176757812,0,10.6152896881104,0,0,0,0,0,0,0,0,0,0,0,0,0,0,0,0,0,3.32870723651006,0,0,0,0,0,28.5381088256836,0,23.3474587031773,0,0,0,0,0,0,0,0,0,4.17163020631541,0,0,0,0,0,0,15.0332344770432,0,0,0,0,0,0,0,0,0,5.64429352983666,0,0,0,0,0,0,0,3.34038996166653,2.75366997718811,0,31.937479019165,0,0
0,0,0,0,0,0,0,0,0,0,0,0,0,0,0,0,0,0,0,0,0,0,0,0,0,0,0,0,0,0,0,0,8.10615197681051,0,0,3.61692563232968,0,0,0,0,0,0,0,0,0,0,0,4.64404747057304,0,0,0,0,0,0,0,0,0,0,0,0,0,0,0,0,0,0,0,0,0,0,0,0,0,0,5.05161147009279,12.4058883251863,5.37577622030034,7.34281349182129,5.78041835532469,0,0,0,4.04813374821835,0,0,0,0
0,0,0,0,0,0,0,0,0,0,0,0,0,0,0,0,0,0,0,0,0,0,0,0,0,0,0,0,0,0,0,8.10615197681051,0,0,5.89330810308456,3.09683153033257,4.5158440672833,0,0,0,0,0,0,0,0,0,0,5.61562227073893,5.94410183212974,2.94325065612793,0,0,0,0,0,0,0,0,0,0,0,0,0,0,0,0,0,0,0,0,0,0,0,0,11.5776312915646,7.78026675179864,0,8.83485913438862,18.5366875289322,4.85589065816667,0,0,5.02607993999062,0,0,0,0
0,0,0,0,0,0,0,0,0,0,0,0,0,0,0,0,0,0,0,0,0,0,0,0,0,0,0,0,0,0,0,0,0,0,6.73312834755005,4.17517758369446,0,3.62379455936047,0,37.2001686096191,0,57.3182954788208,0,0,0,0,0,5.15798887772481,17.0324649810791,6.68503904342651,0,0,0,0,0,0,0,0,0,0,0,0,0,0,0,0,0,0,0,0,0,0,0,0,13.5908516475133,0,5.41292044107987,7.58680005319657,7.45500172019764,15.153265953064,4.74889357999074,0,3.30100164456027,7.59954404830933,11.9461965560913,0,0
0,0,0,0,0,0,0,0,0,0,0,0,0,0,0,0,0,0,0,0,0,0,0,0,0,0,0,0,0,0,0,0,5.89330810308456,6.73312834755005,0,18.4855003356934,4.01149439665885,0,8.56423585555133,0,44.7236518859863,0,0,0,0,0,46.6520805358887,5.87133808804625,10.1577442559329,14.3258836534288,0,0,0,0,0,0,0,0,0,0,0,0,0,0,0,0,0,0,0,0,0,0,0,0,0,5.97633306008798,9.02485475313096,5.69532762531421,18.3055645227432,5.97478670507255,18.2859941482544,4.66822908474849,4.52891373473679,2.95599817181682,33.0990825468494,0,0
0,0,0,26.5573113759359,0,24.8685196770562,0,0,0,0,0,5.96410464357447,0,0,0,0,101.095383493524,92.3966220749749,74.0943852402557,4.01031903040062,0,0,0,0,0,0,0,0,0,0,0,3.61692563232968,3.09683153033257,4.17517758369446,18.4855003356934,0,3.91610495971911,10.0927029177944,0,71.9466012896913,84.5262832641602,51.448748246123,96.3603420257568,54.114638387421,64.0800552368164,38.2201000854282,102.150148391724,7.11573668609966,0,35.2793788765416,0,0,0,0,0,0,0,17.486934709549,0,0,0,0,12.9117126947472,0,0,0,0,0,0,0,54.3925361633301,0,56.1356074015299,0,3.80328496082409,0,4.8068839263916,20.3742179870605,6.84001392016382,54.0329631396702,12.5844089108574,0,6.05507940192705,4.89533759312457,31.5012285287564,47.5107182963141,0
0,0,61.9087079366048,0,49.1647504170736,0,0,0,0,0,3.12233098347982,0,0,0,0,0,89.0318856672807,106.414313316345,71.9223882121425,0,3.94409754680611,0,0,0,0,0,0,0,0,0,0,0,4.5158440672833,0,4.01149439665885,3.91610495971911,0,0,7.66806377902534,82.4434356689453,59.540855780626,118.543820699056,51.6122404328929,0,50.1687609468188,100.069450378418,43.7509912349893,10.0137548013167,21.3455339979938,8.76405678725824,0,0,0,0,0,0,0,0,0,0,0,0,0,20.5661972812984,0,0,0,0,0,0,0,0,0,95.2575174967448,0,4.9265348320165,0,7.17819117831293,8.32158799767494,6.77884720300257,0,13.3131299242037,6.46429776593157,7.63146502709802,25.8309256368754,86.7274703979492,42.1887141007644
0,0,0,0,0,0,0,0,0,3.09161678949992,0,4.40506257155604,0,0,0,0,133.200579325358,92.3467011451721,74.194944158777,9.01177717924118,0,5.17365898779773,0,4.07680088646558,0,0,0,0,0,13.7666868426583,0,0,0,3.62379455936047,0,10.0927029177944,0,0,0,87.6003973824637,101.366947174072,51.1961855511916,19.5927181243896,48.979041841295,0,45.8609983620523,86.4054260253906,4.52984696067037,0,9.48545013039799,0,0,0,0,0,0,0,7.87967024530683,0,0,0,0,26.1893924023925,0,7.88027405242125,0,3.26079666614532,0,0,0,5.24029722213745,0,11.495053190934,0,0,0,3.37576150894165,0,18.6904389133835,110.357864379883,5.53013990156597,0,6.91529425221776,5.53982760573997,50.1515450792493,49.5010492801666,0
0,0,65.2973810831706,0,69.6122055053711,0,0,0,3.6453294356664,0,5.33246008340303,0,0,0,0,0,92.0935053825378,97.5872116088867,69.6856012424501,0,6.18584291707902,0,3.57320482371956,0,5.38165430944474,0,0,0,2.96399903297424,0,3.32870723651006,0,0,0,8.56423585555133,0,7.66806377902534,0,0,158.796005249023,77.7896358783428,0,49.5810064307047,0,48.1361069550385,0,45.7123319882305,5.52253727685838,8.73376735820565,0,0,0,0,0,4.42681401968002,0,6.59281224120747,0,0,0,0,0,0,32.1050703938802,0,3.53443918187739,0,6.19313652484448,0,0,0,3.69074969821506,0,13.217721087592,0,0,0,4.3097787357512,116.844841003418,14.983729562811,2.74130344390869,5.60917976107392,7.60096714938625,8.02915922118111,26.5734917698926,0,39.3873432159424
0,0,0,48.7349947879189,0,28.5016632080078,0,0,83.8728179931641,74.2395401000977,0,0,0,0,0,0,90.1747353736391,72.91215900155,53.0929010750073,39.4476299285889,0,0,0,94.1276092529297,0,0,0,0,0,0,0,0,0,37.2001686096191,0,71.9466012896913,82.4434356689453,87.6003973824637,158.796005249023,0,56.5370402336121,28.0023560735701,68.1055450439453,30.9693356950273,34.1269931793213,18.5930365172628,49.0499923706055,22.3124195986455,19.3166410446167,15.0506037188858,0,44.0841636657715,0,0,0,0,0,55.3781089782715,0,0,0,0,14.0272550527951,0,83.2730361938477,0,0,0,67.0749282836914,0,63.3380391438802,0,56.6308057380445,0,0,0,0,0,18.1783499787097,97.4297948201497,47.2640353170764,71.160530090332,38.524280621673,0,21.8061552612158,43.0251664797465,55.2427062988281
0,0,41.064334324428,0,44.0140270996094,0,0,0,70.0799674987793,66.7942810058594,56.5507888793945,0,0,0,0,0,64.5834908118615,70.5941436767578,47.2004401014206,0,39.4958019256592,0,0,98.2944869995117,0,0,0,0,0,0,0,0,0,0,44.7236518859863,84.5262832641602,59.540855780626,101.366947174072,77.7896358783428,56.5370402336121,0,60.179697709925,25.3488056676772,0,44.1962706995945,54.8180065155029,16.725152769052,27.1274894039396,15.5114196263177,14.7076152801514,41.5980968475342,0,0,0,0,0,53.7735404968262,0,0,0,0,0,0,19.2502696903997,0,0,0,0,0,0,0,73.8891983032227,0,40.8662022427668,0,0,0,0,99.5730743408203,16.6150728740412,76.9218275887626,37.4061949157715,33.6272119213553,46.8780250549316,22.2261906992549,50.3343529701233,38.4172774100488
0,18.9387370745341,0,41.3163701837713,0,36.4099021911621,0,0,60.696216583252,0,0,0,0,0,0,0,75.0119027762577,56.5197336114349,44.3630632354229,0,0,0,67.0384979248047,0,55.6825466156006,59.4676513671875,0,0,0,0,0,0,0,57.3182954788208,0,51.448748246123,118.543820699056,51.1961855511916,0,28.0023560735701,60.179697709925,0,14.6175989937667,23.6804366651035,41.2628059387207,27.925046122668,50.4877459208171,16.0998152845046,16.2792685627937,14.1941024966846,0,0,0,0,0,0,0,21.8531702545487,0,0,0,0,27.8648111100255,0,42.5983552344051,0,0,0,0,0,33.8830106577922,0,24.7637262901159,0,0,0,37.8831901550293,0,36.7531535085017,71.408080291748,31.1626384931851,70.0428377787272,15.5753132784897,55.0499954223633,19.2637109981518,21.057583095406,38.8386964797974
0,0,32.7649625217213,0,41.0248830360279,0,0,0,37.4407207489014,0,24.4600229263306,0,0,0,0,0,53.888382310236,70.0917542775472,39.145104368946,0,31.3566022286048,0,76.288703918457,0,91.6454391479492,0,0,0,0,0,0,0,0,0,0,96.3603420257568,51.6122404328929,19.5927181243896,49.5810064307047,68.1055450439453,25.3488056676772,14.6175989937667,0,35.8383445739746,27.543678079743,68.6576659462669,29.4858215641331,15.5428874146464,20.6643622818746,0,67.4517936706543,0,0,0,0,0,25.2368537343067,0,0,0,0,0,0,23.3469108900955,0,0,0,0,0,0,0,40.5369491577148,0,25.5233714964139,0,0,0,0,81.0399619208442,31.3499176459038,84.3625009324816,30.6662318625597,15.6673831610239,0,16.3103317755228,40.8277130126953,11.6888515611907
0,0,0,27.3786625862122,0,0,0,0,0,0,0,0,0,0,0,0,0,60.7850357055664,12.424782771838,0,0,0,0,0,0,0,0,0,0,0,0,0,0,0,0,54.114638387421,0,48.979041841295,0,30.9693356950273,0,23.6804366651035,35.8383445739746,0,0,30.2752281257084,0,51.2534294128418,0,28.7151583194733,0,0,0,0,0,0,0,40.8713722229004,0,0,0,0,36.3215020342571,0,41.5803985595703,0,0,0,0,0,36.4542636871338,0,27.3026948716905,0,0,0,0,0,45.4957827100102,0,33.4042694790263,84.4502182006836,35.1557719230652,0,19.4872170793704,38.8073382907444,0
0,0,0,0,23.5766334533691,0,0,0,0,0,22.9080352783203,0,0,0,0,0,42.8412532806396,46.908332824707,13.5643318339092,0,46.4160283406576,0,0,0,0,0,0,0,0,0,28.5381088256836,0,0,0,0,64.0800552368164,50.1687609468188,0,48.1361069550385,34.1269931793213,44.1962706995945,41.2628059387207,27.543678079743,0,0,0,21.91067752384,38.6148425510951,39.412869811058,0,0,0,0,0,0,0,21.7854580879211,0,0,0,0,0,0,20.3616758982341,0,0,0,0,0,0,0,0,0,26.1262188602138,0,0,0,0,55.242338180542,42.3822169506577,0,29.8190694462639,19.5224816203117,52.8894691467285,17.9735686705094,0,32.9245517253876
0,0,0,18.6891646189901,0,16.0491897654983,0,0,95.6748962402344,0,0,17.8527698516846,0,0,0,0,71.3773651123047,63.9333419234664,37.9748016537667,12.6605000495911,0,59.0697364807129,94.7752075195312,71.4647750854492,0,0,0,0,0,28.8058433532715,0,0,0,0,0,38.2201000854282,100.069450378418,45.8609983620523,0,18.5930365172628,54.8180065155029,27.925046122668,68.6576659462669,30.2752281257084,0,0,36.2509219305856,29.5782652006044,19.6430446184598,26.0204667679779,0,17.7935786363555,0,0,0,0,0,19.2070663647774,0,17.3901505470276,0,0,12.8680724935762,0,52.0708948516846,0,0,0,0,0,38.2162186795433,0,32.7761430682791,0,0,0,0,0,28.2670629379217,97.1493835449219,36.4981796632834,92.2483673095703,32.8626135260451,0,17.3391122617688,34.9018302435403,0
0,0,14.3410802134152,0,15.638950237861,0,0,0,14.2580971717834,0,14.3467380609085,0,0,0,0,0,65.1000728607178,66.3131558100383,28.7577925268458,0,10.3161385673465,99.5501556396484,0,0,0,0,0,0,0,0,23.3474587031773,0,0,0,46.6520805358887,102.150148391724,43.7509912349893,86.4054260253906,45.7123319882305,49.0499923706055,16.725152769052,50.4877459208171,29.4858215641331,0,21.91067752384,36.2509219305856,0,36.7328681226047,24.2801670191977,24.407735824585,15.7231651941935,0,0,0,0,0,18.5493269976448,60.828426361084,0,0,0,0,103.791585286458,9.85768412365658,0,0,0,0,0,0,77.9986038208008,44.1665878295898,122.445922851562,26.4345943435165,0,0,0,0,68.9008045196533,26.1139783044988,75.8082504272461,26.1698358908813,24.2024574789508,15.042528629303,14.8480104154635,66.5695705413818,19.619048484596
0,0,46.7853571573893,50.3322348594666,50.2005381376847,47.775520324707,0,0,51.9022064208984,0,0,0,0,0,0,0,89.7304484049479,68.7392654418945,59.0565982394748,0,0,0,0,0,0,0,0,0,0,0,0,4.64404747057304,5.61562227073893,5.15798887772481,5.87133808804625,7.11573668609966,10.0137548013167,4.52984696067037,5.52253727685838,22.3124195986455,27.1274894039396,16.0998152845046,15.5428874146464,51.2534294128418,38.6148425510951,29.5782652006044,36.7328681226047,0,6.69998934229866,7.51669668109672,51.4562854766846,52.0878763198853,0,0,0,0,67.2035064697266,0,0,0,0,0,49.3461847305298,50.8627174377441,0,0,0,0,0,0,66.8533229827881,0,66.7515958150228,65.5428969341776,5.9737597681299,7.66016361155408,6.11685462295208,7.00033656551608,8.56557088824594,12.7761327847109,8.36645906577676,6.65955409096794,9.11603643149564,11.1261834470849,13.8734801586373,46.2789154052734,75.7521133422852
3.17020997946913,0,32.2563006877899,0,42.2034492492676,0,0,0,5.77013969421387,0,58.1454048156738,0,0,0,0,0,75.3832403818766,78.6504462105887,57.119611278657,0,48.8379755020142,0,10.283404240408,0,8.54646487097346,0,0,0,0,0,0,0,5.94410183212974,17.0324649810791,10.1577442559329,0,21.3455339979938,0,8.73376735820565,19.3166410446167,15.5114196263177,16.2792685627937,20.6643622818746,0,39.412869811058,19.6430446184598,24.2801670191977,6.69998934229866,0,20.7127853631973,43.02649974823,0,0,0,4.5727934269678,0,22.3207764553301,50.4452056884766,0,0,0,0,26.3156795501709,38.3754042411337,0,5.99390541285209,0,4.5654825297269,0,4.61113737005936,60.3335342407227,5.70418460075169,58.2038383483887,24.404607194226,0,6.58513235110863,20.3836898803711,6.249285364151,87.4779872894287,26.120897349659,60.2192687988281,9.17207681059408,16.1394329814673,51.2204277038574,20.2999160969184,58.2673950195312,34.7752629518509
0,4.84436911131206,0,25.85770546478,40.2408485412598,39.8995374043783,0,0,0,0,0,77.5966262817383,0,0,0,0,80.70148340861,74.3956401824951,59.3656531524658,0,0,9.07108897850162,0,9.28997649388893,0,0,0,0,0,0,0,0,2.94325065612793,6.68503904342651,14.3258836534288,35.2793788765416,8.76405678725824,9.48545013039799,0,15.0506037188858,14.7076152801514,14.1941024966846,0,28.7151583194733,0,26.0204667679779,24.407735824585,7.51669668109672,20.7127853631973,0,0,44.149733543396,0,0,0,7.95545140434714,0,25.9357609380375,0,25.0592575073242,0,4.27943820844997,31.8142185063325,0,9.50403549266138,0,4.95772117216957,0,4.49248720835713,0,11.7330488041469,0,41.6675182676663,60.712532043457,0,3.9446913599968,3.85039953390757,19.441769917806,32.7084827491039,33.8387956619263,11.8657548543943,0,15.8797001181522,0,16.7662808326205,40.729742451718,0
0,0,3.94142812490463,0,3.76354995038774,0,2.75209593772888,0,0,0,0,0,0,0,0,0,0,0,0,0,0,0,0,0,0,0,0,0,0,0,0,0,0,0,0,0,0,0,0,0,41.5980968475342,0,67.4517936706543,0,0,0,15.7231651941935,51.4562854766846,43.02649974823,0,0,0,2.75360822677612,0,0,0,0,0,3.97487290700277,0,3.58317065238953,0,0,13.2973931052468,0,0,0,0,0,0,0,0,0,0,0,0,0,0,0,47.7752056121826,0,45.0607032775879,38.5488929748535,0,8.41310108693919,0,0
0,0,0,4.09740360618867,0,3.00172518832343,0,0,0,0,0,0,0,0,0,0,0,0,0,6.08967471122742,0,0,0,0,0,0,0,0,0,0,0,0,0,0,0,0,0,0,0,44.0841636657715,0,0,0,0,0,17.7935786363555,0,52.0878763198853,0,44.149733543396,0,0,0,0,0,0,0,4.68010587692261,0,3.97692407837397,0,3.78657804318328,12.9594258099068,0,0,0,0,0,0,0,0,0,0,0,0,0,0,0,23.5424270629883,0,0,0,0,0,11.4092182902729,0,0
0,0,0,0,0,0,2.91967042287191,0,0,0,4.2294555794109,0,0,0,0,0,0,0,0,0,0,0,0,0,0,0,0,0,0,0,0,0,0,0,0,0,0,0,0,0,0,0,0,0,0,0,0,0,0,0,2.75360822677612,0,0,0,0,0,3.73145040598783,0,0,0,0,0,0,0,0,0,0,0,0,0,0,0,0,0,0,0,0,0,0,0,0,0,0,0,0,0,0
0,0,0,0,0,0,0,2.80565502246221,0,0,0,0,0,0,0,0,0,0,0,0,0,0,0,0,0,0,0,0,0,0,0,0,0,0,0,0,0,0,0,0,0,0,0,0,0,0,0,0,0,0,0,0,0,0,0,0,0,0,0,0,0,0,0,0,0,0,0,0,0,0,0,0,0,0,0,0,0,0,0,0,0,0,0,0,0,0,0
3.38949534657237,0,4.49437653101408,0,0,0,0,0,3.79470278118171,0,0,0,0,0,3.57498097419739,0,28.3950519561768,0,39.6356408596039,0,0,0,0,0,6.18912402321311,0,0,0,0,0,0,0,0,0,0,0,0,0,4.42681401968002,0,0,0,0,0,0,0,0,0,4.5727934269678,0,0,0,0,0,0,0,0,0,0,0,0,0,0,0,0,0,0,3.53489773101117,0,0,0,0,0,0,0,0,0,0,0,0,0,5.10227375919536,11.3715100396763,0,8.21741461753845,0,0
0,4.40121827313775,0,0,0,2.89797270298004,0,0,0,4.54274072132859,0,0,0,0,0,5.08055830001831,0,0,0,0,0,0,0,3.72873017075774,0,0,0,0,0,0,0,0,0,0,0,0,0,0,0,0,0,0,0,0,0,0,0,0,0,7.95545140434714,0,0,0,0,0,0,0,0,0,0,0,5.23760201533635,0,0,0,0,4.26073483275432,0,0,0,0,0,0,0,0,0,0,0,0,0,4.01890921592712,0,6.70165231114342,0,5.43506479681584,0,0
0,0,30.490119934082,0,62.1991221110026,0,3.5276819559244,0,0,0,6.06479403243902,0,3.58897245631498,0,0,0,0,0,69.943063100179,0,6.80071761379134,0,26.2231664657593,0,0,0,0,0,0,0,4.17163020631541,0,0,0,0,0,0,0,6.59281224120747,0,53.7735404968262,0,25.2368537343067,0,21.7854580879211,0,18.5493269976448,67.2035064697266,22.3207764553301,0,0,0,3.73145040598783,0,0,0,0,0,4.94403301274099,0,6.75507178129973,0,0,11.5435715652383,0,26.5647514979045,0,0,0,16.7836707115173,0,9.12873009138094,0,6.2279104890016,0,0,0,0,0,51.6182428506704,0,9.41149245137754,13.0053565467276,0,10.4049458335323,0,18.7010720570882
0,5.49613428115845,0,30.1082950234413,0,0,0,0,0,0,0,5.61597070893968,0,3.10353620847066,0,0,0,0,71.3374862670898,5.41429559526772,0,24.9774983479426,0,21.7372932434082,0,0,0,0,0,10.6593638995419,0,0,0,0,0,17.486934709549,0,7.87967024530683,0,55.3781089782715,0,21.8531702545487,0,40.8713722229004,0,19.2070663647774,60.828426361084,0,50.4452056884766,25.9357609380375,0,4.68010587692261,0,0,0,0,0,0,0,5.07821673794189,0,0,9.7315723083782,0,29.1650091024546,0,22.6919416586558,0,18.1988009748788,0,10.2511177605034,0,7.70653188600169,0,0,0,0,0,45.8454407001364,0,11.5946577844359,0,18.7083208901542,0,11.6421560485461,13.961874961853,0
0,0,3.53544920682907,0,5.06598297754924,0,0,0,0,0,2.74447202682495,0,0,0,0,0,0,0,0,0,0,0,0,0,0,0,0,0,0,0,0,0,0,0,0,0,0,0,0,0,0,0,0,0,0,0,0,0,0,0,3.97487290700277,0,0,0,0,0,4.94403301274099,0,0,0,3.35594837188721,0,0,0,0,0,0,0,0,0,0,0,0,0,0,0,0,0,0,0,0,0,0,0,7.56007051467896,0,0
0,0,0,0,0,0,0,0,0,0,0,0,0,3.78868079185486,0,0,0,0,0,0,0,26.0397086510291,0,23.5468883514404,0,0,0,0,0,0,0,0,0,0,0,0,0,0,0,0,0,0,0,0,0,17.3901505470276,0,0,0,25.0592575073242,0,3.97692407837397,0,0,0,0,0,5.07821673794189,0,0,0,0,13.565748515882,0,28.798360824585,0,22.4588862525092,0,18.5224466959635,0,5.94676117486313,0,0,0,0,0,0,0,0,0,0,0,0,0,10.7198804150457,0,0
2.95046424865723,0,0,0,4.80187471707662,0,0,0,8.94503617286682,0,0,0,0,0,2.93895447254181,0,17.5203804969788,41.3498840332031,0,0,0,0,31.2973346710205,0,0,0,4.87425603469213,0,0,0,0,0,0,0,0,0,0,0,0,0,0,0,0,0,0,0,0,0,0,0,3.58317065238953,0,0,0,0,0,6.75507178129973,0,3.35594837188721,0,0,0,0,0,0,0,0,0,0,0,0,0,0,0,0,0,0,0,0,0,0,0,6.31400003640548,0,0,0,0
0,3.92924871444702,0,4.33218605518341,0,0,0,0,0,6.55805052410473,0,0,0,0,0,5.33601862192154,0,16.7083497047424,0,0,0,0,0,8.56666358311971,0,0,0,0,0,0,0,0,0,0,0,0,0,0,0,0,0,0,0,0,0,0,0,0,0,4.27943820844997,0,3.78657804318328,0,0,0,5.23760201533635,0,0,0,0,0,0,0,0,0,0,6.80381079514821,0,0,0,0,0,0,0,0,0,0,0,0,0,0,0,6.29837436371661,0,6.93261709213257,0,0
0,0,0,13.812631173212,0,10.2264677073858,0,0,0,0,0,9.85691161653889,0,0,0,0,87.0135341644287,75.2974111867506,55.4545603731077,5.3832660981005,0,39.399772644043,0,0,0,0,0,0,0,15.4371200708243,0,0,0,0,0,12.9117126947472,0,26.1893924023925,0,14.0272550527951,0,27.8648111100255,0,36.3215020342571,0,12.8680724935762,103.791585286458,49.3461847305298,26.3156795501709,31.8142185063325,0,12.9594258099068,0,0,0,0,0,9.7315723083782,0,13.565748515882,0,0,0,0,41.5466833695121,0,0,0,68.767219543457,0,27.5233736914447,0,21.3738926172047,0,0,0,0,0,16.3805976545904,81.8960494995117,17.2297075078279,0,18.51521688892,47.0155830383301,18.0302392463104,49.3280207460577,0
0,0,30.7498979568481,0,11.2159950297976,0,0,0,32.4810028076172,0,7.52150392532349,0,0,0,0,0,81.6705029805501,0,66.4543064258717,0,5.43671191582397,0,0,0,0,0,0,0,0,0,15.0332344770432,0,0,0,0,0,20.5661972812984,0,32.1050703938802,0,19.2502696903997,0,23.3469108900955,0,20.3616758982341,0,9.85768412365658,50.8627174377441,38.3754042411337,0,13.2973931052468,0,0,0,0,0,11.5435715652383,0,0,0,0,0,0,0,0,45.9211196899414,0,0,0,0,0,18.2050843238831,0,19.1681308355588,0,0,0,0,0,11.9794449808995,0,14.0883523112718,9.4144266449636,24.2531845092773,9.49969029289684,0,19.3212755521138
0,0,0,56.1734447479248,0,0,0,0,45.477352142334,0,0,37.7513465881348,0,0,0,0,25.3586945533752,9.87315837867924,43.6313258579799,36.2815055847168,0,4.98915870955094,16.0212659835815,4.66686028713213,34.5796813964844,3.93511627368557,0,5.78420762515362,0,0,0,0,0,0,0,0,0,7.88027405242125,0,83.2730361938477,0,42.5983552344051,0,41.5803985595703,0,52.0708948516846,0,0,0,9.50403549266138,0,0,0,0,0,0,0,29.1650091024546,0,28.798360824585,0,0,41.5466833695121,0,0,0,4.11119889256395,0,6.26829174290533,0,13.2417855337876,0,18.4141325212791,0,0,0,0,0,84.2402687072754,0,8.80336077958492,0,24.8371461267057,17.5601928710938,48.7306434864901,51.4518489837646,0
0,0,0,0,0,0,0,0,0,0,0,0,0,0,0,0,11.3420250806652,64.6692581176758,37.8365936279297,0,0,0,4.19190238905095,0,4.20738570920883,0,5.23749000598223,0,0,0,0,0,0,0,0,0,0,0,3.53443918187739,0,0,0,0,0,0,0,0,0,5.99390541285209,0,0,0,0,0,0,0,26.5647514979045,0,0,0,0,0,0,45.9211196899414,0,0,0,4.46146049660243,0,7.90017730155081,0,8.89645749553963,0,15.8329148034792,0,0,0,0,0,0,0,4.93720530776821,6.54200604226854,0,26.8051329526034,0,0
0,4.00137193997701,0,0,0,0,0,0,0,3.97506608281817,0,0,0,0,0,19.7633261680603,0,22.0286382039388,0,0,0,4.72058548710563,0,3.37353743675007,0,4.2704191792245,0,0,0,0,0,0,0,0,0,0,0,3.26079666614532,0,0,0,0,0,0,0,0,0,0,0,4.95772117216957,0,0,0,0,0,4.26073483275432,0,22.6919416586558,0,22.4588862525092,0,6.80381079514821,0,0,4.11119889256395,0,0,0,5.31819347596504,0,12.6347558077644,0,0,0,0,0,0,0,0,0,6.3199670205087,0,6.7583267633305,0,5.82250604217435,0,0
0,0,0,0,0,0,0,0,3.5044913145212,0,0,0,0,0,0,0,0,0,0,0,0,0,4.81626516580582,0,5.24014659317172,0,3.85128600026932,0,0,0,0,0,0,0,0,0,0,0,6.19313652484448,0,0,0,0,0,0,0,0,0,4.5654825297269,0,0,0,0,0,3.53489773101117,0,0,0,0,0,0,0,0,0,0,4.46146049660243,0,0,0,3.51989143736222,0,0,0,0,0,0,0,0,0,0,0,6.18755133914947,3.91771791662489,0,6.42979102976182,0,0
0,0,0,0,0,0,0,0,69.4911575317383,11.1483812332153,0,0,0,0,0,9.99559926986694,45.803816986084,18.271462329056,58.8999576568604,0,0,12.4869144273841,0,11.5066112279892,0,4.96598206957181,0,0,0,0,0,0,0,0,0,0,0,0,0,67.0749282836914,0,0,0,0,0,0,0,0,0,4.49248720835713,0,0,0,0,0,0,0,18.1988009748788,0,18.5224466959635,0,0,68.767219543457,0,6.26829174290533,0,5.31819347596504,0,0,0,6.96420843759377,0,0,0,0,0,0,0,0,0,0,0,22.4569341486151,0,6.13087368011475,0,0
0,0,0,0,0,0,0,0,12.4697504043579,0,0,0,0,0,21.0238075256348,0,17.8903981298208,44.8589804172516,0,0,0,0,7.04744982719421,0,0,0,3.85901250921447,0,0,0,0,0,0,0,0,0,0,0,0,0,0,0,0,0,0,0,0,0,4.61113737005936,0,0,0,0,0,0,0,16.7836707115173,0,0,0,0,0,0,0,0,7.90017730155081,0,3.51989143736222,0,0,0,6.88630130333815,0,14.1570514043172,0,0,0,0,0,0,0,0,15.7447609167833,0,17.5260903494699,0,0
0,0,0,45.9885045051575,0,45.3053550720215,0,0,0,0,0,16.6593545930726,0,5.73094429969788,0,0,0,82.9304504394531,70.8758042075417,22.3280935287476,0,17.3238981628418,0,15.5444898945945,0,3.0193509714944,0,4.98641436316164,0,0,0,0,0,0,0,54.3925361633301,0,5.24029722213745,0,63.3380391438802,0,33.8830106577922,0,36.4542636871338,0,38.2162186795433,77.9986038208008,66.8533229827881,60.3335342407227,11.7330488041469,0,0,0,0,0,0,0,10.2511177605034,0,5.94676117486313,0,0,27.5233736914447,0,13.2417855337876,0,12.6347558077644,0,6.96420843759377,0,0,0,7.19685520910115,0,0,0,0,0,62.8468583424886,0,5.89866101426422,0,59.6813934326172,0,36.237335922826,32.7486198743184,0
0,0,0,0,0,0,0,0,0,0,0,0,0,0,0,0,0,0,0,0,0,0,8.31583702869904,0,0,0,0,0,5.33837441922268,0,0,0,0,0,0,0,0,0,3.69074969821506,0,73.8891983032227,0,40.5369491577148,0,0,0,44.1665878295898,0,5.70418460075169,0,0,0,0,0,0,0,9.12873009138094,0,0,0,0,0,0,18.2050843238831,0,8.89645749553963,0,0,0,6.88630130333815,0,0,0,6.75414474827105,0,0,0,0,0,0,0,4.50794943792377,3.03059160709381,0,11.7789575542722,0,0
0,0,0,39.3846147127241,0,0,0,0,0,0,0,7.90521607673708,0,0,0,0,92.8827997843425,70.2702173868815,58.2698768325474,12.4356717972528,0,0,0,0,0,0,0,3.40993926463983,0,8.29587504764398,0,0,0,0,0,56.1356074015299,0,11.495053190934,0,56.6308057380445,0,24.7637262901159,0,27.3026948716905,0,32.7761430682791,122.445922851562,66.7515958150228,58.2038383483887,41.6675182676663,0,0,0,0,0,0,0,7.70653188600169,0,0,0,0,21.3738926172047,0,18.4141325212791,0,0,0,0,0,7.19685520910115,0,0,0,0,0,0,0,62.5520883153697,93.6189575195312,6.06005902964112,0,64.44025293986,0,29.5815553155126,28.8498748520673,0
0,0,36.4179470141729,0,45.2891629536947,0,0,0,40.4868354797363,0,8.74294505596161,0,0,0,0,0,70.1497705777486,143.058303833008,52.0522874251656,0,13.1391201962286,0,20.7181758880615,0,0,0,0,0,3.48917950372227,0,5.64429352983666,0,0,0,0,0,95.2575174967448,0,13.217721087592,0,40.8662022427668,0,25.5233714964139,0,26.1262188602138,0,26.4345943435165,65.5428969341776,24.404607194226,60.712532043457,0,0,0,0,0,0,6.2279104890016,0,0,0,0,0,0,19.1681308355588,0,15.8329148034792,0,0,0,14.1570514043172,0,6.75414474827105,0,0,0,0,0,0,106.96010017395,46.8354434994524,76.8691253662109,6.26036179839033,60.4570841965852,0,22.0379053240329,0,21.6214659527095
0,0,0,0,0,0,0,0,0,0,0,0,0,0,0,0,0,0,0,0,0,0,0,0,0,0,0,0,0,0,0,5.05161147009279,11.5776312915646,13.5908516475133,0,3.80328496082409,0,0,0,0,0,0,0,0,0,0,0,5.9737597681299,0,0,0,0,0,0,0,0,0,0,0,0,0,0,0,0,0,0,0,0,0,0,0,0,0,0,0,16.6335786283496,12.5328842734984,0,4.46460828237174,0,0,0,5.70963765144348,0,0,0,0
0,0,0,0,0,0,0,0,0,0,0,0,0,0,0,0,84.4200820922852,0,90.0373001098633,0,0,0,0,0,0,0,0,0,0,0,0,12.4058883251863,7.78026675179864,0,5.97633306008798,0,4.9265348320165,0,0,0,0,0,0,0,0,0,0,7.66016361155408,6.58513235110863,3.9446913599968,0,0,0,0,0,0,0,0,0,0,0,0,0,0,0,0,0,0,0,0,0,0,0,0,16.6335786283496,0,0,13.2931716918945,20.3512154018178,3.63058348921419,0,0,6.62436113712821,0,0,0,0
0,0,0,0,0,0,0,0,0,0,0,0,0,0,0,0,0,0,0,0,0,0,0,0,0,0,0,0,0,0,0,5.37577622030034,0,5.41292044107987,9.02485475313096,4.8068839263916,0,3.37576150894165,0,0,0,37.8831901550293,0,0,0,0,0,6.11685462295208,20.3836898803711,3.85039953390757,0,0,0,0,0,0,0,0,0,0,0,0,0,0,0,0,0,0,0,0,0,0,0,0,12.5328842734984,0,0,7.69645148484164,4.94325028696368,20.503298441569,4.08389164783337,0,4.88549133319004,0,0,34.7667388916016,0
0,0,0,0,0,0,0,0,0,0,0,0,0,0,0,0,0,0,0,0,0,0,0,0,0,0,0,0,0,0,0,7.34281349182129,8.83485913438862,7.58680005319657,5.69532762531421,20.3742179870605,7.17819117831293,0,4.3097787357512,0,0,0,0,0,0,0,0,7.00033656551608,6.249285364151,19.441769917806,0,0,0,0,0,0,0,0,0,0,0,0,0,0,0,0,0,0,0,0,0,0,0,0,0,13.2931716918945,7.69645148484164,0,20.4712011814117,5.74144267615644,0,3.5556992776862,6.06702336628695,3.4676314846414,48.4482936859131,0,0
