0,0,54.8830878734589,0,2.18409991264343,0,0,0,615.704233378172,0,0,0,0,0,0,0,0,0,0,0,0,0,0,0,0,0,0,0,0,0,0,0,0,0,0,0,0,0,0.754369556903839,0,0,0,0,0,0,0,0,0,229.67509123683,0,45.1495064496994,0,0,0,393.589573159814,0,42.0036639869213,0,0.44546115398407,0,9.71575811505318,0,0,0,0,0,0,24.2377477288246,0,0,0,0,0,0,0,0,0,0,0,0,0,0,266.730849921703,0,85.902721196413,0,0
0,0,0,884.744666352868,0,10.49440574646,0,0,0,115.623303979635,0,0,0,0,0,2.51366639137268,0,0,0,0,0,0,0,0,0,0,0,0,0,0,0,0,0,0,0,0,0,0,0,0,0,0,0,0,0,0,0,0,0,134.066808789968,0,0.932091772556305,0,0,0,127.1256082654,0,18.4232716560364,0,0.409989714622498,0,30.762895911932,0,0,0,0,0,0,0,0,0,0,0,0,0,0,0,0,0,0,0,0,161.073908597231,0,76.1010481268167,0,0
54.8830878734589,0,0,0,4.44119095802307,0,0,0,50.7853766381741,0,0,0,0,0,0.316051006317139,0,0,0,0.902267396450043,0,0,0,0,0,0,0,0,0,0,0,0,0,0,0,0,0,0,0,0,0,0,0,28.1200055032969,0,0,0,0,0,3.90268504619598,0,18.6417834758759,0,0,0,0,0,4.36769115924835,0,0,0,8.96579393744469,0,0,0.749585777521133,0,0,0,0,0,0,0,0,0,0,0,0,0,0,0,0,0,0,295.358057498932,0,131.051591590047,0,2.03423666954041
0,884.744666352868,0,0,0,99.7076337188482,0,0,0,1,0,0,0,0,0,0,0,0,0,0,0,0,0,0,0,0,0,0,0,0,0,0,0,0,0,0,0,0,0,0,0,10.0938449800014,0,0,0,38.8712759912014,0,0,0,37.5453172922134,0,76.3027690052986,0,0,0,0,0,16.5745012909174,0,0,0,170.328712075949,1.29932180047035,0,0,0,0,0,0,0,0,0,2.82486456632614,0,0,0,0,0,0,0,0.879817306995392,0,76.149337053299,0,252.597663000226,0.284371465444565,0
2.18409991264343,0,4.44119095802307,0,0,0,43.8087225556374,0,8.25640445947647,0,0,0,1,0,0,0,0,0,0,0,56.5964230298996,0,0,0,0,0,0,0,0,0,0,0,0,0,0,0,1.00715914368629,0,0,0,14.1748951375484,0,3.2924736738205,0,0,0,20.4314921349287,0,2.18170657753944,0,214.094939917326,0,36.4661812186241,0,1,0,31.539513990283,0,22.7419629096985,0,1.57560348510742,0,0,183.274751707911,0,0,0,0,0,0,0,0,0,0,0,0,0,0,0,24.5977920144796,0,0,281.896514952183,13.625794172287,278.579208359122,0,0
0,10.49440574646,0,99.7076337188482,0,0,0,15.1900687217712,0,0,0,0,0,0,0,20.0079274177551,0,0,0,50.0454786419868,0,0,0,0,0,0,0,0,0,0,0,0,0,0,0,0.318852663040161,0,0,0,0.177236929535866,0,0.947512939572334,0,0,0,3.23781469464302,0,0,0,6.532266035676,0,38.9780951738358,0,2,0,0,0,10.5248645246029,0,3,0,40.2690455913544,167.535102277994,0,0,0,0,0,0,0,0,0,0,0,0,0,0,0,0.198134481906891,0,0,0,344.870086312294,0,240.25799959898,0,0
0,0,0,0,43.8087225556374,0,0,0,0,0,210.982802256942,0,0,0,0,0,0,0,0,0,48.3693962991238,0,0,0,0,0,0,0,0,0,0,0,0,0,0,0,0,0,0,0,0,0,0,0,0,0,0,0,0,0,18.0477148592472,0,97.8473434448242,0,0,0,28.0787496268749,0,0,0,0,0,0,1.30280458927155,0,0,0,0,0,0,0,0,0,0,0,0,0,0,0,0,0,0,59.7477904558182,16.1011039018631,0.502963542938232,0,0
0,0,0,0,0,15.1900687217712,0,0,0,0,0,117.230488330126,0,0,0,0,0,0,0,60.1718442440033,0,0,0,0,0,0,0,0,0,0,0,0,0,0,0,0,0,0,0,0,0,0,0,0,0,0,0,0,0,0,0,1,0,139.551168680191,0,0,0,0,0,21.9452763795853,0,0,0,0,0,0,0,0,0,0,0,0,0,0,0,0,0,0,0,0,0,0,281.885801553726,0,0,0,0
615.704233378172,0,50.7853766381741,0,8.25640445947647,0,0,0,0,5.21089601516724,0,0,0,0,177.688102185726,0.663008272647858,308.348868831992,35.4918826669455,2.9766272008419,0,0,0,0.431827053427696,15.3121441453695,102.63668140769,5.44911548495293,7.43432825803757,0,0,0,0,0,0,0,0,0,0,0,94.7230716347694,0,0.257954925298691,2.66233038902283,42.7816208004951,0,0,0,0,0,68.3568471521139,0,23.6081173419952,0,0,0,943.20654335618,0,16.1535657644272,0,5.69706764817238,0,29.9053459614515,0,0,0,0,0,2.13789704442024,46.1923290491104,0,0,0,0,0,0,0,0,0,16.8919713944197,2.3999559879303,0.295926839113235,0,184.087142214179,474.648314028978,0,262.493365541101,0,0
0,115.623303979635,0,1,0,0,0,0,5.21089601516724,0,0,0,0,0,0.245552822947502,180.020606055856,161.582636043429,675.940466761589,25.0799257606268,0,0,14.2083162069321,2.46575245261192,77.595387801528,5.94915372133255,25.9434030056,9.12942212820053,0,0,0,0,0,0,0,0,0,0,236.904628157616,0,0.359427720308304,0,2.51010240614414,0,0,0,0,0,2.48603329062462,0,8.92463673651218,0,0,0,0,0,366.940443605185,0,0,0,0,1.10002434253693,2.52476418018341,0.160289317369461,0,0,0,70.5140641480684,0,3.69972854852676,6.01007299125195,0,0,0,0,0,0,0,0,0.286735475063324,2.29431553184986,161.921678304672,0,500.283082291484,0,181.624989360571,0,0
0,0,0,0,0,0,210.982802256942,0,0,0,0,0,69.9654862880707,0,0,0,0,0,0,0,230.480403974652,0,0,0,0,0,0,0,0,0,4.59678202867508,0,0,0,0,0,285.970892816782,0,664.072738587856,0,0,0,0,0,0,0,0,0,0,0,0,0,2.99353051185608,0,0,0,1546.25909298658,0,3.14517998695374,0,0,0,0,4.57124471664429,0,0,0,0,0,0,0,0,0,1.11076825857162,0,0,0,0,0,61.5429351329803,0,224.615593165159,229.85997428,0,13.7728410959244,0,0
0,0,0,0,0,0,0,117.230488330126,0,0,0,0,0,0,0,0,0,0,0,256.898146212101,0,0,0,0,0,0,0,0,0,45.2070726454258,0,0,0,0,0,0,0,642.335224211216,0,0.706467002630234,0,0.195521414279938,0,0,0,8.19372209906578,0,0,0,0,0,0,0,75.9248118400574,0,0,0,973.295268118382,0,0,0,0,112.587402194738,0,0,0,0,0,0,0,0,0,292.808076560497,0,0,0,0,0,0.273264557123184,0,140.649876207113,0,164.457139447331,0,0.501320362091064,0,0
0,0,0,0,1,0,0,0,0,0,69.9654862880707,0,0,0,5.28393626213074,0,0,0,0,0,0,0,0,0,0,0,0,0,1,0,0,0,0,0,0,0,0,0,0,0,0,0,0,0,0,0,0,0,0,0,0,0,4,0,0,0,50.5423474907875,0,929.149235665798,0,1,0,0,0,0,0,0,0,0,0,0,26.3698377609253,0,0,0,0,0,0,0,0,0,0,92.2779185771942,0,0,0,0
0,0,0,0,0,0,0,0,0,0,0,0,0,0,0,88.1741038560867,0,0,0,0,0,0,0,0,0,6.26342511177063,0,0,0,0,0,0,0,0,0,0,0,0,0,0,0,0,0,0,0,0,0,0,0,0,0,0,0,0,0,0,0,0,0,407.266500711441,0,15.1220984458923,0,0,0,0,0,0,0,0,0,0,0,0,0,0,0,0,0,0,0,0,9.56606602668762,0,0,0,0
0,0,0.316051006317139,0,0,0,0,0,177.688102185726,0.245552822947502,0,0,5.28393626213074,0,0,0.29864639043808,844.602790772915,38.9205118715763,17.2997577488422,0,0,0,0,5.63949918746948,6.39113032817841,0,109.613906741142,0,0,0,0,0,0,0,0,0,0,0,0,0,0,0.294018805027008,2.9267783164978,0,0,0,0,0,3.04677663743496,0,0,0,0,0,26.3375072777271,0,0,0,0,0,10.8914105594158,0,0,0,0,0,0,0,0,7.24611288309097,0,0,0,0,0,0,0,0,0.37428916990757,0,0,0,311.643574416637,1.5846244096756,0,0,0
0,2.51366639137268,0,0,0,20.0079274177551,0,0,0.663008272647858,180.020606055856,0,0,0,88.1741038560867,0.29864639043808,0,19.9322586655617,185.747234106064,5.37944386899471,0,0,0.658693760633469,0.311673015356064,14.2954875826836,0.415766954421997,45.5902288407087,0,0,0,0,0,0,0,0,0,0,0,0,0,0,0,0,0.173219785094261,0,0,0,0,0,0,0,0,0,0,0,0,144.696101903915,0,0,0,383.690899372101,0,82.7130651473999,0,0,0,0,3.41214740276337,0,5.94926841557026,0,0,0,0,0,0,0,0,0,0,0.484576612710953,0,0,54.8612541109324,0.900652498006821,1.49786067008972,0,0
0,0,0,0,0,0,0,0,308.348868831992,161.582636043429,0,0,0,0,844.602790772915,19.9322586655617,0,12848.2933633626,4401.8649225533,0,0,36.9814621806145,91.4764297604561,228.281116515398,262.364918813109,45.4784215688705,998.97031609714,0,7.56840664148331,0,0,0,0,0,0,1.09442003071308,10.3873893544078,0,0,32.0079551339149,54.8312923014164,42.3198242112994,90.3805977627635,0.598416402935982,1.03500711917877,6.29433608800173,6.81718803197145,0,0.1716418415308,1.21872334182262,0,0,0,0,7.8307871222496,2.08995749056339,2.6929959654808,2.66537150740623,0,0,84.2438879162073,2.27581703662872,3.58621119707823,2.41523396968842,7.27544674277306,1,75.1111822724342,31.6719352602959,25.6865584254265,320.103494718671,0,0,4.08041232824326,3.48345737159252,0,0,0,0.801506385207176,41.460426710546,57.4095828607678,26.7653835564852,15.4517238438129,12503.6095248535,237.230881839991,90.0195833593607,13.3200430870056,10.5703239440918
0,0,0,0,0,0,0,0,35.4918826669455,675.940466761589,0,0,0,0,38.9205118715763,185.747234106064,12848.2933633626,0,3669.02266004682,0,0,110.173329427838,73.6323174238205,402.312352672219,119.318064406514,647.535719528794,112.449703618884,4.11853563785553,0,0,0,0,0,0,0,0.864714987576008,1.45533682405949,0,0,53.145370028913,32.0298575088382,38.5675591602921,50.5302723944187,1.54813748598099,0.344570428133011,15.5161360651255,6.97277076542377,0,0,1.57887274026871,0,0,0,0,2.88280230760574,3.65370865166187,0.196657240390778,1.09315025806427,0,0,18.4865383505821,16.3977952152491,9.39016196131706,0.54493772983551,100.810152828693,0,142.877455756068,21.1710083186626,138.912073776126,23.3212691396475,0,0,0.693653538823128,0,0,0,0,0,80.10062841326,29.9533293545246,41.7665875554085,10.7865818887949,11326.1522530839,719.477281719446,77.2230463624001,7.00687573850155,9.43899069726467
0,0,0.902267396450043,0,0,0,0,0,2.9766272008419,25.0799257606268,0,0,0,0,17.2997577488422,5.37944386899471,4401.8649225533,3669.02266004682,0,0,0,11.1034505665302,5.30266869068146,53.0653960853815,27.4602354168892,10.5667269527912,16.1437531411648,0,0,0,0,0,0,0,0,31.9356039911509,111.864038638771,0,0,575.283072985709,633.527922973037,692.740439549088,639.194317117333,88.1309899687767,176.136845096946,117.998932525516,112.536433435977,0,2.79246240854263,20.2133927792311,0,0,0,0,0,0,12.4364500939846,19.7704056352377,0,0,11.2351498901844,2.57931131124496,73.8184054195881,9.03615945577621,1.27102959156036,0,14.7312326580286,0,17.0280956625938,2.70572784543037,0,0,29.8247805684805,26.9690868556499,0,0,0,2.30894708633423,1091.85593745112,829.6407109797,403.652533769608,152.634197562933,5406.57934585214,13.3485352993011,1516.81611245871,103.79575252533,84.7280063182116
0,0,0,0,0,50.0454786419868,0,60.1718442440033,0,0,0,256.898146212101,0,0,0,0,0,0,0,0,0,0,0,0,0,0,0,0,0,0,0,0,0,0,0,545.70365563035,0,63.1840614080429,0,0,0,1.09011134505272,0,0,0,15.2347873002291,0,0,0,0.176527857780457,0,0,0,0,0,0,0,63.8746693581343,0,0,0,0,773.982542455196,0,0,0,0,0,0,0,0,0,4.70960700511932,0,0,0,0,0,959.330381117761,0,274.426898390055,0,430.457760199904,0,18.6290893703699,0,0
0,0,0,0,56.5964230298996,0,48.3693962991238,0,0,0,230.480403974652,0,0,0,0,0,0,0,0,0,0,0,0,0,0,0,0,0,0,0,0,0,0,0,0,0,288.239043146372,0,29.4679499864578,0,0.280671715736389,0,0,0,0,0,4.70530043542385,0,0,0,0,0,0,0,0,0,196.625268653035,0,0,0,0,0,0,967.398230597377,0,0,0,0,0,0,0,0,0,10.8658031821251,0,0,0,0,0,1123.4238178879,0,411.818503767252,171.096328824759,0,64.7986884117126,0,0
0,0,0,0,0,0,0,0,0,14.2083162069321,0,0,0,0,0,0.658693760633469,36.9814621806145,110.173329427838,11.1034505665302,0,0,0,80.0277634859085,120.231776699424,3.21492081880569,5.10607650876045,0,1,0,0,0,0,0,0,0,0,0,499.386101409793,0,0.343723386526108,0,0,0,0,0,0,0,0,0,176.678017124534,0,0,0,0,0,0,0,0,0,0,0,0.206962421536446,0,0,4473.50728866458,0,166.41425652802,0,84.6897299289703,0.840289711952209,0,0,0,0,0,0,0,0,0,0.247759282588959,425.160768762231,0,302.0149217695,27.0810749828815,0,0,0
0,0,0,0,0,0,0,0,0.431827053427696,2.46575245261192,0,0,0,0,0,0.311673015356064,91.4764297604561,73.6323174238205,5.30266869068146,0,0,80.0277634859085,0,7.50653630495071,31.0160675346851,1.04102206230164,0,0,177.757934510708,0,0,0,0,0,0,0,0,0,440.031798958778,0,0,0,0,0,0,0,0,0,78.9977246671915,0,0,0,0,0,0,0,0,0,0,0,0,0,0,0,0,4552.14430037141,4.56332969665527,109.799329698086,0,8.48675489425659,0,4.58374977111816,0,0,0,0,0,0,0,0,0,155.563176006079,285.315582931042,47.4578564167023,0,0.132313832640648,0
0,0,0,0,0,0,0,0,15.3121441453695,77.595387801528,0,0,0,0,5.63949918746948,14.2954875826836,228.281116515398,402.312352672219,53.0653960853815,0,0,120.231776699424,7.50653630495071,0,36.0637485384941,212.332830518484,1.55551898479462,0,0,0,0,0,0,0,0,0,0,379.08981859684,0,0.486802741885185,0,0.308947741985321,5.84662866592407,0,0,0.558851301670074,5.17549419403076,0,0,99.3431428223848,0,0,0,0,0,24.5387044250965,0,0,0,0,0.837163388729095,0,0,0,67.3298208266497,0.637751996517181,447.422547265887,7.5302472114563,107.443200021982,0.660727977752686,0.746007800102234,0,0,0,0,0,0,0,0.500269055366516,0.584549963474274,192.675566285849,0.134613156318665,461.769940897822,2.79215049743652,10.0283538252115,0,1.23466265201569
0,0,0,0,0,0,0,0,102.63668140769,5.94915372133255,0,0,0,0,6.39113032817841,0.415766954421997,262.364918813109,119.318064406514,27.4602354168892,0,0,3.21492081880569,31.0160675346851,36.0637485384941,0,0.530585110187531,403.622987210751,0,0,0,0,0,0,0,0.283237904310226,0,0.397375971078873,0,301.149176687002,0.185689851641655,0.244949981570244,0,0.329787701368332,0,0,0,0,2.76444025337696,1.72472637891769,0,0,0,0,0,107.531658172607,0,0,0,0,0,0,0.510292649269104,0,0,0,150.225649833679,2.50846374034882,564.046632155776,1.33379030227661,75.5541112720966,0,0,0,0,0,0,0,0,0,0,0,137.038597777486,498.454182967544,0.311995714902878,142.765142664313,0,0
0,0,0,0,0,0,0,0,5.44911548495293,25.9434030056,0,0,0,6.26342511177063,0,45.5902288407087,45.4784215688705,647.535719528794,10.5667269527912,0,0,5.10607650876045,1.04102206230164,212.332830518484,0.530585110187531,0,1.32409334182739,16.0794013738632,0,0,0,0,0,0,0,0,0,0,0,0,0,0,0,0,0,0,0,0,0,0,0,0,0,0,0,0,0,0,0,16.8727661371231,0,5.58042608201504,0,0,0,0,38.7842869758606,0.384970128536224,87.6295146942139,0,9.42949795722961,0,0,0,0,0,0,0,0,0,0.484391838312149,0,167.635941505432,5.5913887321949,0,0,0
0,0,0,0,0,0,0,0,7.43432825803757,9.12942212820053,0,0,0,0,109.613906741142,0,998.97031609714,112.449703618884,16.1437531411648,0,0,0,0,1.55551898479462,403.622987210751,1.32409334182739,0,0,5.7695603966713,0,0,0,0,0,0,0,0,0,0,1.25924384593964,0,0,0,0,0,0,0,0,0,0,0,0,0,0,0,0,0,0,0,0,2.46469077467918,0,0,0,0.604788661003113,0,0.237854972481728,7.51653623580933,0,55.1491332352161,0,0,0,0,0,0,0,0,0,0,0,0,431.000815346837,0,0,0,0
0,0,0,0,0,0,0,0,0,0,0,0,0,0,0,0,0,4.11853563785553,0,0,0,1,0,0,0,16.0794013738632,0,0,0,71.6340358257294,0,0,0,0,0,0,0,61.7585083246231,0,0,0,0,0,0,0,0,0,0,0,0,0,0,0,0,0,0,0,0,0,24.5739254951477,0,0,0,0,0,0,0,0,105.195301890373,0,652.958081543446,0,2.33717954158783,0,0,0,0,0,0,0,11.4655876159668,0,15.041236281395,0.453594923019409,0,0,0
0,0,0,0,0,0,0,0,0,0,0,0,1,0,0,0,7.56840664148331,0,0,0,0,0,177.757934510708,0,0,0,5.7695603966713,0,0,0,42.9605605602264,0,0,0,0,0,0,0,13.1209018230438,0,0,0,0,0,0,0,0,0,0,0,0,0,0,0,0,0,0,0,0,0,0,0,0,0,0,76.5835062265396,0,0,0,73.9769163131714,0,696.689651787281,0,81.2923712134361,0,0,0,0,0,0,0,2.48442482948303,0,0,0,0,0
0,0,0,0,0,0,0,0,0,0,0,45.2070726454258,0,0,0,0,0,0,0,0,0,0,0,0,0,0,0,71.6340358257294,0,0,0,0,0,0,0,0,0,50.0151261240244,0,0,0,0,0,0,0,0,0,0,0,0,0,0,0,0,0,0,0,5.07292866706848,0,0,0,0,0,0,0,0,0,0,0,0,16.7030386924744,0,301.87354850769,0,0,0,0,0,0,0,29.7550587505102,0,82.962678194046,0,0,0,0
0,0,0,0,0,0,0,0,0,0,4.59678202867508,0,0,0,0,0,0,0,0,0,0,0,0,0,0,0,0,0,42.9605605602264,0,0,0,0,0,0,0,0,0,154.485709130764,0,0,0,0,0,0,0,0,0,0,0,0,0,0,0,0,0,4.22865982353687,0,0,0,0,0,0,0,0,0,0,0,0,0,0,0.651837348937988,0,564.745765984058,0,0,0,0,0,0,0,114.602359712124,11.4395904541016,0,0,0,0
0,0,0,0,0,0,0,0,0,0,0,0,0,0,0,0,0,0,0,0,0,0,0,0,0,0,0,0,0,0,0,0,1487.554769665,290.479080528021,95.5229460597038,80.4651578068733,0,0,0,0,0,0,0,0,0,0,0,573.266451254487,0,1.58198422193527,0,0,0,0,0,0,0,0,0,0,0,0,0,0,0,0,0,0,0,0,0,0,0,0,5556.16390532255,1583.45133714378,30.2500355690718,9.61250233650208,993.787773102522,94.8734852224588,0,0,411.527857601643,0,0,0,0
0,0,0,0,0,0,0,0,0,0,0,0,0,0,0,0,0,0,0,0,0,0,0,0,0,0,0,0,0,0,0,1487.554769665,0,58.3447243869305,238.845772773027,1.56364983320236,454.32740598917,0,0,0,0,0,0,0,0,0,0,612.084065616131,0,0,0,0,0,0,0,0,0,0,0,0,0,0,0,0,0,0,0,0,0,0,0,0,0,0,888.749424859881,7503.93923962116,8.56554919481277,487.472227156162,132.142269700766,1260.81042931974,0,0,567.305668145418,0,0,0,0
0,0,0,0,0,0,0,0,0,0,0,0,0,0,0,0,0,0,0,0,0,0,0,0,0,0,0,0,0,0,0,290.479080528021,58.3447243869305,0,3825.55422657728,316.673296183348,0,255.49156883359,2.29521054029465,0,0,0,0,0,0,0,0,3375.77213223279,4.56053563952446,87.5585743635893,0,0,0,0,0,0,0,0,0,0,0,0,0,0,0,0,0,0,0,0,0,0,0,0,162.637079447508,7.28069025278091,2621.44461922348,515.98931017518,173.15967528522,0,583.918338298798,0,1230.83375039697,1.07603985071182,19.7292074412107,0,0
0,0,0,0,0,0,0,0,0,0,0,0,0,0,0,0,0,0,0,0,0,0,0,0,0.283237904310226,0,0,0,0,0,0,95.5229460597038,238.845772773027,3825.55422657728,0,0,271.676603540778,22.1075972318649,439.397877439857,0,0.57105541229248,0,4.25615768134594,0,0,0,0,3596.71321833134,257.222860842943,14.575461268425,0,0,0,0,0,0,0.265031933784485,0,0,0,0,0,0,0,0,0.419406533241272,0,3.2729414999485,0,0,0,0,0,0,4.45646440982819,82.2567132562399,973.577162057161,1660.87262509763,0,735.080865621567,47.7939575314522,1153.58337074518,413.582393705845,126.758202463388,89.5124871581793,0,0
0,0,0,0,0,0.318852663040161,0,0,0,0,0,0,0,0,0,0,1.09442003071308,0.864714987576008,31.9356039911509,545.70365563035,0,0,0,0,0,0,0,0,0,0,0,80.4651578068733,1.56364983320236,316.673296183348,0,0,198.055987000465,1519.62655945122,0,19.1838156580925,0.420729026198387,70.6965448334813,2.41891026496887,3.99226781725883,0,196.367130719125,0.135400876402855,45.0059796869755,0,64.523305863142,0,0,0,0,0,0,0,5.02195976674557,0,0,0,0,368.16434673965,0.248104602098465,0,0,0,0,0,0,0,0,2.3917320817709,0,227.759326860309,0,262.517604917288,0,17793.566400446,42.1373996585608,1980.93573990464,0,1587.97089600563,217.596539020538,192.339434824884,8.98907549679279,0
0,0,0,0,1.00715914368629,0,0,0,0,0,285.970892816782,0,0,0,0,0,10.3873893544078,1.45533682405949,111.864038638771,0,288.239043146372,0,0,0,0.397375971078873,0,0,0,0,0,0,0,454.32740598917,0,271.676603540778,198.055987000465,0,0,896.902774989605,2.64422044157982,26.5834066867828,1.18125636875629,115.092686198652,0.371994018554688,29.5888521969318,1.27504995465279,407.739485085011,115.300754785538,75.1497424691916,33.9381775557995,0,0,0,0,0,0,5.51762492954731,0.215569138526917,0,0,0,0,0.436956256628036,480.114096924663,0,0,0,0,0,0,0,0,0.133021399378777,3.10100512206554,0,57.0683137774467,0,199.151433989406,63.74360871315,20196.0815448463,1.03097760677338,1245.57518224418,2396.5843405202,290.612021639943,175.802199162543,0,7.99704060703516
0,0,0,0,0,0,0,0,0,236.904628157616,0,642.335224211216,0,0,0,0,0,0,0,63.1840614080429,0,499.386101409793,0,379.08981859684,0,0,0,61.7585083246231,0,50.0151261240244,0,0,0,255.49156883359,22.1075972318649,1519.62655945122,0,0,751.591902136803,0.631210535764694,0,9.4950475692749,0,0,0,8.8057814091444,0,515.305328160524,0,356.939983487129,0,0,0,0,0,45.165408924222,0,0,0,0,0,0,13.8431936502457,0,485.513268232346,0,94.3653927147388,0,0,0,0,0,26.2089009284973,0,0,0,240.762914702296,2.19821518659592,238.915897160769,27.250657081604,12882.2679031193,94.3858858942986,964.763671845198,16.6793336868286,173.762566387653,0,0
0.754369556903839,0,0,0,0,0,0,0,94.7230716347694,0,664.072738587856,0,0,0,0,0,0,0,0,0,29.4679499864578,0,440.031798958778,0,301.149176687002,0,0,0,13.1209018230438,0,154.485709130764,0,0,2.29521054029465,439.397877439857,0,896.902774989605,751.591902136803,0,0,0,0,28.1899196654558,0,0,0,0,763.20985545218,165.75783200562,0,0,0,0,0,22.4542511403561,0,31.5087648332119,0,0,0,0,0,0,4.73243886232376,0,508.569089144468,0,359.433211952448,0,0,0,69.5550690889359,0,8.79522982239723,0,0,5.85615563392639,202.450795248151,0,179.699979752302,165.667799711227,14052.5157700777,771.784256562591,115.935132175684,222.861529350281,0,0
0,0,0,0,0,0.177236929535866,0,0,0,0.359427720308304,0,0.706467002630234,0,0,0,0,32.0079551339149,53.145370028913,575.283072985709,0,0,0.343723386526108,0,0.486802741885185,0.185689851641655,0,1.25924384593964,0,0,0,0,0,0,0,0,19.1838156580925,2.64422044157982,0.631210535764694,0,0,17.6597355380654,1561.80449841917,23.1752291098237,15.1946799755096,0.321403130888939,402.780884601176,10.3462040647864,15.7467023283243,6.61159358918667,731.518784061074,0,0,0,0,0,0,1.1503089517355,25.5655807033181,0,0,0,0,586.074705228209,0,0,0,0.580502986907959,0,0,0,0,0,33.4258714690804,1.68728786706924,0,0,0,0,1556.74338370562,14.038820527494,127.220072194934,2.2188820913434,364.996915660799,0.984036862850189,1075.4538506344,140.746601387858,5.94252477586269
0,0,0,0,14.1748951375484,0,0,0,0.257954925298691,0,0,0,0,0,0,0,54.8312923014164,32.0298575088382,633.527922973037,0,0.280671715736389,0,0,0,0.244949981570244,0,0,0,0,0,0,0,0,0,0.57105541229248,0.420729026198387,26.5834066867828,0,0,17.6597355380654,0,25.3871128335595,1885.15291108191,4.65423287451267,97.8130304664373,10.0758363157511,759.200759001076,47.6839292049408,864.900577232242,8.43301302194595,1.38733777403831,0,0,0,0,0,31.9270755499601,4.32097500562668,0,0,0,0,1.44138855487108,275.831623613834,0.195682987570763,0,0,0,0,0,0,0,2.68640524893999,29.2201683670282,0,0,0,0,15.5393666923046,1349.40801624954,5.45406505465508,50.2066562473774,548.698668673635,1.73796343803406,1446.63863507658,3.33877439796925,240.059367895126
0,0,0,10.0938449800014,0,0.947512939572334,0,0,2.66233038902283,2.51010240614414,0,0.195521414279938,0,0,0.294018805027008,0,42.3198242112994,38.5675591602921,692.740439549088,1.09011134505272,0,0,0,0.308947741985321,0,0,0,0,0,0,0,0,0,0,0,70.6965448334813,1.18125636875629,9.4950475692749,0,1561.80449841917,25.3871128335595,0,119.957244038582,16.1206486225128,1.26524883508682,270.776402905583,2.94984069466591,14.86497220397,0,321.496514379978,0,0,0,0,0,0,3.34665608406067,653.207426033914,0,0,0,0,578.316196471453,0,0,0,0,0,0.275633335113525,0,0,0,171.955534681678,1.62065014243126,0,0,0,0,2143.63512483984,29.1006959453225,655.572726428509,1.28960052132607,1139.17278032005,0.779433369636536,4127.45491293818,886.229628950357,6.42201840877533
0,0,28.1200055032969,0,3.2924736738205,0,0,0,42.7816208004951,0,0,0,0,0,2.9267783164978,0.173219785094261,90.3805977627635,50.5302723944187,639.194317117333,0,0,0,0,5.84662866592407,0.329787701368332,0,0,0,0,0,0,0,0,0,4.25615768134594,2.41891026496887,115.092686198652,0,28.1899196654558,23.1752291098237,1885.15291108191,119.957244038582,0,1.14453753829002,42.4735262989998,18.051801264286,328.065564550459,166.386624872684,321.591793432832,16.6454900577664,0,0,0,0,0,0,399.062333926558,0.174436703324318,3.1401739269495,0,0,0,9.43408331274986,212.267072364688,0,0,0.297875076532364,0,0,0,0,0,4.49921038746834,477.31402695179,0,0,0,8.15150807797909,39.4480625316501,1915.98909436166,12.5455761104822,220.149017617106,1776.51182774454,0.253295987844467,4712.47206733376,13.0287629514933,961.764471888542
0,0,0,0,0,0,0,0,0,0,0,0,0,0,0,0,0.598416402935982,1.54813748598099,88.1309899687767,0,0,0,0,0,0,0,0,0,0,0,0,0,0,0,0,3.99226781725883,0.371994018554688,0,0,15.1946799755096,4.65423287451267,16.1206486225128,1.14453753829002,0,0,0,1.97278092801571,0,0,0,0,0,0,0,0,0,0,7.44579604268074,0,0,0,0,9.14324986934662,0.304087609052658,0,0,0,0,0,0,0,0,23.8651179224253,0,0,0,0,0,138.789817690849,4.22921884059906,142.397994562984,0,6.80608147382736,0,48.4946204721928,2.43229758739471,0
0,0,0,0,0,0,0,0,0,0,0,0,0,0,0,0,1.03500711917877,0.344570428133011,176.136845096946,0,0,0,0,0,0,0,0,0,0,0,0,0,0,0,0,0,29.5888521969318,0,0,0.321403130888939,97.8130304664373,1.26524883508682,42.4735262989998,0,0,0,1.85053822398186,0,1.26060509681702,0,0,0,0,0,0,0,11.0784951448441,0,0,0,0,0,0.1349256336689,5.00210398435593,0,0,0,0,0,0,0,0,0,26.7342186868191,0,0,0,0,3.10381902754307,203.183263063431,0,100.542367070913,12.7460103482008,0.151617631316185,198.01821872592,0,9.30680191516876
0,0,0,38.8712759912014,0,3.23781469464302,0,0,0,0,0,8.19372209906578,0,0,0,0,6.29433608800173,15.5161360651255,117.998932525516,15.2347873002291,0,0,0,0.558851301670074,0,0,0,0,0,0,0,0,0,0,0,196.367130719125,1.27504995465279,8.8057814091444,0,402.780884601176,10.0758363157511,270.776402905583,18.051801264286,0,0,0,1.01840282976627,1.64131820201874,1.08380311727524,167.942168697715,0,0,0,0,0,0,0.863549008965492,154.448076784611,0,0,0,0,968.775223150849,0.100393578410149,0,0,0,0,0,0,0,0,175.524553373456,1.30762708187103,1.71650117635727,0,0.579846739768982,0,1423.03528363258,12.3148292675614,536.039534457028,0.703866556286812,226.8538544029,0,658.757034167647,11.9621160030365,0.929694712162018
0,0,0,0,20.4314921349287,0,0,0,0,0,0,0,0,0,0,0,6.81718803197145,6.97277076542377,112.536433435977,0,4.70530043542385,0,0,5.17549419403076,0,0,0,0,0,0,0,0,0,0,0,0.135400876402855,407.739485085011,0,0,10.3462040647864,759.200759001076,2.94984069466591,328.065564550459,1.97278092801571,1.85053822398186,1.01840282976627,0,7.80571214854717,92.1995756030083,52.1411726623774,3.33471435308456,0,0.412574231624603,0,0,0,207.932923547924,1.5659172013402,0,0,0,0,0.903221294283867,881.81300354749,0,0,0,0,0,0,0,0,1.65420226752758,84.5108374133706,0,0,0,3.50258180499077,8.22243481874466,1921.73788595945,1.7897435426712,551.806020587683,154.911230511963,0,1440.41314876825,1.21253187954426,9.31097254157066
0,0,0,0,0,0,0,0,0,2.48603329062462,0,0,0,0,0,0,0,0,0,0,0,0,0,0,2.76444025337696,0,0,0,0,0,0,573.266451254487,612.084065616131,3375.77213223279,3596.71321833134,45.0059796869755,115.300754785538,515.305328160524,763.20985545218,15.7467023283243,47.6839292049408,14.86497220397,166.386624872684,0,0,1.64131820201874,7.80571214854717,0,1207.67410340905,885.688534885645,0,0,0,0,0,0,1.50028271973133,0,0,0,0,0,0.450849562883377,0.852426618337631,0,0,3.37378472089767,11.3469993472099,0,0,0,0,0,0,835.29934450984,1368.35116377473,365.031465440989,43.9370535314083,1359.594632864,667.482208445668,16.5475894063711,28.3829599767923,1171.84544050694,9.26338195800781,1179.96657449007,0,0.301438868045807
229.67509123683,0,3.90268504619598,0,2.18170657753944,0,0,0,68.3568471521139,0,0,0,0,0,3.04677663743496,0,0.1716418415308,0,2.79246240854263,0,0,0,78.9977246671915,0,1.72472637891769,0,0,0,0,0,0,0,0,4.56053563952446,257.222860842943,0,75.1497424691916,0,165.75783200562,6.61159358918667,864.900577232242,0,321.591793432832,0,1.26060509681702,1.08380311727524,92.1995756030083,1207.67410340905,0,62.2841584086418,0,0,0,0,1.63897080719471,0,36.5567974597216,0.75573855638504,0,0,29.9226944744587,0,1.36090430617332,5.74390140175819,0,311.240963682532,0,118.658718541265,0,9.96989381313324,0,27.0337865352631,0.296111986041069,133.468359291553,0,0,0,29.4941789805889,0.194727867841721,751.655322983861,0,125.360747218132,229.931801006198,0,1079.76112255454,0,4.00119729340076
0,134.066808789968,0,37.5453172922134,0,6.532266035676,0,0,0,8.92463673651218,0,0,0,0,0,0,1.21872334182262,1.57887274026871,20.2133927792311,0.176527857780457,0,176.678017124534,0,99.3431428223848,0,0,0,0,0,0,0,1.58198422193527,0,87.5585743635893,14.575461268425,64.523305863142,33.9381775557995,356.939983487129,0,731.518784061074,8.43301302194595,321.496514379978,16.6454900577664,0,0,167.942168697715,52.1411726623774,885.688534885645,62.2841584086418,0,0,1.01168686151505,0,0,0,6.44649311900139,8.99299347400665,142.01759224385,0,0,0,23.7161107361317,118.951215259731,4.2677004635334,321.650123238564,0,309.177404329181,0,49.5346553474665,0,42.4301934242249,0,47.4589246809483,1.05600583553314,19.3327438235283,0,39.6579797267914,0,832.968010984361,7.1292679309845,467.064015731215,0.286854892969131,484.626475073397,0,1769.96828497946,4.17422561347485,1.50460410118103
45.1495064496994,0,18.6417834758759,0,214.094939917326,0,18.0477148592472,0,23.6081173419952,0,0,0,0,0,0,0,0,0,0,0,0,0,0,0,0,0,0,0,0,0,0,0,0,0,0,0,0,0,0,0,1.38733777403831,0,0,0,0,0,3.33471435308456,0,0,0,0,0,16.3841699063778,0,15.1555926799774,0,3.8392568230629,0,2.98583078384399,0,71.3848389983177,0,0,11.3096472024918,0,0,0,0,0,0,0,0,0,0,0,0,0,0,0,1.01905006170273,0,0,11.3394737541676,0,80.9634347558022,0,0
0,0.932091772556305,0,76.3027690052986,0,38.9780951738358,0,1,0,0,0,0,0,0,0,0,0,0,0,0,0,0,0,0,0,0,0,0,0,0,0,0,0,0,0,0,0,0,0,0,0,0,0,0,0,0,0,0,0,1.01168686151505,0,0,0,0,0,0,0,44.2862723469734,0,4.45251852273941,0,9.97969955205917,0,0,0,0,0,0,0,0,0,0,0,0,0,0,0,0,0,0,0,0,31.5154747664928,0,2.70701456069946,0,0
0,0,0,0,36.4661812186241,0,97.8473434448242,0,0,0,2.99353051185608,0,4,0,0,0,0,0,0,0,0,0,0,0,0,0,0,0,0,0,0,0,0,0,0,0,0,0,0,0,0,0,0,0,0,0,0.412574231624603,0,0,0,16.3841699063778,0,0,0,0,0,7.64773029088974,0,0,0,0,0,0,0,0,0,0,0,0,0,0,0,0,0,0,0,0,0,0,0.921348676085472,0,0,0,0,0,0,0
0,0,0,0,0,2,0,139.551168680191,0,0,0,75.9248118400574,0,0,0,0,0,0,0,0,0,0,0,0,0,0,0,0,0,0,0,0,0,0,0,0,0,0,0,0,0,0,0,0,0,0,0,0,0,0,0,0,0,0,0,0,0,0,0,16.6108632087708,0,0,0,0,0,0,0,0,0,0,0,0,0,0,0,0,0,0,0,0,0,0,2,0,0,0,0
393.589573159814,0,0,0,1,0,0,0,943.20654335618,0,0,0,0,0,26.3375072777271,0,7.8307871222496,2.88280230760574,0,0,0,0,0,0,107.531658172607,0,0,0,0,0,0,0,0,0,0,0,0,0,22.4542511403561,0,0,0,0,0,0,0,0,0,1.63897080719471,0,15.1555926799774,0,0,0,0,0,0.254095762968063,0,0,0,9.51358070969582,0,0,0,0,0,2.98284506797791,2.01317784190178,0,0,0,0,0,0,0,0,0,3.32918351888657,0,0,0,162.227361634374,21.8826834857464,0,2.72745367884636,0,0
0,127.1256082654,0,0,0,0,0,0,0,366.940443605185,0,0,0,0,0,144.696101903915,2.08995749056339,3.65370865166187,0,0,0,0,0,24.5387044250965,0,0,0,0,0,0,0,0,0,0,0,0,0,45.165408924222,0,0,0,0,0,0,0,0,0,0,0,6.44649311900139,0,0,0,0,0,0,0,0,0,0,0,83.7260490655899,0,0,0,0,66.8297972083092,0,0,0,0,0,0,0,0,0,1.30026808381081,0,0,0,228.507135301828,0,5.5425086915493,0,32.9644564986229,0,0
42.0036639869213,0,4.36769115924835,0,31.539513990283,0,28.0787496268749,0,16.1535657644272,0,1546.25909298658,0,50.5423474907875,0,0,0,2.6929959654808,0.196657240390778,12.4364500939846,0,196.625268653035,0,0,0,0,0,0,0,0,0,4.22865982353687,0,0,0,0.265031933784485,0,5.51762492954731,0,31.5087648332119,1.1503089517355,31.9270755499601,3.34665608406067,399.062333926558,0,11.0784951448441,0.863549008965492,207.932923547924,1.50028271973133,36.5567974597216,8.99299347400665,3.8392568230629,0,7.64773029088974,0,0.254095762968063,0,0,0,76.506420135498,0,5.16690576076508,0,0.134695217013359,510.215419843793,0,0,0,0,0,0,0,3.19068932533264,0.30410447716713,102.254993066192,0,0,0,0,1.5944749712944,32.0479190424085,0.227258250117302,5.25940129160881,168.444473579526,0,351.475806072354,0,61.4269139319658
0,18.4232716560364,0,16.5745012909174,0,10.5248645246029,0,0,0,0,0,973.295268118382,0,0,0,0,2.66537150740623,1.09315025806427,19.7704056352377,63.8746693581343,0,0,0,0,0,0,0,0,0,5.07292866706848,0,0,0,0,0,5.02195976674557,0.215569138526917,0,0,25.5655807033181,4.32097500562668,653.207426033914,0.174436703324318,7.44579604268074,0,154.448076784611,1.5659172013402,0,0.75573855638504,142.01759224385,0,44.2862723469734,0,0,0,0,0,0,0,6.60045221447945,0,175.982903659344,1432.33949897438,0,0,0,0,0,0,0,111.818534851074,0,473.029485628009,0,0,0,0,0,64.5177721977234,2.05344320088625,11.4000611752272,0.425274252891541,22.1827953383327,0,841.113666445017,60.9004564136267,0.196403980255127
0.44546115398407,0,0,0,22.7419629096985,0,0,0,5.69706764817238,0,3.14517998695374,0,929.149235665798,0,0,0,0,0,0,0,0,0,0,0,0,0,0,0,0,0,0,0,0,0,0,0,0,0,0,0,0,0,3.1401739269495,0,0,0,0,0,0,0,2.98583078384399,0,0,0,0,0,76.506420135498,0,0,0,0,0,0,0.291391998529434,0,0,0,0,0,0,0,6.99065136909485,0,0,0,0,0,0,0,0,0,0,49.1539970636368,0,1.58031135797501,0,0
0,0.409989714622498,0,0,0,3,0,21.9452763795853,0,0,0,0,0,407.266500711441,0,383.690899372101,0,0,0,0,0,0,0,0,0,16.8727661371231,0,24.5739254951477,0,0,0,0,0,0,0,0,0,0,0,0,0,0,0,0,0,0,0,0,0,0,0,4.45251852273941,0,16.6108632087708,0,0,0,6.60045221447945,0,0,0,11.3708240389824,0,0,0,0,0,0,0,0,8.45162713527679,0,0,0,0,0,0,0,0,0,0,0,14.3481456041336,0,0,0,0
9.71575811505318,0,8.96579393744469,0,1.57560348510742,0,0,0,29.9053459614515,1.10002434253693,0,0,1,0,10.8914105594158,0,84.2438879162073,18.4865383505821,11.2351498901844,0,0,0,0,0.837163388729095,0,0,2.46469077467918,0,0,0,0,0,0,0,0,0,0,0,0,0,0,0,0,0,0,0,0,0,29.9226944744587,0,71.3848389983177,0,0,0,9.51358070969582,0,5.16690576076508,0,0,0,0,0,0,0,0,0,0.388175010681152,0,0,53.1498318314552,0,0,0,0,0,0,0,0,0,0,0,0,88.113836184144,0,0,0,0
0,30.762895911932,0,170.328712075949,0,40.2690455913544,0,0,0,2.52476418018341,0,0,0,15.1220984458923,0,82.7130651473999,2.27581703662872,16.3977952152491,2.57931131124496,0,0,0.206962421536446,0,0,0.510292649269104,5.58042608201504,0,0,0,0,0,0,0,0,0,0,0,0,0,0,0,0,0,0,0,0,0,0,0,23.7161107361317,0,9.97969955205917,0,0,0,83.7260490655899,0,175.982903659344,0,11.3708240389824,0,0,0,0,0,0,6.723189920187,0,0,0,0,0,0,0,0,0,0,0,0,0,0,0,4.4155807942152,0,10.5709087252617,0,0
0,0,0,1.29932180047035,0,167.535102277994,0,0,0,0.160289317369461,0,112.587402194738,0,0,0,0,3.58621119707823,9.39016196131706,73.8184054195881,773.982542455196,0,0,0,0,0,0,0,0,0,0,0,0,0,0,0,368.16434673965,0.436956256628036,13.8431936502457,0,586.074705228209,1.44138855487108,578.316196471453,9.43408331274986,9.14324986934662,0.1349256336689,968.775223150849,0.903221294283867,0.450849562883377,1.36090430617332,118.951215259731,0,0,0,0,0,0,0.134695217013359,1432.33949897438,0,0,0,0,0,0.105140149593353,0,0,0,0,0,0,0.820889949798584,0,156.12850138545,0,0,0,0.782828465104103,0,3420.24923749268,2.31171695888042,723.3514970541,0.994686134159565,300.371308900416,0,733.724816262722,23.10609985888,1.49332162737846
0,0,0.749585777521133,0,183.274751707911,0,1.30280458927155,0,0,0,4.57124471664429,0,0,0,0,0,2.41523396968842,0.54493772983551,9.03615945577621,0,967.398230597377,0,0,0,0,0,0,0,0,0,0,0,0,0,0,0.248104602098465,480.114096924663,0,4.73243886232376,0,275.831623613834,0,212.267072364688,0.304087609052658,5.00210398435593,0.100393578410149,881.81300354749,0.852426618337631,5.74390140175819,4.2677004635334,11.3096472024918,0,0,0,0,0,510.215419843793,0,0.291391998529434,0,0,0,0.105140149593353,0,0,0,0,0,0,0,0,0,0,135.741567030549,0,0,0,0,0.156065702438354,1779.36934935302,0,694.465248778462,184.895026803017,0,877.641423605382,0,6.64880082011223
0,0,0,0,0,0,0,0,0,0,0,0,0,0,0,0,7.27544674277306,100.810152828693,1.27102959156036,0,0,4473.50728866458,0,67.3298208266497,0,0,0.604788661003113,0,0,0,0,0,0,0,0,0,0,485.513268232346,0,0,0.195682987570763,0,0,0,0,0,0,0,0,321.650123238564,0,0,0,0,0,0,0,0,0,0,0,0,0,0,0,0,344.229273736477,0,131.807348549366,0,58.2699980735779,0,0,0,0,0,0,0,0,0,536.529550820589,0,46.0137080997229,0,0,0,0
0,0,0,0,0,0,0,0,0,0,0,0,0,0,0,0,1,0,0,0,0,0,4552.14430037141,0.637751996517181,150.225649833679,0,0,0,76.5835062265396,0,0,0,0,0,0.419406533241272,0,0,0,508.569089144468,0,0,0,0,0,0,0,0,0,311.240963682532,0,0,0,0,0,0,0,0,0,0,0,0,0,0,0,0,0,0,538.097126126289,0,1,0,123.157164663076,0,0,0,0,0,0,0,0,0,656.381114959717,24.7902293503284,2.76514530181885,0,0,0
0,0,0,0,0,0,0,0,2.13789704442024,70.5140641480684,0,0,0,0,0,3.41214740276337,75.1111822724342,142.877455756068,14.7312326580286,0,0,166.41425652802,4.56332969665527,447.422547265887,2.50846374034882,38.7842869758606,0.237854972481728,0,0,0,0,0,0,0,0,0,0,94.3653927147388,0,0.580502986907959,0,0,0.297875076532364,0,0,0,0,3.37378472089767,0,309.177404329181,0,0,0,0,2.98284506797791,66.8297972083092,0,0,0,0,0.388175010681152,6.723189920187,0,0,344.229273736477,0,0,0,227.946306660771,2.14415401220322,0,0,0,0,0,0,0,0,0,0,431.640773549676,0,172.4249420017,0.957797467708588,77.3509592413902,0,0
24.2377477288246,0,0,0,0,0,0,0,46.1923290491104,0,0,0,0,0,0,0,31.6719352602959,21.1710083186626,0,0,0,0,109.799329698086,7.5302472114563,564.046632155776,0.384970128536224,7.51653623580933,0,0,0,0,0,0,0,3.2729414999485,0,0,0,359.433211952448,0,0,0,0,0,0,0,0,11.3469993472099,118.658718541265,0,0,0,0,0,2.01317784190178,0,0,0,0,0,0,0,0,0,0,538.097126126289,0,0,0,20.8174189329147,0,0,0,0,0,0,0,0.521202027797699,0,0,0,241.564025148749,106.165045142174,0,328.258939415216,0,0
0,0,0,0,0,0,0,0,0,3.69972854852676,0,0,0,0,0,5.94926841557026,25.6865584254265,138.912073776126,17.0280956625938,0,0,84.6897299289703,0,107.443200021982,1.33379030227661,87.6295146942139,0,105.195301890373,0,0,0,0,0,0,0,0,0,0,0,0,0,0.275633335113525,0,0,0,0,0,0,0,49.5346553474665,0,0,0,0,0,0,0,0,0,0,0,0,0,0,131.807348549366,0,227.946306660771,0,0,0.757725656032562,544.371157690883,0,0,0,0,0,0,0,0.319522023200989,0,0.69104927778244,0,126.255722999573,3.11634960770607,10.3465217351913,0,0
0,0,0,0,0,0,0,0,0,6.01007299125195,0,0,0,0,7.24611288309097,0,320.103494718671,23.3212691396475,2.70572784543037,0,0,0.840289711952209,8.48675489425659,0.660727977752686,75.5541112720966,0,55.1491332352161,0,73.9769163131714,0,0,0,0,0,0,0,0,0,0,0,0,0,0,0,0,0,0,0,9.96989381313324,0,0,0,0,0,0,0,0,0,0,0,53.1498318314552,0,0,0,0,1,2.14415401220322,20.8174189329147,0.757725656032562,0,0,155.218270495534,0,0,0,0,0,0,0,0,0,0,183.500316470861,2.21549534797668,0,0,0
0,0,0,0,0,0,0,0,0,0,0,0,0,0,0,0,0,0,0,0,0,0,0,0.746007800102234,0,9.42949795722961,0,652.958081543446,0,16.7030386924744,0,0,0,0,0,0,0,0,0,0,0,0,0,0,0,0,0,0,0,42.4301934242249,0,0,0,0,0,0,0,111.818534851074,0,8.45162713527679,0,0,0.820889949798584,0,58.2699980735779,0,0,0,544.371157690883,0,0,0,46.6036550402641,0,0,0,0,0,0,0,0,0,63.7074176073074,0,3.21483993530273,0,0
0,0,0,0,0,0,0,0,0,0,0,0,26.3698377609253,0,0,0,0,0,0,0,0,0,4.58374977111816,0,0,0,0,0,696.689651787281,0,0.651837348937988,0,0,0,0,0,0,0,69.5550690889359,0,0,0,0,0,0,0,0,0,27.0337865352631,0,0,0,0,0,0,0,3.19068932533264,0,6.99065136909485,0,0,0,0,0,0,123.157164663076,0,0,0,155.218270495534,0,0,0,130.001905977726,0,0,0,0,0,0,0,387.016043752432,0,0,7.02929013967514,0,0
0,0,0,2.82486456632614,0,0,0,0,0,0,0,292.808076560497,0,0,0,0,4.08041232824326,0.693653538823128,29.8247805684805,4.70960700511932,0,0,0,0,0,0,0,2.33717954158783,0,301.87354850769,0,0,0,0,0,2.3917320817709,0.133021399378777,26.2089009284973,0,33.4258714690804,2.68640524893999,171.955534681678,4.49921038746834,23.8651179224253,0,175.524553373456,1.65420226752758,0,0.296111986041069,47.4589246809483,0,0,0,0,0,0,0.30410447716713,473.029485628009,0,0,0,0,156.12850138545,0,0,0,0,0,0,0,46.6036550402641,0,0,0,0,0,0,0,64.5638479143381,0.885699570178986,191.901656873524,0,196.429995208979,0.155540019273758,469.064523160458,71.5215586423874,0.421175092458725
0,0,0,0,0,0,0,0,0,0,1.11076825857162,0,0,0,0,0,3.48345737159252,0,26.9690868556499,0,10.8658031821251,0,0,0,0,0,0,0,81.2923712134361,0,564.745765984058,0,0,0,0,0,3.10100512206554,0,8.79522982239723,1.68728786706924,29.2201683670282,1.62065014243126,477.31402695179,0,26.7342186868191,1.30762708187103,84.5108374133706,0,133.468359291553,1.05600583553314,0,0,0,0,0,0,102.254993066192,0,0,0,0,0,0,135.741567030549,0,0,0,0,0,0,0,130.001905977726,0,0,0,0,0,0,0.419031798839569,32.668205730617,0,365.572917982936,41.4084913432598,0,832.042994379997,0,128.684572935104
0,0,0,0,0,0,0,0,0,0,0,0,0,0,0,0,0,0,0,0,0,0,0,0,0,0,0,0,0,0,0,5556.16390532255,888.749424859881,162.637079447508,4.45646440982819,227.759326860309,0,0,0,0,0,0,0,0,0,1.71650117635727,0,835.29934450984,0,19.3327438235283,0,0,0,0,0,0,0,0,0,0,0,0,0,0,0,0,0,0,0,0,0,0,0,0,0,1499.13595755398,148.91442322731,13.288437306881,1204.78392829001,11.9215524196625,0,0,580.586185157299,0,0,0,0
0,0,0,0,0,0,0,0,0,0,0,0,0,0,0,0,0,0,0,0,0,0,0,0,0,0,0,0,0,0,0,1583.45133714378,7503.93923962116,7.28069025278091,82.2567132562399,0,57.0683137774467,0,0,0,0,0,0,0,0,0,0,1368.35116377473,0,0,0,0,0,0,0,0,0,0,0,0,0,0,0,0,0,0,0,0,0,0,0,0,0,0,1499.13595755398,0,40.0165885090828,218.566998779774,16.1395672857761,817.063295170665,0,0,686.744874894619,0,0,0,0
0,0,0,0,0,0,0,0,0,0,0,0,0,0,0,0,0,0,0,0,0,0,0,0,0,0,0,0,0,0,0,30.2500355690718,8.56554919481277,2621.44461922348,973.577162057161,262.517604917288,0,240.762914702296,5.85615563392639,0,0,0,0,0,0,0.579846739768982,0,365.031465440989,0,39.6579797267914,0,0,0,0,0,1.30026808381081,0,0,0,0,0,0,0.782828465104103,0,0,0,0,0,0,0,0,0,0,0,148.91442322731,40.0165885090828,0,661.08274255693,2158.85875627398,0,996.925043448806,0,374.096232667565,18.6782965660095,16.5264423340559,0,0
0,0,0,0,0,0,0,0,16.8919713944197,0,0,0,0,0,0,0,0.801506385207176,0,2.30894708633423,0,0,0,0,0,0,0,0,0,0,0,0,9.61250233650208,487.472227156162,515.98931017518,1660.87262509763,0,199.151433989406,2.19821518659592,202.450795248151,0,0,0,8.15150807797909,0,0,0,3.50258180499077,43.9370535314083,29.4941789805889,0,0,0,0,0,3.32918351888657,0,0,0,0,0,0,0,0,0,0,0,0,0.521202027797699,0,0,0,0,0,0,13.288437306881,218.566998779774,661.08274255693,0,0,1986.67744544148,0,979.376447245479,329.848439738154,0,7.17746892571449,0,0.300158828496933
