0,59.0338554382324,5.70471052200563,0,6.73517155647278,0,0,0,7.64780177627889,0,0,0,0,0,0,0,87.3349609375,0,3.4284978718371,0,0,0,0,0,0,0,0,0,0,0,0,0,0,0,0,0,0,0,0,0,36.3916721343994,53.5417003631592,19.9846476825681,0,0,0,17.5475881576538,34.9686445871989,6.57920461022452,40.6937359174093,0,0,0,0,5.40330086915821,0,19.6183128356934,0,0,0,3.61834600567818,0,0,0,0,0,0,0,0,0,0,0,0,16.2106303269008,0,0,0,0,0,23.2174122333527,40.7332153320312,20.3809763590495,9.10892331097719,0,11.1515295107569,0,0
59.0338554382324,0,0,3.76451764069498,0,0,0,0,0,5.03565960545694,0,0,0,0,0,6.1479754447937,0,26.4783782958984,9.03414312275973,0,0,0,0,4.94880175590515,0,5.46495252185398,0,0,0,0,0,0,0,29.3133773803711,0,0,0,23.9869473775228,0,23.7313731292198,0,17.5360019945798,0,0,0,14.749594279698,0,0,44.56862449646,5.03976756313585,0,0,0,0,74.6312484741211,4.41478532956725,0,5.19741445859273,0,4.4714121222496,0,3.83295116057763,28.4207935333252,0,0,0,10.2612825609389,0,5.66355085372925,0,0,0,22.3724256753922,0,0,0,0,0,26.043574997873,0,26.0075857374403,0,6.24262055767028,0,9.57022552871704,11.3866941913774,0
5.70471052200563,0,0,0,8.80893261386798,0,0,0,10.2021376609802,0,0,0,0,0,0,0,61.5555953979492,0,58.3414700826009,0,7.94410048998319,0,0,0,0,0,0,0,0,0,0,0,0,0,0,0,8.71002743925367,0,0,0,30.5033443768819,0,26.6093931524924,0,0,0,22.1941384077072,42.891300201416,6.72517685655137,55.5584297180176,5.54002483783926,0,0,0,6.88186661632437,0,19.8536444568634,0,3.81038486237494,0,5.82025262431095,0,0,0,0,0,0,0,0,0,0,0,0,23.0171304684933,0,0,0,0,0,23.8254267879736,0,24.6222905918043,13.7715184871967,0,14.4798541947926,0,20.2470874786377
0,3.76451764069498,0,0,0,9.35872150722303,0,0,0,5.24777943747384,0,0,0,0,0,0,0,64.2630710601807,65.768896484375,14.9030259450277,0,0,0,0,0,0,0,0,0,0,0,0,0,0,0,18.6311368942261,0,0,0,34.6176732472011,0,34.0041571299235,0,0,0,25.133154460362,0,42.5381139119466,40.5651054382324,8.20760492078568,0,5.59313143321446,0,0,0,6.05967236803724,0,15.2660219521358,0,0,0,4.64088259264827,20.5173184752464,0,0,0,0,0,0,0,0,0,27.7031866117965,0,0,0,0,0,31.6183171408517,0,31.6434877183702,0,13.4542179703712,0,8.21516462846416,0,0
6.73517155647278,0,8.80893261386798,0,0,0,0,0,31.9488925933838,0,0,0,0,0,0,0,60.3226165771484,0,64.1358528137207,0,7.82092325034235,0,0,0,0,0,0,0,0,0,0,0,0,0,0,0,7.86103619847979,0,0,54.9680099487305,38.0648795366287,0,34.6774829749853,0,0,0,27.5529636383057,40.7143058776855,26.1436294106876,46.8559748331706,3.25350506660786,0,0,0,0,0,13.3081736564636,0,0,0,0,0,0,8.31245786282751,0,0,0,0,0,0,0,0,0,30.6345567870558,0,0,0,0,42.4328556060791,31.9337675650915,0,33.4946881753427,26.9273516654968,18.718635559082,13.8766038561072,0,21.2952388922373
0,0,0,9.35872150722303,0,0,0,11.4748487472534,0,0,0,4.46891322368529,0,0,0,0,0,67.9769948323568,0,6.77509520835235,0,0,0,0,0,0,0,0,0,0,0,0,0,0,0,6.61262542671627,0,0,0,33.5456819534302,0,32.2329671737996,0,0,0,0,0,43.0076332092285,39.24853515625,38.3602592945099,0,3.4217453032732,0,2.9519248008728,0,3.34228664636612,0,20.7563510206011,0,0,0,0,8.44886162852086,0,0,0,0,0,0,0,0,0,29.5364285084739,0,0,0,0,0,18.4125967621803,0,33.2051647410673,0,10.0374893383546,0,12.4461549437413,0,0
0,0,0,0,0,0,0,0,0,0,2.73405003547668,0,0,0,0,0,0,0,0,0,7.17300188064575,0,0,0,0,0,0,0,0,0,0,0,0,0,0,0,0,0,0,0,0,0,0,0,0,0,0,0,0,0,3.28249873055352,0,0,0,0,0,3.87902611494064,0,0,0,0,0,0,8.50195427501903,0,0,0,0,0,0,0,0,0,0,0,0,0,0,0,0,0,0,0,0,7.1767909526825,0,0
0,0,0,0,0,11.4748487472534,0,0,0,0,0,0,0,0,0,0,0,0,0,4.58856910540734,0,0,0,0,0,0,0,0,0,0,0,0,0,0,0,14.7602758407593,0,0,0,0,0,0,0,0,0,0,0,0,0,0,0,0,0,0,0,0,0,0,0,0,0,0,3.23745815048504,0,0,0,0,0,0,0,0,0,0,0,0,0,0,0,0,0,0,0,4.12673882643382,0,0,0,0
7.64780177627889,0,10.2021376609802,0,31.9488925933838,0,0,0,0,0,0,0,0,0,3.22846545622899,0,13.2063087940216,27.175181388855,6.37151831360225,0,0,0,0,0,4.41942633115328,0,4.21988105773926,0,0,0,0,0,0,0,15.6462815829686,0,0,0,5.59344428093707,42.2877388000488,34.4796409606934,29.714206348766,17.0878551769571,0,0,0,0,37.4554808689998,11.370234574212,43.2712535858154,0,0,0,0,6.28514020283076,0,30.4478240966797,0,0,0,5.4042120774587,0,0,11.8175411224365,0,0,0,3.35930624315816,0,0,0,0,38.0884501139323,29.42346736363,0,0,0,18.3978140113059,44.1790046691895,38.3285865783691,38.4674758911133,16.3597189391532,7.21075192292831,3.33173631891912,13.7003010520037,0,8.46178646521135
0,5.03565960545694,0,5.24777943747384,0,0,0,0,0,0,0,0,0,0,0,6.74604783785183,29.5627574920654,6.50029192875772,11.023726945395,11.0108178456624,0,0,0,4.39963901042938,24.2298641204834,0,0,0,0,0,0,0,0,18.8009965419769,0,0,0,10.0184769652305,0,43.4802652994792,0,7.90732624112945,21.263710975647,0,0,0,0,0,0,8.49356227450901,0,0,0,0,0,5.98355939927793,0,6.4325897693634,0,7.73315303325653,0,7.1434795921796,12.2004667917887,0,0,0,6.66991220187748,30.1032810211182,2.91395509243011,0,0,0,30.6943330764771,35.5609436035156,0,0,24.4177544911702,0,31.9410516421,0,20.0796178531647,49.6159286499023,6.48569740630742,0,11.0955128166951,8.00129342586436,50.7892265319824
0,0,0,0,0,0,2.73405003547668,0,0,0,0,0,3.39178143306212,0,0,0,0,0,0,0,4.61440649668376,0,0,0,0,0,0,0,3.27280225864677,0,4.72458416588452,0,0,0,0,0,3.88103861975546,0,3.72560829069296,0,0,0,0,0,0,0,9.237459897995,0,0,0,0,0,0,0,0,0,3.71112894528417,0,3.64966822981725,0,0,0,0,4.76868070196113,0,0,0,0,0,0,0,4.66677963733673,0,4.70179835955302,0,0,0,0,0,4.501221716807,0,4.26419830063027,3.35328472877035,4.31918154264751,0,0,0
0,0,0,0,0,4.46891322368529,0,0,0,0,0,0,0,3.48930170832301,0,0,0,0,0,8.70670809106129,0,0,0,0,0,0,0,3.60814975788243,0,3.98551620616287,0,0,0,0,0,4.60050621577672,0,3.58371507783235,0,0,0,0,0,0,0,0,0,0,0,0,0,10.3066246509552,0,0,0,0,0,4.66430481319197,0,3.81561581698008,0,0,4.46798756454451,0,0,0,0,0,0,0,4.40179943394017,0,7.93713416340195,0,0,0,0,0,5.07423169429486,0,4.11988421435996,0,3.62438126720449,4.58434820175171,4.6033976872762,0,0
0,0,0,0,0,0,0,0,0,0,3.39178143306212,0,0,0,0,0,0,0,0,0,0,0,0,0,0,0,0,0,3.23672919326954,0,0,0,0,0,0,0,0,0,0,0,0,0,0,0,0,0,0,0,0,0,0,0,0,0,0,0,3.85106715937369,0,3.51633609420478,0,0,0,0,0,0,0,0,0,0,0,0,5.94090499549077,0,5.46719408035278,0,0,0,0,0,0,0,0,3.62936666607857,2.9149800936381,0,0,0
0,0,0,0,0,0,0,0,0,0,0,3.48930170832301,0,0,0,5.68698873864599,0,0,0,0,0,0,0,0,0,0,0,3.33192227645354,0,3.56420087814331,0,0,0,0,0,0,0,0,0,0,0,0,0,0,0,0,0,0,0,0,0,0,0,0,0,6.30759954452515,0,4.29920121276979,0,3.27040246427754,0,6.07778805262083,0,0,0,0,0,0,0,0,3.57000027298927,0,11.6597037845188,0,0,0,0,0,0,0,0,0,3.33738643451802,3.77660680607141,0,0,0
0,0,0,0,0,0,0,0,3.22846545622899,0,0,0,0,0,0,0,0,0,0,0,0,0,0,0,0,0,0,0,0,0,0,0,0,0,0,0,0,0,0,0,0,0,0,0,0,0,0,0,0,0,0,0,0,0,3.04340710553256,0,0,0,0,0,2.9110654062695,0,0,0,0,0,0,0,0,0,0,0,0,0,0,0,0,0,0,0,0,0,3.59947644580494,3.5913462638855,0,0,0
0,6.1479754447937,0,0,0,0,0,0,0,6.74604783785183,0,0,0,5.68698873864599,0,0,0,0,0,0,0,0,0,0,0,0,0,2.86066236495972,0,0,0,0,0,34.3744277954102,0,0,0,26.4298844337463,0,0,0,20.3676267351423,0,0,0,0,0,0,0,0,0,0,0,0,0,6.72830451397374,0,6.48979418618338,0,6.35043755096275,0,5.17083381715222,0,0,0,0,20.2296476364136,0,2.87477331383284,0,0,0,0,0,0,0,0,0,0,0,0,0,6.32593093978034,3.47872427890175,19.8435122172038,0,0
87.3349609375,0,61.5555953979492,0,60.3226165771484,0,0,0,13.2063087940216,29.5627574920654,0,0,0,0,0,0,0,10.8890397375315,9.62685872039549,0,0,0,0,0,27.1549098491669,0,0,0,0,0,0,0,0,0,0,98.9125213623047,0,0,0,54.7486755734398,47.3743014120433,42.2228222253188,38.6835628308748,28.2114906311035,0,45.9180145263672,44.2097733380043,63.3026847839355,60.31374168396,0,0,0,0,0,13.8395401636759,0,53.7923240661621,86.971435546875,0,0,0,0,91.3218612670898,53.0606770515442,0,0,0,28.9934677124023,0,3.05377478720778,0,0,96.7706985473633,47.0896712938944,0,0,0,0,57.6882502692086,48.6480104583339,56.5958114624023,46.2903058655165,13.9552293855188,46.4851970672607,44.5790219373688,30.0776920318604,43.6165982759916
0,26.4783782958984,0,64.2630710601807,0,67.9769948323568,0,0,27.175181388855,6.50029192875772,0,0,0,0,0,0,10.8890397375315,0,21.0439311514965,71.4062042236328,0,0,0,0,35.2654354388897,0,0,0,0,0,0,0,0,0,0,0,0,0,0,46.4526984424334,51.0751115287223,41.5989455446419,50.1323367926725,0,0,47.4744688429922,52.549098183127,80.8508605957031,45.7326774597168,61.7354000409444,0,0,0,0,29.9316883087158,8.64639568328857,0,65.0066767472487,0,0,0,0,49.7461452484131,0,0,0,0,42.7703189849854,0,0,0,0,53.5080753923899,51.4072490692139,0,0,0,0,48.5729931023362,52.8990585161292,46.5346663281634,53.4606146561472,15.2127834945945,0,47.5245403450816,40.7221282777332,53.9619483947754
3.4284978718371,9.03414312275973,58.3414700826009,65.768896484375,64.1358528137207,0,0,0,6.37151831360225,11.023726945395,0,0,0,0,0,0,9.62685872039549,21.0439311514965,0,0,0,0,0,3.58473443984985,7.98367570115508,0,0,0,0,0,0,0,0,0,0,53.6268215179443,0,2.94223308563232,10.8294848273782,33.09447567581,37.0105149725088,31.6459091371526,28.2003866408798,22.1027410030365,0,25.8096427488492,29.5830539124929,62.3212623596191,43.3674430847168,46.8161455212217,0,0,0,0,5.80779697497686,25.65101091067,27.232717666626,41.4890911999871,0,0,0,0,30.7834984383932,37.2068415988575,0,0,7.16789579391479,5.30646512227029,0,0,0,0,31.4136347089495,27.0597986642416,0,0,0,24.3667816748986,35.9003000350044,35.8212017516821,32.5583455392778,31.0532436518706,14.9301852512568,39.2297760248184,30.0836983942627,13.8255687788421,16.0701492185178
0,0,0,14.9030259450277,0,6.77509520835235,0,4.58856910540734,0,11.0108178456624,0,8.70670809106129,0,0,0,0,0,71.4062042236328,0,0,0,0,0,0,0,0,0,0,0,0,0,0,0,0,0,4.48000247095838,0,4.82577514648438,0,34.7474743843079,0,41.2067193984985,0,0,0,0,0,38.8345990180969,30.7816185951233,34.9520117982905,0,7.79523857290095,0,4.4588918156094,0,9.45139726003011,0,7.59113001142229,0,8.21340274810791,0,0,5.228072131454,0,0,0,0,0,0,0,0,0,24.8049507141113,0,0,0,0,0,4.90775687510434,0,5.31410717575446,0,5.62406213893447,0,9.59049534842995,0,0
0,0,7.94410048998319,0,7.82092325034235,0,7.17300188064575,0,0,0,4.61440649668376,0,0,0,0,0,0,0,0,0,0,0,0,0,0,0,0,0,0,0,0,0,0,0,0,0,4.41462080836003,0,3.9725237262249,0,17.0222211837769,0,34.1226119995117,0,0,0,9.09626071349434,0,28.2574412027995,0,5.25647252919723,0,8.3381814956665,0,9.33705238195566,0,4.27586814677915,0,6.52343893051147,0,8.92951059341431,0,0,4.83243312283535,0,0,0,0,0,0,0,0,0,0,0,0,0,0,0,4.68546308668387,0,7.334688622296,7.83903352393479,0,7.00833946411763,0,0
0,0,0,0,0,0,0,0,0,0,0,0,0,0,0,0,0,0,0,0,0,0,5.06449915960022,4.15599029181434,22.1382808685303,0,0,3.33230838743686,0,0,0,0,0,8.44955720901489,10.2075742374767,0,0,4.52848776483083,7.13874689613223,0,0,17.5954085588455,0,0,0,0,0,13.0901168854006,0,4.70716909125999,0,0,0,0,0,0,0,0,0,0,0,0,0,0,4.63178790898768,6.16501331728426,5.29287395477295,21.902702331543,3.4982682466507,0,4.4218929421252,0,0,0,0,0,15.3675687682461,16.2073764801025,0,0,4.77698972609987,6.23472021482629,5.17751459753838,4.14085249460771,11.4752491542271,0,0
0,0,0,0,0,0,0,0,0,0,0,0,0,0,0,0,0,0,0,0,0,5.06449915960022,0,0,4.33706565186529,0,3.23348971456289,0,3.5020728681346,0,0,0,0,6.60800342848807,11.8107781410217,0,0,9.14965317628094,5.81870875790072,0,0,0,19.3860966364543,0,0,0,0,17.1548140500043,5.46335554122925,0,0,0,0,0,0,0,0,0,0,0,0,0,0,0,5.6532907498292,4.14655978725741,0,6.2392888711049,0,7.12200397253036,0,3.97972770977614,0,0,0,0,13.2101849122481,17.6943052904105,0,0,8.09731394521306,4.99828334339194,5.09260713783836,4.29967797422034,11.5047642389933,0,0
0,4.94880175590515,0,0,0,0,0,0,0,4.39963901042938,0,0,0,0,0,0,0,0,3.58473443984985,0,0,4.15599029181434,0,0,0,3.16013304287927,0,0,0,0,0,0,0,0,0,0,0,3.11626623110338,0,0,0,0,0,0,0,0,0,0,0,4.81472290434488,0,0,0,0,0,4.50233943462372,0,0,0,0,0,0,0,0,5.04245462756472,0,3.45443648987628,0,3.30492070958584,0,0,0,27.2011184692383,0,0,0,0,0,0,0,3.72297889490922,0,3.9670200072802,0,23.7761850357056,0,0
0,0,0,0,0,0,0,0,4.41942633115328,24.2298641204834,0,0,0,0,0,0,27.1549098491669,35.2654354388897,7.98367570115508,0,0,22.1382808685303,4.33706565186529,0,0,0,4.96694067210862,0,0,0,0,0,0,0,9.72876071929932,0,0,11.73153368632,4.71940977498889,48.5697202682495,36.74538230896,26.0425016880035,17.0593235492706,28.0157623291016,0,0,0,0,7.97774219512939,0,0,0,0,0,3.62262850999832,0,25.0577564239502,0,0,0,0,0,0,0,0,5.73372391166303,0,5.60601380544712,0,3.38411684334278,0,0,38.8037287394206,28.4342090061733,0,0,0,15.8713545365767,44.9248941594904,44.2970085144043,38.1075954437256,11.8412762482961,6.28604342733941,3.57851600646973,24.7331869602203,18.3189935684204,0
0,5.46495252185398,0,0,0,0,0,0,0,0,0,0,0,0,0,0,0,0,0,0,0,0,0,3.16013304287927,0,0,0,0,0,0,0,0,0,0,0,0,0,0,0,0,0,0,0,0,0,0,0,0,0,0,0,0,0,0,0,4.9419682881771,0,0,0,0,0,0,0,0,0,0,4.05496997516867,0,2.90692577362061,0,2.74662756919861,0,0,0,0,0,0,0,0,0,0,0,2.73857847849528,0,0,0,0
0,0,0,0,0,0,0,0,4.21988105773926,0,0,0,0,0,0,0,0,0,0,0,0,0,3.23348971456289,0,4.96694067210862,0,0,0,3.40420269157927,0,0,0,0,0,0,0,0,0,0,0,0,0,0,0,0,0,0,0,0,0,0,0,0,0,4.04639002275185,0,0,0,0,0,0,0,0,0,0,3.02054018607506,0,4.95925571105542,0,3.2437167049926,0,4.32972897439313,0,0,0,0,0,0,0,0,0,0,2.9487640592787,0,0,0,0
0,0,0,0,0,0,0,0,0,0,0,3.60814975788243,0,3.33192227645354,0,2.86066236495972,0,0,0,0,0,3.33230838743686,0,0,0,0,0,0,0,3.57426084409958,0,0,0,0,0,0,0,3.28881318919309,0,0,0,0,0,0,0,0,0,0,0,0,0,0,0,0,0,0,0,3.8768320567366,0,3.20287803790016,0,0,0,0,3.57158795595169,0,0,0,0,0,3.20690992523613,0,5.01380136221422,0,0,0,0,0,0,0,4.95547281036871,0,3.11056151593378,3.97854299545288,0,0,0
0,0,0,0,0,0,0,0,0,0,3.27280225864677,0,3.23672919326954,0,0,0,0,0,0,0,0,0,3.5020728681346,0,0,0,3.40420269157927,0,0,0,3.26277847894641,0,0,0,0,0,0,0,4.19049742358372,0,0,0,0,0,0,0,0,0,0,0,0,0,0,0,0,0,4.20696553487456,0,3.72935969829559,0,0,0,0,0,0,3.70693875127338,0,0,0,3.75518667697906,0,4.15583716332356,0,4.11179568644228,0,0,0,0,0,0,0,4.8899659355572,3.69160762854985,0,0,0,0
0,0,0,0,0,0,0,0,0,0,0,3.98551620616287,0,3.56420087814331,0,0,0,0,0,0,0,0,0,0,0,0,0,3.57426084409958,0,0,0,0,0,0,0,0,0,3.26868391036987,0,0,0,0,0,0,0,0,0,0,0,0,0,0,0,0,0,0,0,6.49202066847363,0,3.77299165725708,0,0,0,0,0,0,0,0,0,0,4.38264905914049,0,3.57537281072884,0,0,0,0,0,0,0,3.76064899252422,0,3.1777724881326,3.29560844103495,0,0,0
0,0,0,0,0,0,0,0,0,0,4.72458416588452,0,0,0,0,0,0,0,0,0,0,0,0,0,0,0,0,0,3.26277847894641,0,0,0,0,0,0,0,0,0,3.16873268267819,0,0,0,0,0,0,0,0,0,0,0,0,0,0,0,0,0,2.87805549303691,0,0,0,0,0,0,0,0,0,0,0,0,0,0,3.68453747575933,0,3.28037579536438,0,0,0,0,0,0,0,3.49663583587551,4.40310130707205,0,0,0,0
0,0,0,0,0,0,0,0,0,0,0,0,0,0,0,0,0,0,0,0,0,0,0,0,0,0,0,0,0,0,0,0,3.77125814550592,5.50463104248047,5.57447592417399,3.52403721979686,3.34283828370425,0,0,0,0,0,0,0,0,0,0,4.17649155966495,0,0,0,0,0,0,0,0,0,0,0,0,0,0,0,0,0,0,0,0,0,0,0,0,0,0,3.7299175937082,6.81048257071509,0,17.686633178166,4.19831649094093,6.22477759320312,0,0,3.06268639741717,0,0,0,0
0,0,0,0,0,0,0,0,0,0,0,0,0,0,0,0,0,0,0,0,0,0,0,0,0,0,0,0,0,0,0,3.77125814550592,0,0,0,4.19552390916007,6.05780912734367,0,0,0,0,0,0,0,0,0,0,4.4031116082484,0,0,0,0,0,0,0,0,0,0,0,0,0,0,0,0,0,0,0,0,0,0,0,0,0,0,4.33614636524974,4.34116768092155,4.00776863098145,16.9351130127907,4.21065269643244,6.02505489102673,0,0,2.8389916236584,0,0,0,0
0,29.3133773803711,0,0,0,0,0,0,0,18.8009965419769,0,0,0,0,0,34.3744277954102,0,0,0,0,0,8.44955720901489,6.60800342848807,0,0,0,0,0,0,0,0,5.50463104248047,0,0,4.27492315904423,3.10190905133883,0,4.30651980180007,4.93675449447355,0,0,12.9397765606433,0,0,0,0,0,4.79567629571349,16.2978733825684,0,0,0,0,0,0,28.1084842681885,0,0,0,0,0,30.9588279724121,0,0,6.95908641815186,13.9759721755981,0,0,0,0,0,0,0,0,18.6096731432668,9.8393159866333,5.11124345943221,4.68839524476084,5.03125157654285,0,6.65338937559595,14.3809739774552,6.6344062153268,8.01520090836745,12.6227180957794,15.4199926376343,0
0,0,0,0,0,0,0,0,15.6462815829686,0,0,0,0,0,0,0,0,0,0,0,0,10.2075742374767,11.8107781410217,0,9.72876071929932,0,0,0,0,0,0,5.57447592417399,0,4.27492315904423,0,4.90030532413059,3.31231914733319,4.13902556205808,4.04303094640893,0,0,0,14.1170569038391,0,0,0,0,5.3546177479747,0,16.7675995948987,0,0,0,0,14.2970242500305,0,0,0,0,0,0,0,0,0,0,14.1599407196045,0,0,0,0,0,0,0,0,13.2955825328827,19.3545923272769,5.03116973139556,4.60029401140864,5.07543830518369,4.0246554772346,13.6180267430986,5.90890981830083,4.79517229551292,9.00101953744888,13.3489756584167,0,14.5466432571411
0,0,0,18.6311368942261,0,6.61262542671627,0,14.7602758407593,0,0,0,4.60050621577672,0,0,0,0,98.9125213623047,0,53.6268215179443,4.48000247095838,0,0,0,0,0,0,0,0,0,0,0,3.52403721979686,4.19552390916007,3.10190905133883,4.90030532413059,0,3.51432457846283,4.92573025478191,2.81353338559469,29.8224993485671,0,29.1880423227946,38.879810333252,0,0,7.83241927500853,0,31.0240729778044,23.3332865919386,27.3399693951285,0,14.5656651350168,0,0,0,20.8111975987752,0,7.68328607082367,0,0,0,0,4.48015957022922,0,0,0,0,0,0,0,0,0,35.4697732925415,0,4.95917991120765,5.46282974878947,3.07626421634968,0,4.71040770769467,4.88700145219887,6.79038591318197,0,4.0038047911472,3.37847868345941,12.9339732192917,0,35.1523208618164
0,0,8.71002743925367,0,7.86103619847979,0,0,0,0,0,3.88103861975546,0,0,0,0,0,0,0,0,0,4.41462080836003,0,0,0,0,0,0,0,0,0,0,3.34283828370425,6.05780912734367,0,3.31231914733319,3.51432457846283,0,2.75063014030457,3.57130575938946,19.7678604125977,15.1486014783382,26.1087440914578,30.4568827853483,0,0,0,9.10053963320596,17.8994551374201,21.3822972160275,24.7456893920898,0,0,0,0,0,0,4.35605829990271,0,0,0,0,0,0,4.09911884039981,0,0,0,0,0,0,0,0,0,32.0283885002136,4.21938853787485,12.6082455412786,0,30.4381346052343,3.98075961555884,4.27138581076797,0,5.488118810455,4.43973793111442,3.12675319155868,11.5334300854239,0,24.0121593475342
0,23.9869473775228,0,0,0,0,0,0,0,10.0184769652305,0,3.58371507783235,0,0,0,26.4298844337463,0,0,2.94223308563232,4.82577514648438,0,4.52848776483083,9.14965317628094,3.11626623110338,11.73153368632,0,0,3.28881318919309,0,3.26868391036987,0,0,0,4.30651980180007,4.13902556205808,4.92573025478191,2.75063014030457,0,4.40972529478437,0,0,8.98627412526504,0,0,0,0,0,9.98942717198116,23.7895622253418,7.07134259452945,0,0,0,0,0,19.9453177703054,0,4.2111128584131,0,0,0,23.7721099853516,0,0,4.25606701766993,13.1729573011398,5.0470903168122,11.1800947189331,0,0,3.22072258260515,0,3.16694707942731,0,0,0,8.12654785134576,8.63378467559814,4.97409141474757,0,4.82580047126347,4.77137240164918,4.08687868729381,3.17822984916468,9.64882858259132,12.9353550275167,0
0,0,0,0,0,0,0,0,5.59344428093707,0,3.72560829069296,0,0,0,0,0,0,0,10.8294848273782,0,3.9725237262249,7.13874689613223,5.81870875790072,0,4.71940977498889,0,0,0,4.19049742358372,0,3.16873268267819,0,0,4.93675449447355,4.04303094640893,2.81353338559469,3.57130575938946,4.40972529478437,0,0,0,31.9995288848877,8.11327158321034,0,0,0,0,8.55241031388612,6.52231505636633,28.270139058431,0,0,0,0,9.27640906969706,0,4.04656303723653,0,0,0,0,0,0,7.24350751770867,8.46686644167514,6.53488656790521,0,5.90650704716596,0,0,0,5.07687478097227,0,3.94613532160149,0,0,11.4039040277171,10.9798364002542,0,3.86172469383209,4.45011226085333,5.52896384993558,4.60053344101543,6.44015521161696,6.05663694981216,0,10.3095922470093
0,23.7313731292198,0,34.6176732472011,54.9680099487305,33.5456819534302,0,0,42.2877388000488,43.4802652994792,0,0,0,0,0,0,54.7486755734398,46.4526984424334,33.09447567581,34.7474743843079,0,0,0,0,48.5697202682495,0,0,0,0,0,0,0,0,0,0,29.8224993485671,19.7678604125977,0,0,0,59.2765035629272,20.9391908725939,52.5259979001937,0,0,8.9278210235588,37.702986907959,18.4087963327069,17.7583493550618,13.9244390611152,0,0,0,0,0,50.8200798034668,47.553674697876,35.7126513101968,0,0,0,0,5.43352899566513,0,0,0,0,43.1063804626465,0,0,0,0,35.5345703291893,60.9610252380371,0,0,0,0,11.1501393430859,59.8572244644165,19.929316934981,64.3351135253906,25.7213050702053,0,13.0319044365709,29.7300185327945,69.9041595458984
36.3916721343994,0,30.5033443768819,0,38.0648795366287,0,0,0,34.4796409606934,0,0,0,0,0,0,0,47.3743014120433,51.0751115287223,37.0105149725088,0,17.0222211837769,0,0,0,36.74538230896,0,0,0,0,0,0,0,0,0,0,0,15.1486014783382,0,0,59.2765035629272,0,51.5634736685917,24.8639135602141,44.5796585083008,0,61.1306247711182,11.3339227800607,4.46852343720817,10.4541700460131,0,0,0,0,0,51.2348022460938,0,40.9300658152654,0,0,0,0,0,85.8547325134277,4.96226654773535,0,0,0,0,0,0,0,0,0,32.5957651515465,0,0,0,0,63.4509092966715,11.4166024997176,65.2389984130859,35.7762729296946,29.9213276738115,31.2261859893799,15.0499073523686,0,37.9189026090834
53.5417003631592,17.5360019945798,0,34.0041571299235,0,32.2329671737996,0,0,29.714206348766,7.90732624112945,0,0,0,0,0,20.3676267351423,42.2228222253188,41.5989455446419,31.6459091371526,41.2067193984985,0,17.5954085588455,0,0,26.0425016880035,0,0,0,0,0,0,0,0,12.9397765606433,0,29.1880423227946,26.1087440914578,8.98627412526504,31.9995288848877,20.9391908725939,51.5634736685917,0,17.3023158140226,12.5216493038904,0,32.404264220009,57.0666277749198,22.359909061913,36.3369045963994,13.2942082916157,0,35.0161177317301,0,0,29.1960735321045,14.8560521401765,64.201416015625,19.4199414436113,0,0,0,19.4209909439087,21.2492169237685,0,0,0,0,38.5276775360107,0,0,0,0,16.9499800377779,51.6817817687988,0,0,17.6385935269869,0,26.6021736588346,54.9342242764755,17.5628359012815,45.6130056381226,18.283115140465,22.0189895629883,16.9042605294436,5.97403071901179,13.0383848327918
19.9846476825681,0,26.6093931524924,0,34.6774829749853,0,0,0,17.0878551769571,21.263710975647,0,0,0,0,0,0,38.6835628308748,50.1323367926725,28.2003866408798,0,34.1226119995117,0,19.3860966364543,0,17.0593235492706,0,0,0,0,0,0,0,0,0,14.1170569038391,38.879810333252,30.4568827853483,0,8.11327158321034,52.5259979001937,24.8639135602141,17.3023158140226,0,0,0,63.5749727884928,30.4117296672281,21.4958659921374,12.4282930666312,48.6011192798615,33.3387432098389,0,0,0,27.4210613808789,0,31.5484215611997,75.4936828613281,32.4505564371745,0,33.38450050354,0,48.8997650146484,24.3650717113329,0,18.6699314117432,0,18.7323571752619,0,0,0,0,49.8084288703071,25.8191732790304,0,0,0,17.1997919299386,59.0368827951365,23.4827637720176,55.4638959444486,25.9215609857553,20.9880168227087,30.4529763445442,18.6989968709718,24.1382996241252,10.0331346831671
0,0,0,0,0,0,0,0,0,0,0,0,0,0,0,0,28.2114906311035,0,22.1027410030365,0,0,0,0,0,28.0157623291016,0,0,0,0,0,0,0,0,0,0,0,0,0,0,0,44.5796585083008,12.5216493038904,0,0,0,0,0,0,0,0,0,0,0,0,0,0,0,0,0,0,0,0,0,0,0,0,0,0,0,0,0,0,0,0,0,0,0,0,46.6137199401855,57.9130401611328,0,59.3354415893555,10.8112122853597,0,18.6693546507094,0,0
0,0,0,0,0,0,0,0,0,0,0,0,0,0,0,0,0,0,0,0,0,0,0,0,0,0,0,0,0,0,0,0,0,0,0,0,0,0,0,0,0,0,0,0,0,0,0,0,0,0,0,0,0,0,0,0,0,0,0,0,0,0,0,0,0,0,0,0,0,0,0,0,0,17.4291954040527,0,0,0,0,0,0,0,20.0935592651367,0,0,17.6687431335449,0,0
0,14.749594279698,0,25.133154460362,0,0,0,0,0,0,0,0,0,0,0,0,45.9180145263672,47.4744688429922,25.8096427488492,0,0,0,0,0,0,0,0,0,0,0,0,0,0,0,0,7.83241927500853,0,0,0,8.9278210235588,61.1306247711182,32.404264220009,63.5749727884928,0,0,0,53.4456443786621,35.8946325128729,29.7822875976562,28.1562993193472,0,54.8428268432617,0,0,0,26.8096785545349,0,22.6931924356355,0,0,0,0,5.63680723541584,0,0,0,0,0,0,0,0,0,24.9820160913707,51.1940612792969,0,0,0,0,12.1332276176441,58.0165068308512,26.012588818868,0,21.5301544977271,0,11.6195366892063,29.1040534973145,0
17.5475881576538,0,22.1941384077072,0,27.5529636383057,0,0,0,0,0,9.237459897995,0,0,0,0,0,44.2097733380043,52.549098183127,29.5830539124929,0,9.09626071349434,0,0,0,0,0,0,0,0,0,0,0,0,0,0,0,9.10053963320596,0,0,37.702986907959,11.3339227800607,57.0666277749198,30.4117296672281,0,0,53.4456443786621,0,38.5493951277299,27.1316004749236,52.5248785018921,0,0,0,0,24.3375597000122,0,29.9728151635279,0,0,0,0,0,0,6.69822029210515,0,0,0,38.927433013916,0,0,0,0,0,28.2953165618005,0,0,0,0,65.5525283813477,15.7444784016065,0,25.1043906119957,22.630212172476,23.7453766663869,15.8081049573756,0,41.3937365668161
34.9686445871989,0,42.891300201416,42.5381139119466,40.7143058776855,43.0076332092285,0,0,37.4554808689998,0,0,0,0,0,0,0,63.3026847839355,80.8508605957031,62.3212623596191,38.8345990180969,0,13.0901168854006,17.1548140500043,0,0,0,0,0,0,0,0,4.17649155966495,4.4031116082484,4.79567629571349,5.3546177479747,31.0240729778044,17.8994551374201,9.98942717198116,8.55241031388612,18.4087963327069,4.46852343720817,22.359909061913,21.4958659921374,0,0,35.8946325128729,38.5493951277299,0,11.1986022720751,9.82901164656419,0,43.9947357177734,0,0,40.4347877502441,42.3996620178223,56.4991035461426,48.5629692077637,0,0,0,0,38.5338884989421,3.58924603462219,14.3996965654435,16.5467366063318,0,22.6532340049744,0,0,0,0,56.3779792785645,55.6181697845459,5.60953522760003,5.09821350797889,5.22822521116846,5.85610857307618,15.5297866662343,5.34431102782819,10.4097357176911,9.55492008131868,11.9165358124895,0,14.3862735123783,0,32.5586484273275
6.57920461022452,44.56862449646,6.72517685655137,40.5651054382324,26.1436294106876,39.24853515625,0,0,11.370234574212,0,0,0,0,0,0,0,60.31374168396,45.7326774597168,43.3674430847168,30.7816185951233,28.2574412027995,0,5.46335554122925,0,7.97774219512939,0,0,0,0,0,0,0,0,16.2978733825684,0,23.3332865919386,21.3822972160275,23.7895622253418,6.52231505636633,17.7583493550618,10.4541700460131,36.3369045963994,12.4282930666312,0,0,29.7822875976562,27.1316004749236,11.1986022720751,0,15.7482117661705,0,36.0465602874756,0,0,6.20969053268433,43.1691360473633,46.1567270379317,48.6992149353027,0,0,0,0,23.120626449585,0,0,9.16706118473154,0,5.60050945281982,0,0,0,3.15552520751953,0,46.6069272191901,0,4.64135467174441,16.9875548779964,3.9825587661178,21.3354851337189,9.92281364597553,21.5862491208293,6.02804384470889,14.7626064692572,27.160914738973,14.2284643039098,0,12.7137783307296
40.6937359174093,5.03976756313585,55.5584297180176,8.20760492078568,46.8559748331706,38.3602592945099,0,0,43.2712535858154,8.49356227450901,0,0,0,0,0,0,0,61.7354000409444,46.8161455212217,34.9520117982905,0,4.70716909125999,0,4.81472290434488,0,0,0,0,0,0,0,0,0,0,16.7675995948987,27.3399693951285,24.7456893920898,7.07134259452945,28.270139058431,13.9244390611152,0,13.2942082916157,48.6011192798615,0,0,28.1562993193472,52.5248785018921,9.82901164656419,15.7482117661705,0,0,34.9187653859456,0,0,41.3472506205241,39.6143437435752,0,30.4247646604265,0,0,0,0,32.3760581769441,0,6.28961345720146,0,5.09691833853722,28.4910249710083,7.26157021522522,0,0,0,42.1790832718716,0,0,0,5.466872215271,17.7743137359619,12.7999700089707,59.238213857015,8.50261652400154,20.8361316521962,15.6986771505796,0,16.2172791691865,16.7558604989733,42.0713691711426
0,0,5.54002483783926,0,3.25350506660786,0,3.28249873055352,0,0,0,0,0,0,0,0,0,0,0,0,0,5.25647252919723,0,0,0,0,0,0,0,0,0,0,0,0,0,0,0,0,0,0,0,0,0,33.3387432098389,0,0,0,0,0,0,0,0,0,2.97752499580383,0,0,0,2.89067385991414,0,0,0,0,0,0,5.46226425965627,0,0,0,0,0,0,0,0,0,31.0709619522095,0,0,0,0,0,31.1834259033203,0,0,0,0,4.42709049847201,0,0
0,0,0,5.59313143321446,0,3.4217453032732,0,0,0,0,0,10.3066246509552,0,0,0,0,0,0,0,7.79523857290095,0,0,0,0,0,0,0,0,0,0,0,0,0,0,0,14.5656651350168,0,0,0,0,0,35.0161177317301,0,0,0,54.8428268432617,0,43.9947357177734,36.0465602874756,34.9187653859456,0,0,0,0,0,2.95917344093323,0,28.7119986216227,0,0,0,0,8.91170918818963,0,0,0,0,0,0,0,0,0,30.3588809967041,0,0,0,0,0,16.4017658233643,0,32.1683158874512,0,10.3162799021777,0,8.62696647696674,0,0
0,0,0,0,0,0,0,0,0,0,0,0,0,0,0,0,0,0,0,0,8.3381814956665,0,0,0,0,0,0,0,0,0,0,0,0,0,0,0,0,0,0,0,0,0,0,0,0,0,0,0,0,0,2.97752499580383,0,0,0,0,0,3.66261331558228,0,0,0,0,0,0,7.8862779935201,0,0,0,0,0,0,0,0,0,0,0,0,0,0,0,0,0,0,0,0,6.76598310470581,0,0
0,0,0,0,0,2.9519248008728,0,0,0,0,0,0,0,0,0,0,0,0,0,4.4588918156094,0,0,0,0,0,0,0,0,0,0,0,0,0,0,0,0,0,0,0,0,0,0,0,0,0,0,0,0,0,0,0,0,0,0,0,0,0,0,0,0,0,0,5.67398738861084,0,0,0,0,0,0,0,0,0,0,0,0,0,0,0,0,0,0,0,3.0476707816124,0,0,0,0
5.40330086915821,74.6312484741211,6.88186661632437,0,0,0,0,0,6.28514020283076,0,0,0,0,0,3.04340710553256,0,13.8395401636759,29.9316883087158,5.80779697497686,0,9.33705238195566,0,0,0,3.62262850999832,0,4.04639002275185,0,0,0,0,0,0,0,14.2970242500305,0,0,0,9.27640906969706,0,51.2348022460938,29.1960735321045,27.4210613808789,0,0,0,24.3375597000122,40.4347877502441,6.20969053268433,41.3472506205241,0,0,0,0,0,0,27.6719884872437,71.6135864257812,0,0,3.79798459410667,0,0,9.90716123580933,0,0,0,3.43191894233337,0,0,0,0,0,30.0535550117493,0,0,0,17.9550604386763,47.9361839294434,33.8591289520264,53.4620208740234,18.4331594143274,8.47798283874531,0,12.1000078363852,0,25.5747566223145
0,4.41478532956725,0,6.05967236803724,0,3.34228664636612,0,0,0,5.98355939927793,0,0,0,6.30759954452515,0,6.72830451397374,0,8.64639568328857,25.65101091067,9.45139726003011,0,0,0,4.50233943462372,0,4.9419682881771,0,0,0,0,0,0,0,28.1084842681885,0,20.8111975987752,0,19.9453177703054,0,50.8200798034668,0,14.8560521401765,0,0,0,26.8096785545349,0,42.3996620178223,43.1691360473633,39.6143437435752,0,2.95917344093323,0,0,0,0,0,8.80537405272954,0,8.84402859115601,0,6.2779235318022,12.6807005711091,0,0,0,8.16386825369115,0,3.99081220626831,0,0,0,31.2955421165184,0,0,0,26.7899513244629,0,29.195561208223,0,28.7668063871322,0,7.26492325123171,0,11.7289017176936,12.4083001375198,0
19.6183128356934,0,19.8536444568634,0,13.3081736564636,0,3.87902611494064,0,30.4478240966797,0,3.71112894528417,0,3.85106715937369,0,0,0,53.7923240661621,0,27.232717666626,0,4.27586814677915,0,0,0,25.0577564239502,0,0,0,4.20696553487456,0,2.87805549303691,0,0,0,0,0,4.35605829990271,0,4.04656303723653,47.553674697876,40.9300658152654,64.201416015625,31.5484215611997,0,0,0,29.9728151635279,56.4991035461426,46.1567270379317,0,2.89067385991414,0,3.66261331558228,0,27.6719884872437,0,0,0,4.01904766466103,0,7.00222969055176,0,0,4.05235848690956,0,0,0,0,0,0,0,0,0,4.09437306347806,0,0,0,0,65.4785766601562,16.7088461043883,0,5.69948996454956,7.11921413884773,14.9330563545227,7.65373226869995,67.1962509155273,14.2028247714043
0,5.19741445859273,0,15.2660219521358,0,20.7563510206011,0,0,0,6.4325897693634,0,4.66430481319197,0,4.29920121276979,0,6.48979418618338,86.971435546875,65.0066767472487,41.4890911999871,7.59113001142229,0,0,0,0,0,0,0,3.8768320567366,0,6.49202066847363,0,0,0,0,0,7.68328607082367,0,4.2111128584131,0,35.7126513101968,0,19.4199414436113,75.4936828613281,0,0,22.6931924356355,0,48.5629692077637,48.6992149353027,30.4247646604265,0,28.7119986216227,0,0,71.6135864257812,8.80537405272954,0,0,0,4.71764485646284,0,4.55107749833001,6.68871674519699,0,0,0,16.8808247492864,36.414737701416,0,0,5.12329451243083,0,7.20965805919938,0,0,0,0,0,33.9684653863674,0,8.99348651070193,0,5.84470696242625,3.10885775814886,9.64407536607153,16.8189400264195,0
0,0,3.81038486237494,0,0,0,0,0,0,0,3.64966822981725,0,3.51633609420478,0,0,0,0,0,0,0,6.52343893051147,0,0,0,0,0,0,0,3.72935969829559,0,0,0,0,0,0,0,0,0,0,0,0,0,32.4505564371745,0,0,0,0,0,0,0,0,0,0,0,0,0,4.01904766466103,0,0,0,2.73682129383087,0,0,0,0,0,0,0,0,0,0,4.74946467499984,0,26.4333000183105,0,0,0,0,0,31.9613285064697,0,0,3.33387658730993,3.2295280430052,4.47129808867342,0,0
0,4.4714121222496,0,0,0,0,0,0,0,7.73315303325653,0,3.81561581698008,0,3.27040246427754,0,6.35043755096275,0,0,0,8.21340274810791,0,0,0,0,0,0,0,3.20287803790016,0,3.77299165725708,0,0,0,0,0,0,0,0,0,0,0,0,0,0,0,0,0,0,0,0,0,0,0,0,0,8.84402859115601,0,4.71764485646284,0,0,0,5.02417230067557,0,0,0,0,16.4764316876729,0,0,0,0,0,0,0,0,0,0,0,0,0,0,0,3.48431056638631,3.5062962046527,6.67579303847419,0,0
3.61834600567818,0,5.82025262431095,0,0,0,0,0,5.4042120774587,0,0,0,0,0,2.9110654062695,0,0,0,0,0,8.92951059341431,0,0,0,0,0,0,0,0,0,0,0,0,0,0,0,0,0,0,0,0,0,33.38450050354,0,0,0,0,0,0,0,0,0,0,0,3.79798459410667,0,7.00222969055176,0,2.73682129383087,0,0,0,0,0,0,0,0,0,0,0,0,0,0,29.597864151001,0,0,0,0,0,32.3740139007568,0,0,6.42510092460503,0,9.398773161333,0,0
0,3.83295116057763,0,4.64088259264827,0,0,0,0,0,7.1434795921796,0,0,0,6.07778805262083,0,5.17083381715222,0,0,0,0,0,0,0,0,0,0,0,0,0,0,0,0,0,30.9588279724121,0,0,0,23.7721099853516,0,0,0,19.4209909439087,0,0,0,0,0,0,0,0,0,0,0,0,0,6.2779235318022,0,4.55107749833001,0,5.02417230067557,0,0,0,0,0,0,12.8848822306073,0,2.86746506537161,0,0,0,0,0,0,0,0,0,0,0,0,0,3.83009542737688,0,10.3810347318649,0,0
0,28.4207935333252,0,20.5173184752464,0,8.44886162852086,0,3.23745815048504,0,12.2004667917887,0,4.46798756454451,0,0,0,0,91.3218612670898,49.7461452484131,30.7834984383932,5.228072131454,0,0,0,0,0,0,0,0,0,0,0,0,0,0,0,4.48015957022922,0,0,0,5.43352899566513,85.8547325134277,21.2492169237685,48.8997650146484,0,0,5.63680723541584,0,38.5338884989421,23.120626449585,32.3760581769441,0,8.91170918818963,0,5.67398738861084,0,12.6807005711091,0,6.68871674519699,0,0,0,0,0,0,0,0,0,0,0,0,0,0,9.07634389106711,0,0,0,0,0,5.79397812257247,0,6.9941135852073,0,7.87018067448792,0,10.5567937751565,37.8669881820679,0
0,0,0,0,8.31245786282751,0,8.50195427501903,0,11.8175411224365,0,4.76868070196113,0,0,0,0,0,53.0606770515442,0,37.2068415988575,0,4.83243312283535,0,0,0,0,0,0,0,0,0,0,0,0,0,0,0,4.09911884039981,0,7.24350751770867,0,4.96226654773535,0,24.3650717113329,0,0,0,6.69822029210515,3.58924603462219,0,0,5.46226425965627,0,7.8862779935201,0,9.90716123580933,0,4.05235848690956,0,0,0,0,0,0,0,0,0,0,0,0,0,0,0,0,12.811539181796,0,0,0,0,0,5.33106449358149,0,7.00611330152944,5.06602195380619,0,9.65329690425213,0,0
0,0,0,0,0,0,0,0,0,0,0,0,0,0,0,0,0,0,0,0,0,4.63178790898768,5.6532907498292,5.04245462756472,0,0,0,3.57158795595169,0,0,0,0,0,6.95908641815186,0,0,0,4.25606701766993,8.46686644167514,0,0,0,0,0,0,0,0,14.3996965654435,0,6.28961345720146,0,0,0,0,0,0,0,0,0,0,0,0,0,0,0,7.03592576792366,5.91265248726623,0,4.65379668902425,0,5.16945856459001,0,0,0,0,0,15.4172896317073,0,0,0,6.08679785417474,8.85839068321955,4.42169173705385,3.94097639668372,11.3174805641174,0,0
0,0,0,0,0,0,0,0,0,0,0,0,0,0,0,0,0,0,0,0,0,6.16501331728426,4.14655978725741,0,5.73372391166303,0,3.02054018607506,0,3.70693875127338,0,0,0,0,13.9759721755981,14.1599407196045,0,0,13.1729573011398,6.53488656790521,0,0,0,18.6699314117432,0,0,0,0,16.5467366063318,9.16706118473154,0,0,0,0,0,0,0,0,0,0,0,0,0,0,0,7.03592576792366,0,0,9.19079923822682,0,7.36509769747716,0,4.98845972951883,0,0,0,0,19.5564308166504,19.3963949509088,0,0,10.4631585439046,6.94304947904952,4.59660172123319,3.98790735683881,10.278538664182,0,0
0,10.2612825609389,0,0,0,0,0,0,0,6.66991220187748,0,0,0,0,0,20.2296476364136,0,0,7.16789579391479,0,0,5.29287395477295,0,3.45443648987628,0,4.05496997516867,0,0,0,0,0,0,0,0,0,0,0,5.0470903168122,0,0,0,0,0,0,0,0,0,0,0,5.09691833853722,0,0,0,0,0,8.16386825369115,0,16.8808247492864,0,16.4764316876729,0,12.8848822306073,0,0,5.91265248726623,0,0,0,4.49715652004365,0,0,0,0,0,0,0,0,0,0,0,4.2000105713689,0,5.24782210985819,0,3.60067432464203,0,0
0,0,0,0,0,0,0,0,3.35930624315816,30.1032810211182,0,0,0,0,0,0,28.9934677124023,42.7703189849854,5.30646512227029,0,0,21.902702331543,6.2392888711049,0,5.60601380544712,0,4.95925571105542,0,0,0,0,0,0,0,0,0,0,11.1800947189331,5.90650704716596,43.1063804626465,0,38.5276775360107,18.7323571752619,0,0,0,38.927433013916,22.6532340049744,5.60050945281982,28.4910249710083,0,0,0,0,3.43191894233337,0,0,36.414737701416,0,0,0,0,0,0,0,9.19079923822682,0,0,0,4.07864411671956,0,0,38.2260704040527,26.7047336578369,0,0,0,18.4824667453766,45.3851013183594,42.0878143310547,41.4601268768311,15.0833673721705,4.84928005435395,0,7.23673773025718,0,0
0,5.66355085372925,0,0,0,0,0,0,0,2.91395509243011,0,0,0,0,0,2.87477331383284,0,0,0,0,0,3.4982682466507,0,3.30492070958584,0,2.90692577362061,0,0,0,0,0,0,0,0,0,0,0,0,0,0,0,0,0,0,0,0,0,0,0,7.26157021522522,0,0,0,0,0,3.99081220626831,0,0,0,0,0,2.86746506537161,0,0,4.65379668902425,0,4.49715652004365,0,0,0,0,0,0,0,0,0,0,0,0,0,0,0,2.85050283869108,0,0,0,0
0,0,0,0,0,0,0,0,0,0,0,0,0,0,0,0,3.05377478720778,0,0,0,0,0,7.12200397253036,0,3.38411684334278,0,3.2437167049926,0,3.75518667697906,0,0,0,0,0,0,0,0,0,0,0,0,0,0,0,0,0,0,0,0,0,0,0,0,0,0,0,0,0,0,0,0,0,0,0,0,7.36509769747716,0,4.07864411671956,0,0,0,5.21553525924683,0,0,0,0,0,0,0,0,0,0,2.89085307211246,0,0,0,0
0,0,0,0,0,0,0,0,0,0,0,4.40179943394017,0,3.57000027298927,0,0,0,0,0,0,0,4.4218929421252,0,0,0,2.74662756919861,0,3.20690992523613,0,4.38264905914049,0,0,0,0,0,0,0,3.22072258260515,0,0,0,0,0,0,0,0,0,0,0,0,0,0,0,0,0,0,0,5.12329451243083,0,0,0,0,0,0,5.16945856459001,0,0,0,0,0,0,0,6.46072216872331,0,0,0,0,0,0,0,6.20673892801793,0,3.37731909905931,3.78751360626631,0,0,0
0,0,0,0,0,0,0,0,0,0,4.66677963733673,0,5.94090499549077,0,0,0,0,0,0,0,0,0,3.97972770977614,0,0,0,4.32972897439313,0,4.15583716332356,0,3.68453747575933,0,0,0,0,0,0,0,5.07687478097227,0,0,0,0,0,0,0,0,0,3.15552520751953,0,0,0,0,0,0,0,0,0,4.74946467499984,0,0,0,0,0,0,4.98845972951883,0,0,0,5.21553525924683,0,0,0,11.2184231281281,0,0,0,0,0,0,0,8.77486221679223,3.58277560088594,0,0,0,0
0,22.3724256753922,0,27.7031866117965,0,29.5364285084739,0,0,38.0884501139323,30.6943330764771,0,7.93713416340195,0,11.6597037845188,0,0,96.7706985473633,53.5080753923899,31.4136347089495,24.8049507141113,0,0,0,27.2011184692383,38.8037287394206,0,0,5.01380136221422,0,3.57537281072884,0,0,0,0,0,35.4697732925415,0,3.16694707942731,0,35.5345703291893,0,16.9499800377779,49.8084288703071,0,0,24.9820160913707,0,56.3779792785645,0,42.1790832718716,0,30.3588809967041,0,0,0,31.2955421165184,0,7.20965805919938,0,0,0,0,9.07634389106711,0,0,0,0,38.2260704040527,0,0,6.46072216872331,0,0,74.4315414428711,0,0,0,0,35.4887643120201,74.1401271820068,11.0211623892727,64.5840530395508,16.7776438352538,0,15.4640258225464,15.5497637239763,0
16.2106303269008,0,23.0171304684933,0,30.6345567870558,0,0,0,29.42346736363,35.5609436035156,4.70179835955302,0,5.46719408035278,0,0,0,47.0896712938944,51.4072490692139,27.0597986642416,0,0,0,0,0,28.4342090061733,0,0,0,4.11179568644228,0,3.28037579536438,0,0,0,0,0,32.0283885002136,0,3.94613532160149,60.9610252380371,32.5957651515465,51.6817817687988,25.8191732790304,0,17.4291954040527,51.1940612792969,28.2953165618005,55.6181697845459,46.6069272191901,0,31.0709619522095,0,0,0,30.0535550117493,0,4.09437306347806,0,26.4333000183105,0,29.597864151001,0,0,12.811539181796,0,0,0,26.7047336578369,0,0,0,11.2184231281281,74.4315414428711,0,0,0,0,0,67.4973526000977,30.4135346278128,60.4168891906738,8.75957180724352,29.096062845998,33.492514928182,11.5179522487084,0,15.4958792320957
0,0,0,0,0,0,0,0,0,0,0,0,0,0,0,0,0,0,0,0,0,0,0,0,0,0,0,0,0,0,0,3.7299175937082,4.33614636524974,18.6096731432668,13.2955825328827,4.95917991120765,4.21938853787485,0,0,0,0,0,0,0,0,0,0,5.60953522760003,0,0,0,0,0,0,0,0,0,0,0,0,0,0,0,0,0,0,0,0,0,0,0,0,0,0,0,10.086475483271,13.3182333746152,17.0138629766611,5.62538494382586,8.61225845833578,0,0,3.82202196279458,0,0,0,0
0,0,0,0,0,0,0,0,0,0,0,0,0,0,0,0,0,0,0,0,0,0,0,0,0,0,0,0,0,0,0,6.81048257071509,4.34116768092155,9.8393159866333,19.3545923272769,5.46282974878947,12.6082455412786,0,0,0,0,0,0,0,0,0,0,5.09821350797889,4.64135467174441,0,0,0,0,0,0,0,0,0,0,0,0,0,0,0,0,0,0,0,0,0,0,0,0,0,10.086475483271,0,11.649254584799,15.6736000576605,7.78327338512127,11.8175028800964,0,0,3.02520136997618,0,0,0,0
0,0,0,0,0,0,0,0,0,24.4177544911702,0,0,0,0,0,0,0,0,0,0,0,15.3675687682461,13.2101849122481,0,0,0,0,0,0,0,0,0,4.00776863098145,5.11124345943221,5.03116973139556,3.07626421634968,0,8.12654785134576,11.4039040277171,0,0,17.6385935269869,0,0,0,0,0,5.22822521116846,16.9875548779964,5.466872215271,0,0,0,0,0,26.7899513244629,0,0,0,0,0,0,0,0,15.4172896317073,19.5564308166504,0,0,0,0,0,0,0,0,13.3182333746152,11.649254584799,0,7.59442911988563,0,0,6.96114009570691,14.4833793674035,5.76283332668787,14.4521741000089,18.7732997894287,0,0
