0,0,0.116348917182709,0,0.00502386090203513,0,0,0,0.0431295468639909,0,0,0,0,0,0.00171411870288826,0,4.67327795975183e-05,0,9.94845605810364e-05,0,0,0,0,0,0,0,0,0,0,0,0,0,0,0,0,0,0,0,0,0,1.76680125424621e-05,1.44894458894884e-05,6.68431955249717e-05,0,0,0,0.000131592794605949,0,0.0341878578091973,0,0,0,0,0,0.0434483569422566,0,0,0,0,0,0.000419617184659077,0,0,0,0,0,0,0,0,0,0,0,0,0,0,0,0,0,0,9.57470796776751e-06,0,8.38795010469343e-06,0.00361697080263607,0.000135763780729589,0.000671719628092765,0,0
0,0,0,0.040989862765844,0,0,0,0,0,0.0369462718171146,0,0,0,0,0,0,0,1.72978127193924e-05,5.10218960233658e-05,0,0,0,0,0.000202295331664442,0,0,0,0,0,0,0,0,0,0,0,0,0,0,0,0,0,0.000401718558029871,0,0,0,0,0,0,0,0.0500491988240113,0,0,0,0,0,0.0166769943343843,0,4.11909222562811e-05,0,0.00350986641306334,0,0.00154205680740649,0,0,0,0,0.00235362362195999,0,0.00190175835791198,0,0.000280014601395246,0,3.16056324162998e-05,0,0,0,0,0,1.16986999324359e-05,0,0,0,0.00297025945446857,0,0.00563256032822712,0,0
0.116348917182709,0,0,0,0.0671707173569647,0,0,0,0.00312343468485458,0,0,0,0,0,0,0,0,0,5.54286580363344e-05,0,7.1216193318074e-05,0,0,0,0,0,0,0,0,0,0,0,0,0,0,0,0.000515770813607049,0,0,0,0.000209863433687368,0,0.00312446791233727,0,0,0,0.000231923764774118,0.000313671888140058,0.00457979753696163,0.00113044979044585,0.00923410558229838,0,0,0,0,0,0.00447423322762891,0,0.000271641896852186,0,0,0,0,0.00121326120773108,0,0,0,0,0,0,0,0,0,0.00041311062548423,0,0,0,0,0,1.06642952232595e-05,0,7.55236826860843e-05,0.000443356771140288,4.40054014932498e-06,0.00224829815686928,0,0.000196354354106325
0,0.040989862765844,0,0,0,0.0122144619595702,0,0,0,0.00309224221958587,0,0,0,0,0,0,0,0,0,0,0,0,0,0,0,0,0,0,0,0,0,0,0,0,0,0.000277551598682498,0,0,0,0.000424114428261887,0,0.00230346565869077,0,0,0,0.00200042240820762,0,0,0,0.00886378223318187,0,0.000778537263799372,0,0,0,0.00174471449609491,0,0.0174522480354562,0,0,0,0,0,0,0,0,0,0,0,0,0,0,0.00687217803856216,0,0,0,0,0,2.16331244325945e-05,0,0.000235033584947916,0,0.00157046171473273,0.000298024595252286,0.0100766324976159,0,0
0.00502386090203513,0,0.0671707173569647,0,0,0,0.00187863801954653,0,0.00435142922553316,0,0,0,0,0,0,0,0,0,7.41873785056366e-06,0,0.00063750184949325,0,0,0,0,0,0,0,0,0,0,0,0,0,0,0,1.27188591614027e-05,0,0,0,0,0,0.000129194596254286,0,0,0,4.62268866254078e-05,0.000434441165087393,0.00140263076266738,0.00182483811685868,0.00783983295336718,0,0,0,0.000238107413242893,0,0.0011241965921905,0,0,0,0,0,0,0.000617568269716249,0,0,0,0,0,0,0,0,0,0.000360915318563877,0,0,0,0.000843628617156464,0,2.16898780948996e-06,0,4.09908061253339e-06,0.00509079621097849,0.00261555039017604,0.0155566572472378,0,0
0,0,0,0.0122144619595702,0,0,0,0.00466159408041913,0,0.0942333379505095,0,0.00153089651832776,0,0,0,0,0,3.16473275216348e-05,4.20757343097418e-05,0.0103847865663102,0,0,0,0,0,0,0,0,0,0,0,0,0,0,0,0.00224575970468496,0,0,0,0.00525508213063829,0,0.00121513209850539,0,0,0,0.000148419353769085,0,0.00112687744629078,0,0.00787771263024383,0,0.111366400171179,0,0.0145022739068137,0,0.00972238303231573,0,0.00587959399792637,0,0,0,0.00428234279473138,0.00804848310068151,0,0,0,0,0,0,0,0,0,0.000201340583484273,0,0,0,0.000474842180680258,0,0.000202803378717893,0,0,0,0.0117575346501866,0.0011348291384503,0.0103577628174372,0,0
0,0,0,0,0.00187863801954653,0,0,0,0,0,0.00573257693875156,0,0,0,0,0,0,0,0,0,0.000709314553582032,0,0,0,0,0,0,0,0,0,0,0,0,0,0,0,0,0,0,0,0,0,0,0,0,0,0,0,0,0,0,0,0.000960138309083459,0,0,0,0,0,0,0,0,0,0,0,0,0,0,0,0,0,0,0,0,0,0,0,0,0,0,0,0,0,0.00235591581771028,0,0,0,0
0,0,0,0,0,0.00466159408041913,0,0,0,0,0,0.00609404938370383,0,0,0,0,0,0,0,0,0,0,0,0,0,0,0,0,0,0,0,0,0,0,0,0,0,0,0,0,0,0,0,0,0,0,0,0,0,0,0,0,0,0.077312124029743,0,0,0,0.00313126329557171,0,0,0,0,0.00259796895892813,0,0,0,0,0,0,0,0,0,0,0,0,0,0,0,0,0,0,0,0,0,0,0,0
0.0431295468639909,0,0.00312343468485458,0,0.00435142922553316,0,0,0,0,0.00259201099355589,0,0,0,0,0.0187069586608665,0.00651987012517878,0.00562097986417353,0.00115734871272544,0.00313247550921764,0,0,0,0.000110102766395547,0.00116477588003648,0.0246065805948427,2.6806734084602e-05,0.00532634360690734,0.000107214030218888,0,0,0,0,0,0,0.000284028287777659,0,0,0,0.00105816020834547,2.69220390147606e-05,0,6.33791580803822e-05,0.000159324092408288,0,0,0,0,0.000160381677896197,0.000390455761235207,0,0,0,0,0,0.0842664603621255,0.000355633053609819,0,0,0,0,0.0156010401305226,0.000214711034567609,0,0,0,0,0,0.00204280338863198,0.000220236078323749,0.000197435090548631,0,0,0,0,0,0,0,0.00173155648079449,1.9048859122816e-05,0,3.70649843081815e-06,0.00148149408822407,0.00804808073152655,0.00357463902277993,0.0105800626036896,0,0.000131807702307215
0,0.0369462718171146,0,0.00309224221958587,0,0.0942333379505095,0,0,0.00259201099355589,0,0,0,0,0,0.000735664730287335,0.0189837136500232,0.00203575838812068,0.00702414870713186,0.00531573185060959,0,0,0,0,0.0207039729927656,0,0.011075902771082,0.000312116051028375,0,0,0,0,0,0,0,0,0,2.40183110555312e-05,4.57390573538989e-05,0,0.00044916379284321,8.58619860726842e-05,0.00230653740046407,0.000374214638712905,0,0,1.37472795085319e-05,2.04036703786909e-05,0,0,0.000611309140096529,0,0.024571169098825,0,0,0,0.125691562113198,5.72398829272139e-05,0,0,0,0,0.0312924493916669,0,0,0,0,0.00348301556365189,0,0.0112226891859665,0,0,0,0,0,0,0,0,0,6.27726994274429e-05,5.9759422110757e-06,4.46246851668503e-05,7.1764190293137e-06,0.00484293813535842,0.000255530866632623,0.00370377480442451,0.000514747538853631,0
0,0,0,0,0,0,0.00573257693875156,0,0,0,0,0,0.0106391927835571,0,0,0,0,0,1.34297223061239e-05,0,0.030981069964775,0,0,0,0,0,0,0,0,0,0.00148907995045172,0,0,0,0,0,0.000900864888846998,0,0.00623020349842238,0,0,0,1.39498447115745e-05,0,0,0,0.0018865186235373,0,0,0,0,0,0,0,0,0,0.10159756192153,0,0.00567689859071192,0,0,0,0,0.00216673980679415,0,0,0,0,0,0,0,0,0,0.00301518695097644,0,0,0,0,0,8.41254576027804e-05,0,0.00248644028692863,0.00188956727181323,6.95734498822135e-07,0.000256506287118361,0,0
0,0,0,0,0,0.00153089651832776,0,0.00609404938370383,0,0,0,0,0,0.00431086421858684,0,0,0,0,0,0.0431414107439292,0,0,0,0,0,0,0,0.000177659255670293,0,0.00755931650668674,0,0,0,0,0,0.00539456463234914,0,0.00970759039992703,0,0,0,0,0,0,0,0.000145154103803576,0,0,0,0,0,0.000185291206120633,0,0.0119747806095295,0,0,0,0.153191971280583,0,0,0,0,0.00118601681556455,0,0,0,0,0,0,0,0,0,0.0181690446373082,0,0,0,0,0,0.00172279122959757,0,0.0129598492168108,0,0.00238127596677297,0.0012617036965774,0.000301013911190634,0,0
0,0,0,0,0,0,0,0,0,0,0.0106391927835571,0,0,0,0.0109868886382056,0,0,0,0,0,0,0,0,0,0,0,0,0,0,0,0,0,0,0,0,0,0,0,0,0,0,0,0,0,0,0,0,0,0,0,0.0003871262128975,0,0,0,0,0,0.00711518551257397,0,0.00796777904278389,0,0.0482596801427244,0,0,0,0,0,0,0,0,0,0,0,0,0,0,0,0,0,0,0,0,0,0.000270274291989071,0,0,0,0
0,0,0,0,0,0,0,0,0,0,0,0.00431086421858684,0,0,0,0.0250102644929485,0,0.00120283277522662,3.64850925623633e-06,0,0,0,0,0,0,0.00725841107441309,0,0.000623147108030152,0,0,0,0,0,0,0,0,0,0,0,0,0,0,0,0,0,0,0,0,0,0,0,0,0,0,0,0,0,0.0310349967597439,0,0.0556682687405103,0,0.0119417004072725,0,0,0,0,0,0,0.000776967092244588,0,0.000344478945670894,0,0,0,0,0,0,0,0,0,0,0,0.000677356814428916,0.00169589414503116,0,0,0
0.00171411870288826,0,0,0,0,0,0,0,0.0187069586608665,0.000735664730287335,0,0,0.0109868886382056,0,0,0.000676639982450274,0.00375172830784352,0.000301165293674455,0.000135621127997873,0,0,0,0.000113703492106833,0,0.00605788862711332,0.000248289017543722,0.022338925121942,0,0.00395840331975669,0,0,0,0,0,0,0,0,0,0,0,0,0,0,0,0,0,0,0,0,0,0.00176048430541888,0,0,0,0.00313355578933578,0.00047113432339152,0,0,0.000564868973654977,0,0.142530521947581,0,0,0,0,0,0,0.000440592941092402,0,0,0,0,0,0,0,0,0,0,0,0,0,0,0.00136654429814105,0,0,0,0
0,0,0,0,0,0,0,0,0.00651987012517878,0.0189837136500232,0,0,0,0.0250102644929485,0.000676639982450274,0,0.00324743665223567,0.0129584082479705,0.00422140439867334,0,0,5.10679740609856e-05,0,0.0273406420108757,0,0.0269144048038325,0.00069267599594669,0.000106408711179635,0,0,0,0,0,0,0,0,0,0,0,0.000321938071120274,0.000279223480439616,5.9983434642913e-05,0.000182259951939097,0,0,0,8.24416306652574e-05,0,0,0,0,0.00246047683044285,0,0,0,0.0142102228453393,0,0,0,0.0401187891202633,0,0.164267170102971,0,0,0,0,0.00771675404958187,0,0.00307657202628579,0,5.74215828546207e-05,0,0,0,0,0,0,0,1.54025449042777e-05,1.18255217030498e-05,6.61724065263373e-05,0,0.00180974746198337,3.18239513761573e-06,0.000320821067768717,0,0
4.67327795975183e-05,0,0,0,0,0,0,0,0.00562097986417353,0.00203575838812068,0,0,0,0,0.00375172830784352,0.00324743665223567,0,0.129340665252586,0.0344219538901372,2.36957683580134e-05,0,0.00013069102905519,0.00104611816826593,0.000183350998364065,0.00130442666247146,0.00359583411111981,0.009785691729234,0.000129238043718779,0,0,0,0,0,0,0,2.35973794279579e-05,3.14248512539285e-05,0,0,0.000520314106651493,0.000568291380474985,0.00100524946582085,0.000536830974748545,9.60321089787251e-05,0,0.000269700334592553,0.000940996102843256,0,2.54846488923694e-05,3.46427505071205e-05,0,0,0,0,5.72779065342562e-05,4.62578355945461e-05,2.95840974929389e-05,2.60382856052315e-05,0,0,3.78469807764859e-05,0.000843919640086477,3.41826878231047e-06,1.39349618080986e-05,0,0,0,1.31496807248624e-05,0.000934937953938525,0.000327568133584869,4.55503367781062e-05,0.000276254305689807,5.33311942510933e-05,3.5645522223792e-05,0,0,0,0,0.000489891991920709,0.000464704263500237,0.000266380600853662,5.37807568021685e-05,0.0270391176189402,0.00105883463973091,0.00273906143659191,0.000166782652674973,6.61705959603049e-05
0,1.72978127193924e-05,0,0,0,3.16473275216348e-05,0,0,0.00115734871272544,0.00702414870713186,0,0,0,0.00120283277522662,0.000301165293674455,0.0129584082479705,0.129340665252586,0,0.0479122703806493,3.56646856993913e-05,0,0.00290739899133475,0,0.00682399463088522,0.000101682835542841,0.020303460662735,0.000111038967812112,0.000324866181659209,0,0,0,0,0,0,0,1.76147575422546e-05,2.8508901118897e-05,4.10625120245633e-06,0,0.00119179530281244,0.000772483487443024,0.00205435583487766,0.00228988779557561,0.000113595655623648,0,0.000355809200580295,0.000380962335303636,6.5645112001944e-05,0.000177215735573589,4.00107046935431e-05,0,0,0,0,0,0.000284661318435662,8.42812279600079e-05,6.95243180853647e-06,0,0,0,0.00283733259480599,1.97291332861579e-05,1.35704933339892e-05,0.00104942457369134,0,0.00205010363856755,0,0.00382585635165604,0,0.000180421379159284,0,0.000162718123577531,4.60539535172237e-05,0,0,0,0,0.000870394267596692,0.000548079879913497,0.000255651547199277,6.98853583219836e-05,0.0342805590936792,0.00399434649325329,0.00380167443211386,0.00036609202792946,0.00043795340354577
9.94845605810364e-05,5.10218960233658e-05,5.54286580363344e-05,0,7.41873785056366e-06,4.20757343097418e-05,0,0,0.00313247550921764,0.00531573185060959,1.34297223061239e-05,0,0,3.64850925623633e-06,0.000135621127997873,0.00422140439867334,0.0344219538901372,0.0479122703806493,0,0,9.25494828092282e-06,0,0,0.00320922939338796,0.00773737927811477,0.000526114762861393,0.000121616329645763,0,0,0,0,0,0,0,0,0.000255230227811024,0.000246864724885914,3.20557405823383e-05,1.81948065822301e-05,0.00800294889251942,0.0101423773218633,0.0259229581490721,0.0325153199111887,0.00484426358449703,0.000681449333800104,0.003366802954025,0.00735405464105532,0.000152265793091536,0.000807106855019277,0.000311336292784638,0,0,0,0,0.000663930101029723,0.00311384529447532,0.00496801035865508,0.000104027343133614,0,0,0,0.000179478460677693,0.000234339605093703,0.00128710286429738,0,0,0.000970508524910117,0,0.000314868943429049,0,0,0,0.00179541584792609,0.00362844456420123,0,0,0,0,0.00553353069135234,0.00604546658281135,0.00453473238767507,0.00182042663474871,0.0247769141039464,6.57161179390127e-05,0.054260357198216,0.0045616815218,0.0131230018148574
0,0,0,0,0,0.0103847865663102,0,0,0,0,0,0.0431414107439292,0,0,0,0,2.36957683580134e-05,3.56646856993913e-05,0,0,0,0,0,0,0,0,0,0,0,0.00097035638688735,0,0,0,0,0,0.0033000108629617,0,0.00363426757485803,0,0.00246981617568226,0,0.000858803471479368,0,0,0,0.000889173852258243,0,0.000365520902383148,0,0.00647135106697556,0,0.000166797187045551,0,0,0,0,0,0.0247528928610308,0,0,0,0,0.0716268011794294,0,0,0,0,0,0,0,0,0,0.00903423403546361,0,0,0,0.00015843330618157,0,0.0188471802900644,0,0.00827859894646245,0,0.00102615015118848,0,0.00585168559022001,0,0
0,0,7.1216193318074e-05,0,0.00063750184949325,0,0.000709314553582032,0,0,0,0.030981069964775,0,0,0,0,0,0,0,9.25494828092282e-06,0,0,0,0,0,0,0,0,0,0,0,0,0,0,0,0,0,0.00961985270085741,0,0.00104063173262939,0,1.41764303052431e-05,0,2.95608934827696e-05,0,2.98170798074984e-05,0,0.00962941901515848,0,5.7156194170762e-05,0,0,0,0,0,0,0,0.00194121334851592,0,0,0,0,0,0,0.184588809282716,0,0,0,0,0,0,0,0,0,0,0,0,0,0,0,0.0159447128099696,0,0.000155805023334336,0.00533931676913596,5.33738795807831e-06,0.00339810869041555,0,0
0,0,0,0,0,0,0,0,0,0,0,0,0,0,0,5.10679740609856e-05,0.00013069102905519,0.00290739899133475,0,0,0,0,0.000896552042660353,0.00318099697679499,0,0.0010250595970315,0,0.00308993927448361,0,0,0,0,0,0,0,0,0,0.0147292281226614,0,0,0,0,0,0,0,0,0,5.53977445010186e-05,0,0.00166848171156308,0,0,0,0,0,0,0,0,0,0,0,0,0,0,0.046686346979762,0.000443322686605508,0.000532703925005987,0,2.54679744102759e-05,0,0.00186056321777952,0,0,0,0,0,0,0,0,0,0.00562178545297898,0,0.00247907316875143,0.000228436537171925,9.97137357495475e-05,0,0
0,0,0,0,0,0,0,0,0.000110102766395547,0,0,0,0,0,0.000113703492106833,0,0.00104611816826593,0,0,0,0,0.000896552042660353,0,0,0.00391999405007146,0,0.000243457841838333,0,5.38894952922917e-05,0,0,0,0,0,0,0,0,0.000124690761324715,0.0166536511927645,0,0,0,0,0,0,0,0,0.000186669765241092,0.00260441107128493,0,0,0,0,0,0,0,0,0,0,0,0,0,0,0,0,0.0563565445596211,0,0.000142460058554975,0,0.00524011510817657,0,0,0,0,0,0,0,0,0,0,0,0.00969329686938805,0.00244119706772811,0.000345983079930602,0.00071499361001738,0,0
0,0.000202295331664442,0,0,0,0,0,0,0.00116477588003648,0.0207039729927656,0,0,0,0,0,0.0273406420108757,0.000183350998364065,0.00682399463088522,0.00320922939338796,0,0,0.00318099697679499,0,0,0,0.0411240332758855,0.000447135190092506,0.000381077974356783,0,0,0,0,0,5.15449544181467e-05,0,0,0,0.00834768547705154,0,0,0,9.04372710744811e-05,0,0,0,0,0,0.000260199473801129,0,0.00299234251888663,0,0,0,0,0,0.00822863930653837,7.71090718789951e-05,0,0,0,0,0.0167119445251989,0,0,0.000904242006464495,0,0.0504227825190302,0,0.00830599178667199,0,0,0,0,0,0,0,0.00012856672641424,0,0,2.1718215039937e-06,0.00248184963530891,0,0.00126987577513619,0,0.00190446793456509,0,0
0,0,0,0,0,0,0,0,0.0246065805948427,0,0,0,0,0,0.00605788862711332,0,0.00130442666247146,0.000101682835542841,0.00773737927811477,0,0,0,0.00391999405007146,0,0,0,0.00810990808837035,0,0,0,0,0,0,0,0,0,0,0,0.00348843769254897,0,0,0,0.000159660480106959,0,0,0,0,0.000108113334713381,0.000994053941186831,0,0,0,0,0,0.0143267324090983,0,0,0,0,0,0,0,0,0,0,9.50556471052914e-05,0,0.0431636941248667,0,8.18352283676119e-05,0,0,0,0,0,0,0,0,0,0,0,0.000861288143775597,0.00230697544752514,0,0.00132870148866317,0,0
0,0,0,0,0,0,0,0,2.6806734084602e-05,0.011075902771082,0,0,0,0.00725841107441309,0.000248289017543722,0.0269144048038325,0.00359583411111981,0.020303460662735,0.000526114762861393,0,0,0.0010250595970315,0,0.0411240332758855,0,0,0.000524483003936042,0.00560906010589593,0,0,0,0,0,0,0,0,0,0,0,0,0,0,7.97974996638584e-06,0,0,0,1.22641326402303e-05,0,0,0,0,0,0,0,0,0.000351038269145044,0,0,0,0,0,0.0173392036897486,0,0,0.00413123548525774,0,0.00857642386037102,0,0.0125516734837507,0,0.000162027050519278,0,0,0,0,0,0,0,0,1.46251001916288e-06,0,0,0.00188202435557238,0,5.64914587639663e-05,0,0
0,0,0,0,0,0,0,0,0.00532634360690734,0.000312116051028375,0,0,0,0,0.022338925121942,0.00069267599594669,0.009785691729234,0.000111038967812112,0.000121616329645763,0,0,0,0.000243457841838333,0.000447135190092506,0.00810990808837035,0.000524483003936042,0,0,0.00240000275682646,0,0,0,0,0,0,0,0,0,0,0,0,0,0,0,0,0,0,0,0,0,0,0,0,0,0.000175958883981025,0,0,0,0,0,0.0262755624495661,0,0,0,0,2.87831427581871e-05,0,0.00274150484463097,0,0.0697293413482132,0,0.00288338224125442,0,0,0,0,0,0,0,0,0,0,0.00207979326124981,0,0,0,0
0,0,0,0,0,0,0,0,0.000107214030218888,0,0,0.000177659255670293,0,0.000623147108030152,0,0.000106408711179635,0.000129238043718779,0.000324866181659209,0,0,0,0.00308993927448361,0,0.000381077974356783,0,0.00560906010589593,0,0,0,0.0415159482101415,0,0,0,0,0,0,0,0.000113217333594269,0,0,0,0,0,0,0,0,0,0,0,0,0,0,0,0,0,0,0,0,0,0,0,0.00209627169091356,0,0,0.000644796639545277,0,0,0,0.00170831788569579,0,0.0438097095383874,0,0.00965510741814388,0,0,0,0,0,0,0,0,0,0.000386304930598367,1.33055245896685e-05,0,0,0
0,0,0,0,0,0,0,0,0,0,0,0,0,0,0.00395840331975669,0,0,0,0,0,0,0,5.38894952922917e-05,0,0,0,0.00240000275682646,0,0,0,0.0065379307262172,0,0,0,0,0,0,0,7.48052289139029e-05,0,0,0,0,0,0,0,0,0,0,0,0,0,0,0,0,0,0,0,0,0,0,0,0,0,0,0.00226188732958667,0,0,0,0,0,0.0177417026737168,0,0,0,0,0,0,0,0,0,0.00151617346026463,0.00124966611566223,0,0,0,0
0,0,0,0,0,0,0,0,0,0,0,0.00755931650668674,0,0,0,0,0,0,0,0.00097035638688735,0,0,0,0,0,0,0,0.0415159482101415,0,0,0,0,0,0,0,0,0,0.000762446389186171,0,0,0,0,0,0,0,1.84735645927417e-05,0,0,0,0,0,0,0,0,0,0,0,0.00529053373104941,0,0,0,0,0.00035989184688433,0,0,0,0,0,0,0,0.00634963436649998,0,0.0493442409331096,0,0,0,0,0,2.44769800251742e-06,0,0.00312759333998333,0,0,0,0,0,0
0,0,0,0,0,0,0,0,0,0,0.00148907995045172,0,0,0,0,0,0,0,0,0,0,0,0,0,0,0,0,0,0.0065379307262172,0,0,0,0,0,0,0,0,0,0.000919015644336126,0,0,0,0,0,0,0,0,0,0,0,0,0,0,0,0,0,0.01276025865228,0,0,0,0,0,0,0,0,0,0,0,0,0,0,0,0,0.0271405762543202,0,0,0,0,0,0,0,0.00271591053504091,0,0,0,0,0
0,0,0,0,0,0,0,0,0,0,0,0,0,0,0,0,0,0,0,0,0,0,0,0,0,0,0,0,0,0,0,0,0.492127261672412,0.00448286350044901,0.0255229216448221,0.00735860079416866,0.000948246881034607,0,0,7.9786152854879e-05,0,0,0,0,0,0,0,0.110445593965038,0,0.000359004042293713,0,0,0,0,0,0,0,0,0,0,0,0,0,0,0,0,0,0,0,0,0,0,0,0,0.514266544403488,0.52279317196263,0.0198660441557964,0.00622593200207068,0.0306778415001124,0.000502120248487759,0,0,0.00578847883352378,0,0,0,0
0,0,0,0,0,0,0,0,0,0,0,0,0,0,0,0,0,0,0,0,0,0,0,0,0,0,0,0,0,0,0,0.492127261672412,0,0.00115328268980684,0,0.0134565896417693,0.000476909021964611,0,0,0,2.16377813688066e-05,0,0,0,0,0,0,0.139450281002004,0.00208751132935787,0.0053618419052692,0,0,0,0,0,0,0,0,0,0,0,0,0,0,0,0,0,0,0,0,0,0,0,0,0.271428519753389,0.94170716765119,0.00340604223855641,0.0015714773076839,0.00628731001316287,0.00115760107307509,0,0,0.00204514488676032,0,0.000339566471458851,0,0
0,0,0,0,0,0,0,0,0,0,0,0,0,0,0,0,0,0,0,0,0,0,0,5.15449544181467e-05,0,0,0,0,0,0,0,0.00448286350044901,0.00115328268980684,0,0.139126225949658,0.00335779903987845,0,0.00487361860686573,3.13649412649466e-05,0,0,0.00032487064589897,0,0,0,0,0,0.0751231829412611,0,0.000248933259052678,0,0,0,0,0,3.73138429972937e-05,0,0,0,0,0,0,0,0,0,0,0,0,0,0,0,0,0,0,0.0515236975389065,0.017415115909748,0.515361305149775,0.257930256737926,0.00299373670776644,0,0.0137331643126418,0,0.00371744170207091,0,3.70917102684857e-05,0,0
0,0,0,0,0,0,0,0,0.000284028287777659,0,0,0,0,0,0,0,0,0,0,0,0,0,0,0,0,0,0,0,0,0,0,0.0255229216448221,0,0.139126225949658,0,0,0.00748969159275131,0,0.00656269321396275,0,0,0,0.000600858132800367,0,0,0,0,0.199298602862192,6.76521340543916e-05,0.000174742043709443,0,0,0,0,0.000315255565160101,0,0,0,0,0,0,0,0,0,0,0,0,0.000230884062466899,0,0,0,0,0,0,0.00205533277692517,0.0128495173157315,0.0888698257569998,0.222469088968308,1.02435975066536e-05,0.0137576075160429,0.000740458603827137,0.0129624782103599,0.00381192618360057,0.000104643866709773,0.00185786688816895,0,0
0,0,0,0.000277551598682498,0,0.00224575970468496,0,0,0,0,0,0.00539456463234914,0,0,0,0,2.35973794279579e-05,1.76147575422546e-05,0.000255230227811024,0.0033000108629617,0,0,0,0,0,0,0,0,0,0,0,0.00735860079416866,0.0134565896417693,0.00335779903987845,0,0,0.0149273017813928,0.0321028039331919,3.23098660707996e-05,0.000101213298835306,0,0.000796604144264938,3.10963806950651e-06,1.77327162753789e-05,0,0.00182405841177492,1.11759641640118e-06,0.000200803269264757,0,5.39573619377328e-05,0,0,0,0,0,0,0,0.000108129701557916,0,0,0,0,0.00671677473634162,0,0,0,0,0,0,0,0,0,0.000159939350502825,0,0.00393856294792127,1.98176631438918e-05,0.000100801126092307,0,0.138144956355194,0.000972816048438841,0.0167644928785268,0,0.0214393939503091,0.0118397032746477,0.000809569907240153,0.000242813084713103,2.72241116434182e-05
0,0,0.000515770813607049,0,1.27188591614027e-05,0,0,0,0,2.40183110555312e-05,0.000900864888846998,0,0,0,0,0,3.14248512539285e-05,2.8508901118897e-05,0.000246864724885914,0,0.00961985270085741,0,0,0,0,0,0,0,0,0,0,0.000948246881034607,0.000476909021964611,0,0.00748969159275131,0.0149273017813928,0,0,0.0326173925504906,0,8.07743270511656e-05,0,0.00104312413087788,0,0,0,0.0026980107418919,0.0014101063918134,0.000270143366279685,0.000267005817515957,0,0,0,0,0,0,0.00114393210597255,0,0,0,0,0,0,0.00337845495938807,0,0,0,0,0,0,0,0,0,5.97202483087942e-06,6.93378558484928e-05,0.000778058707943952,0,0.00548647471650985,0.00295170232293548,0.139228628839371,0,0.00633580388685552,0.025606023554074,0.0133346895136042,0.00086577555386061,0,1.39665391220925e-05
0,0,0,0,0,0,0,0,0,4.57390573538989e-05,0,0.00970759039992703,0,0,0,0,0,4.10625120245633e-06,3.20557405823383e-05,0.00363426757485803,0,0.0147292281226614,0.000124690761324715,0.00834768547705154,0,0,0,0.000113217333594269,0,0.000762446389186171,0,0,0,0.00487361860686573,0,0.0321028039331919,0,0,0.00457671227859148,4.15169675952789e-05,0,0.00279229496197074,0,0,0,0.000109352562235792,0,0.00551524078339588,0,0.0057785017434823,0,0,0,0,0,0.00125175955195887,0,0.00265883009389141,0,0,0,0,0.00180037450446257,0,0.0128196922539804,0,0.00471637552119815,0,0,0,0,0,0.000296779777781268,0,0,0,0.00571478381816876,0,0.0113599093157026,0,0.103020808852409,7.82193383201957e-05,0.0111726959644117,0.00412729829979534,0.00353812922412489,0.000133597166287897,0
0,0,0,0,0,0,0,0,0.00105816020834547,0,0.00623020349842238,0,0,0,0,0,0,0,1.81948065822301e-05,0,0.00104063173262939,0,0.0166536511927645,0,0.00348843769254897,0,0,0,7.48052289139029e-05,0,0.000919015644336126,0,0,3.13649412649466e-05,0.00656269321396275,3.23098660707996e-05,0.0326173925504906,0.00457671227859148,0,0,4.61015734274295e-06,0,0.0018391346295774,0,0,0,0.000100087568035674,0.00343553715630227,0.0033460636623159,0,0,0,0,0,0.00118996932395624,0,0.000961999479820241,0,0,0,0,0,0,0.0016097299946705,0,0.0127692160029016,0,0.00151472372633788,0,0,0,0,0,1.90166929604427e-05,0,0,9.30807689374471e-06,0.00588425635615262,0,0.0100043195109042,0.00100639174297204,0.091586249151333,0.00396042721556759,0.00142247498520739,0.00827129283505007,0,2.87265985355142e-06
0,0,0,0.000424114428261887,0,0.00525508213063829,0,0,2.69220390147606e-05,0.00044916379284321,0,0,0,0,0,0.000321938071120274,0.000520314106651493,0.00119179530281244,0.00800294889251942,0.00246981617568226,0,0,0,0,0,0,0,0,0,0,0,7.9786152854879e-05,0,0,0,0.000101213298835306,0,4.15169675952789e-05,0,0,8.56699602756533e-05,0.0628994547499077,0.000560514592670849,0.00112302784680347,0,0.014733756273006,0.000128303320997168,0.01266811241105,0,0.0796356310493501,0,0,0,0,0,3.01317205266508e-05,0,0.000521272649340985,0,0,0,0,0.00811259833573525,0,0,0,0,0,0,0,0,0,0.00260193359243216,6.24945314113279e-05,8.66277688638291e-05,0,0.00112689434708534,0,0.0231216059297629,4.87142928939182e-05,0.00580958707790654,0,0.00168191460884755,0,0.049557781192356,0.0158451092845417,0
1.76680125424621e-05,0,0.000209863433687368,0,0,0,0,0,0,8.58619860726842e-05,0,0,0,0,0,0.000279223480439616,0.000568291380474985,0.000772483487443024,0.0101423773218633,0,1.41764303052431e-05,0,0,0,0,0,0,0,0,0,0,0,2.16377813688066e-05,0,0,0,8.07743270511656e-05,0,4.61015734274295e-06,8.56699602756533e-05,0,0.000252769326014861,0.0972483151258103,0,0.000166535224291244,0,0.0198070494702733,0.00245693184511178,0.0541168139278599,0.00226189446815865,0,0,0,0,0,0,0.00186441307559042,0,0,0,0,0,4.02025777943484e-05,0.00280844272296258,0,0,0,0,0,0,0,0,0,0.00145766785215448,0,0,0,0.000416545376340062,1.86800248236669e-06,0.011611300355961,0,0.00132170764389112,0.00127417648006092,1.75987728041731e-05,0.0585556197045347,0.000102810686045138,0.0397049762719271
1.44894458894884e-05,0.000401718558029871,0,0.00230346565869077,0,0.00121513209850539,0,0,6.33791580803822e-05,0.00230653740046407,0,0,0,0,0,5.9983434642913e-05,0.00100524946582085,0.00205435583487766,0.0259229581490721,0.000858803471479368,0,0,0,9.04372710744811e-05,0,0,0,0,0,0,0,0,0,0.00032487064589897,0,0.000796604144264938,0,0.00279229496197074,0,0.0628994547499077,0.000252769326014861,0,0.00525190762077921,0.000824024945974827,0,0.00500732015606901,0.000128614544391115,0.00417468167660966,0.000215860588154441,0.0197730742361026,0,0,0,0,0,0.00026765993712068,6.59164128577715e-05,0.0246833661624035,0,0,0,0,0.0160446623359785,0,0,0,0.000134261867131892,0,4.07235555079966e-05,0,0,0,0.0384228716293076,1.53945526409047e-05,0,0,0.0039777173302304,1.5352753742027e-05,0.0192230193138443,6.02684728488997e-05,0.0169878882299777,0,0.00675897905064456,1.41924850275293e-05,0.125667806891182,0.0708944107734155,9.39922224223366e-05
6.68431955249717e-05,0,0.00312446791233727,0,0.000129194596254286,0,0,0,0.000159324092408288,0.000374214638712905,1.39498447115745e-05,0,0,0,0,0.000182259951939097,0.000536830974748545,0.00228988779557561,0.0325153199111887,0,2.95608934827696e-05,0,0,0,0.000159660480106959,7.97974996638584e-06,0,0,0,0,0,0,0,0,0.000600858132800367,3.10963806950651e-06,0.00104312413087788,0,0.0018391346295774,0.000560514592670849,0.0972483151258103,0.00525190762077921,0,0,0.000103179022850813,7.26555694356364e-05,0.00221744149667445,0.0256593369824447,0.0679225213489601,0.000883930738829389,0,0,0,0,7.96705683858388e-05,1.37890689168828e-05,0.0124080480059368,0,1.17617885832783e-05,0,0,0,0,0.00981860092302532,0,0,0,0.000157863524904383,0,0,0,0,6.04069232558804e-06,0.0157832552090331,0,0,6.68233017643337e-05,0.00214014159932843,0.000169866129579287,0.0264713504977626,0.000109873734352073,0.0073741535420429,0.00832458950457759,0.000107917602946224,0.176412691653305,0.000114668447607565,0.0873432798892156
0,0,0,0,0,0,0,0,0,0,0,0,0,0,0,0,9.60321089787251e-05,0.000113595655623648,0.00484426358449703,0,0,0,0,0,0,0,0,0,0,0,0,0,0,0,0,1.77327162753789e-05,0,0,0,0.00112302784680347,0,0.000824024945974827,0,0,0,0.000104191165222578,0,0,0,0,0,0,0,0,0,0,0,0,0,0,0,0,7.25201669618102e-05,0,0,0,0,0,0,0,0,0,0.00293420747298995,0,0,0,0,0,0.00021268827041552,0,0.00212861002969147,0,2.55147212347079e-05,0,0.00161180850746364,0,0
0,0,0,0,0,0,0,0,0,0,0,0,0,0,0,0,0,0,0.000681449333800104,0,2.98170798074984e-05,0,0,0,0,0,0,0,0,0,0,0,0,0,0,0,0,0,0,0,0.000166535224291244,0,0.000103179022850813,0,0,0,6.27147722520051e-05,0,0,0,0,0,0,0,0,0,0.000516184896193379,0,0,0,0,0,0,2.45412753118899e-05,0,0,0,0,0,0,0,0,0,0.00109452599173713,0,0,0,0,0,2.79492948811968e-05,0,9.01124133870138e-05,0,0,0.00070021452952535,0,0
0,0,0,0.00200042240820762,0,0.000148419353769085,0,0,0,1.37472795085319e-05,0,0.000145154103803576,0,0,0,0,0.000269700334592553,0.000355809200580295,0.003366802954025,0.000889173852258243,0,0,0,0,0,0,0,0,0,1.84735645927417e-05,0,0,0,0,0,0.00182405841177492,0,0.000109352562235792,0,0.014733756273006,0,0.00500732015606901,7.26555694356364e-05,0.000104191165222578,0,0,0.000154526028728652,0.000140858666959925,0,0.00101370717118715,0,0,0,0,0,0,0,0.00570737145036725,0,0,0,0,0.0236600543247992,0,0,0,0,0,0,0,0,0,0.0236062179013204,0,0,0,0,0,0.00425377831660591,2.04186558202622e-05,0.00439987103948899,0,0.000469226762973346,1.13095712771876e-05,0.00979968524419096,0.00039326957737377,5.23704410185927e-05
0.000131592794605949,0,0.000231923764774118,0,4.62268866254078e-05,0,0,0,0,2.04036703786909e-05,0.0018865186235373,0,0,0,0,8.24416306652574e-05,0.000940996102843256,0.000380962335303636,0.00735405464105532,0,0.00962941901515848,0,0,0,0,1.22641326402303e-05,0,0,0,0,0,0,0,0,0,1.11759641640118e-06,0.0026980107418919,0,0.000100087568035674,0.000128303320997168,0.0198070494702733,0.000128614544391115,0.00221744149667445,0,6.27147722520051e-05,0.000154526028728652,0,3.64356168994405e-05,0.000916629697327088,0.000177040772324683,0,0,0,0,0,0,0.0167796418945521,0,0,0,0,0,0,0.0683891589007272,0,0,0,0,2.80164072191452e-05,0,0,0,0,0.00430357775187517,0,0,0,2.59923968748584e-05,4.12010539672696e-05,0.0176518678478217,2.32832644489062e-05,0.00687736281145677,0.000465705497030452,2.9175225925618e-05,0.0238372015755486,9.03028161004674e-05,1.06604716212685e-05
0,0,0.000313671888140058,0,0.000434441165087393,0.00112687744629078,0,0,0.000160381677896197,0,0,0,0,0,0,0,0,6.5645112001944e-05,0.000152265793091536,0.000365520902383148,0,5.53977445010186e-05,0.000186669765241092,0.000260199473801129,0.000108113334713381,0,0,0,0,0,0,0.110445593965038,0.139450281002004,0.0751231829412611,0.199298602862192,0.000200803269264757,0.0014101063918134,0.00551524078339588,0.00343553715630227,0.01266811241105,0.00245693184511178,0.00417468167660966,0.0256593369824447,0,0,0.000140858666959925,3.64356168994405e-05,0,0.0348010660594944,0.129255909869496,0,0,0,0,0.000920353687908826,0,0.000197534660079108,0.000215216976032567,0,0,0,0,0.000313473011576074,0,0,0,0.000603975812524376,0.000811745449370981,0,0,0,0,6.3058102516479e-05,2.94706120349821e-05,0.0518245979853964,0.128979090893051,0.328761093146393,0.363424838785723,0.0247947553680861,0.014511033322986,0.024834761816241,0.0140596059853309,0.00504634417425743,0,0.0672028242156311,0,0.000425740975261294
0.0341878578091973,0,0.00457979753696163,0,0.00140263076266738,0,0,0,0.000390455761235207,0,0,0,0,0,0,0,2.54846488923694e-05,0.000177215735573589,0.000807106855019277,0,5.7156194170762e-05,0,0.00260441107128493,0,0.000994053941186831,0,0,0,0,0,0,0,0.00208751132935787,0,6.76521340543916e-05,0,0.000270143366279685,0,0.0033460636623159,0,0.0541168139278599,0.000215860588154441,0.0679225213489601,0,0,0,0.000916629697327088,0.0348010660594944,0,0.00764871514963179,0,0,0,0,0,0,0.000580576080047894,0,0,0,0,0,0,0.00102856013684945,0,0.00464935161712275,0,0.000862138586465829,0,0,0,0,0,0.0143826996535272,0,0.0001571184341359,6.46712879016969e-05,0.00701088556536045,1.28996704879423e-06,0.00946653919323167,3.47258950221688e-05,0.0127397152169609,0.00149847522665094,1.92595280574983e-06,0.0727639947527499,0,0.00162245144380484
0,0.0500491988240113,0.00113044979044585,0.00886378223318187,0.00182483811685868,0.00787771263024383,0,0,0,0.000611309140096529,0,0,0,0,0,0,3.46427505071205e-05,4.00107046935431e-05,0.000311336292784638,0.00647135106697556,0,0.00166848171156308,0,0.00299234251888663,0,0,0,0,0,0,0,0.000359004042293713,0.0053618419052692,0.000248933259052678,0.000174742043709443,5.39573619377328e-05,0.000267005817515957,0.0057785017434823,0,0.0796356310493501,0.00226189446815865,0.0197730742361026,0.000883930738829389,0,0,0.00101370717118715,0.000177040772324683,0.129255909869496,0.00764871514963179,0,0,0,0,0,0,0.00135429435308063,4.07861058468913e-05,0.0010092172435595,0,0,0,0,0.00409391207693494,7.25406704991864e-05,0.00565482777079636,0,0.0154535351816363,0,0,0,0.00369871159035516,0,0.0145821098847277,7.98911525489598e-05,0.000623295413130995,0.000567017291050009,0.0118149824713263,0.00635942628087486,0.00405656666324384,0.00138295071778636,0.0119246589177189,0,0.00292992694313641,2.35040874819521e-06,0.0604022424222839,0.00047402447864246,0
0,0,0.00923410558229838,0,0.00783983295336718,0,0,0,0,0,0,0,0.0003871262128975,0,0.00176048430541888,0,0,0,0,0,0,0,0,0,0,0,0,0,0,0,0,0,0,0,0,0,0,0,0,0,0,0,0,0,0,0,0,0,0,0,0,0,0.036729737776485,0,0,0,0.00142458824954339,0,0.000569631724882783,0,0.0184245338888724,0,0,0,0,0,0,0,0,0,0,0,0,0,0,0,0,0,0,0,0,0,0.000186137733087547,0,0.00102870863289434,0,0
0,0,0,0.000778537263799372,0,0.111366400171179,0,0,0,0.024571169098825,0,0.000185291206120633,0,0,0,0.00246047683044285,0,0,0,0.000166797187045551,0,0,0,0,0,0,0,0,0,0,0,0,0,0,0,0,0,0,0,0,0,0,0,0,0,0,0,0,0,0,0,0,0,0.0137300602408067,0,0.0124757003605919,0,0.00163293805828009,0,0,0,0.00643205207969437,0.000859661268789801,0,0,0,0,0,0,0,0,0,0,0,0,0,0,0,0,0,0,0,0.000691777193021357,0,0.000576091371510132,0,0
0,0,0,0,0,0,0.000960138309083459,0,0,0,0,0,0,0,0,0,0,0,0,0,0,0,0,0,0,0,0,0,0,0,0,0,0,0,0,0,0,0,0,0,0,0,0,0,0,0,0,0,0,0,0.036729737776485,0,0,0,0,0,0,0,0,0,0,0,0,0,0,0,0,0,0,0,0,0,0,0,0,0,0,0,0,0,0,0,0,0,0,0,0
0,0,0,0,0,0.0145022739068137,0,0.077312124029743,0,0,0,0.0119747806095295,0,0,0,0,0,0,0,0,0,0,0,0,0,0,0,0,0,0,0,0,0,0,0,0,0,0,0,0,0,0,0,0,0,0,0,0,0,0,0,0.0137300602408067,0,0,0,0,0,0.00850251965162521,0,0,0,0,0,0,0,0,0,0,0,0,0,0,0,0,0,0,0,0,0,0,0,0,0,0,0,0,0
0.0434483569422566,0,0,0,0.000238107413242893,0,0,0,0.0842664603621255,0,0,0,0,0,0.00313355578933578,0,5.72779065342562e-05,0,0.000663930101029723,0,0,0,0,0,0.0143267324090983,0,0.000175958883981025,0,0,0,0,0,0,0,0.000315255565160101,0,0,0,0.00118996932395624,0,0,0,7.96705683858388e-05,0,0,0,0,0.000920353687908826,0,0,0,0,0,0,0,0,0,0,0,0,0.00792182206593566,0,0,0,0,0,0,0.00806951355529168,0,0.00078059910401426,0,0,0,0,0,0,0,0.00242502734949188,0,0,0,0.00168218140394502,0.00172454503317051,0,0.00670331662782768,0,0
0,0.0166769943343843,0,0.00174471449609491,0,0.00972238303231573,0,0,0.000355633053609819,0.125691562113198,0,0,0,0,0.00047113432339152,0.0142102228453393,4.62578355945461e-05,0.000284661318435662,0.00311384529447532,0,0,0,0,0.00822863930653837,0,0.000351038269145044,0,0,0,0,0,0,0,3.73138429972937e-05,0,0,0,0.00125175955195887,0,3.01317205266508e-05,0,0.00026765993712068,1.37890689168828e-05,0,0,0,0,0,0,0.00135429435308063,0,0.0124757003605919,0,0,0,0,0,0,0,0,0,0.00625177759230512,0,0,0,0,0.0247108421782259,0,0.00597085274032255,0,0,0,0,0,0,0,0.000205423883741144,0,0,0,0.000821170052270297,0,0.000348617064562057,2.10426944345816e-05,0.00101761831814765,0,0
0,0,0.00447423322762891,0,0.0011241965921905,0,0,0,0,5.72398829272139e-05,0.10159756192153,0,0.00711518551257397,0,0,0,2.95840974929389e-05,8.42812279600079e-05,0.00496801035865508,0,0.00194121334851592,0,0,7.71090718789951e-05,0,0,0,0,0,0,0.01276025865228,0,0,0,0,0,0.00114393210597255,0,0.000961999479820241,0,0.00186441307559042,6.59164128577715e-05,0.0124080480059368,0,0.000516184896193379,0,0.0167796418945521,0.000197534660079108,0.000580576080047894,4.07861058468913e-05,0.00142458824954339,0,0,0,0,0,0,0,0.00379236084844677,0,0,0,0,0.00399325216426169,0,0,0,0,0,0,0,0,0,0.00778851066998126,0,0,0,0,1.03935784416285e-06,0.000622658815547743,0,0.000250424201771622,0.000408187253114152,6.86969117056116e-06,0.0114998982449589,0,0.00754524476501578
0,4.11909222562811e-05,0,0.0174522480354562,0,0.00587959399792637,0,0.00313126329557171,0,0,0,0.153191971280583,0,0.0310349967597439,0,0,2.60382856052315e-05,6.95243180853647e-06,0.000104027343133614,0.0247528928610308,0,0,0,0,0,0,0,0,0,0.00529053373104941,0,0,0,0,0,0.000108129701557916,0,0.00265883009389141,0,0.000521272649340985,0,0.0246833661624035,0,0,0,0.00570737145036725,0,0.000215216976032567,0,0.0010092172435595,0,0.00163293805828009,0,0.00850251965162521,0,0,0,0,0,0.000378878768586126,0,0,0.0348507626581125,0,0,0,0,0,0,0,0,0,0.0575857717595111,0,0,0,0,0,0.000813313702619458,0,0.000673530868508845,0,0.000643473413555074,0,0.0219968282777964,0.00100685646064007,0
0,0,0.000271641896852186,0,0,0,0,0,0,0,0.00567689859071192,0,0.00796777904278389,0,0.000564868973654977,0,0,0,0,0,0,0,0,0,0,0,0,0,0,0,0,0,0,0,0,0,0,0,0,0,0,0,1.17617885832783e-05,0,0,0,0,0,0,0,0.000569631724882783,0,0,0,0,0,0.00379236084844677,0,0,0,0.00217392760289221,0,0,0,0,0,0,0,0,0,0,0,0,0,0,0,0,0,0,0,0,0,0,0,2.75352499448934e-05,0,0
0,0.00350986641306334,0,0,0,0,0,0,0,0,0,0,0,0.0556682687405103,0,0.0401187891202633,0,0,0,0,0,0,0,0,0,0,0,0,0,0,0,0,0,0,0,0,0,0,0,0,0,0,0,0,0,0,0,0,0,0,0,0,0,0,0,0,0,0.000378878768586126,0,0,0,0.0148201586661555,0,0,0,0,0,0,0,0,0,0,0,0,0,0,0,0,0,0,0,0,0.000668293919317547,0.000570189631946711,0,0,0
0.000419617184659077,0,0,0,0,0,0,0,0.0156010401305226,0,0,0,0.0482596801427244,0,0.142530521947581,0,3.78469807764859e-05,0,0,0,0,0,0,0,0,0,0.0262755624495661,0,0,0,0,0,0,0,0,0,0,0,0,0,0,0,0,0,0,0,0,0,0,0,0.0184245338888724,0,0,0,0.00792182206593566,0,0,0,0.00217392760289221,0,0,0,0,0,0,0,0,0,0,0.0115995084014608,0,0,0,0,0,0,0,0,0,0,0,0,0.000141997145937096,0,0,0,0
0,0.00154205680740649,0,0,0,0.00428234279473138,0,0,0.000214711034567609,0.0312924493916669,0,0,0,0.0119417004072725,0,0.164267170102971,0.000843919640086477,0.00283733259480599,0.000179478460677693,0,0,0,0,0.0167119445251989,0,0.0173392036897486,0,0.00209627169091356,0,0,0,0,0,0,0,0,0,0,0,0,0,0,0,0,0,0,0,0,0,0,0,0.00643205207969437,0,0,0,0.00625177759230512,0,0,0,0.0148201586661555,0,0,0,0,0,0,0.00424321369770829,0,0.0172936241066544,0,0.00759764317861122,0,0,0,0,0,0,0,0,0,0,0,0.00111945344647855,0,0,0,0
0,0,0,0,0,0.00804848310068151,0,0.00259796895892813,0,0,0,0.00118601681556455,0,0,0,0,3.41826878231047e-06,1.97291332861579e-05,0.000234339605093703,0.0716268011794294,0,0,0,0,0,0,0,0,0,0.00035989184688433,0,0,0,0,0,0.00671677473634162,0,0.00180037450446257,0,0.00811259833573525,4.02025777943484e-05,0.0160446623359785,0,7.25201669618102e-05,0,0.0236600543247992,0,0.000313473011576074,0,0.00409391207693494,0,0.000859661268789801,0,0,0,0,0,0.0348507626581125,0,0,0,0,0,0,0,0,0,0,0,0,0,0,0.0652786456237774,0,0,0,0.000118894956976779,0,0.0275098784853387,0,0.0287054369243199,0,0.00216329232871605,5.0707172678828e-05,0.00975074748845119,0.000379024811030059,0
0,0,0.00121326120773108,0,0.000617568269716249,0,0,0,0,0,0.00216673980679415,0,0,0,0,0,1.39349618080986e-05,1.35704933339892e-05,0.00128710286429738,0,0.184588809282716,0,0,0,0,0,0,0,0,0,0,0,0,0,0,0,0.00337845495938807,0,0.0016097299946705,0,0.00280844272296258,0,0.00981860092302532,0,2.45412753118899e-05,0,0.0683891589007272,0,0.00102856013684945,7.25406704991864e-05,0,0,0,0,0,0,0.00399325216426169,0,0,0,0,0,0,0,0,0,0,0,0,0,0,0,0,0.0003435528843385,0,0,0,2.00755345828673e-05,0,0.0327330291565562,0,0.00177608664507002,0.00162726217992771,2.36580816212998e-05,0.0263381026639588,0,0.000582459019000819
0,0,0,0,0,0,0,0,0,0,0,0,0,0,0,0,0,0.00104942457369134,0,0,0,0.046686346979762,0,0.000904242006464495,0,0.00413123548525774,0,0.000644796639545277,0,0,0,0,0,0,0,0,0,0.0128196922539804,0,0,0,0,0,0,0,0,0,0,0,0.00565482777079636,0,0,0,0,0,0,0,0,0,0,0,0,0,0,0,0,0.00170717292602785,0,0.00540461568685577,0,0.00385165072694142,0,0,0,0,0,0,0,0,0,0.00229912061090026,0,0.0021531518715661,1.42937999591096e-05,0,0,0
0,0,0,0,0,0,0,0,0,0,0,0,0,0,0,0,0,0,0,0,0,0.000443322686605508,0.0563565445596211,0,9.50556471052914e-05,0,2.87831427581871e-05,0,0.00226188732958667,0,0,0,0,0,0,0,0,0,0.0127692160029016,0,0,0,0,0,0,0,0,0,0.00464935161712275,0,0,0,0,0,0,0,0,0,0,0,0,0,0,0,0,0,0,0.00051930335233723,0,0.0172666125794721,0,0,0,0,0,0,0,0.0001564840280282,0,0,0,0.00162192985103769,0.00157596241404604,0.000169564816397982,0,0,0
0,0.00235362362195999,0,0,0,0,0,0,0,0.00348301556365189,0,0,0,0,0,0.00771675404958187,0,0.00205010363856755,0.000970508524910117,0,0,0.000532703925005987,0,0.0504227825190302,0,0.00857642386037102,0,0,0,0,0,0,0,0,0,0,0,0.00471637552119815,0,0,0,0.000134261867131892,0,0,0,0,0,0.000603975812524376,0,0.0154535351816363,0,0,0,0,0,0.0247108421782259,0,0,0,0,0,0.00424321369770829,0,0,0.00170717292602785,0,0,0,0.0263007542255947,0,0,0,0,0,0,0,0.000390641464060089,0,0,0,0.00848299278337209,0,0.000261062299909036,0,0.00272860599502965,0,0
0,0,0,0,0,0,0,0,0.00204280338863198,0,0,0,0,0,0.000440592941092402,0,1.31496807248624e-05,0,0,0,0,0,0.000142460058554975,0,0.0431636941248667,0,0.00274150484463097,0,0,0,0,0,0,0,0.000230884062466899,0,0,0,0.00151472372633788,0,0,0,0.000157863524904383,0,0,0,0,0.000811745449370981,0.000862138586465829,0,0,0,0,0,0.00806951355529168,0,0,0,0,0,0,0,0,0,0,0.00051930335233723,0,0,0,0,0,0,0,0,0,0,0,0.000276267645510579,0,0,0,0.00260191051442967,0.000359089982207264,0,0.00104144309393983,0,0
