0,0,5.56941332686947,0,18.303980257453,0,0,0,7.76639725758479,0,0,0,0,0,0,0,37.2602314949036,51.2814788818359,6.23911482243498,0,0,0,0,0,5.97596141270229,0,0,0,0,0,0,0,0,45.704662322998,34.3438968658447,0,0,0,22.2394275665283,0,0,0,5.05550467967987,0,0,0,0,30.0864798448704,10.5553482073658,0,15.0215689265539,0,0,0,6.9118966061136,0,0,0,0,0,3.9039755828345,70.4408111572266,0,0,0,0,0,7.25416964369935,0,5.25842744653875,0,0,0,0,0,0,44.5181770324707,0,0,0,41.9309616088867,21.8283078120305,8.10855527549255,0,9.59971685011721,0,5.75739920139313
0,0,0,5.60933312824688,0,13.2563727174775,0,0,0,4.55181316809451,0,0,0,0,0,0,0,0,0,0,0,0,0,6.87362225055695,0,0,0,0,0,0,0,0,0,0,0,0,0,22.5258300349397,0,0,0,11.3886375563485,0,0,0,0,0,24.3938026428223,0,6.47671011924744,0,11.3885089177934,0,0,0,6.50057930429877,0,0,0,0,0,10.702516805558,0,0,0,0,8.08464984507576,0,12.7369075325173,0,0,0,0,0,0,0,0,0,0,0,14.7191286087036,0,7.66177184266729,19.1275793711344,8.64124869122917,11.3157241940498,0
5.56941332686947,0,0,0,9.32789910427281,0,0,0,13.4652039221689,0,0,0,0,0,0,0,0,0,9.14228447278341,0,0,0,0,0,0,0,0,0,0,0,0,0,55.8497556050619,0,57.9908332824707,0,28.5772856836734,0,66.1572380065918,0,36.2192016839981,0,38.7257883548737,0,25.4920558929443,0,16.7221053187289,49.6741343767215,37.6136358591226,43.3907680511475,6.41204769366255,0,0,0,15.1151147283746,0,27.3870878219604,0,0,0,4.80561977624893,0,0,0,0,0,0,27.8023052215576,0,0,0,0,0,42.4212510245187,0,0,0,58.9853477478027,0,60.5598812103271,0,44.6646258036296,10.605977692927,0,9.10893614418653,0,0
0,5.60933312824688,0,0,0,6.55165772315083,0,0,0,6.3741566047949,0,0,0,0,0,0,0,0,5.70754814147949,0,0,0,0,0,0,0,0,0,0,0,0,0,0,0,0,4.65233609550878,0,0,0,0,0,44.5657005310059,0,0,0,16.4094472885132,0,49.5848439534505,0,5.81582253890512,0,5.40490850806236,0,0,0,3.03656983375549,0,3.68532571792603,0,4.21512811524527,0,3.1330520595823,32.234260559082,0,53.7447814941406,0,0,0,0,0,0,0,40.1647043228149,0,0,0,0,0,29.470287322998,0,51.5419204711914,0,7.09443198943083,9.35304760932922,8.06923815296028,0,0
18.303980257453,0,9.32789910427281,0,0,0,3.65178351269828,0,9.42697965272582,0,0,0,0,0,0,0,0,0,0,0,0,0,0,0,0,0,0,0,0,0,0,0,0,0,0,0,31.1485595703125,0,0,0,27.0484381455642,0,37.0568733215332,0,0,0,20.3945989343855,50.6661701202393,29.9097175979614,0,5.8268849812448,0,4.39691152572632,0,19.0654658590044,0,11.6866790983412,0,0,0,0,0,0,9.4384059695016,0,0,0,33.0194664001465,0,0,0,0,0,0,0,0,0,0,0,0,0,0,4.18663792928745,0,4.34654903039336,0,0
0,13.2563727174775,0,6.55165772315083,0,0,0,3.05238419771194,0,4.4441090375185,0,0,0,0,0,0,0,0,0,0,0,0,0,0,0,0,0,0,0,0,0,0,0,0,0,29.7104988098145,0,0,0,0,0,0,0,0,0,10.9371547698975,0,0,0,0,0,4.81046469058465,0,3.08607880274455,0,4.00194835662842,0,0,0,5.40426487307395,0,3.72146876653035,6.07444477081299,0,0,0,0,0,0,0,0,0,0,0,0,0,0,0,0,0,0,0,4.45264660463797,4.39418178278467,20.0469913482666,0,0
0,0,0,0,3.65178351269828,0,0,0,0,0,0,0,2.95059990882874,0,0,0,0,0,0,0,0,0,0,0,0,0,0,0,0,0,0,0,0,0,0,0,0,0,0,0,0,0,0,0,0,0,0,0,0,0,0,0,3.19557390960993,0,0,0,0,0,2.73992371559143,0,0,0,0,0,0,0,0,0,0,0,0,0,0,0,0,0,0,0,0,0,0,0,4.0943780108196,0,0,0,0
0,0,0,0,0,3.05238419771194,0,0,0,0,0,3.10985016241306,0,0,0,0,0,0,0,0,0,0,0,0,0,0,0,0,0,0,0,0,0,0,0,5.47133111953735,0,0,0,0,0,0,0,0,0,0,0,0,0,0,0,0,0,3.2953922052062,0,0,0,4.49289955474712,0,3.16813087463379,0,0,0,0,0,0,0,0,0,0,0,0,0,0,0,0,0,0,0,0,0,0,3.36603396978134,3.5082779138991,0,0,0
7.76639725758479,0,13.4652039221689,0,9.42697965272582,0,0,0,0,55.3025220235189,0,0,0,0,20.8319135904312,65.9292017618815,25.8524333552496,46.3258467234537,20.6319758594036,88.8887252807617,0,0,0,0,14.1516095650823,0,30.7816963195801,0,0,0,0,0,0,0,0,0,0,176.234146118164,7.49476435118251,87.8291015625,74.9063262939453,87.0133972167969,42.8704746365547,0,0,74.9952239990234,0,55.0698261260986,8.27722113473075,0,18.4870737620762,0,0,0,9.32202410572321,0,0,0,0,0,31.1151237487793,64.1885414123535,0,0,0,0,0,7.87670145104232,61.7864723205566,0,0,0,0,136.785598754883,0,0,0,0,93.434928894043,70.6303939819336,90.3942642211914,11.0023315806448,13.5087973713241,62.3847885131836,4.53924408555031,0,15.8250332673391
0,4.55181316809451,0,6.3741566047949,0,4.4441090375185,0,0,55.3025220235189,0,0,0,0,0,0,10.9058931048323,44.7678971046949,25.871445840231,41.4579821883655,0,0,0,0,13.8704753981696,0,40.1155779096815,0,0,0,0,0,0,0,0,0,0,0,18.8724604494431,0,70.3446702957153,98.8849182128906,70.1776012073864,90.3466625213623,0,0,61.009147644043,0,0,0,47.8013235727946,0,0,0,0,0,5.01629592144667,0,0,0,0,93.5075988769531,13.8712777561612,97.9465789794922,0,0,0,3.10569428480588,0,16.3574604121122,0,0,0,72.0101013183594,0,0,0,0,0,104.165397644043,122.080673217773,5.91513628415439,101.264213562012,15.3267366345507,17.0628624359767,7.99300659696261,0,116.137115478516
0,0,0,0,0,0,0,0,0,0,0,0,0,0,0,0,0,0,0,0,3.22445530241186,0,0,0,0,0,0,0,0,0,3.77805507810492,0,0,0,0,0,3.04268734984928,0,3.86432830259524,0,0,0,0,0,0,0,0,0,0,0,0,0,0,0,0,0,4.57555325569645,0,0,0,0,0,0,3.45664997895559,0,0,0,0,0,0,0,16.2580186843872,0,0,0,0,0,0,0,0,0,5.03253957203456,3.13305041783367,0,0,0,0
0,0,0,0,0,0,0,3.10985016241306,0,0,0,0,0,2.79996502941305,0,0,0,0,0,3.35704955736796,0,0,0,0,0,0,0,2.85181010323902,0,3.18514383860997,0,0,0,0,0,2.81568943370472,0,3.61545661019116,0,0,0,0,0,0,0,0,0,0,0,0,0,0,0,3.39819591610055,0,0,0,4.59680194471846,0,0,0,0,25.0969181060791,0,0,0,0,0,0,0,2.98406422333639,0,5.52985562651113,0,0,0,0,0,0,0,5.574883944848,0,3.2665542210086,3.59547805786133,0,0,0
0,0,0,0,0,0,2.95059990882874,0,0,0,0,0,0,0,0,0,0,0,0,0,0,0,0,0,0,0,0,0,0,0,0,0,0,0,0,0,0,0,0,0,0,0,0,0,0,0,0,0,0,0,0,0,0,0,0,0,0,0,0,0,0,0,0,0,0,0,0,0,0,0,0,0,0,0,0,0,0,0,0,0,0,0,0,0,0,0,0
0,0,0,0,0,0,0,0,0,0,0,2.79996502941305,0,0,0,0,0,0,0,0,0,0,0,0,0,0,0,2.73514723777771,0,0,0,0,0,0,0,0,0,0,0,0,0,0,0,0,0,0,0,0,0,0,0,0,0,0,0,0,0,4.47028825432062,0,2.75350046157837,0,0,0,0,0,0,0,0,0,0,2.96481132507324,0,0,0,0,0,0,0,0,0,0,0,0,2.74532675743103,0,0,0
0,0,0,0,0,0,0,0,20.8319135904312,0,0,0,0,0,0,0,25.3682664920049,47.3209955552045,39.1687196095785,0,0,0,0,0,16.0139198303223,0,0,0,0,0,0,0,0,0,0,0,0,0,0,0,0,0,0,0,0,0,0,0,0,0,0,0,0,0,0,0,0,0,0,0,28.0044107437134,0,0,0,0,0,0,0,0,0,0,0,0,0,0,0,0,0,0,68.3020515441895,0,72.2563171386719,35.0333271684318,35.5845760345459,41.7734184265137,0,87.8310165405273
0,0,0,0,0,0,0,0,65.9292017618815,10.9058931048323,0,0,0,0,0,0,51.7447704454748,25.3601567799122,59.8131813049316,0,0,0,0,17.288306572858,0,6.6979623707858,0,0,0,0,0,0,0,0,0,135.725112915039,0,0,0,0,0,75.3884029388428,0,0,0,0,0,0,0,0,0,0,0,0,0,4.46062469482422,0,0,0,2.96412062644958,56.9345359802246,5.79303536917034,0,0,0,0,0,0,23.1590881347656,0,0,0,0,0,0,0,0,0,120.748352050781,142.118347167969,0,99.4207763671875,17.603915930323,19.0016328990459,113.233520507812,0,0
37.2602314949036,0,0,0,0,0,0,0,25.8524333552496,44.7678971046949,0,0,0,0,25.3682664920049,51.7447704454748,0,29.5839548719421,31.3440960581005,0,0,0,0,0,20.0876341438293,41.9699876785278,14.297420053597,0,0,0,0,0,0,0,112.904441833496,109.975241851807,93.453079019274,108.741287231445,91.4749499140559,82.5936360646443,74.4210595590097,85.3783777988318,56.4986657400787,59.3529469339471,51.8911309242249,77.7092935121976,62.751676135593,92.6263008117676,76.2968075161888,112.841299874442,0,0,0,0,26.9776611328125,41.1499638366699,0,0,0,0,26.755875119976,51.0181120736258,114.205888112386,73.6187269422743,0,0,0,0,37.6656601428986,0,106.840057373047,0,112.317081451416,73.8911484027731,0,76.553466796875,0,96.5984954833984,95.950434076706,78.6376026918973,101.003499884354,71.4820527922023,22.8959589303929,22.9761090280721,68.4418290514465,70.6756292070661,55.0128424089034
51.2814788818359,0,0,0,0,0,0,0,46.3258467234537,25.871445840231,0,0,0,0,47.3209955552045,25.3601567799122,29.5839548719421,0,26.2833343702882,0,0,0,0,9.19921869701809,44.7119936509566,15.7206304343366,39.2017676830292,0,0,0,0,0,0,0,0,94.3119792371693,94.4025141398112,93.2186852561103,109.536455507632,68.2800295486702,87.5311576701977,65.8609697768611,73.4971856550737,52.6361279207117,83.0420141220093,74.8638733372544,66.3899247911241,73.5088618142264,90.1493801879883,72.9119456481934,0,0,0,0,0,25.7373333396273,0,79.1531677246094,0,0,49.2192987493567,25.9208232579772,84.4262948354085,112.783836364746,0,0,138.908111572266,0,14.2027218581846,0,106.141218566895,0,82.4539575576782,91.6482906341553,0,0,163.70051574707,0,79.6688489018654,90.9073888467128,77.4412568455977,88.3028751975612,18.9340074343208,13.6373439258616,68.2097783157791,48.7946823399241,69.6479449552648
6.23911482243498,0,9.14228447278341,5.70754814147949,0,0,0,0,20.6319758594036,41.4579821883655,0,0,0,0,39.1687196095785,59.8131813049316,31.3440960581005,26.2833343702882,0,26.675199508667,49.7125396728516,0,0,0,36.2702077229818,43.4964561462402,0,0,0,0,0,0,0,50.693983968099,0,70.8836411654094,67.6562440136399,70.0063777872418,71.6334665818648,43.9576358904088,44.5631895331522,40.4588982016865,35.3861120242675,23.3429310634127,32.149444103241,46.7260116692428,27.24494435106,47.5865066234882,57.2540392227173,50.1921488494873,0,0,0,0,14.4361856778463,43.2472310747419,61.2793075561523,70.346607208252,0,0,32.5221739682284,30.8174076080322,62.9783340454102,46.2174173399459,78.0551633834839,0,0,15.9845151901245,47.304744720459,0,83.2197756767273,0,65.7388516033397,50.2136879933031,57.7005920410156,77.9610067095075,50.8283687167697,0,56.324968783248,52.7838947626483,51.7460476639467,55.2019827486594,22.8735084310663,25.0484273142405,30.5992463524763,29.5877043649332,37.2079030390709
0,0,0,0,0,0,0,0,88.8887252807617,0,0,3.35704955736796,0,0,0,0,0,0,26.675199508667,0,0,0,0,0,0,0,0,0,0,0,0,0,0,0,0,5.17307713537505,0,7.82783049830684,0,21.2966854095459,0,32.6497725078038,0,75.9107208251953,0,13.1635392364045,0,53.8329299926758,0,44.2957483927409,0,0,0,0,0,0,0,5.68689094761671,0,0,0,0,5.08148031396592,0,0,0,0,0,0,0,39.3041114807129,0,7.95774483876954,0,0,0,53.4475784301758,0,8.67651034620675,0,10.1681885489647,0,5.19130402758605,4.52681936536516,19.3285575004724,15.1062717437744,0
0,0,0,0,0,0,0,0,0,0,3.22445530241186,0,0,0,0,0,0,0,49.7125396728516,0,0,0,0,0,0,0,0,0,0,0,0,0,0,0,0,0,9.14656700586018,0,5.22416594180655,0,0,0,0,0,62.3785591125488,0,54.9171333312988,0,0,0,0,0,0,0,0,0,8.63294994289225,0,0,0,0,0,0,5.56946230039033,0,0,0,0,0,0,0,0,0,19.5635407765706,0,0,0,0,0,8.68971544497275,0,12.0632557422157,3.6840452718987,0,0,0,0
0,0,0,0,0,0,0,0,0,0,0,0,0,0,0,0,0,0,0,0,0,0,5.08434854196698,5.66693587365903,0,5.33798617089288,0,3.14950769087848,0,0,0,0,0,0,0,59.9516944885254,0,5.07305474903273,0,66.0134201049805,0,40.1011939048767,0,0,0,45.5599362055461,0,59.830623626709,0,26.2608478546143,0,0,0,0,0,0,0,30.1374153745347,0,26.8515567779541,0,0,41.2973592931574,0,4.28108100590325,0,7.73062025914427,0,11.0753523936318,0,9.95836036166207,0,23.5350465774536,0,0,0,0,0,68.858699798584,0,6.11837329864502,0,5.77897103526154,4.77134373188019,38.9849890540628,0,0
0,0,0,0,0,0,0,0,0,0,0,0,0,0,0,0,0,0,0,0,0,5.08434854196698,0,0,4.93303263026749,0,4.07061306361494,0,2.74820303916931,0,0,0,0,0,0,0,0,0,10.0622371624279,0,0,0,0,0,0,0,0,0,5.6016708321971,0,0,0,0,0,0,0,31.8263726806641,0,0,0,0,0,0,41.9225184122721,0,5.29796606801577,0,13.9778270335425,0,6.31226074323742,0,17.4574853350048,0,24.204231262207,0,0,0,0,0,0,0,8.69722392311951,4.8283390006819,4.77554044723511,0,0,0
0,6.87362225055695,0,0,0,0,0,0,0,13.8704753981696,0,0,0,0,0,17.288306572858,0,9.19921869701809,0,0,0,5.66693587365903,0,0,0,3.39457463423411,0,0,0,0,0,0,0,0,0,0,0,5.98558888703532,0,0,0,38.4765110015869,0,0,0,41.1533673604329,0,0,0,11.1534553527832,0,0,0,0,0,16.0028247833252,0,26.0192226001195,0,0,0,13.7853633335658,36.906477355957,0,7.37577128410339,0,4.58174080776989,0,7.47695161039765,0,15.038260312838,0,19.9736680984497,0,0,0,0,0,81.1727066040039,0,9.38767382965325,0,7.28095539716574,0,32.8158758481344,0,0
5.97596141270229,0,0,0,0,0,0,0,14.1516095650823,0,0,0,0,0,16.0139198303223,0,20.0876341438293,44.7119936509566,36.2702077229818,0,0,0,4.93303263026749,0,0,0,4.24445861461116,0,0,0,0,0,0,0,0,0,0,0,4.65230736732483,0,0,106.79931640625,0,0,0,0,0,0,9.25194358825684,0,0,0,0,0,5.95705441995101,0,0,0,0,0,11.5918883323669,0,0,0,0,7.82175512462854,0,5.79269631537694,0,5.69508595251414,0,0,0,0,0,0,0,0,0,0,71.0863494873047,7.37032943186553,16.5250736999512,24.2091674804688,2.99414874378004,0,0
0,0,0,0,0,0,0,0,0,40.1155779096815,0,0,0,0,0,6.6979623707858,41.9699876785278,15.7206304343366,43.4964561462402,0,0,5.33798617089288,0,3.39457463423411,0,0,0,0,0,0,0,0,0,0,0,0,0,0,0,0,0,0,0,0,0,0,0,0,0,0,0,0,0,0,0,15.7172784805298,0,0,0,0,0,9.81678541501363,0,0,0,0,3.80442485056425,0,3.90454379899161,0,9.84241676330566,0,0,0,0,0,0,0,0,0,0,0,17.0505725277795,18.7689414024353,0,0,0
0,0,0,0,0,0,0,0,30.7816963195801,0,0,0,0,0,0,0,14.297420053597,39.2017676830292,0,0,0,0,4.07061306361494,0,4.24445861461116,0,0,0,0,0,0,0,0,0,0,0,0,0,0,0,0,0,0,0,0,0,0,0,0,0,0,0,0,0,23.2139873504639,0,25.7544742584229,0,0,0,10.6853621006012,0,0,0,0,5.40386896663242,0,6.71596489169381,0,5.19779184984826,0,13.7334825709715,0,0,0,0,0,0,0,0,0,0,6.34821110084409,70.2278518676758,0,0,0
0,0,0,0,0,0,0,0,0,0,0,2.85181010323902,0,2.73514723777771,0,0,0,0,0,0,0,3.14950769087848,0,0,0,0,0,0,0,3.13556186542955,0,0,0,0,0,0,0,6.33528590202332,0,0,0,0,0,0,0,0,0,0,0,0,0,0,0,0,0,0,0,0,0,0,0,0,0,0,3.06740534305573,0,0,0,3.65665087103844,0,5.1867043047016,0,3.36902093887329,0,0,0,0,0,0,0,5.87560699604176,0,2.75488328933716,0,0,0,0
0,0,0,0,0,0,0,0,0,0,0,0,0,0,0,0,0,0,0,0,0,0,2.74820303916931,0,0,0,0,0,0,0,4.99018611907959,0,0,0,0,0,0,0,3.44515533966593,0,0,0,0,0,0,0,0,0,0,0,0,0,0,0,0,0,0,0,0,0,0,0,0,0,0,0,0,0,0,0,0,3.27351990285909,0,4.22330188751221,0,0,0,0,0,0,0,0,2.90058638040836,0,0,0,0
0,0,0,0,0,0,0,0,0,0,0,3.18514383860997,0,0,0,0,0,0,0,0,0,0,0,0,0,0,0,3.13556186542955,0,0,0,0,0,0,0,0,0,4.23682036264887,0,0,0,0,0,0,0,0,0,0,0,0,0,0,0,0,0,0,0,0,0,0,0,0,0,0,0,0,0,0,0,0,0,0,4.78688398152095,0,0,0,0,0,0,0,7.07208954204213,0,4.42909443482109,0,0,0,0
0,0,0,0,0,0,0,0,0,0,3.77805507810492,0,0,0,0,0,0,0,0,0,0,0,0,0,0,0,0,0,4.99018611907959,0,0,0,0,0,0,0,0,0,4.40265548051293,0,0,0,0,0,0,0,0,0,0,0,0,0,0,0,0,0,2.94823443889618,0,0,0,0,0,0,0,0,0,0,0,0,0,0,6.62865753968557,0,3.19731307029724,0,0,0,0,0,0,0,4.30806261395651,2.7438573439916,0,0,0,0
0,0,0,0,0,0,0,0,0,0,0,0,0,0,0,0,0,0,0,0,0,0,0,0,0,0,0,0,0,0,0,0,4.2219657233504,10.0422253305741,8.61675754086725,4.10273179411888,3.26137156402115,0,0,0,0,0,0,0,0,0,0,7.31892618131782,0,0,0,0,0,0,0,0,0,0,0,0,0,0,0,0,0,0,0,0,0,0,0,0,0,0,5.1302084262103,8.71131564276559,20.9556274414062,18.9491152837873,7.39930246353149,13.1845377408541,33.3267440795898,0,3.68586240235172,0,0,0,0
0,0,55.8497556050619,0,0,0,0,0,0,0,0,0,0,0,0,0,0,0,0,0,0,0,0,0,0,0,0,0,0,0,0,4.2219657233504,0,13.3618472984859,17.5347532777503,4.75378739833832,5.54459373480897,0,42.2260341644287,0,0,0,0,0,0,0,0,6.58478797557982,11.7570962905884,0,0,0,0,0,0,0,56.4367141723633,0,0,0,0,0,0,0,0,0,0,0,0,0,0,0,0,0,7.13431129331211,6.66270471832339,49.7831974029541,27.3381668659443,4.66025829315186,7.01244261785485,0,42.1919250488281,4.09271616660632,0,25.2767190933228,0,0
45.704662322998,0,0,0,0,0,0,0,0,0,0,0,0,0,0,0,0,0,50.693983968099,0,0,0,0,0,0,0,0,0,0,0,0,10.0422253305741,13.3618472984859,0,6.09341505516728,7.17321699306529,16.5482662200928,9.21507871581847,19.5793781280518,34.5011749267578,67.1249618530273,22.2237166714024,32.9330461502075,34.4868760108948,0,41.3182856819846,0,8.52106089074657,23.7400121688843,13.1072142952367,0,0,0,0,0,0,0,0,0,0,0,0,54.4267311096191,0,0,0,20.2730655670166,0,0,0,0,0,0,0,14.4151725954824,22.393443081114,6.25941448829074,10.3661211183415,7.34624542746433,55.4310785929362,8.91274846108604,19.1616542183458,6.41034322255923,0,19.9221434752146,45.5811373392741,0
34.3438968658447,0,57.9908332824707,0,0,0,0,0,0,0,0,0,0,0,0,0,112.904441833496,0,0,0,0,0,0,0,0,0,0,0,0,0,0,8.61675754086725,17.5347532777503,6.09341505516728,0,10.7977236579446,8.36429631543326,4.82018902566698,7.61600847715555,0,31.5527030944824,0,24.7286632061005,0,0,0,43.4517593383789,8.51902755398842,12.4882797048062,0,0,0,0,0,0,0,0,0,0,0,0,0,0,0,0,0,0,0,0,0,0,0,0,72.5093460083008,23.4208630561829,22.7936708347513,7.67416797940205,5.85296013205135,13.0397543907166,5.3611732331992,11.0212147098321,6.77127859491214,4.58410336801352,0,27.347943223041,0,35.538890838623
0,0,0,4.65233609550878,0,29.7104988098145,0,5.47133111953735,0,0,0,2.81568943370472,0,0,0,135.725112915039,109.975241851807,94.3119792371693,70.8836411654094,5.17307713537505,0,59.9516944885254,0,0,0,0,0,0,0,0,0,4.10273179411888,4.75378739833832,7.17321699306529,10.7977236579446,0,3.51018677259746,10.1592435100037,0,49.5901541822761,0,50.9699413615304,72.1773827870687,54.4488065956283,0,36.2311192868417,0,37.0513969840804,0,44.6502131244592,0,0,0,0,0,0,0,78.0184585571289,0,0,0,0,16.4946617689082,0,0,0,52.4761619567871,0,0,0,56.1852588653564,0,57.9541140238444,0,8.98873147794179,0,16.7096748261655,22.9774208068848,7.72131060246155,14.2691661211161,14.5622385254234,165.005233764648,12.5907757267399,25.5165784623888,39.9568249172979,48.9984718550984,0
0,0,28.5772856836734,0,31.1485595703125,0,0,0,0,0,3.04268734984928,0,0,0,0,0,93.453079019274,94.4025141398112,67.6562440136399,0,9.14656700586018,0,0,0,0,0,0,0,0,0,0,3.26137156402115,5.54459373480897,16.5482662200928,8.36429631543326,3.51018677259746,0,148.471405029297,9.75782556438502,100.201469421387,48.7952965615226,128.453165690104,45.8342134443967,81.1795959472656,54.1422175101514,0,36.592734353889,37.2127211734653,53.7762047842647,0,0,0,0,0,0,0,54.0004997253418,0,0,0,0,0,71.7175521850586,38.261381669028,0,0,0,0,0,0,0,61.0463314056396,0,63.4459663737904,14.2833298365275,8.40085798682589,18.6624324798584,9.36190913357866,41.7288777033488,8.56936056548012,86.9941253662109,15.7725162367674,10.0458100541443,14.200460749514,39.8231935034383,0,45.2652375070672
0,22.5258300349397,0,0,0,0,0,0,176.234146118164,18.8724604494431,0,3.61545661019116,0,0,0,0,108.741287231445,93.2186852561103,70.0063777872418,7.82783049830684,0,5.07305474903273,0,5.98558888703532,0,0,0,6.33528590202332,0,4.23682036264887,0,0,0,9.21507871581847,4.82018902566698,10.1592435100037,148.471405029297,0,5.40183975822047,73.7304406847273,140.780683898926,48.2194398082032,87.2220412806461,55.8340317710152,0,45.1711268620296,0,10.1128516278484,110.308514404297,31.2357338701637,0,0,0,0,0,0,0,19.9158123970032,0,0,0,0,34.9080735717501,0,13.268597776181,0,6.01617916781089,0,0,0,8.06325448686211,0,12.5432839775985,0,0,0,6.53247217742764,21.6708068847656,18.3374050334356,121.310859680176,7.8027097894592,24.5452134132385,16.4856867076511,90.2488755446214,37.529563019062,44.3726970484999,72.2626495361328
22.2394275665283,0,66.1572380065918,0,0,0,0,0,7.49476435118251,0,3.86432830259524,0,0,0,0,0,91.4749499140559,109.536455507632,71.6334665818648,0,5.22416594180655,0,10.0622371624279,0,4.65230736732483,0,0,0,3.44515533966593,0,4.40265548051293,0,42.2260341644287,19.5793781280518,7.61600847715555,0,9.75782556438502,5.40183975822047,0,120.98900604248,67.9699645475908,93.4232444763184,51.9991460255902,75.7438812255859,62.8759058316549,0,45.3823094648939,12.2233731828887,23.7738225830411,0,0,0,0,0,8.68213702099664,0,61.9395069122314,0,0,0,0,0,0,45.0529171410253,0,13.9216843078386,0,7.85108021700417,0,0,0,4.03002672444289,0,35.5890312989553,0,27.8788919448853,25.7220722961426,6.82341786395715,127.037796020508,24.5956209502437,3.78006050246102,7.60069385008692,10.4110934478456,87.0636850992839,35.1386442146403,0,27.7531159162521
0,0,0,0,0,0,0,0,87.8291015625,70.3446702957153,0,0,0,0,0,0,82.5936360646443,68.2800295486702,43.9576358904088,21.2966854095459,0,66.0134201049805,0,0,0,0,0,0,0,0,0,0,0,34.5011749267578,0,49.5901541822761,100.201469421387,73.7304406847273,120.98900604248,0,110.475318908691,28.2171825745666,47.7453810691834,28.8892013095422,66.0207061767578,18.5362709489422,0,16.393910679235,12.2425074900611,13.2859560128675,0,0,0,0,0,0,0,60.0666946998009,0,0,0,0,18.2390892729925,0,74.8181610107422,0,0,0,0,0,57.739678700765,0,55.223448845648,122.892074584961,0,0,34.6315898083626,0,16.7043381646634,98.4054821238798,40.8413746228678,108.216406080458,52.0524436991533,61.9097140630086,21.4695195746249,40.1004269684062,83.7376251220703
0,0,36.2192016839981,0,27.0484381455642,0,0,0,74.9063262939453,98.8849182128906,0,0,0,0,0,0,74.4210595590097,87.5311576701977,44.5631895331522,0,0,0,0,0,0,0,0,0,0,0,0,0,0,67.1249618530273,31.5527030944824,0,48.7952965615226,140.780683898926,67.9699645475908,110.475318908691,0,84.2079172134399,25.2394219762778,67.8094997406006,26.874841153043,0,13.7586401069756,28.2240782770617,16.9874168330729,11.036838889122,0,0,0,0,0,0,45.2511463426564,0,0,0,0,0,0,21.6280694054168,0,0,0,0,0,0,0,0,0,50.8805551364504,0,0,0,34.1097033818563,110.435576544868,19.4176917848604,105.129806518555,50.0410226072294,51.5313578927037,75.5249908447266,26.65574040544,53.0659141540527,46.6853506154027
0,11.3886375563485,0,44.5657005310059,0,0,0,0,87.0133972167969,70.1776012073864,0,0,0,0,0,75.3884029388428,85.3783777988318,65.8609697768611,40.4588982016865,32.6497725078038,0,40.1011939048767,0,38.4765110015869,106.79931640625,0,0,0,0,0,0,0,0,22.2237166714024,0,50.9699413615304,128.453165690104,48.2194398082032,93.4232444763184,28.2171825745666,84.2079172134399,0,21.7680822402281,32.3814124608766,42.9521980285645,32.2907242447138,0,22.6779884880803,28.3327522277832,21.564940126957,0,0,0,0,0,0,0,23.4960739733809,0,0,0,0,27.7868696139585,0,41.406617441485,0,55.8946828842163,0,51.7467445373535,0,26.1093392762981,0,21.0509607606793,63.7645244598389,53.5050735473633,0,22.139135942961,0,33.2949444488656,79.1718772681984,31.1234468865207,89.4898713055779,30.7489719160518,31.6450953185558,23.6799666525806,18.3319090966384,57.3632526397705
5.05550467967987,0,38.7257883548737,0,37.0568733215332,0,0,0,42.8704746365547,90.3466625213623,0,0,0,0,0,0,56.4986657400787,73.4971856550737,35.3861120242675,0,0,0,0,0,0,0,0,0,0,0,0,0,0,32.9330461502075,24.7286632061005,72.1773827870687,45.8342134443967,87.2220412806461,51.9991460255902,47.7453810691834,25.2394219762778,21.7680822402281,0,47.5862392243885,21.3036265216376,34.6731187035056,32.2045918602459,17.4247868881183,20.4734418107288,37.589498312577,0,0,0,0,0,0,37.1588113030722,63.8937759399414,0,0,0,100.653671264648,59.2093947274344,36.1084156814887,0,0,0,0,0,0,0,22.7824813842773,70.3357677459717,23.4655333750214,0,38.0192599730058,35.2809511423111,25.4523258805275,58.2116254600319,29.7508509901854,65.9882195212624,33.1555537356206,19.1646733108035,24.6914335699642,19.143677336835,58.4891695976257,16.6594295528289
0,0,0,0,0,0,0,0,0,0,0,0,0,0,0,0,59.3529469339471,52.6361279207117,23.3429310634127,75.9107208251953,0,0,0,0,0,0,0,0,0,0,0,0,0,34.4868760108948,0,54.4488065956283,81.1795959472656,55.8340317710152,75.7438812255859,28.8892013095422,67.8094997406006,32.3814124608766,47.5862392243885,0,124.523323059082,40.6702104470669,84.4868621826172,34.7957065105438,0,40.8478876876831,0,0,0,0,0,0,0,0,0,0,0,0,36.9354293060303,0,0,0,0,0,0,0,61.6262748718262,0,48.317458152771,0,0,0,35.2180229187012,0,41.2880193682278,71.3376297950745,43.5059783518815,75.2103678385417,46.5418062825357,37.2441787719727,18.5206497706662,26.684253040482,0
0,0,25.4920558929443,0,0,0,0,0,0,0,0,0,0,0,0,0,51.8911309242249,83.0420141220093,32.149444103241,0,62.3785591125488,0,0,0,0,0,0,0,0,0,0,0,0,0,0,0,54.1422175101514,0,62.8759058316549,66.0207061767578,26.874841153043,42.9521980285645,21.3036265216376,124.523323059082,0,0,10.0385921147033,29.1565246582031,42.0552177429199,0,0,0,0,0,0,0,34.5623340606689,0,0,0,0,0,0,32.892885354849,0,0,0,0,0,0,0,0,0,43.0570023059845,0,52.2963562011719,0,35.505672454834,136.841339111328,40.1203809299984,53.2295570373535,48.8872047969273,39.9070856306288,0,20.1905900695745,0,26.8496084213257
0,0,0,16.4094472885132,0,10.9371547698975,0,0,74.9952239990234,61.009147644043,0,0,0,0,0,0,77.7092935121976,74.8638733372544,46.7260116692428,13.1635392364045,0,45.5599362055461,0,41.1533673604329,0,0,0,0,0,0,0,0,0,41.3182856819846,0,36.2311192868417,0,45.1711268620296,0,18.5362709489422,0,32.2907242447138,34.6731187035056,40.6702104470669,0,0,0,35.5080060561498,41.5959362983704,31.0088471058694,0,0,0,0,0,0,0,18.1323322758232,0,0,0,0,10.999674015375,0,43.7254428374462,0,36.8380332946777,0,35.9840919971466,0,25.3864483538202,0,24.8214703050416,0,0,0,38.4534921478807,0,24.4375946797606,97.3932800292969,33.4122139253395,62.7810325622559,44.4195854330063,49.3817710876465,15.4267611566782,37.9138457888649,0
0,0,16.7221053187289,0,20.3945989343855,0,0,0,0,0,0,0,0,0,0,0,62.751676135593,66.3899247911241,27.24494435106,0,54.9171333312988,0,0,0,0,0,0,0,0,0,0,0,0,0,43.4517593383789,0,36.592734353889,0,45.3823094648939,0,13.7586401069756,0,32.2045918602459,84.4868621826172,10.0385921147033,0,0,36.7086694410869,38.9530262380083,31.1196594238281,0,0,0,0,0,0,21.9298058400243,0,0,0,0,0,0,12.7304425758304,0,0,0,0,0,43.9004821777344,0,24.9104091220432,0,28.6703582407729,0,76.7382507324219,0,45.0376955668131,0,23.0287539554299,0,36.7936796232652,38.6746680482345,18.7625999450684,17.1105999010599,0,20.2229250311851
30.0864798448704,24.3938026428223,49.6741343767215,49.5848439534505,50.6661701202393,0,0,0,55.0698261260986,0,0,0,0,0,0,0,92.6263008117676,73.5088618142264,47.5865066234882,53.8329299926758,0,59.830623626709,0,0,0,0,0,0,0,0,0,7.31892618131782,6.58478797557982,8.52106089074657,8.51902755398842,37.0513969840804,37.2127211734653,10.1128516278484,12.2233731828887,16.393910679235,28.2240782770617,22.6779884880803,17.4247868881183,34.7957065105438,29.1565246582031,35.5080060561498,36.7086694410869,0,7.0693622766295,9.73276276864867,0,0,0,0,0,0,58.4822817908393,51.8487637837728,0,0,0,0,47.6263988849729,0,0,0,15.0328907966614,0,0,0,74.6236892700195,0,54.4409956614176,62.2130401046188,7.62696660300236,8.81285045058169,10.6009275951083,13.0433948645296,12.422374604603,29.4222060075685,19.7305763635149,11.8407239008764,23.694537702244,67.326545715332,20.1960641501181,34.4132300217946,29.9741331401624
10.5553482073658,0,37.6136358591226,0,29.9097175979614,0,0,0,8.27722113473075,0,0,0,0,0,0,0,76.2968075161888,90.1493801879883,57.2540392227173,0,0,0,5.6016708321971,0,9.25194358825684,0,0,0,0,0,0,0,11.7570962905884,23.7400121688843,12.4882797048062,0,53.7762047842647,110.308514404297,23.7738225830411,12.2425074900611,16.9874168330729,28.3327522277832,20.4734418107288,0,42.0552177429199,41.5959362983704,38.9530262380083,7.0693622766295,0,4.70193786385619,11.5955017779736,0,0,0,6.08008780479431,0,17.2612327558747,0,3.73782104253769,0,3.35533092842727,0,0,49.7999398080926,0,5.022846222894,0,8.01117426455021,0,4.53211310798047,0,7.15316940729435,0,56.1968280441907,0,30.2981181144714,24.3643366495768,11.8943021410987,0,32.1406336203748,80.2271347045898,18.3007788055057,32.3393082375074,82.2609939575195,19.1504905973323,0,25.0701103869905
0,6.47671011924744,43.3907680511475,5.81582253890512,0,0,0,0,0,47.8013235727946,0,0,0,0,0,0,112.841299874442,72.9119456481934,50.1921488494873,44.2957483927409,0,26.2608478546143,0,11.1534553527832,0,0,0,0,0,0,0,0,0,13.1072142952367,0,44.6502131244592,0,31.2357338701637,0,13.2859560128675,11.036838889122,21.564940126957,37.589498312577,40.8478876876831,0,31.0088471058694,31.1196594238281,9.73276276864867,4.70193786385619,0,0,0,0,0,0,0,0,18.6833332095827,0,6.17349702119827,0,2.96052074432373,34.3369817027339,0,6.71364379466924,0,7.68033370375633,0,8.00386701930653,0,13.4665428037229,0,27.8713480158055,0,19.6307576497396,0,12.5098878292027,0,29.6084047877715,90.9993648529053,26.4680769335329,158.433258056641,27.5624857111996,62.1754856109619,19.9440970656364,31.9335974365918,55.1995226542155
15.0215689265539,0,6.41204769366255,0,5.8268849812448,0,0,0,18.4870737620762,0,0,0,0,0,0,0,0,0,0,0,0,0,0,0,0,0,0,0,0,0,0,0,0,0,0,0,0,0,0,0,0,0,0,0,0,0,0,0,11.5955017779736,0,0,0,0,0,18.784846231971,0,7.34364772369267,0,4.73668966836076,0,4.90613089109722,0,0,0,0,0,0,32.9246101379395,0,0,0,0,0,0,0,0,0,0,0,0,0,0,6.14016112414273,0,0,0,0
0,11.3885089177934,0,5.40490850806236,0,4.81046469058465,0,0,0,0,0,0,0,0,0,0,0,0,0,0,0,0,0,0,0,0,0,0,0,0,0,0,0,0,0,0,0,0,0,0,0,0,0,0,0,0,0,0,0,0,0,0,0,0,0,3.04802238941193,0,0,0,3.00721102952957,0,2.94812016487122,0,0,0,0,0,0,0,0,0,0,0,0,0,0,0,0,0,0,0,0,7.76756185531616,0,0,0,0
0,0,0,0,4.39691152572632,0,3.19557390960993,0,0,0,0,0,0,0,0,0,0,0,0,0,0,0,0,0,0,0,0,0,0,0,0,0,0,0,0,0,0,0,0,0,0,0,0,0,0,0,0,0,0,0,0,0,0,0,0,0,0,0,2.74097418785095,0,0,0,0,0,0,0,0,0,0,0,0,0,0,0,0,0,0,0,0,0,0,0,5.71548681259155,0,0,0,0
0,0,0,0,0,3.08607880274455,0,3.2953922052062,0,0,0,3.39819591610055,0,0,0,0,0,0,0,0,0,0,0,0,0,0,0,0,0,0,0,0,0,0,0,0,0,0,0,0,0,0,0,0,0,0,0,0,0,0,0,0,0,0,0,0,0,3.65636358449334,0,3.11780093193054,0,0,0,0,0,0,0,0,0,0,0,0,0,0,0,0,0,0,0,0,0,0,4.00030543122973,3.79911961274989,0,0,0
6.9118966061136,0,15.1151147283746,0,19.0654658590044,0,0,0,9.32202410572321,0,0,0,0,0,0,0,26.9776611328125,0,14.4361856778463,0,0,0,0,0,5.95705441995101,0,23.2139873504639,0,0,0,0,0,0,0,0,0,0,0,8.68213702099664,0,0,0,0,0,0,0,0,0,6.08008780479431,0,18.784846231971,0,0,0,0,0,0,0,0,0,9.90561008453369,0,0,0,0,0,0,5.97123566423207,0,6.25279639317439,0,0,0,0,0,0,0,0,0,0,0,8.66938383003761,12.6613851962863,0,7.00379245097821,0,0
0,6.50057930429877,0,3.03656983375549,0,4.00194835662842,0,0,0,5.01629592144667,0,0,0,0,0,4.46062469482422,41.1499638366699,25.7373333396273,43.2472310747419,0,0,0,0,16.0028247833252,0,15.7172784805298,0,0,0,0,0,0,0,0,0,0,0,0,0,0,0,0,0,0,0,0,0,0,0,0,0,3.04802238941193,0,0,0,0,0,0,0,0,0,17.1585701306661,0,0,0,0,3.54487966746092,0,12.8613414764404,0,0,0,0,0,0,0,0,0,0,0,3.39464104175568,0,19.644049934594,55.6310958862305,26.0016153653463,0,0
0,0,27.3870878219604,0,11.6866790983412,0,0,0,0,0,4.57555325569645,0,0,0,0,0,0,0,61.2793075561523,0,8.63294994289225,0,31.8263726806641,0,0,0,25.7544742584229,0,0,0,2.94823443889618,0,56.4367141723633,0,0,0,54.0004997253418,0,61.9395069122314,0,45.2511463426564,0,37.1588113030722,0,34.5623340606689,0,21.9298058400243,58.4822817908393,17.2612327558747,0,7.34364772369267,0,0,0,0,0,0,0,4.35855888613948,0,4.35221211205829,0,0,10.3727849715511,0,31.9059249214504,0,0,0,20.4540374448223,0,10.8998771591881,0,7.37430712436246,0,0,0,0,0,46.9441058209553,0,16.5404822382434,38.2703486680984,0,10.1462136144913,0,16.159704208374
0,0,0,3.68532571792603,0,0,0,4.49289955474712,0,0,0,4.59680194471846,0,4.47028825432062,0,0,0,79.1531677246094,70.346607208252,5.68689094761671,0,30.1374153745347,0,26.0192226001195,0,0,0,0,0,0,0,0,0,0,0,78.0184585571289,0,19.9158123970032,0,60.0666946998009,0,23.4960739733809,63.8937759399414,0,0,18.1323322758232,0,51.8487637837728,0,18.6833332095827,0,0,0,3.65636358449334,0,0,0,0,0,4.52798435275506,0,5.24289922810149,8.56179549922178,0,30.1463758805219,0,21.3379028501965,0,18.0675619904713,0,8.00400670642909,0,6.39910665834425,0,0,0,49.034859975179,0,62.2384916941325,0,14.2850294240316,0,23.875960577366,0,11.4076134846324,17.2759399414062,0
0,0,0,0,0,0,2.73992371559143,0,0,0,0,0,0,0,0,0,0,0,0,0,0,0,0,0,0,0,0,0,0,0,0,0,0,0,0,0,0,0,0,0,0,0,0,0,0,0,0,0,3.73782104253769,0,4.73668966836076,0,2.74097418785095,0,0,0,4.35855888613948,0,0,0,2.99126552844393,0,0,0,0,0,0,0,0,7.89508974552155,0,5.04150223731995,0,0,0,0,0,0,0,0,0,0,0,0,0,0,0
0,0,0,4.21512811524527,0,5.40426487307395,0,3.16813087463379,0,0,0,0,0,2.75350046157837,0,2.96412062644958,0,0,0,0,0,26.8515567779541,0,0,0,0,0,0,0,0,0,0,0,0,0,0,0,0,0,0,0,0,0,0,0,0,0,0,0,6.17349702119827,0,3.00721102952957,0,3.11780093193054,0,0,0,4.52798435275506,0,0,0,5.07980497678121,12.6414311408997,0,32.9832611083984,0,17.7143157323201,0,7.93370834263888,0,3.50653377195605,0,0,0,0,0,0,0,0,0,0,0,9.16897773742676,0,5.30068635940552,0,0
3.9039755828345,0,4.80561977624893,0,0,0,0,0,31.1151237487793,93.5075988769531,0,0,0,0,28.0044107437134,56.9345359802246,26.755875119976,49.2192987493567,32.5221739682284,0,0,0,0,0,11.5918883323669,0,10.6853621006012,0,0,0,0,0,0,0,0,0,0,0,0,0,0,0,0,0,0,0,0,0,3.35533092842727,0,4.90613089109722,0,0,0,9.90561008453369,0,4.35221211205829,0,2.99126552844393,0,0,0,0,0,0,0,0,9.56146538722051,0,3.89535020135698,0,0,0,0,0,0,0,0,82.9803695678711,0,0,73.2801322937012,38.3709206300623,18.713924407959,52.8626899719238,0,45.9571762084961
70.4408111572266,10.702516805558,0,3.1330520595823,0,3.72146876653035,0,0,64.1885414123535,13.8712777561612,0,0,0,0,0,5.79303536917034,51.0181120736258,25.9208232579772,30.8174076080322,0,0,0,0,13.7853633335658,0,9.81678541501363,0,0,0,0,0,0,0,0,0,0,0,0,0,0,0,0,100.653671264648,0,0,0,0,0,0,2.96052074432373,0,2.94812016487122,0,0,0,17.1585701306661,0,5.24289922810149,0,5.07980497678121,0,0,0,0,0,0,4.64118814468384,0,0,0,0,0,0,0,0,0,0,0,141.420074462891,114.883171081543,62.9698791503906,0,22.9764668941498,0,4.19572067260742,0,0
0,0,0,32.234260559082,0,6.07444477081299,0,0,0,97.9465789794922,0,25.0969181060791,0,0,0,0,114.205888112386,84.4262948354085,62.9783340454102,5.08148031396592,0,41.2973592931574,0,36.906477355957,0,0,0,0,0,0,0,0,0,54.4267311096191,0,16.4946617689082,71.7175521850586,34.9080735717501,0,18.2390892729925,0,27.7868696139585,59.2093947274344,36.9354293060303,0,10.999674015375,0,47.6263988849729,0,34.3369817027339,0,0,0,0,0,0,0,8.56179549922178,0,12.6414311408997,0,0,0,0,36.1087597181212,0,32.1384769937266,0,29.6948473339989,0,18.5263730717456,0,14.6152866394793,0,0,0,49.0506169936236,0,14.0364588299308,0,16.650030145739,0,46.0197019353097,27.3107183774312,14.9168015529502,23.0917639391763,0
0,0,0,0,9.4384059695016,0,0,0,0,0,3.45664997895559,0,0,0,0,0,73.6187269422743,112.783836364746,46.2174173399459,0,5.56946230039033,0,41.9225184122721,0,0,0,0,0,0,0,0,0,0,0,0,0,38.261381669028,0,45.0529171410253,0,21.6280694054168,0,36.1084156814887,0,32.892885354849,0,12.7304425758304,0,49.7999398080926,0,0,0,0,0,0,0,10.3727849715511,0,0,0,0,0,0,0,0,38.3749160766602,0,0,0,27.3573434193929,0,16.9179275403464,0,18.0898276771467,0,0,0,0,0,25.3188231543166,0,21.1869594678996,29.7790462086278,11.9881293433053,10.0627397128514,0,61.4743537902832
0,0,0,53.7447814941406,0,0,0,0,0,0,0,0,0,0,0,0,0,0,78.0551633834839,0,0,4.28108100590325,0,7.37577128410339,0,0,0,3.06740534305573,0,0,0,0,0,0,0,0,0,13.268597776181,0,74.8181610107422,0,41.406617441485,0,0,0,43.7254428374462,0,0,0,6.71364379466924,0,0,0,0,0,0,0,30.1463758805219,0,32.9832611083984,0,0,36.1087597181212,0,0,0,8.04504761540933,0,8.8369298123366,0,10.4281044368243,0,15.492878660112,0,0,0,91.8008651733398,0,90.4533843994141,0,10.1320003746947,0,20.8857563035242,0,41.4985411717341,38.0595500946045,0
0,0,0,0,0,0,0,0,0,0,0,0,0,0,0,0,0,0,0,0,0,0,5.29796606801577,0,7.82175512462854,0,5.40386896663242,0,0,0,0,0,0,0,0,0,0,0,13.9216843078386,0,0,0,0,0,0,0,0,0,5.022846222894,0,0,0,0,0,0,0,31.9059249214504,0,0,0,0,0,0,38.3749160766602,0,0,0,9.66153317148035,0,7.90039427989145,0,11.4139159610495,0,18.6352849006653,0,0,0,0,0,0,0,5.06247455686249,6.86261961804354,0,0,0,0
0,8.08464984507576,0,0,0,0,0,0,0,3.10569428480588,0,0,0,0,0,0,0,138.908111572266,0,0,0,7.73062025914427,0,4.58174080776989,0,3.80442485056425,0,0,0,0,0,0,0,20.2730655670166,0,52.4761619567871,0,6.01617916781089,0,0,0,55.8946828842163,0,0,0,36.8380332946777,0,15.0328907966614,0,7.68033370375633,0,0,0,0,0,3.54487966746092,0,21.3379028501965,0,17.7143157323201,0,4.64118814468384,32.1384769937266,0,8.04504761540933,0,0,0,6.13432774927233,0,12.8235865201036,0,15.0504065922328,0,0,0,0,0,0,0,6.44487078899807,0,3.34433561104995,0,16.5254710430795,32.0886220932007,0
7.25416964369935,0,27.8023052215576,0,33.0194664001465,0,0,0,7.87670145104232,0,0,0,0,0,0,0,0,0,15.9845151901245,0,0,0,13.9778270335425,0,5.79269631537694,0,6.71596489169381,0,0,0,0,0,0,0,0,0,0,0,7.85108021700417,0,0,0,0,0,0,0,0,0,8.01117426455021,0,32.9246101379395,0,0,0,5.97123566423207,0,0,0,0,0,9.56146538722051,0,0,0,0,9.66153317148035,0,0,0,5.51090640635104,0,0,0,0,0,0,0,0,0,0,0,7.35568959925796,18.7767026800858,0,3.73324690546308,0,0
0,12.7369075325173,0,0,0,0,0,0,61.7864723205566,16.3574604121122,0,0,0,0,0,23.1590881347656,37.6656601428986,14.2027218581846,47.304744720459,0,0,11.0753523936318,0,7.47695161039765,0,3.90454379899161,0,3.65665087103844,0,0,0,0,0,0,0,0,0,0,0,0,0,51.7467445373535,0,0,0,35.9840919971466,0,0,0,8.00386701930653,0,0,0,0,0,12.8613414764404,0,18.0675619904713,0,7.93370834263888,0,0,29.6948473339989,0,8.8369298123366,0,6.13432774927233,0,0,0,7.80242333147261,0,17.1108753681183,0,0,0,0,0,70.3897933959961,0,0,0,10.6520608779861,17.60182762146,23.3939373881318,45.0094585418701,0
5.25842744653875,0,0,0,0,0,0,0,0,0,0,0,0,0,0,0,0,0,0,0,0,0,6.31226074323742,0,5.69508595251414,0,5.19779184984826,0,0,0,0,0,0,0,0,0,0,0,0,0,0,0,0,0,0,0,43.9004821777344,0,4.53211310798047,0,0,0,0,0,6.25279639317439,0,20.4540374448223,0,7.89508974552155,0,3.89535020135698,0,0,27.3573434193929,0,7.90039427989145,0,5.51090640635104,0,0,0,8.94024372500066,0,18.0098969141642,0,0,0,0,0,0,0,0,5.96345166402442,0,0,0,0
0,0,0,0,0,0,0,0,0,0,0,2.98406422333639,0,2.96481132507324,0,0,106.840057373047,106.141218566895,83.2197756767273,39.3041114807129,0,9.95836036166207,0,15.038260312838,0,9.84241676330566,0,5.1867043047016,0,0,0,0,0,0,0,56.1852588653564,0,8.06325448686211,0,57.739678700765,0,26.1093392762981,0,61.6262748718262,0,25.3864483538202,0,74.6236892700195,0,13.4665428037229,0,0,0,0,0,0,0,8.00400670642909,0,3.50653377195605,0,0,18.5263730717456,0,10.4281044368243,0,12.8235865201036,0,7.80242333147261,0,0,0,7.29933167597569,0,0,0,49.159460067749,0,64.892519339537,0,8.92782697703574,0,54.7972308888155,0,19.9158863072219,22.2674717903137,0
0,0,0,0,0,0,0,0,0,0,16.2580186843872,0,0,0,0,0,0,0,0,0,0,0,17.4574853350048,0,0,0,13.7334825709715,0,3.27351990285909,0,6.62865753968557,0,0,0,0,0,61.0463314056396,0,4.03002672444289,0,0,0,22.7824813842773,0,0,0,24.9104091220432,0,7.15316940729435,0,0,0,0,0,0,0,10.8998771591881,0,5.04150223731995,0,0,0,0,16.9179275403464,0,11.4139159610495,0,0,0,8.94024372500066,0,0,0,6.63663986244717,0,0,0,0,0,55.689271291097,0,4.84308848462322,49.4590225219727,0,10.9293521619311,0,21.4565315246582
0,0,0,40.1647043228149,0,0,0,0,0,72.0101013183594,0,5.52985562651113,0,0,0,0,112.317081451416,82.4539575576782,65.7388516033397,7.95774483876954,0,23.5350465774536,0,19.9736680984497,0,0,0,3.36902093887329,0,4.78688398152095,0,0,0,0,0,57.9541140238444,0,12.5432839775985,0,55.223448845648,0,21.0509607606793,70.3357677459717,48.317458152771,0,24.8214703050416,0,54.4409956614176,0,27.8713480158055,0,0,0,0,0,0,0,6.39910665834425,0,0,0,0,14.6152866394793,0,15.492878660112,0,15.0504065922328,0,17.1108753681183,0,7.29933167597569,0,0,0,42.7084732055664,0,50.3158635033502,0,55.0744980314504,93.5100936889648,7.63436409363251,0,64.8871677850748,95.365852355957,20.4776901922336,19.3916439890862,0
0,0,42.4212510245187,0,0,0,0,0,136.785598754883,0,0,0,0,0,0,0,73.8911484027731,91.6482906341553,50.2136879933031,0,19.5635407765706,0,24.204231262207,0,0,0,0,0,4.22330188751221,0,3.19731307029724,0,0,0,72.5093460083008,0,63.4459663737904,0,35.5890312989553,122.892074584961,50.8805551364504,63.7645244598389,23.4655333750214,0,43.0570023059845,0,28.6703582407729,62.2130401046188,56.1968280441907,0,0,0,0,0,0,0,7.37430712436246,0,0,0,0,0,0,18.0898276771467,0,18.6352849006653,0,0,0,18.0098969141642,0,6.63663986244717,0,0,0,0,0,68.8074061075846,0,52.3973478995307,0,10.7795592566006,58.4779793729064,0,18.5684753210921,0,21.3080714040523
0,0,0,0,0,0,0,0,0,0,0,0,0,0,0,0,0,0,57.7005920410156,0,0,0,0,0,0,0,0,0,0,0,0,5.1302084262103,7.13431129331211,14.4151725954824,23.4208630561829,8.98873147794179,14.2833298365275,0,0,0,0,53.5050735473633,0,0,0,0,0,7.62696660300236,0,19.6307576497396,0,0,0,0,0,0,0,0,0,0,0,0,0,0,0,0,0,0,0,0,0,0,42.7084732055664,0,0,13.713818169644,22.9870811934324,30.320687359777,4.68362344980969,14.6720688343048,24.964147567749,28.8493843078613,4.82968265225248,0,0,0,0
