0,0,0.226501909846609,0,0.201267316937447,0,0,0,0.15512404350134,0,0,0,0,0,0,0,0.280053019523621,0,0.27049237083305,0,0,0,0,0,0,0,0,0,0,0,0,0,0,0,0,0,0.404760241508484,0,0.322259336709976,0,0.36156091094017,0.292166888713837,0.341565134748817,0,0,0,0.301180421596482,0,0.214783638850718,0,0.208992332220078,0,0,0,0.153962289568728,0.334073007106781,0.266595964198527,0,0,0,0,0,0,0.274996191263199,0,0,0,0,0,0,0,0.356864035129547,0.363014757633209,0.330045446753502,0,0,0,0,0,0.363734418695623,0,0.390102420002222,0.248059208163563,0,0.287019214686344,0,0.289615362882614
0,0,0,0.199391814029735,0,0.291638106107712,0,0,0.333099246025085,0.191598851414745,0,0,0,0,0,0.292430415235717,0.282132148742676,0.401033282279968,0.263815443708815,0,0,0,0,0.346323963077295,0,0,0,0,0,0,0,0,0,0,0,0.353889508680864,0,0.310808011170091,0,0.276439490169287,0,0.32138875366913,0.375019514560699,0.307962055007617,0.273509591817856,0.288618570771711,0.330952535072962,0,0,0.320007790577657,0,0,0,0,0,0.18212456538947,0,0.280717918818647,0,0.305369734764099,0,0.30173852460725,0,0,0,0,0.346400473534671,0,0.328982374320428,0,0.322022086080117,0,0.317677603700222,0.323860436677933,0,0,0,0,0.306932950721068,0.363172814249992,0.318920384939403,0.377770289778709,0.272812558211336,0.346699019273122,0.363890083298179,0,0.371160894632339
0.226501909846609,0,0,0,0.144591932666713,0,0,0,0.207197710287337,0,0,0,0,0,0,0,0.261105328798294,0,0.237084602316221,0,0,0,0,0,0,0,0,0,0,0,0,0,0,0,0,0,0,0,0.41547429561615,0,0.331659177939097,0.276183731853962,0.27958748065706,0,0,0,0.302217550137464,0,0.185877919137951,0,0.178822932335047,0,0,0,0.147988050653223,0,0.293005197115664,0,0.211878840481081,0,0.172221491734187,0,0,0.281940892338753,0,0,0,0,0,0,0,0.346120943946223,0,0.349140691937822,0,0,0,0,0,0.378034636378288,0,0.343669787049294,0.315879627470149,0,0.276278611102727,0,0.282087560210909
0,0.199391814029735,0,0,0,0.201309424746467,0,0,0.308764576911926,0.17975123987553,0,0,0,0,0,0.201052605804771,0,0,0.263484634459019,0.246383389601341,0,0,0,0,0,0,0,0,0,0,0,0,0,0,0,0.246234437001163,0,0.335059195756912,0,0.232446175068617,0,0.276087610807159,0,0.203298211097717,0,0.274640768436894,0.261237662285566,0,0,0.281110920468155,0,0.191440934513478,0,0,0,0.176319663253453,0,0.203371390511718,0,0.251910164952278,0,0.220710029152125,0.272065937843012,0.25128960609436,0,0,0.288018375635147,0,0,0,0.287007343024015,0.303469091653824,0.296114824320141,0,0,0,0,0,0.31391927047392,0,0.316976636648178,0,0.249143087729588,0.221572429788384,0.244614605586498,0.263265877962112,0
0.201267316937447,0,0.144591932666713,0,0,0,0.12339835613966,0,0.194906688978275,0,0,0,0,0,0.157480562726657,0,0,0,0.255416989326477,0,0.171287533496657,0,0,0,0,0,0,0,0,0,0,0,0,0,0,0,0.265714580814044,0,0,0,0,0.294085651636124,0.264710961033901,0.236403062939644,0.226555347442627,0.253520846366882,0.23129282018234,0.254803240299225,0.222256258130074,0,0.195767542388704,0,0,0,0,0,0.237415567040443,0,0.182661940654119,0,0.170138678335129,0,0,0.17324209914488,0,0,0,0,0,0,0,0,0,0,0,0,0,0,0.226826414465904,0.206014601513743,0,0,0.171971560871982,0.237362772226334,0.255759284146561,0,0
0,0.291638106107712,0,0.201309424746467,0,0,0,0,0,0,0,0,0,0,0,0,0,0,0,0.198613606393337,0,0,0,0,0,0,0,0,0,0,0,0,0,0,0,0.187821708309154,0,0,0,0.17309196293354,0,0.26897449195385,0,0,0,0,0,0,0,0.25259917601943,0,0.16121853608638,0,0,0,0.181499041616917,0,0.223142378032207,0,0.214068293571472,0,0.151131961494684,0,0,0,0,0,0,0,0,0,0,0,0,0,0,0,0,0.178475955344108,0,0,0,0.185965557561018,0.219458712607014,0.23250038992791,0,0
0,0,0,0,0.12339835613966,0,0,0,0,0,0.1697857409336,0,0,0,0,0,0,0,0,0,0,0,0,0,0,0,0,0,0,0,0,0,0,0,0,0,0.145907384532739,0,0,0,0,0,0,0,0,0,0,0,0,0,0.138623487204313,0,0.200998579462369,0,0,0,0.168598064382015,0,0,0,0,0,0,0,0,0,0,0,0,0,0,0,0,0,0,0,0,0,0,0.144398331642151,0,0,0.129198654701835,0,0,0,0
0,0,0,0,0,0,0,0,0,0,0,0,0,0,0,0,0,0,0,0,0,0,0,0,0,0,0,0,0,0,0,0,0,0,0,0,0,0,0,0,0,0,0,0,0,0,0,0,0,0,0,0,0,0.160489805042744,0,0,0,0.246447558764001,0,0,0,0,0,0,0,0,0,0,0,0,0,0,0,0,0,0,0,0,0,0,0,0,0.121946133673191,0,0,0,0
0.15512404350134,0.333099246025085,0.207197710287337,0.308764576911926,0.194906688978275,0,0,0,0,0,0,0,0,0,0.18554615084227,0,0.182659065723419,0,0.210979084173838,0,0,0,0.181325331330299,0,0.188571717021829,0,0,0,0,0,0,0,0,0,0,0,0,0.343312084674835,0.174585820390628,0.319200456142426,0.284322738647461,0.309200428426266,0.245574970046679,0.285273611545563,0.275063902139664,0.303713381290436,0.305606469511986,0,0.170270823380526,0,0.188376441597939,0,0,0,0.187700245424311,0.355682909488678,0.293878102343376,0,0,0,0.160188392098797,0,0,0.302610009908676,0,0,0,0.172729760408401,0,0.13843365944922,0,0.351752243439356,0,0.330656230449677,0,0,0,0,0,0.331107437610626,0.332344263792038,0.185133765352533,0.219924605290422,0.22835272219446,0.243576451880591,0,0.221673553525391
0,0.191598851414745,0,0.17975123987553,0,0,0,0,0,0,0,0,0,0,0,0.176214006975886,0,0.183090321719646,0.214484602585435,0,0,0,0,0.26569506872532,0,0.221602983974122,0,0,0,0,0,0,0,0,0,0,0,0.252456591433629,0,0.286467244227727,0,0.275345702966054,0,0,0.31616298854351,0.265623405575752,0.351917207241058,0,0,0.31278006395986,0,0,0,0,0,0.193940680883415,0.336057722568512,0.319642513990402,0,0,0,0.154070025462596,0.186773054301739,0,0,0,0.305926709259093,0,0,0,0.334464483401355,0,0.379285532981157,0.292131841182709,0,0,0,0,0.29790797829628,0,0.224078184761707,0,0.187647281254379,0.199294689704071,0.279377156170085,0,0
0,0,0,0,0,0,0.1697857409336,0,0,0,0,0,0.171945347450674,0,0,0,0,0,0,0,0.151925204721488,0,0,0,0,0,0,0,0,0,0.179036168188884,0,0,0,0,0,0.152562443953278,0,0.150652500318132,0,0,0,0,0,0,0,0,0,0.260338872671127,0,0,0,0.235913306474686,0,0,0,0.204446484071722,0,0.166272208094597,0,0,0,0,0.148257274033986,0,0,0,0,0,0,0,0,0,0.201359938792508,0,0,0,0,0,0.153818177979022,0,0.190637519583106,0.14734144260486,0,0.248021771961992,0,0
0,0,0,0,0,0,0,0,0,0,0,0,0,0.212662242725492,0,0,0,0,0,0.163357288665967,0,0,0,0,0,0,0,0.109046541154385,0,0.169990865797397,0,0,0,0,0,0.203907033801079,0,0.199317946643024,0,0,0,0,0,0,0,0,0,0,0,0,0,0,0,0,0,0,0,0.185707014196188,0,0.259064791643101,0,0,0,0,0,0,0,0,0,0,0.18772276382706,0,0.208942830834824,0,0,0,0,0,0,0,0.22746163029486,0,0.186486230642946,0,0,0,0
0,0,0,0,0,0,0,0,0,0,0.171945347450674,0,0,0,0.154946699738503,0,0,0,0,0,0,0,0,0,0,0,0,0,0.14680802822113,0,0,0,0,0,0,0,0,0,0,0,0,0,0,0,0,0,0,0,0,0,0,0,0,0,0,0,0.172864431722297,0,0.180990267059077,0,0,0,0,0,0,0,0,0,0,0,0,0,0,0,0,0,0,0,0,0,0,0,0.1718929708004,0.147840440273285,0,0,0
0,0,0,0,0,0,0,0,0,0,0,0.212662242725492,0,0,0,0,0,0,0,0,0,0,0,0,0,0,0,0.168677628040314,0,0,0,0,0,0,0,0,0,0,0,0,0,0,0,0,0,0,0,0,0,0.266411781311035,0,0,0,0,0,0,0,0.3021795908379,0,0.198290383165258,0,0,0,0,0,0,0,0,0,0,0.252275348763273,0,0.268139727413654,0,0,0,0,0,0,0,0,0,0.179396219838124,0.223430289399056,0,0,0
0,0,0,0,0.157480562726657,0,0,0,0.18554615084227,0,0,0,0.154946699738503,0,0,0,0.141085732811027,0,0,0,0,0,0,0,0,0,0.130031680688262,0,0,0,0,0,0,0,0,0,0,0,0,0,0,0,0,0,0,0,0,0,0,0,0,0,0,0,0.22863423694735,0,0,0,0.198312701284885,0,0.165619021547692,0,0,0,0,0,0,0,0,0,0,0,0,0,0,0,0,0,0,0,0,0,0.154549637011119,0.129492178559303,0,0,0
0,0.292430415235717,0,0.201052605804771,0,0,0,0,0,0.176214006975886,0,0,0,0,0,0,0,0.158326016833084,0.276676669716835,0,0,0,0,0.249091655589067,0,0.171599938928544,0,0,0,0,0,0,0,0,0,0,0,0.262556536330117,0,0.2668913629922,0,0.314917031276439,0,0.318108573555946,0,0.272778181566132,0,0,0,0.262009466812015,0,0,0,0,0,0.22024817019701,0,0,0,0,0,0.226656942244838,0,0,0,0,0.229278467022456,0,0.248555485190464,0,0.263775616884232,0,0,0,0,0,0,0,0.257350236177444,0,0.294445216655731,0,0.207873960336049,0.273174107074738,0.256783074733256,0,0
0.280053019523621,0.282132148742676,0.261105328798294,0,0,0,0,0,0.182659065723419,0,0,0,0,0,0.141085732811027,0,0,0.174834936145171,0.296165023186341,0,0,0,0.180545714994272,0,0.192724174158327,0,0.13891548609102,0,0.144656472453257,0,0,0,0,0,0,0.310064380367597,0.359000022764559,0.316696271300316,0.341505125812862,0.308216188635145,0.319473938674343,0.282971406976382,0.259781781905963,0.262769136577845,0.270847083734615,0.316874950260356,0.309031965701204,0,0.297172725200653,0.318718281057146,0.245662525296211,0,0,0,0,0.278774216771126,0.277692665656408,0,0,0,0,0,0.308699563145638,0.28949499130249,0,0,0,0,0,0,0,0.337720908224583,0.356638848781586,0.321551612019539,0,0,0,0,0.331364169068958,0.355072482065721,0.344352501280168,0.333946265114678,0.219390672376879,0.136987010588421,0.311814772747677,0.265820408860842,0.245828258246183
0,0.401033282279968,0,0,0,0,0,0,0,0.183090321719646,0,0,0,0,0,0.158326016833084,0.174834936145171,0,0.319786094624476,0,0,0.16544113017153,0,0,0,0.155916708771219,0,0,0,0,0,0,0,0,0,0.358295651276906,0.306960016489029,0.327657535672188,0.349072769284248,0.317363783717155,0.31628860367669,0.270336277782917,0.281354629567691,0.270167363614872,0.282213427126408,0.305379611404636,0.30781598126187,0,0,0.339479271103354,0,0,0,0,0,0.29370528459549,0.305177837610245,0,0,0,0,0.178666732402948,0.321327706178029,0.290627837181091,0.148148998618126,0,0,0,0.177941746332429,0,0.320944597323736,0.330990687012672,0.355955600738525,0.317016273736954,0,0,0,0,0.327196593246152,0.351838616710721,0.367416522502899,0.328471863553638,0.196161506562808,0.14639688012504,0.29945629285205,0.271001914143562,0.270987217624982
0.27049237083305,0.263815443708815,0.237084602316221,0.263484634459019,0.255416989326477,0,0,0,0.210979084173838,0.214484602585435,0,0,0,0,0,0.276676669716835,0.296165023186341,0.319786094624476,0,0,0,0,0,0,0,0,0,0,0,0,0,0,0,0,0,0.355449470090079,0.35547161803526,0.347136969233418,0.346526773057432,0.296015932287087,0.328027973537495,0.224724471967505,0.214292021760021,0.242527260936494,0.266778098871407,0.325002115191706,0.322650811567113,0.331382224957148,0.317268918183717,0.323574299317656,0.252908418575923,0,0,0,0,0.294990435242653,0.296244836583429,0.313212699216345,0.263124138116837,0,0,0.307440629601479,0.315961832037339,0.295241391629849,0,0,0.255301028490067,0,0.301694855093956,0,0.32506305924975,0.322960187529409,0.351882132291794,0.32772880913438,0,0,0,0.396465808153152,0.33515145525273,0.359473339388214,0.361754205652867,0.340432307112661,0.248990720742253,0.229069653947624,0.309768085813079,0.229201109599821,0.221606494317241
0,0,0,0.246383389601341,0,0.198613606393337,0,0,0,0,0,0.163357288665967,0,0,0,0,0,0,0,0,0,0,0,0,0,0,0,0,0,0.199336062778126,0,0,0,0,0,0.224842960852437,0,0.245976614927833,0,0,0,0.281119778752327,0,0,0,0.296818852424622,0,0,0,0,0,0.192285038530827,0,0,0,0,0,0.173276508493083,0,0,0,0,0.200346327621529,0,0,0,0,0,0,0,0,0,0.218231332865921,0,0,0,0,0,0.300075349071596,0,0.260701410642692,0,0.181294122011789,0.216101049500353,0.399494136166241,0,0
0,0,0,0,0.171287533496657,0,0,0,0,0,0.151925204721488,0,0,0,0,0,0,0,0,0,0,0,0,0,0,0,0,0,0,0,0,0,0,0,0,0,0.153373933076143,0,0.166255873288351,0,0,0,0.283073196808497,0,0,0,0.241921342909336,0,0.283452913165092,0,0.223230823138614,0,0.232133274277051,0,0,0,0.181738280098547,0,0,0,0,0,0,0.201056087447717,0,0,0,0,0,0,0,0,0,0,0,0,0,0,0,0.161501402933689,0,0.269199847228943,0.166639575139616,0.237120332817237,0.223208505246374,0,0
0,0,0,0,0,0,0,0,0,0,0,0,0,0,0,0,0,0.16544113017153,0,0,0,0,0.188431215286255,0.196553603407755,0,0.257426529210441,0,0.16044627496025,0,0,0,0,0,0,0,0,0,0.280662324119749,0,0,0,0,0,0,0,0,0,0,0,0.348683014020043,0,0,0,0,0,0,0,0,0,0,0,0,0,0,0.209052951578656,0,0.189185371569225,0,0.265723094876323,0,0.131428244213263,0,0,0,0,0,0,0,0,0,0.403746178433576,0,0.190844911475421,0.170856033443184,0,0,0
0,0,0,0,0,0,0,0,0.181325331330299,0,0,0,0,0,0,0,0.180545714994272,0,0,0,0,0.188431215286255,0,0,0.194298530748086,0,0.156542994081974,0,0.226737770551283,0,0,0,0,0,0,0,0,0.148882567882538,0.174888146010888,0,0,0,0,0,0,0,0,0,0.155679190603746,0,0,0,0,0,0,0,0,0,0,0,0,0,0,0,0.108542919158936,0.181796279728749,0,0.213326525977916,0,0.35152872800827,0,0.30527376858961,0,0,0,0,0,0,0,0,0,0.194746125406689,0.146974315587431,0.154314846163843,0,0,0
0,0.346323963077295,0,0,0,0,0,0,0,0.26569506872532,0,0,0,0,0,0.249091655589067,0,0,0,0,0,0.196553603407755,0,0,0,0.242902490662864,0,0,0,0,0,0,0,0,0,0,0,0.32779231584485,0,0,0,0.489312127232552,0.345639631152153,0,0.301422476768494,0,0,0,0,0.214242173700917,0,0,0,0,0,0.253282389756459,0,0,0,0,0,0.261040113866329,0,0,0.255377462693174,0,0.240181010627182,0,0.226216544325535,0,0.286569118499756,0,0,0,0,0,0,0,0,0,0.372701319026878,0,0.211508705510813,0.335966505110264,0.390674769878387,0,0
0,0,0,0,0,0,0,0,0.188571717021829,0,0,0,0,0,0,0,0.192724174158327,0,0,0,0,0,0.194298530748086,0,0,0,0.246973792711894,0,0,0,0,0,0,0,0,0,0,0,0.228217695951462,0,0,0,0.342317129884447,0,0,0,0,0,0.267289921455954,0,0,0,0,0,0.177794421261007,0,0,0,0,0,0,0,0,0,0,0.221877407814775,0,0.173581453788554,0,0.17387462221086,0,0,0,0,0,0,0,0,0,0,0,0.193249063832419,0.180602739787432,0,0.346568424011424,0,0
0,0,0,0,0,0,0,0,0,0.221602983974122,0,0,0,0,0,0.171599938928544,0,0.155916708771219,0,0,0,0.257426529210441,0,0.242902490662864,0,0,0,0,0,0,0,0,0,0,0,0,0,0.327683004240195,0,0,0,0,0,0,0,0,0,0,0,0.202177306371076,0,0,0,0,0,0.209628917849981,0,0,0,0,0,0.199678330397119,0,0,0.245032726589477,0,0.264792191275096,0,0.322172088378338,0,0,0,0,0,0,0,0,0,0,0,0.390630424022675,0,0.165722482344683,0,0.18546311929822,0,0
0,0,0,0,0,0,0,0,0,0,0,0,0,0,0.130031680688262,0,0.13891548609102,0,0,0,0,0,0.156542994081974,0,0.246973792711894,0,0,0,0.118286043405533,0,0,0,0,0,0,0,0,0,0,0,0,0,0.328526347875595,0,0,0,0,0,0.262440741710041,0,0,0,0,0,0,0,0,0,0,0,0,0,0,0,0,0,0,0.248073062300682,0,0.167639256565161,0,0,0,0,0,0,0,0,0,0,0,0,0.135644161701202,0,0.346835628151894,0,0
0,0,0,0,0,0,0,0,0,0,0,0.109046541154385,0,0.168677628040314,0,0,0,0,0,0,0,0.16044627496025,0,0,0,0,0,0,0,0.179854619696184,0,0,0,0,0,0,0,0.170771015101466,0,0,0,0,0,0,0,0,0,0,0,0,0,0,0,0,0,0,0,0,0,0.166832931943842,0,0,0,0,0.134268295584303,0,0,0,0.256247719128927,0,0.192607290610154,0,0.183246604149992,0,0,0,0,0,0,0,0.219084079776491,0,0.200834781660172,0.198034075698976,0,0,0
0,0,0,0,0,0,0,0,0,0,0,0,0.14680802822113,0,0,0,0.144656472453257,0,0,0,0,0,0.226737770551283,0,0,0,0.118286043405533,0,0,0,0.166802082420065,0,0,0,0,0,0,0,0.175161392663617,0,0,0,0,0,0,0,0,0,0,0,0,0,0,0,0,0,0,0,0.152445569634438,0,0,0,0,0,0,0.308227472580396,0,0,0,0.384256074825923,0,0.229059059181228,0,0.17451932032903,0,0,0,0,0,0,0,0.18020265908153,0.147810819745064,0.182725243531821,0,0,0
0,0,0,0,0,0,0,0,0,0,0,0.169990865797397,0,0,0,0,0,0,0,0.199336062778126,0,0,0,0,0,0,0,0.179854619696184,0,0,0,0,0,0,0,0,0,0.18953214539215,0,0,0,0,0,0,0,0,0,0,0,0,0,0,0,0,0,0,0,0.163804592421422,0,0,0,0,0,0,0,0,0,0,0,0,0.190598135290856,0,0.171394899399927,0,0,0,0,0,0,0,0.160191170422428,0,0.174210723572307,0.152407675981522,0,0,0
0,0,0,0,0,0,0,0,0,0,0.179036168188884,0,0,0,0,0,0,0,0,0,0,0,0,0,0,0,0,0,0.166802082420065,0,0,0,0,0,0,0,0,0,0.156266675376501,0,0,0,0,0,0,0,0,0,0,0,0,0,0,0,0,0,0.230765103117416,0,0,0,0,0,0,0,0,0,0,0,0,0,0,0.177146513202337,0,0.177161889495408,0,0,0,0,0,0,0,0.168627168116874,0.160445936389414,0,0,0,0
0,0,0,0,0,0,0,0,0,0,0,0,0,0,0,0,0,0,0,0,0,0,0,0,0,0,0,0,0,0,0,0,0.157861219622621,0.305160103365779,0,0.17373394704502,0,0,0,0.305594176054001,0,0,0,0,0,0,0,0.240296574845298,0,0.300308555364609,0,0,0,0,0,0,0,0,0,0,0,0,0,0,0,0,0,0,0,0,0,0,0,0,0.166558084090662,0.150870640846816,0.258603549251954,0,0.235496646018676,0.32073974609375,0,0,0.136231226356406,0,0,0,0
0,0,0,0,0,0,0,0,0,0,0,0,0,0,0,0,0,0,0,0,0,0,0,0,0,0,0,0,0,0,0,0.157861219622621,0,0,0.20511673234011,0.122360240760727,0.224864242541971,0,0,0.482795178890228,0,0,0,0,0,0,0,0.362156376719152,0.508842347697778,0.509486521993365,0,0,0,0,0,0,0,0,0,0,0,0,0,0,0,0,0,0,0,0,0,0,0,0,0.138524116948247,0.191096193863441,0,0.270688244452079,0.29456857911178,0.259007444769837,0,0,0.181647397688142,0,0.546436160802841,0,0
0,0,0,0,0,0,0,0,0,0,0,0,0,0,0,0,0,0,0,0,0,0,0,0,0,0,0,0,0,0,0,0.305160103365779,0,0,0.165608348165826,0.19371228718615,0.154532139499982,0.20884142603193,0.129368960857391,0,0,0.547206659729664,0,0,0,0,0,0.240180933486025,0,0.249378834241702,0,0,0,0,0,0,0,0,0,0,0,0,0,0,0,0,0,0,0,0,0,0,0,0,0.310063872036043,0,0.198508302937353,0.183516412973404,0.218285775226023,0.153359994292259,0.199767444539167,0,0.203526722299948,0,0.603644728660583,0,0
0,0,0,0,0,0,0,0,0,0,0,0,0,0,0,0,0,0,0,0,0,0,0,0,0,0,0,0,0,0,0,0,0.20511673234011,0.165608348165826,0,0,0.164700021629962,0.163533360717144,0.176719032273702,0,0,0,0.20517868300279,0,0,0,0,0.236664654793882,0.363495061794917,0,0,0,0,0,0,0,0,0,0,0,0,0,0,0,0,0,0,0,0,0,0,0,0,0,0,0.194746725757917,0.151277233010683,0.212754075548852,0.308830857276917,0.261756057089025,0,0.208119264601365,0.198411551093199,0,0,0,0
0,0.353889508680864,0,0.246234437001163,0,0.187821708309154,0,0,0,0,0,0.203907033801079,0,0,0,0,0.310064380367597,0.358295651276906,0.355449470090079,0.224842960852437,0,0,0,0,0,0,0,0,0,0,0,0.17373394704502,0.122360240760727,0.19371228718615,0,0,0.150009769997543,0.246695393344919,0.114097490906715,0.320687440534433,0.35225448012352,0.312987902503929,0.325281341870626,0.337718052996529,0.356226389606794,0.334257818542081,0.36902330070734,0.362224054460081,0,0.306798828528231,0,0.204588154951731,0,0,0,0.189861312508583,0,0.216194871951033,0,0.234062477946281,0,0.235225394368172,0.237333714889758,0,0,0,0,0,0,0,0,0.329196065664291,0.320489084720612,0.332583993673325,0.163548654743603,0.244641803205013,0.176054971405943,0,0.205528583522049,0.20962002409829,0.272958566432748,0.366664220889409,0.209843551569651,0.1906549266634,0.32273351865499,0.315470278263092,0.346671462059021
0.404760241508484,0,0,0,0.265714580814044,0,0.145907384532739,0,0,0,0.152562443953278,0,0,0,0,0,0.359000022764559,0.306960016489029,0.35547161803526,0,0.153373933076143,0,0,0,0,0,0,0,0,0,0,0,0.224864242541971,0.154532139499982,0.164700021629962,0.150009769997543,0,0.359621495008469,0.1912899049745,0.337912857532501,0.361954364511702,0.331012517213821,0.33465487648875,0.330156058073044,0.394715582951903,0.360193263739347,0.321704350830464,0.44194665171098,0.338750058975147,0.31781405210495,0.214721445073473,0,0.142769323218436,0,0,0,0.192832733469981,0,0.214793180425962,0,0,0,0,0.182017713485091,0,0,0,0,0,0,0,0.339093178510666,0.345284432172775,0,0,0.203706864593488,0,0.235560579304993,0.289483232582186,0.200060908111519,0.359895884990692,0.251003167718899,0.176792912458801,0.22191818000009,0.257916033602832,0,0.347708309453631
0,0.310808011170091,0,0.335059195756912,0,0,0,0,0.343312084674835,0.252456591433629,0,0.199317946643024,0,0,0,0.262556536330117,0.316696271300316,0.327657535672188,0.347136969233418,0.245976614927833,0,0.280662324119749,0.148882567882538,0.32779231584485,0,0.327683004240195,0,0.170771015101466,0,0.18953214539215,0,0,0,0.20884142603193,0.163533360717144,0.246695393344919,0.359621495008469,0,0.155056449865538,0.299625688232481,0,0.568428610182471,0.518301966786385,0.321897586186727,0.265766233205795,0.31205816525552,0,0.482159154445912,0,0.283183536235432,0,0,0,0,0,0.226552381897564,0,0.168892316655679,0,0,0,0.38429769128561,0.264627152893652,0,0.187121110538451,0,0.299235023957873,0,0.229045763611794,0,0.144504274052333,0,0.17342527281334,0,0,0,0.165295536120163,0,0.260344769488048,0.382540866732597,0.238358105336538,0.137331709604372,0.347702629728654,0.320947341577181,0.380784564002713,0.33002570271492,0
0.322259336709976,0,0.41547429561615,0,0,0,0,0,0.174585820390628,0,0.150652500318132,0,0,0,0,0,0.341505125812862,0.349072769284248,0.346526773057432,0,0.166255873288351,0,0.174888146010888,0,0.228217695951462,0,0,0,0.175161392663617,0,0.156266675376501,0,0,0.129368960857391,0.176719032273702,0.114097490906715,0.1912899049745,0.155056449865538,0,0,0.331201702356339,0.327501475811005,0.637844681059389,0,0.380015132102099,0.319306820631027,0.319570077997115,0.502426930540882,0.349342209922301,0.383891493082047,0,0,0,0,0.20107692765863,0,0.226202375147232,0,0,0,0,0,0,0.238476739402734,0,0.207307256968418,0,0.200655120190795,0,0.315068557858467,0,0.434547769011192,0.338892757892609,0.159139146712282,0,0,0,0.185542745542962,0.341789856553078,0.231583231929074,0.196183931827545,0.203213993101863,0.280821177831862,0.261102506683932,0.344334751367569,0,0.339021739173443
0,0.276439490169287,0,0.232446175068617,0,0.17309196293354,0,0,0.319200456142426,0.286467244227727,0,0,0,0,0,0.2668913629922,0.308216188635145,0.317363783717155,0.296015932287087,0,0,0,0,0,0,0,0,0,0,0,0,0.305594176054001,0.482795178890228,0,0,0.320687440534433,0.337912857532501,0.299625688232481,0,0,0.312077224254608,0.266676146190228,0.30204397936662,0.329615117750899,0.319798811123921,0.260992859683981,0.334389143519931,0.351312506303777,0.479303292384962,0.405737137273844,0.326061517000198,0,0,0,0,0.265152886509895,0.358598470687866,0.250464777151744,0,0,0,0.257406474649906,0.300780827348883,0,0,0,0,0,0.247898817062378,0,0.298155656882695,0.340524770319462,0.296210035681725,0.305144011974335,0.318981945514679,0.48521500825882,0,0,0.359768829410432,0.367844545178943,0.340545747767795,0.342301122844219,0.321785493167964,0.267163447539012,0.258150279155364,0.270526452537845,0.301796928048134
0.36156091094017,0,0.331659177939097,0,0,0,0,0,0.284322738647461,0,0,0,0,0,0,0,0.319473938674343,0.31628860367669,0.328027973537495,0,0,0,0,0,0,0,0,0,0,0,0,0,0,0,0,0.35225448012352,0.361954364511702,0,0.331201702356339,0.312077224254608,0,0.30648048967123,0.265517452705508,0.288005884204592,0.332037905805141,0.347867295145988,0.288369906415031,0,0.258385749418794,0.330901304880778,0.240162804722786,0,0,0,0,0,0.310342350176402,0,0,0,0,0,0.345891177654266,0.236877553122057,0,0,0,0,0,0,0,0.327696073800325,0.320141673088074,0.291446561037108,0,0,0,0.295477211475372,0.356831908226013,0.312435611467444,0.345103824138641,0.307038174369014,0.323620383156819,0.292749494887315,0.301337083856447,0.296454757452011,0.281269015744328
0.292166888713837,0.32138875366913,0.276183731853962,0.276087610807159,0.294085651636124,0.26897449195385,0,0,0.309200428426266,0.275345702966054,0,0,0,0,0,0.314917031276439,0.282971406976382,0.270336277782917,0.224724471967505,0.281119778752327,0,0,0,0.489312127232552,0,0,0,0,0,0,0,0,0,0.547206659729664,0,0.312987902503929,0.331012517213821,0.568428610182471,0.327501475811005,0.266676146190228,0.30648048967123,0,0.349123003661567,0.274450987352421,0.267058197408915,0.32813444457321,0.302267228563627,0.555822936162833,0.426375941884133,0.326135130828563,0,0.276837932212012,0,0,0,0.289178927389669,0.30355550100406,0.3213400830553,0,0.278124034404755,0,0.324139245714133,0.305430254178067,0.345561772584915,0,0,0.352228384268911,0,0.285843998193741,0,0.321539293877457,0.337873796621958,0.390947155122246,0.348138194531202,0,0,0,0,0.311401152554507,0.344641244038939,0.332268055541851,0.292541701594988,0.333741485384659,0.620651328137943,0.297792115152821,0.216056406265125,0.244116939604282
0.341565134748817,0.375019514560699,0.27958748065706,0,0.264710961033901,0,0,0,0.245574970046679,0,0,0,0,0,0,0,0.259781781905963,0.281354629567691,0.214292021760021,0,0.283073196808497,0,0,0.345639631152153,0.342317129884447,0,0.328526347875595,0,0,0,0,0,0,0,0.20517868300279,0.325281341870626,0.33465487648875,0.518301966786385,0.637844681059389,0.30204397936662,0.265517452705508,0.349123003661567,0,0.244154375578676,0.267843188009278,0.29881545546509,0.292295889021082,0.479746590457973,0.444154834400208,0.309499911390818,0.272305141435936,0,0,0,0.234921058639884,0.31672540307045,0.313502430083863,0.295230627059937,0.268386377642552,0,0,0,0,0.311909986672059,0,0.324694037437439,0.33506652712822,0.257134690880775,0,0,0.313303073247274,0.366959266988925,0.340118298927943,0.338267959178166,0,0,0,0.327563617910658,0.314487649462162,0.321034021461425,0.373447832465172,0.386821683508572,0.35486294077455,0.486595538892145,0.320155229609737,0.188425416747729,0.240103536163165
0,0.307962055007617,0,0.203298211097717,0.236403062939644,0,0,0,0.285273611545563,0,0,0,0,0,0,0.318108573555946,0.262769136577845,0.270167363614872,0.242527260936494,0,0,0,0,0,0,0,0,0,0,0,0,0,0,0,0,0.337718052996529,0.330156058073044,0.321897586186727,0,0.329615117750899,0.288005884204592,0.274450987352421,0.244154375578676,0,0.204991357028484,0.362553045642797,0.281665896375974,0,0,0.3070136581858,0,0,0,0,0,0.382230132818222,0.336854070425034,0.308395832777023,0,0,0,0.270159065723419,0.333663754165173,0,0,0,0.288927674293518,0,0,0,0.326088647047679,0,0.339853829145431,0.327357202768326,0,0,0,0,0.36619511816671,0.333262916122164,0.344388479464933,0.317658871412277,0.229759540136268,0.240868913275855,0.35068238290737,0.25385260283947,0.217075049877167
0,0.273509591817856,0,0,0.226555347442627,0,0,0,0.275063902139664,0.31616298854351,0,0,0,0,0,0,0.270847083734615,0.282213427126408,0.266778098871407,0,0,0,0,0.301422476768494,0,0,0,0,0,0,0,0,0,0,0,0.356226389606794,0.394715582951903,0.265766233205795,0.380015132102099,0.319798811123921,0.332037905805141,0.267058197408915,0.267843188009278,0.204991357028484,0,0.301250096100072,0.353968977001079,0,0.439635157585144,0.30793730701719,0.278234273195267,0,0,0,0,0,0.293082781136036,0,0,0,0,0,0.295032322406769,0.319188764034691,0,0,0,0,0,0,0.330773890018463,0.322874896228313,0.334788233041763,0.388702778145671,0,0,0,0,0.331965898131502,0.391057273791999,0.345291815698147,0.390846641313645,0.228505092429685,0.247363877567378,0.365358026121577,0.260015457868576,0.287077671464752
0,0.288618570771711,0,0.274640768436894,0.253520846366882,0,0,0,0.303713381290436,0.265623405575752,0,0,0,0,0,0.272778181566132,0.316874950260356,0.305379611404636,0.325002115191706,0.296818852424622,0,0,0,0,0,0,0,0,0,0,0,0,0,0,0,0.334257818542081,0.360193263739347,0.31205816525552,0.319306820631027,0.260992859683981,0.347867295145988,0.32813444457321,0.29881545546509,0.362553045642797,0.301250096100072,0,0.337695099413395,0,0,0.326019447929454,0.31128802895546,0.213613256812096,0,0,0,0.262653551557485,0.314413726329803,0.301319614052773,0,0,0,0.289206949564127,0.280409350925931,0.306547798216343,0,0,0,0,0,0,0.320986224710941,0.349910885095596,0.297721578739583,0.328459433146885,0,0,0,0,0.30448294262666,0.36142233479768,0.333887793265368,0.356752408989545,0.329114122503344,0.286326660862509,0.298283140362323,0.312705946656374,0.289645302295685
0.301180421596482,0.330952535072962,0.302217550137464,0.261237662285566,0.23129282018234,0,0,0,0.305606469511986,0.351917207241058,0,0,0,0,0,0,0.309031965701204,0.30781598126187,0.322650811567113,0,0.241921342909336,0,0,0,0,0,0,0,0,0,0,0,0,0,0,0.36902330070734,0.321704350830464,0,0.319570077997115,0.334389143519931,0.288369906415031,0.302267228563627,0.292295889021082,0.281665896375974,0.353968977001079,0.337695099413395,0,0.380242258310318,0.294695062041283,0.340950987555764,0.258563389965132,0,0,0,0,0.344722583889961,0.301274401754358,0,0.269561461607615,0,0,0,0,0.300548660287556,0,0,0,0,0,0,0.347271303335826,0.325608174967509,0.350880960623423,0.315355064702588,0,0,0,0.44388011097908,0.356849736788056,0.290017782928107,0.356297020401273,0.319798461223879,0.317970253346501,0.279327921569347,0.324262679981835,0.27174898982048,0.293536793101918
0,0,0,0,0.254803240299225,0,0,0,0,0,0,0,0,0,0,0,0,0,0.331382224957148,0,0,0,0,0,0,0,0,0,0,0,0,0.240296574845298,0.362156376719152,0.240180933486025,0.236664654793882,0.362224054460081,0.44194665171098,0.482159154445912,0.502426930540882,0.351312506303777,0,0.555822936162833,0.479746590457973,0,0,0,0.380242258310318,0,0.508679179007395,0.430084086352294,0,0,0,0,0,0,0,0,0,0,0,0,0,0.321156218647957,0,0,0.467066764831543,0,0,0,0,0,0,0,0.274242713396726,0.386029505714381,0.299944044377214,0.210378921872308,0.395945401457341,0.411894710855963,0.44174641314894,0.43428754962626,0.52226318025003,0.733820703468825,0.466985754745841,0,0.302860736846924
0.214783638850718,0,0.185877919137951,0,0.222256258130074,0,0,0,0.170270823380526,0,0.260338872671127,0,0,0,0,0,0.297172725200653,0,0.317268918183717,0,0.283452913165092,0,0.155679190603746,0,0.267289921455954,0,0.262440741710041,0,0,0,0,0,0.508842347697778,0,0.363495061794917,0,0.338750058975147,0,0.349342209922301,0.479303292384962,0.258385749418794,0.426375941884133,0.444154834400208,0,0.439635157585144,0,0.294695062041283,0.508679179007395,0,0.47883288646644,0.207651104616082,0,0,0,0.179529378859742,0,0.265679471899529,0,0,0,0,0,0,0.292345001362264,0,0.260824365654194,0,0.215184973803734,0,0.267773710752046,0,0.361248875813966,0,0.273242490082387,0,0.464178897440434,0,0.327439334786054,0,0.320175798509711,0,0.317496569851723,0.45551025309278,0.292001247406006,0.323967187832275,0,0.29466466670451
0,0.320007790577657,0,0.281110920468155,0,0.25259917601943,0,0,0,0.31278006395986,0,0,0,0.266411781311035,0,0.262009466812015,0.318718281057146,0.339479271103354,0.323574299317656,0,0,0.348683014020043,0,0.214242173700917,0,0.202177306371076,0,0,0,0,0,0.300308555364609,0.509486521993365,0.249378834241702,0,0.306798828528231,0.31781405210495,0.283183536235432,0.383891493082047,0.405737137273844,0.330901304880778,0.326135130828563,0.309499911390818,0.3070136581858,0.30793730701719,0.326019447929454,0.340950987555764,0.430084086352294,0.47883288646644,0,0,0.249769881367683,0,0,0,0.216759752515143,0.380841612815857,0.439993040209793,0,0.303046226501465,0,0.274854911238323,0.35200123488903,0.347772493958473,0.310552324735841,0,0.226261360004404,0,0.301110554175661,0,0.368792898912247,0.351902052760124,0.457903000404095,0.350285059213638,0.475976444780827,0.454709080250367,0.294365078303963,0,0.341809967529056,0.354435707132022,0.298628600388765,0.344797205924988,0.376719024781503,0.317376989126205,0.389301155086111,0.313438053978117,0.292940616607666
0.208992332220078,0,0.178822932335047,0,0.195767542388704,0,0.138623487204313,0,0.188376441597939,0,0,0,0,0,0,0,0.245662525296211,0,0.252908418575923,0,0.223230823138614,0,0,0,0,0,0,0,0,0,0,0,0,0,0,0,0.214721445073473,0,0,0.326061517000198,0.240162804722786,0,0.272305141435936,0,0.278234273195267,0.31128802895546,0.258563389965132,0,0.207651104616082,0,0,0,0.137116327881813,0,0,0,0.272772700271823,0,0,0,0,0,0,0.274084518519216,0,0,0,0,0,0,0,0.284972578287125,0,0.314531087875366,0,0,0,0,0.328954219818115,0.24912784684722,0.342364460229874,0,0.188744843627016,0.24600816052407,0.240601377891207,0,0.224555537104607
0,0,0,0.191440934513478,0,0.16121853608638,0,0,0,0,0,0,0,0,0,0,0,0,0,0.192285038530827,0,0,0,0,0,0,0,0,0,0,0,0,0,0,0,0.204588154951731,0,0,0,0,0,0.276837932212012,0,0,0,0.213613256812096,0,0,0,0.249769881367683,0,0,0,0.24518483504653,0,0.156225971877575,0,0.164477141464458,0,0.182416141529878,0,0.167721364137938,0.194973662495613,0,0,0,0,0,0,0,0,0,0,0,0,0,0,0,0,0,0,0,0.211740346252918,0.212813439277502,0.206138101631197,0,0
0,0,0,0,0,0,0.200998579462369,0,0,0,0.235913306474686,0,0,0,0,0,0,0,0,0,0.232133274277051,0,0,0,0,0,0,0,0,0,0,0,0,0,0,0,0.142769323218436,0,0,0,0,0,0,0,0,0,0,0,0,0,0.137116327881813,0,0,0,0,0,0.196444172385737,0,0,0,0,0,0,0.283457815647125,0,0,0,0,0,0,0,0,0,0,0,0,0,0,0,0,0,0,0.176430178806186,0,0,0,0
0,0,0,0,0,0,0,0.160489805042744,0,0,0,0,0,0,0,0,0,0,0,0,0,0,0,0,0,0,0,0,0,0,0,0,0,0,0,0,0,0,0,0,0,0,0,0,0,0,0,0,0,0,0,0.24518483504653,0,0,0,0,0,0.249303450256275,0,0,0,0,0,0,0,0,0,0,0,0,0,0,0,0,0,0,0,0,0,0,0,0,0,0,0,0,0
0.153962289568728,0,0.147988050653223,0,0,0,0,0,0.187700245424311,0,0,0,0,0,0.22863423694735,0,0,0,0,0,0,0,0,0,0.177794421261007,0,0,0,0,0,0,0,0,0,0,0,0,0,0.20107692765863,0,0,0,0.234921058639884,0,0,0,0,0,0.179529378859742,0,0,0,0,0,0,0,0.238635584712029,0,0,0,0.209120988845825,0,0,0,0,0,0,0.210601098651178,0,0.187718823552132,0,0,0,0,0,0,0,0,0,0,0,0.191465969707422,0.205108913297035,0.215476675210772,0.176292460803394,0,0
0.334073007106781,0.18212456538947,0,0.176319663253453,0,0.181499041616917,0,0,0.355682909488678,0.193940680883415,0,0,0,0,0,0.22024817019701,0.278774216771126,0.29370528459549,0.294990435242653,0,0,0,0,0.253282389756459,0,0.209628917849981,0,0,0,0,0,0,0,0,0,0.189861312508583,0,0.226552381897564,0,0.265152886509895,0,0.289178927389669,0.31672540307045,0.382230132818222,0,0.262653551557485,0.344722583889961,0,0,0.216759752515143,0,0.156225971877575,0,0,0,0,0.341123431921005,0.365792453289032,0,0,0,0.169126818350737,0.188675393660863,0,0,0,0.232827167982692,0,0,0,0.32875984609127,0.38924840092659,0.336269922554493,0,0,0,0,0,0.312098294496536,0,0.198334814987931,0.378712087869644,0.236555977278397,0.228415581583977,0.280698421897378,0,0
0.266595964198527,0,0.293005197115664,0,0.237415567040443,0,0.168598064382015,0,0.293878102343376,0.336057722568512,0.204446484071722,0,0.172864431722297,0,0,0,0.277692665656408,0.305177837610245,0.296244836583429,0,0.181738280098547,0,0,0,0,0,0,0,0,0,0.230765103117416,0,0,0,0,0,0.192832733469981,0,0.226202375147232,0.358598470687866,0.310342350176402,0.30355550100406,0.313502430083863,0.336854070425034,0.293082781136036,0.314413726329803,0.301274401754358,0,0.265679471899529,0.380841612815857,0.272772700271823,0,0.196444172385737,0,0.238635584712029,0.341123431921005,0,0,0.274355921877208,0,0,0,0,0.320014732798485,0,0,0,0,0,0,0.378521829843521,0.383558485352475,0.304147630929947,0.350391064921073,0,0,0,0,0.328601366281509,0.282854860891467,0,0.376577969197397,0.300142934866271,0.248452097177505,0.298707255189021,0,0.322222223824209
0,0.280717918818647,0,0.203371390511718,0,0.223142378032207,0,0.246447558764001,0,0.319642513990402,0,0.185707014196188,0,0.3021795908379,0,0,0,0,0.313212699216345,0.173276508493083,0,0,0,0,0,0,0,0,0,0.163804592421422,0,0,0,0,0,0.216194871951033,0,0.168892316655679,0,0.250464777151744,0,0.3213400830553,0.295230627059937,0.308395832777023,0,0.301319614052773,0,0,0,0.439993040209793,0,0.164477141464458,0,0.249303450256275,0,0.365792453289032,0,0,0,0.21404028609395,0,0.201103553175926,0.25171481197079,0.280475348234177,0,0,0,0,0,0,0.423603375628591,0,0.314113221483277,0,0,0,0,0,0.305818067863584,0,0.301681111256282,0,0.21529178777665,0.229047363996506,0.316457786901112,0.330660700798035,0
0,0,0.211878840481081,0,0.182661940654119,0,0,0,0,0,0.166272208094597,0,0.180990267059077,0,0.198312701284885,0,0,0,0.263124138116837,0,0,0,0,0,0,0,0,0,0.152445569634438,0,0,0,0,0,0,0,0.214793180425962,0,0,0,0,0,0.268386377642552,0,0,0,0.269561461607615,0,0,0,0,0,0,0,0,0,0.274355921877208,0,0,0,0.195320250466466,0,0,0.324272483587265,0,0,0,0,0,0.341074576781642,0,0.326283809958635,0,0.282833661351885,0,0,0,0,0,0.260868228971958,0,0.291257321834564,0.21057887833852,0,0.229494606587622,0,0.299871444702148
0,0.305369734764099,0,0.251910164952278,0,0.214068293571472,0,0,0,0,0,0.259064791643101,0,0.198290383165258,0,0,0,0,0,0,0,0,0,0,0,0,0,0.166832931943842,0,0,0,0,0,0,0,0.234062477946281,0,0,0,0,0,0.278124034404755,0,0,0,0,0,0,0,0.303046226501465,0,0.182416141529878,0,0,0,0,0,0.21404028609395,0,0,0,0.317276854668894,0,0,0,0,0.262863159179688,0,0.36805539727211,0,0.200177550315857,0,0,0,0,0,0,0,0.280645549297333,0,0,0,0.249675262719393,0.220415055751801,0.248702384531498,0,0
0,0,0.172221491734187,0,0.170138678335129,0,0,0,0.160188392098797,0,0,0,0,0,0.165619021547692,0,0,0,0,0,0,0,0,0,0,0,0,0,0,0,0,0,0,0,0,0,0,0,0,0,0,0,0,0,0,0,0,0,0,0,0,0,0,0,0.209120988845825,0,0,0,0.195320250466466,0,0,0,0,0,0,0,0,0,0,0,0,0,0,0,0,0,0,0,0,0,0,0,0.154292342031286,0,0.269595503807068,0,0
0,0.30173852460725,0,0.220710029152125,0,0.151131961494684,0,0,0,0.154070025462596,0,0,0,0,0,0.226656942244838,0,0.178666732402948,0.307440629601479,0,0,0,0,0.261040113866329,0,0.199678330397119,0,0,0,0,0,0,0,0,0,0.235225394368172,0,0.38429769128561,0,0.257406474649906,0,0.324139245714133,0,0.270159065723419,0,0.289206949564127,0,0,0,0.274854911238323,0,0.167721364137938,0,0,0,0.169126818350737,0,0.201103553175926,0,0.317276854668894,0,0,0.224588669836521,0,0,0,0.254028840197457,0,0.313529081729939,0,0.332511850765773,0,0,0,0,0,0,0,0,0,0.272154957056046,0,0.281025501049083,0.219011959433556,0.304009232333381,0,0
0,0,0,0.272065937843012,0,0,0,0,0,0.186773054301739,0,0,0,0,0,0,0.308699563145638,0.321327706178029,0.315961832037339,0.200346327621529,0,0,0,0,0,0,0,0,0,0,0,0,0,0,0,0.237333714889758,0,0.264627152893652,0,0.300780827348883,0.345891177654266,0.305430254178067,0,0.333663754165173,0.295032322406769,0.280409350925931,0,0,0,0.35200123488903,0,0.194973662495613,0,0,0,0.188675393660863,0,0.25171481197079,0,0,0,0.224588669836521,0,0,0,0,0,0,0,0,0,0,0.289773563698212,0,0,0,0,0,0.290645102343044,0,0.302249181881349,0,0.196169882808646,0.284150918324788,0.266414629988612,0,0
0.274996191263199,0,0.281940892338753,0.25128960609436,0.17324209914488,0,0,0,0.302610009908676,0,0.148257274033986,0,0,0,0,0,0.28949499130249,0.290627837181091,0.295241391629849,0,0.201056087447717,0,0,0,0,0,0,0,0,0,0,0,0,0,0,0,0.182017713485091,0,0.238476739402734,0,0.236877553122057,0.345561772584915,0.311909986672059,0,0.319188764034691,0.306547798216343,0.300548660287556,0.321156218647957,0.292345001362264,0.347772493958473,0.274084518519216,0,0.283457815647125,0,0,0,0.320014732798485,0.280475348234177,0.324272483587265,0,0,0,0,0,0,0,0,0,0,0,0,0.364258806751325,0,0.352011207364971,0,0,0,0,0,0.285690757926623,0.360791554053624,0.308763826023846,0.234205050532483,0.2678296821458,0.314338676287404,0,0.324235219094488
0,0,0,0,0,0,0,0,0,0,0,0,0,0,0,0,0,0.148148998618126,0,0,0,0.209052951578656,0.108542919158936,0.255377462693174,0,0.245032726589477,0,0.134268295584303,0,0,0,0,0,0,0,0,0,0.187121110538451,0,0,0,0,0,0,0,0,0,0,0,0.310552324735841,0,0,0,0,0,0,0,0,0,0,0,0,0,0,0,0,0.203106532278268,0,0.207788214087486,0,0,0,0,0,0,0,0,0,0,0,0.240313429184474,0,0.161379395226638,0.170765481518897,0,0,0
0,0,0,0,0,0,0,0,0,0,0,0,0,0,0,0,0,0,0,0,0,0,0.181796279728749,0,0.221877407814775,0,0,0,0.308227472580396,0,0,0,0,0,0,0,0,0,0.207307256968418,0,0,0,0.324694037437439,0,0,0,0,0,0.260824365654194,0,0,0,0,0,0,0,0,0,0,0,0,0,0,0,0,0,0,0.197216696379816,0,0.324655436572775,0,0.354578333356047,0,0,0,0,0,0,0,0,0,0.222944529770871,0.136385262388141,0.107429535551505,0.310146565083414,0,0
0,0.346400473534671,0,0.288018375635147,0,0,0,0,0,0.305926709259093,0,0,0,0,0,0.229278467022456,0,0,0.255301028490067,0,0,0.189185371569225,0,0.240181010627182,0,0.264792191275096,0,0,0,0,0,0,0,0,0,0,0,0.299235023957873,0,0,0,0.352228384268911,0.33506652712822,0.288927674293518,0,0,0,0.467066764831543,0,0.226261360004404,0,0,0,0,0,0.232827167982692,0,0,0,0.262863159179688,0,0.254028840197457,0,0,0.203106532278268,0,0,0,0.244538656870524,0,0,0,0,0.357491582632065,0,0,0,0,0,0,0.272632562193364,0,0.236336047937976,0.308031658331553,0.323765385191183,0,0
0,0,0,0,0,0,0,0,0.172729760408401,0,0,0,0,0,0,0,0,0,0,0,0,0,0.213326525977916,0,0.173581453788554,0,0.248073062300682,0,0,0,0,0,0,0,0,0,0,0,0.200655120190795,0,0,0,0.257134690880775,0,0,0,0,0,0.215184973803734,0,0,0,0,0,0.210601098651178,0,0,0,0,0,0,0,0,0,0,0.197216696379816,0,0,0,0.25463426609834,0,0,0,0,0,0,0,0,0,0,0,0.193446702487214,0.237888757671629,0,0.263087151822497,0,0
0,0.328982374320428,0,0,0,0,0,0,0,0,0,0,0,0,0,0.248555485190464,0,0.177941746332429,0.301694855093956,0,0,0.265723094876323,0,0.226216544325535,0,0.322172088378338,0,0.256247719128927,0,0,0,0,0,0,0,0,0,0.229045763611794,0,0.247898817062378,0,0.285843998193741,0,0,0,0,0,0,0,0.301110554175661,0,0,0,0,0,0,0,0,0,0.36805539727211,0,0.313529081729939,0,0,0.207788214087486,0,0.244538656870524,0,0,0,0.302001667318043,0,0,0,0,0,0,0,0,0,0,0,0.2000406285127,0,0.297697798482009,0,0
0,0,0,0,0,0,0,0,0.13843365944922,0,0,0,0,0,0,0,0,0,0,0,0,0,0.35152872800827,0,0.17387462221086,0,0.167639256565161,0,0.384256074825923,0,0,0,0,0,0,0,0,0,0.315068557858467,0,0,0,0,0,0,0,0,0,0.267773710752046,0,0,0,0,0,0.187718823552132,0,0,0,0.341074576781642,0,0,0,0,0,0,0.324655436572775,0,0.25463426609834,0,0,0,0.378261341976342,0,0,0,0,0,0,0,0,0,0,0.346696019172668,0,0.343384320014402,0,0
