0,0,0.157983657566534,0,0,0,0,0,0.240144341446386,0,0.358472436666489,0,0,0,0,0,0.417084949357169,0.320146083831787,0.375413016867392,0,0.397913485765457,0,0,0,0.244652144610882,0,0,0,0,0,0,0,0,0,0,0,0.413024348517259,0,0.415145337581635,0.245925545692444,0,0.328521654009819,0.227535990171863,0.308800518512726,0,0,0.426332571289756,0,0.188860859458937,0,0,0,0,0,0.225809329730484,0,0.304772272706032,0,0,0,0.131122154290559,0,0,0.37462455034256,0,0,0,0.304632142186165,0,0,0,0,0,0.386891223490238,0,0,0,0,0,0.444616453479166,0,0.433967672288418,0.327034071523775,0.269060477614403,0.281079549570818,0,0
0,0,0,0.12042312145881,0,0,0,0,0,0.197359384460883,0,0,0,0,0,0,0,0,0.13481992483139,0,0,0,0,0,0,0,0,0,0,0,0,0,0,0,0,0,0,0,0,0,0,0.23648822804292,0,0,0,0,0,0,0,0.131341972610071,0,0,0,0,0,0.214180403603957,0,0.241225622594357,0,0.203752100467682,0,0,0,0,0,0,0,0,0,0,0,0,0,0,0,0,0,0,0,0,0,0,0.156034716107744,0,0.156842639598136,0.201036006212234,0
0.157983657566534,0,0,0,0.165641922933551,0,0,0,0.158049783020309,0,0,0,0,0,0,0,0,0,0.256143897771835,0,0.242712940363323,0,0,0,0,0,0,0,0,0,0,0,0,0,0,0,0.236731533848104,0,0.291436962783337,0,0,0,0.241767925294963,0,0,0,0.203426118828196,0,0.172855950944938,0.224033504724503,0.20806631233011,0,0,0,0.177180617723776,0,0.172774698517539,0,0.166866943240166,0,0.137800793462204,0,0,0.213417697548866,0,0,0,0,0,0,0,0,0,0.291994172951271,0,0,0,0,0,0.236574816783624,0,0.296183818862552,0.181603656709194,0,0.181426751549388,0,0.253199242055416
0,0.12042312145881,0,0,0,0.158705414573271,0,0,0,0.157132887372137,0,0,0,0,0,0,0,0,0,0,0,0,0,0,0,0,0,0,0,0,0,0,0,0,0,0,0,0,0,0,0,0.292581919627854,0,0,0,0.181731096572346,0,0,0,0,0,0.221390081174446,0,0,0,0.162405672915203,0,0.203140235372952,0,0,0,0,0.107010938227177,0,0,0,0,0,0,0,0,0,0,0,0,0,0,0,0,0,0.351546421647072,0,0.146440286558491,0,0.196150370458126,0.257663049735129,0
0,0,0.165641922933551,0,0,0,0.157177229722341,0,0,0,0,0,0,0,0,0,0,0,0,0,0.167431954117048,0,0,0,0,0,0,0,0,0,0,0,0,0,0,0,0.224941382805506,0,0.290495231747627,0,0.217460408806801,0,0.238617569740329,0,0,0,0.203134682481036,0,0.219519241672495,0,0.20526503718796,0,0.138986259698868,0,0.233088800062736,0,0,0,0.236249655485153,0,0.149076156318188,0,0,0.198004619819777,0,0,0,0,0,0,0,0,0,0,0,0,0,0,0,0.215141354449864,0,0.263101039962335,0.191819500178099,0,0.190778063137747,0,0
0,0,0,0.158705414573271,0,0,0,0,0,0.18763047705094,0,0.226203426718712,0,0,0,0,0,0,0,0,0,0,0,0,0,0,0,0,0,0,0,0,0,0,0,0,0,0,0,0.285961464047432,0,0.25902488331,0,0,0,0.192204145239849,0,0,0,0.302976906299591,0,0.179699399453752,0,0,0,0,0,0.194895751774311,0,0,0,0,0,0,0,0,0,0,0,0,0,0,0,0,0,0,0,0,0.229154482483864,0,0.328046262264252,0,0.180752742518909,0.16105812902634,0.185702796858184,0,0
0,0,0,0,0.157177229722341,0,0,0,0,0,0,0,0,0,0,0,0,0,0,0,0.148857121169567,0,0,0,0,0,0,0,0,0,0,0,0,0,0,0,0,0,0,0,0,0,0,0,0,0,0,0,0,0,0.159653450051943,0,0.128850847482681,0,0,0,0.14741899818182,0,0,0,0,0,0,0.158055946230888,0,0,0,0,0,0,0,0,0,0,0,0,0,0,0,0,0,0,0.13546918113442,0.122444016238054,0.162395425140858,0,0
0,0,0,0,0,0,0,0,0,0,0,0,0,0,0,0,0,0,0,0,0,0,0,0,0,0,0,0,0,0,0,0,0,0,0,0,0,0,0,0,0,0,0,0,0,0,0,0,0,0,0,0,0,0,0,0,0,0,0,0,0,0,0,0,0,0,0,0,0,0,0,0,0,0,0,0,0,0,0,0,0,0,0.177067187022079,0,0,0,0
0.240144341446386,0,0.158049783020309,0,0,0,0,0,0,0.174854978919029,0,0,0,0,0.123533599078655,0.176912039518356,0.225665059258109,0.253274413828666,0.233161981524148,0,0,0,0,0.188754223287106,0.247741640490644,0.188014909625053,0.151778802275658,0,0,0,0,0,0,0,0,0,0,0,0.228232661262155,0.298951178789139,0,0,0.158492656787495,0,0,0,0,0,0.224570464629393,0,0.164584105213483,0,0,0,0.233178628337412,0,0,0,0,0,0.189751534944489,0,0,0,0,0,0,0.274488111436367,0,0.164094873600536,0,0,0,0,0,0,0,0,0,0.393193244934082,0,0.300171479582787,0.208958169197731,0.214763737150601,0.190657952101901,0,0.15583873540163
0,0.197359384460883,0,0.157132887372137,0,0.18763047705094,0,0,0.174854978919029,0,0,0,0,0,0,0.188017896497349,0.172407274276523,0.172090193707491,0.200537735697898,0,0,0,0,0.191380593378644,0.186161190271378,0.144334136067252,0,0,0,0,0,0,0,0,0,0,0,0.282148432258373,0,0.224725157022476,0,0.266041265486123,0.249243542551994,0,0,0,0,0,0,0.254543870687485,0,0,0,0,0,0.233313720421338,0,0,0,0,0,0.168724153190851,0,0,0,0,0.268890984442042,0,0.161552995443344,0,0,0,0,0,0.268767893314362,0,0.298716843128204,0,0.223583251237869,0,0.25532379001379,0,0.177574999148074,0.17557140212992,0.262972487082525,0.208682358264923,0.223108246922493
0.358472436666489,0,0,0,0,0,0,0,0,0,0,0,0.180853778546726,0,0,0,0,0,0,0,0.195225367819975,0,0,0,0,0,0,0,0.179281424688197,0,0.186551977194655,0,0,0,0,0,0,0,0.139051433519038,0,0,0,0.376529484987259,0,0,0,0.293068557977676,0,0,0,0,0,0.160334780812263,0,0,0,0.130957127589246,0,0.164670726656914,0,0,0,0,0.270444979891181,0,0,0,0,0,0,0,0,0,0.113485270578946,0,0,0,0,0,0,0,0.165844076180032,0.13179586038436,0.159558027305386,0.319426573812962,0,0
0,0,0,0,0,0.226203426718712,0,0,0,0,0,0,0,0,0,0,0,0,0,0.232043919009822,0,0,0,0,0,0,0,0,0,0,0,0,0,0,0,0,0,0.124234612996202,0,0,0,0,0,0,0,0,0,0,0,0,0,0,0,0,0,0,0,0.201970900452697,0,0,0,0,0.253359256312251,0,0,0,0,0,0,0,0,0,0.308375421090971,0,0,0,0,0,0,0,0.191267304227386,0,0.165813044889977,0,0.291763214991902,0,0
0,0,0,0,0,0,0,0,0,0,0.180853778546726,0,0,0,0.230145450554737,0,0,0,0,0,0,0,0,0,0,0,0.142232730307362,0,0.142614458772269,0,0,0,0,0,0,0,0,0,0,0,0,0,0,0,0,0,0,0,0,0,0.351678133010864,0,0,0,0,0,0.155445016920567,0,0.274722996436458,0,0.124476872384548,0,0,0,0,0,0,0,0,0.197618376463652,0,0,0,0,0,0,0,0,0,0,0,0,0.240506733660815,0.214921049449755,0,0,0
0,0,0,0,0,0,0,0,0,0,0,0,0,0,0,0.185508951544762,0.140086978673935,0.198195269331336,0,0,0,0,0,0,0,0,0,0.163757994771004,0,0,0,0,0,0,0,0,0,0,0,0,0,0,0,0,0,0,0,0,0,0,0,0,0,0,0,0,0,0,0,0.261960411444306,0,0.170699604786932,0,0,0,0,0,0,0,0,0,0,0,0,0,0,0,0,0,0,0,0,0,0,0,0,0
0,0,0,0,0,0,0,0,0.123533599078655,0,0,0,0.230145450554737,0,0,0,0.152425237955191,0,0.200520907839139,0,0,0,0,0,0,0,0.214226695318376,0,0,0,0,0,0,0,0,0,0,0,0,0,0,0,0,0,0,0,0,0,0,0,0,0,0,0,0.206073539952437,0,0,0,0.253448431267806,0,0.197167556583881,0,0,0,0,0,0,0,0,0.224175499398497,0,0,0,0,0,0,0,0,0,0,0,0,0.154706623582613,0,0,0,0
0,0,0,0,0,0,0,0,0.176912039518356,0.188017896497349,0,0,0,0.185508951544762,0,0,0.168181855361778,0.175474123154269,0.22157093965345,0,0,0,0,0.158740779012442,0,0.178362340562873,0,0.178080596029758,0,0,0,0,0,0,0,0,0,0,0,0,0,0.265177305787802,0.215717688202858,0,0,0,0,0,0,0,0,0.237141638994217,0,0,0,0.1628981899956,0,0,0,0,0,0.190609516958668,0,0,0,0,0,0,0.200896067420642,0,0,0,0,0.291061908006668,0,0,0,0,0.315956354141235,0,0,0.20937767624855,0.18517121782749,0.17608760144466,0.252254247665405,0,0.223089471459389
0.417084949357169,0,0,0,0,0,0,0,0.225665059258109,0.172407274276523,0,0,0,0.140086978673935,0.152425237955191,0.168181855361778,0,0.180959862012222,0.25717652940566,0,0.340146947119917,0,0.177766526434497,0.163603635141685,0.148762093981107,0.163069254981402,0.173272545396719,0,0,0,0,0,0,0,0,0.292949855327606,0.311485086878141,0,0.337135210633278,0.278072676921295,0,0.268864100178083,0.255629073970645,0.272487926132539,0.236386001110077,0.233926340937614,0.283758894017298,0.312911828358968,0,0.277896814440426,0,0,0,0,0.231546742841601,0.169773567467928,0.348457932472229,0,0,0,0,0.162024828002733,0,0.297226635217667,0,0.197265421971679,0,0.156637361645699,0.159757351581479,0.177408905869181,0,0,0,0.325505270769722,0.32780954738458,0,0.277388269702594,0,0.312430928246333,0.312124208805679,0.31205544869105,0.309227620531996,0.220013144427117,0.266914046570327,0.277000516653061,0.26101503521204,0.268643629870244
0.320146083831787,0,0,0,0,0,0,0,0.253274413828666,0.172090193707491,0,0,0,0.198195269331336,0,0.175474123154269,0.180959862012222,0,0.262255623560766,0,0.290479133526484,0.14161699827627,0.15147804915905,0.155206715666943,0.164574588338534,0.157181704157938,0.175561398267746,0.125603122570935,0,0,0,0,0,0,0,0.347967147827148,0.33627228140831,0,0.316031858325005,0.282160352994787,0,0.269272449105067,0.240401488905017,0.291689408389298,0.225124977529049,0.265434271759457,0.298349723219872,0.257857358455658,0,0.278559735204492,0,0,0,0,0.225448603431384,0.16622517410145,0,0,0,0,0,0.165837866778557,0,0.262632369995117,0.135374484184597,0.170527091622353,0.169048930207888,0.176094144582748,0.148886111664802,0,0.142067395150661,0,0,0.261478960514069,0.308287676837709,0,0.286031645807353,0,0.316182234969277,0.299532151178402,0.315393862624963,0.282420898859317,0.216866781160107,0.225661766325866,0.274378423295591,0.263473278489606,0.233300931751728
0.375413016867392,0.13481992483139,0.256143897771835,0,0,0,0,0,0.233161981524148,0.200537735697898,0,0,0,0,0.200520907839139,0.22157093965345,0.25717652940566,0.262255623560766,0,0,0.33041718661195,0,0.15556775033474,0.222384866136007,0.20984730290042,0.235495180085108,0.229981988668442,0.24725142121315,0,0,0,0.3744200989604,0,0,0,0.349692207361971,0.327003083255601,0,0.35362864113771,0.301229804698863,0.258147343993187,0.255239559204911,0.194712165372462,0.361828763836701,0.190033157374345,0.262976061966684,0.290817493046209,0.311478714282448,0.275430589914322,0.295903722798631,0,0,0,0,0.217649148404598,0.192563491563002,0.342969579356057,0.394972135623296,0,0,0,0.220103972337463,0,0.30779132399647,0,0.184060424566269,0,0.181387409567833,0.201136382917563,0,0.213497698307037,0,0.373940199613571,0.330039738118649,0.352373987730396,0,0.334581402114086,0,0.380632016230211,0.324118333179616,0.374103549256842,0.314460067152282,0.238224422875621,0.229495191916091,0.276905665149168,0.272763297391626,0.225159592400943
0,0,0,0,0,0,0,0,0,0,0,0.232043919009822,0,0,0,0,0,0,0,0,0,0,0,0,0,0,0,0,0,0,0,0,0,0,0,0.159657059837764,0,0.145768364001377,0,0.300223012765249,0,0.340640008449554,0,0.465425550937653,0,0.268021645710088,0,0,0,0.353629887104034,0,0,0,0,0,0,0,0.300030250618928,0,0,0,0,0.198404783785573,0,0,0,0,0,0,0,0,0,0.321602219094833,0,0,0,0,0,0.225158576314776,0,0.24471492352693,0,0.170681235914429,0.179687881842256,0.25975352976041,0,0
0.397913485765457,0,0.242712940363323,0,0.167431954117048,0,0.148857121169567,0,0,0,0.195225367819975,0,0,0,0,0,0.340146947119917,0.290479133526484,0.33041718661195,0,0,0,0,0,0,0,0,0,0,0,0.174767666242339,0,0,0,0,0,0.272916016976039,0,0.308347939575369,0.286528021097183,0.292610774437586,0.271423374613126,0.347449266898727,0,0.281656405329704,0,0.254857968526664,0,0.24949767339874,0.301532223820686,0.16115552151487,0,0.137872632592916,0,0.236788627505302,0,0.253349980824449,0,0.246578887104988,0,0,0,0,0.248163331832869,0,0,0,0,0,0,0,0,0,0.376519135688538,0,0,0,0,0.334644600749016,0.295772663163397,0,0.324131804022139,0.217963221153038,0,0.340546826150352,0,0.3948830309613
0,0,0,0,0,0,0,0,0,0,0,0,0,0,0,0,0,0.14161699827627,0,0,0,0,0.128264387047731,0.0940721035870009,0,0.119207266856123,0,0.119150780141354,0,0,0,0,0,0,0,0,0,0.201828069246931,0,0,0,0,0,0,0,0,0,0,0,0.250636622861042,0,0,0,0,0,0,0,0,0,0,0,0,0,0,0.172428916416239,0.134241158871547,0.233627472231363,0,0.277646507879338,0,0.271090535688277,0,0.27437964045258,0,0,0,0,0,0,0,0.28760815236165,0,0.131425596593783,0.165613972636707,0,0,0
0,0,0,0,0,0,0,0,0,0,0,0,0,0,0,0,0.177766526434497,0.15147804915905,0.15556775033474,0,0,0.128264387047731,0,0,0.196437299445078,0,0.0982948523014784,0,0.134417163111545,0,0,0,0,0,0,0,0,0,0.26672307221247,0,0,0,0,0,0,0,0,0,0.336044882448901,0,0,0,0,0,0,0,0,0,0,0,0,0,0,0,0.0902572567515735,0.173489801012344,0,0.200265196664087,0,0.230737218633294,0,0.127269512663285,0,0,0,0,0,0,0,0,0,0.329686643672176,0.177104901797231,0.208694614166956,0.266958266496658,0,0
0,0,0,0,0,0,0,0,0.188754223287106,0.191380593378644,0,0,0,0,0,0.158740779012442,0.163603635141685,0.155206715666943,0.222384866136007,0,0,0.0940721035870009,0,0,0,0.140637649869432,0,0,0,0,0,0,0,0,0,0,0,0.176147404064065,0,0.281001567840576,0,0.213342634694917,0,0,0,0,0,0,0,0.237622962111519,0,0,0,0,0,0.30939551140811,0,0,0,0,0,0.16221010684967,0,0,0.138600799654211,0,0.17995470036631,0,0.264919015758275,0,0.317869971479688,0,0,0,0,0,0,0,0.313704609870911,0,0.279944627700042,0,0.14952603207296,0.194517658816444,0.331760968220985,0.226650699973106,0
0.244652144610882,0,0,0,0,0,0,0,0.247741640490644,0.186161190271378,0,0,0,0,0,0,0.148762093981107,0.164574588338534,0.20984730290042,0,0,0,0.196437299445078,0,0,0.157541811466217,0.15475260687841,0,0,0,0,0,0,0,0,0,0,0,0.170911224289001,0,0,0,0.223956663161516,0,0,0,0,0,0,0,0,0,0,0,0.255399751633701,0,0,0,0,0,0.225241134564082,0,0,0,0,0.148978799303521,0,0.138888091308835,0,0.176673260574438,0,0,0,0,0,0,0,0,0,0.291964292526245,0,0.222327525457067,0.145083439691613,0,0.206191271543503,0,0
0,0,0,0,0,0,0,0,0.188014909625053,0.144334136067252,0,0,0,0,0,0.178362340562873,0.163069254981402,0.157181704157938,0.235495180085108,0,0,0.119207266856123,0,0.140637649869432,0.157541811466217,0,0,0.130142914397376,0,0,0,0,0,0,0,0,0,0,0,0.24869978427887,0,0.25254321595033,0.201963402330875,0,0,0,0.314668506383896,0,0,0,0,0,0,0,0,0.148111433667295,0,0,0,0,0,0.161926912203912,0,0,0,0,0.360890999436378,0,0.211132618666786,0,0.237823535501957,0,0,0,0,0,0,0,0,0.308045864105225,0,0.237909883260727,0.193055784644245,0.196461508490823,0,0,0
0,0,0,0,0,0,0,0,0.151778802275658,0,0,0,0.142232730307362,0,0.214226695318376,0,0.173272545396719,0.175561398267746,0.229981988668442,0,0,0,0.0982948523014784,0,0.15475260687841,0,0,0,0,0,0,0,0,0,0,0,0,0,0,0,0,0,0,0,0,0,0,0,0,0,0,0,0,0,0,0,0,0,0.226326102390885,0,0.229784015566111,0,0,0,0,0,0,0.177077308297157,0,0.177144731084506,0,0,0,0,0,0,0,0,0,0,0,0,0.145544224867114,0.177246729532878,0,0,0
0,0,0,0,0,0,0,0,0,0,0,0,0,0.163757994771004,0,0.178080596029758,0,0.125603122570935,0.24725142121315,0,0,0.119150780141354,0,0,0,0.130142914397376,0,0,0,0.0946805650989215,0,0,0,0,0,0,0,0,0,0,0,0,0,0,0,0,0,0,0,0,0,0,0,0,0,0.220526590943336,0,0,0,0,0,0,0,0,0.16479466855526,0,0,0,0.133978024125099,0,0.135363504637119,0,0,0,0,0,0,0,0,0,0,0,0.149226544594223,0.184481177192468,0,0,0
0,0,0,0,0,0,0,0,0,0,0.179281424688197,0,0.142614458772269,0,0,0,0,0,0,0,0,0,0.134417163111545,0,0,0,0,0,0,0,0.155187623190974,0,0,0,0,0,0,0,0.176091965977792,0,0,0,0,0,0,0,0,0,0,0,0,0,0,0,0,0,0,0,0,0,0,0,0,0,0,0.152261840065523,0,0,0,0,0,0.195329008103017,0,0,0,0,0,0,0,0,0,0.222894401725279,0.120416767189841,0.253851921863891,0,0,0
0,0,0,0,0,0,0,0,0,0,0,0,0,0,0,0,0,0,0,0,0,0,0,0,0,0,0,0.0946805650989215,0,0,0,0,0,0,0,0,0,0.0948028230305874,0,0,0,0,0,0,0,0,0,0,0,0,0,0,0,0,0,0,0,0.204725172784593,0,0,0,0,0,0,0,0,0,0,0,0,0,0,0.204283900558949,0,0,0,0,0,0,0,0,0,0,0,0,0,0
0,0,0,0,0,0,0,0,0,0,0.186551977194655,0,0,0,0,0,0,0,0,0,0.174767666242339,0,0,0,0,0,0,0,0.155187623190974,0,0,0,0,0,0,0,0,0,0.153638213214881,0,0,0,0,0,0,0,0,0,0,0,0,0,0,0,0,0,0.112492455169559,0,0,0,0,0,0,0,0,0,0,0,0,0,0,0,0,0.160704728865295,0,0,0,0,0,0,0,0.137476917128174,0.167931971722282,0.166357579038424,0,0,0
0,0,0,0,0,0,0,0,0,0,0,0,0,0,0,0,0,0,0.3744200989604,0,0,0,0,0,0,0,0,0,0,0,0,0,0.326907585983452,0.284503929454462,0.171710982918739,0.102461823779676,0.292019620537758,0,0,0.149905024468899,0.492441521286964,0.297556988894939,0,0.420480559269587,0,0.296836098035177,0,0.35889938403349,0.390075671825219,0.155024330317974,0,0,0,0,0,0,0,0,0,0,0,0,0,0,0,0,0,0,0,0,0,0,0,0,0.318739542886427,0.283621129547728,0.320794181699432,0,0.321207143366337,0.366664573026893,0,0,0.252087874610103,0,0.232364811003208,0.310564213991165,0
0,0,0,0,0,0,0,0,0,0,0,0,0,0,0,0,0,0,0,0,0,0,0,0,0,0,0,0,0,0,0,0.326907585983452,0,0.290668916095186,0.147613217433294,0.134268942262445,0.148401173762977,0,0,0,0.431649426619212,0,0,0,0,0,0,0.362174926444787,0.400706099612372,0,0,0,0,0,0,0,0,0,0,0,0,0,0,0,0,0,0,0,0,0,0,0,0,0,0.289176584774507,0.172063228195477,0.327439745012512,0.219828394906861,0.294986099004745,0.328672739877724,0,0,0.249011736151508,0,0,0,0
0,0,0,0,0,0,0,0,0,0,0,0,0,0,0,0,0,0,0,0,0,0,0,0,0,0,0,0,0,0,0,0.284503929454462,0.290668916095186,0,0.176367368385269,0.167923319061194,0,0.236629023006907,0.265472446878751,0,0,0,0,0,0,0,0,0.317526670274051,0.389349355741783,0,0,0,0,0,0,0,0,0,0,0,0,0,0,0,0,0,0,0,0,0,0,0,0,0,0.347384423321607,0.193047540469302,0.249575389522581,0.160675722940679,0.181555780508215,0.255613256117393,0.260581612214446,0.393585918614498,0.18394892198676,0.11745398491621,0,0,0
0,0,0,0,0,0,0,0,0,0,0,0,0,0,0,0,0,0,0,0,0,0,0,0,0,0,0,0,0,0,0,0.171710982918739,0.147613217433294,0.176367368385269,0,0,0.11206636930637,0,0.15292158536613,0,0,0,0,0,0,0,0,0.358623813840414,0.345539749575698,0,0,0,0,0,0,0,0,0,0,0,0,0,0,0,0,0,0,0,0,0,0,0,0,0,0.491931587457657,0.249220901727676,0.322215056189211,0.186638630219029,0,0.232288755476475,0,0.245589668729476,0.138319831085178,0,0,0,0
0,0,0,0,0,0,0,0,0,0,0,0,0,0,0,0,0.292949855327606,0.347967147827148,0.349692207361971,0.159657059837764,0,0,0,0,0,0,0,0,0,0,0,0.102461823779676,0.134268942262445,0.167923319061194,0,0,0.172102664288539,0.13448924151385,0.168189613521099,0.233315933041456,0,0.297962121092356,0.272936681906382,0.446642282936308,0.238042190670967,0.21107034453316,0,0.331565136907186,0.277842290699482,0.268310742158639,0,0,0,0,0,0,0,0.267416596412659,0,0,0,0,0.144487102720991,0,0,0,0,0,0,0,0,0,0.352038532495499,0,0.346498817205429,0.126909393331279,0.143430637943818,0,0.195833073481257,0.310107954733429,0.176072738861301,0,0.219303896797875,0.15010721815957,0.205512229571209,0.263396181166172,0
0.413024348517259,0,0.236731533848104,0,0.224941382805506,0,0,0,0,0,0,0,0,0,0,0,0.311485086878141,0.33627228140831,0.327003083255601,0,0.272916016976039,0,0,0,0,0,0,0,0,0,0,0.292019620537758,0.148401173762977,0,0.11206636930637,0.172102664288539,0,0.13000235487433,0.183998154889832,0.252526924014091,0.199810217593757,0.278882168233395,0.275192255999684,0,0.287941594772479,0.261690633801314,0.269723039181064,0.179841206116336,0.254489071034857,0.276069189608097,0.22362454318338,0,0,0,0.237191405892372,0,0.250281454586401,0,0.242511466145515,0,0,0,0,0.262603549148636,0,0,0,0,0,0,0,0,0,0.313432218981724,0,0.142676317691803,0,0,0.323290020227432,0.209877057668286,0.119748396178087,0.183771926489296,0.203382913009802,0.216623056900225,0.287024162082044,0,0.299297725612467
0,0,0,0,0,0,0,0,0,0.282148432258373,0,0.124234612996202,0,0,0,0,0,0,0,0.145768364001377,0,0.201828069246931,0,0.176147404064065,0,0,0,0,0,0.0948028230305874,0,0,0,0.236629023006907,0,0.13448924151385,0.13000235487433,0,0.156340065990051,0,0,0.199933666203703,0,0,0,0.248473286628723,0,0.223468833389106,0,0.379035412862494,0,0,0,0,0,0.337580706392016,0,0,0,0,0,0,0.133286528799632,0,0.279028079234763,0,0.236203402847226,0,0,0,0.232555751999219,0,0,0,0,0,0.18438474106507,0,0.139602602222713,0,0.191380035403459,0,0.173759755560307,0.229148843659545,0.266692178616627,0.195178768701024,0
0.415145337581635,0,0.291436962783337,0,0.290495231747627,0,0,0,0.228232661262155,0,0.139051433519038,0,0,0,0,0,0.337135210633278,0.316031858325005,0.35362864113771,0,0.308347939575369,0,0.26672307221247,0,0.170911224289001,0,0,0,0.176091965977792,0,0.153638213214881,0,0,0.265472446878751,0.15292158536613,0.168189613521099,0.183998154889832,0.156340065990051,0,0,0,0.314885050058365,0.382522588152261,0,0.333558723330498,0,0.366291805008136,0.58765846023751,0.393279260822705,0.300088942050934,0.296272367238998,0,0,0,0.207645152744494,0,0.135454317887447,0,0,0,0,0,0,0.424367958903313,0,0.289673685048198,0,0.178053338469854,0,0,0,0.198312804887169,0,0.124473317884482,0,0,0.160263732075691,0.21946880877018,0.165792810916901,0.21979020051757,0.133366227420894,0.187414072834583,0.246426370297943,0.201703362921616,0.401603913028734,0,0.388182559641459
0.245925545692444,0,0,0,0,0.285961464047432,0,0,0.298951178789139,0.224725157022476,0,0,0,0,0,0,0.278072676921295,0.282160352994787,0.301229804698863,0.300223012765249,0.286528021097183,0,0,0.281001567840576,0,0.24869978427887,0,0,0,0,0,0.149905024468899,0,0,0,0.233315933041456,0.252526924014091,0,0,0,0.265550434589386,0.353352189806198,0.261238651426688,0.345906081609428,0.270199878348245,0.226349390550073,0.277439898566196,0.215083844321115,0.228268990914027,0.27849810241118,0,0,0,0,0,0,0,0.286678691705068,0,0,0,0,0.246952969721466,0.318766603867213,0,0,0,0,0,0,0,0,0.293806085983912,0,0.249029964208603,0,0.279594977454441,0,0.262967636143047,0.305610893403783,0.288625059843953,0.290379414955775,0.303130138947832,0.274722571883883,0.291900445210539,0.349868981715511,0.261637252569199
0,0,0,0,0.217460408806801,0,0,0,0,0,0,0,0,0,0,0,0,0,0.258147343993187,0,0.292610774437586,0,0,0,0,0,0,0,0,0,0,0.492441521286964,0.431649426619212,0,0,0,0.199810217593757,0,0,0.265550434589386,0,0,0.247332611909279,0,0.264086380600929,0.268949270248413,0.238254227607547,0.457536816993514,0.340511416880897,0,0.256383821368217,0,0,0,0,0,0.256448189417521,0,0.233184933662415,0,0.273124635219574,0,0,0.36473556396402,0,0,0,0,0,0,0,0,0,0.255744714289904,0.550551280379295,0,0,0,0,0.280489837273244,0,0.201869016415194,0.162281150619189,0,0.230339639769359,0,0
0.328521654009819,0.23648822804292,0,0.292581919627854,0,0.25902488331,0,0,0,0.266041265486123,0,0,0,0,0,0.265177305787802,0.268864100178083,0.269272449105067,0.255239559204911,0.340640008449554,0.271423374613126,0,0,0.213342634694917,0,0.25254321595033,0,0,0,0,0,0.297556988894939,0,0,0,0.297962121092356,0.278882168233395,0.199933666203703,0.314885050058365,0.353352189806198,0,0,0.177705285653391,0.383341205203481,0.188983286321163,0.308442099245153,0.252291918992996,0.269516269613415,0.273869171738625,0.276792756414664,0,0,0,0,0,0.310203194618225,0.259319692850113,0.398723632097244,0,0,0,0,0.297728036680529,0.278080736100674,0,0,0.16838355676124,0,0.238220691680908,0,0,0,0.390447047623721,0.292983611424764,0.302383388140111,0,0.262385689602537,0,0.335768564678318,0.291415708363056,0.357686223812422,0.284928448498249,0.220953582254179,0.256639445998839,0.301002667877268,0.290120740794992,0.202149194478989
0.227535990171863,0,0.241767925294963,0,0.238617569740329,0,0,0,0.158492656787495,0.249243542551994,0.376529484987259,0,0,0,0,0.215717688202858,0.255629073970645,0.240401488905017,0.194712165372462,0,0.347449266898727,0,0,0,0.223956663161516,0.201963402330875,0,0,0,0,0,0,0,0,0,0.272936681906382,0.275192255999684,0,0.382522588152261,0.261238651426688,0.247332611909279,0.177705285653391,0,0.197901474311948,0.196241271766749,0.244565501930268,0.263599676200122,0.285288388769214,0.291963474664183,0.263682703276974,0.238137148320675,0,0,0,0.187484733187235,0.252550542354584,0.294684993199339,0,0.263475020726522,0,0.218483984470367,0,0,0.295173091566181,0,0,0,0,0,0,0,0,0,0.341793084448402,0.27777261286974,0,0.267286787075656,0,0.282358678386492,0.268276444135988,0.301086760418756,0.310811507862678,0.236673368933082,0.23281503362315,0.255525866483586,0.205098964525073,0.221827023859072
0.308800518512726,0,0,0,0,0,0,0,0,0,0,0,0,0,0,0,0.272487926132539,0.291689408389298,0.361828763836701,0.465425550937653,0,0,0,0,0,0,0,0,0,0,0,0.420480559269587,0,0,0,0.446642282936308,0,0,0,0.345906081609428,0,0.383341205203481,0.197901474311948,0,0.210769429802895,0.309411150904802,0.246335577219725,0.434896389191801,0,0.375104042504338,0,0,0,0,0,0,0,0.419729337096214,0,0,0,0,0,0,0,0,0,0,0,0,0,0,0.456542775034904,0,0.373358970880508,0,0.471377981246495,0,0.480393054982719,0.29366443057855,0.503897111854782,0.265809575716654,0.272124620441061,0.256313732266426,0.40093051277101,0.360419680820961,0.182192713022232
0,0,0,0,0,0,0,0,0,0,0,0,0,0,0,0,0.236386001110077,0.225124977529049,0.190033157374345,0,0.281656405329704,0,0,0,0,0,0,0,0,0,0,0,0,0,0,0.238042190670967,0.287941594772479,0,0.333558723330498,0.270199878348245,0.264086380600929,0.188983286321163,0.196241271766749,0.210769429802895,0,0,0.262751140521497,0.224098485708237,0,0.238439517143445,0,0,0,0,0,0,0,0,0,0,0,0,0,0.294663271999785,0,0,0,0,0,0,0,0,0,0.282612860202789,0.272478352699961,0,0.260533731916676,0,0.28218174648696,0.290553085733114,0.272938781059705,0.284298355965053,0.191839901335312,0,0.222682223388842,0.215215112268925,0.201939378182093
0,0,0,0.181731096572346,0,0.192204145239849,0,0,0,0,0,0,0,0,0,0,0.233926340937614,0.265434271759457,0.262976061966684,0.268021645710088,0,0,0,0,0,0,0,0,0,0,0,0.296836098035177,0,0,0,0.21107034453316,0.261690633801314,0.248473286628723,0,0.226349390550073,0.268949270248413,0.308442099245153,0.244565501930268,0.309411150904802,0,0,0,0.26490550186183,0.25962352179564,0.250999641443875,0,0,0,0,0,0,0,0.31425236611385,0,0,0,0,0.295290401505599,0.286604791879654,0,0,0,0,0,0,0,0,0.3197120831094,0,0.301065354768572,0,0.337528484905588,0,0.262069008135614,0.29144486784935,0.322262379790281,0.300914093852043,0.227061757792716,0.155237952627025,0.266803148189057,0.293551929216636,0.216073289513588
0.426332571289756,0,0.203426118828196,0,0.203134682481036,0,0,0,0,0,0.293068557977676,0,0,0,0,0,0.283758894017298,0.298349723219872,0.290817493046209,0,0.254857968526664,0,0,0,0,0.314668506383896,0,0,0,0,0,0,0,0,0,0,0.269723039181064,0,0.366291805008136,0.277439898566196,0.238254227607547,0.252291918992996,0.263599676200122,0.246335577219725,0.262751140521497,0,0,0.2684073249499,0.257551244443113,0.265068880640543,0.212038574404404,0,0,0,0.211857874877751,0,0.258921681352742,0,0.238782379031181,0,0.224099869529406,0,0,0.241146733977351,0,0,0,0,0,0,0,0,0,0.335333909679063,0,0,0.351601094007492,0,0.310421620423977,0.275043187955931,0.322169497609138,0.326162566982762,0.306107411137287,0.256277870386839,0.289538952225147,0.287262767553329,0.250379001987832
0,0,0,0,0,0,0,0,0,0,0,0,0,0,0,0,0.312911828358968,0.257857358455658,0.311478714282448,0,0,0,0,0,0,0,0,0,0,0,0,0.35889938403349,0.362174926444787,0.317526670274051,0.358623813840414,0.331565136907186,0.179841206116336,0.223468833389106,0.58765846023751,0.215083844321115,0.457536816993514,0.269516269613415,0.285288388769214,0.434896389191801,0.224098485708237,0.26490550186183,0.2684073249499,0,0.455673652471152,0.219091759770088,0,0,0,0,0,0,0,0,0,0,0,0,0.32637944817543,0.287754535675049,0,0,0,0,0,0,0,0,0,0,0.291979858907693,0.271250981160186,0.326840988744836,0.30205529568652,0.266508525104395,0.417911362078318,0.36878329869044,0.408564485500852,0.415992208062289,0.356105345487595,0.343083367828561,0.331371011102901,0
0.188860859458937,0,0.172855950944938,0,0.219519241672495,0,0,0,0.224570464629393,0,0,0,0,0,0,0,0,0,0.275430589914322,0,0.24949767339874,0,0.336044882448901,0,0,0,0,0,0,0,0,0.390075671825219,0.400706099612372,0.389349355741783,0.345539749575698,0.277842290699482,0.254489071034857,0,0.393279260822705,0.228268990914027,0.340511416880897,0.273869171738625,0.291963474664183,0,0,0.25962352179564,0.257551244443113,0.455673652471152,0,0.252286523580551,0.230418319503466,0,0,0,0.190405088312486,0,0.254808158786209,0,0.23749952117602,0,0.13101010886021,0,0,0.2426611761684,0,0.297994218383517,0,0,0,0.287711396813393,0,0.342783723313075,0,0.301825624704361,0.472853395801324,0.330980123117052,0.396058645190262,0.345867870251338,0.266942333430052,0.381038326598023,0.324909309546153,0.370504571745793,0.37396097493856,0,0.293038257304515,0,0.364722559849421
0,0.131341972610071,0.224033504724503,0,0,0.302976906299591,0,0,0,0.254543870687485,0,0,0,0,0,0,0.277896814440426,0.278559735204492,0.295903722798631,0.353629887104034,0.301532223820686,0.250636622861042,0,0.237622962111519,0,0,0,0,0,0,0,0.155024330317974,0,0,0,0.268310742158639,0.276069189608097,0.379035412862494,0.300088942050934,0.27849810241118,0,0.276792756414664,0.263682703276974,0.375104042504338,0.238439517143445,0.250999641443875,0.265068880640543,0.219091759770088,0.252286523580551,0,0,0,0,0,0,0,0,0.261761233210564,0,0.22218107432127,0,0.189079400809372,0.28644210100174,0.287258515755336,0.276529260493558,0,0.224315811162707,0,0.293797129839659,0,0.255745921800337,0,0.284488558222394,0,0.223148673328001,0,0.224460755424066,0,0.289184556797095,0.310362358456073,0.355118527025967,0.313057515770197,0.282656514654708,0.284355144415583,0.264081895434787,0.355661749599441,0.226389959454536
0,0,0.20806631233011,0,0.20526503718796,0,0.159653450051943,0,0.164584105213483,0,0,0,0.351678133010864,0,0,0,0,0,0,0,0.16115552151487,0,0,0,0,0,0,0,0,0,0,0,0,0,0,0,0.22362454318338,0,0.296272367238998,0,0.256383821368217,0,0.238137148320675,0,0,0,0.212038574404404,0,0.230418319503466,0,0,0,0.203381774680955,0,0.167255610227585,0,0.263177813912358,0,0.253450560545133,0,0.166154552839304,0,0,0.232962267845869,0,0,0,0,0,0,0,0,0,0.288026615977287,0,0,0,0,0,0.221311554111339,0,0.272019997239113,0.208222161118801,0,0.183745177670908,0,0
0,0,0,0.221390081174446,0,0.179699399453752,0,0,0,0,0,0,0,0,0,0.237141638994217,0,0,0,0,0,0,0,0,0,0,0,0,0,0,0,0,0,0,0,0,0,0,0,0,0,0,0,0,0,0,0,0,0,0,0,0,0,0,0,0,0,0,0,0,0,0.251702312380075,0,0,0,0,0,0,0,0,0,0,0,0,0,0,0,0,0,0,0,0,0,0,0.236055597662926,0,0
0,0,0,0,0.138986259698868,0,0.128850847482681,0,0,0,0.160334780812263,0,0,0,0,0,0,0,0,0,0.137872632592916,0,0,0,0,0,0,0,0,0,0,0,0,0,0,0,0,0,0,0,0,0,0,0,0,0,0,0,0,0,0.203381774680955,0,0,0,0,0,0,0,0,0,0,0,0,0.153988391160965,0,0,0,0,0,0,0,0,0,0,0,0,0,0,0,0,0,0,0,0,0,0,0
0,0,0,0,0,0,0,0,0,0,0,0,0,0,0,0,0,0,0,0,0,0,0,0,0,0,0,0,0,0,0,0,0,0,0,0,0,0,0,0,0,0,0,0,0,0,0,0,0,0,0,0,0,0,0,0,0,0,0,0,0,0,0,0,0,0,0,0,0,0,0,0,0,0,0,0,0,0,0,0,0,0,0,0,0,0,0
0.225809329730484,0,0.177180617723776,0,0.233088800062736,0,0,0,0.233178628337412,0,0,0,0,0,0.206073539952437,0,0.231546742841601,0.225448603431384,0.217649148404598,0,0.236788627505302,0,0,0,0.255399751633701,0,0,0,0,0,0,0,0,0,0,0,0.237191405892372,0,0.207645152744494,0,0,0,0.187484733187235,0,0,0,0.211857874877751,0,0.190405088312486,0,0.167255610227585,0,0,0,0,0,0.180256200107661,0,0.18449492752552,0,0.20054337699275,0,0,0.225160834543845,0,0,0,0.289718067235935,0,0.183098087708155,0,0,0,0,0,0,0,0,0,0.226343838068155,0,0.242840699203636,0.191999735103713,0,0.21001322758854,0,0.152527958154678
0,0.214180403603957,0,0.162405672915203,0,0,0,0,0,0.233313720421338,0,0,0,0,0,0.1628981899956,0.169773567467928,0.16622517410145,0.192563491563002,0,0,0,0,0.30939551140811,0,0.148111433667295,0,0.220526590943336,0,0,0,0,0,0,0,0,0,0.337580706392016,0,0,0,0.310203194618225,0.252550542354584,0,0,0,0,0,0,0,0,0,0,0,0,0,0,0,0,0,0,0,0,0,0,0,0.278796860531195,0,0,0,0,0,0,0,0,0,0,0,0,0,0.28308756235573,0,0.171122492362673,0,0.235813175638517,0,0
0.304772272706032,0,0.172774698517539,0,0,0,0.14741899818182,0,0,0,0.130957127589246,0,0.155445016920567,0,0,0,0.348457932472229,0,0.342969579356057,0,0.253349980824449,0,0,0,0,0,0,0,0,0,0.112492455169559,0,0,0,0,0,0.250281454586401,0,0.135454317887447,0,0.256448189417521,0.259319692850113,0.294684993199339,0,0,0,0.258921681352742,0,0.254808158786209,0,0.263177813912358,0,0,0,0.180256200107661,0,0,0,0.303415498118612,0,0.17737913267179,0,0,0.313820657961569,0,0,0,0,0,0,0,0,0,0.210112879831683,0,0,0,0,0.306637287139893,0.235850260114942,0,0.306002205301975,0.163348188287899,0,0.331531908597412,0,0.334575834870338
0,0.241225622594357,0,0.203140235372952,0,0.194895751774311,0,0,0,0,0,0.201970900452697,0,0,0,0,0,0,0.394972135623296,0.300030250618928,0,0,0,0,0,0,0,0,0,0.204725172784593,0,0,0,0,0,0.267416596412659,0,0,0,0.286678691705068,0,0.398723632097244,0,0.419729337096214,0,0.31425236611385,0,0,0,0.261761233210564,0,0,0,0,0,0,0,0,0,0.237828016281128,0,0.224663753807545,0.26746598876495,0,0,0,0,0,0,0,0,0,0.266618606719104,0,0,0,0,0,0.263060986995697,0,0,0,0.273838937282562,0.277892380952835,0.298666914086418,0.400369957089424,0
0,0,0.166866943240166,0,0.236249655485153,0,0,0,0,0,0.164670726656914,0,0.274722996436458,0,0.253448431267806,0,0,0,0,0,0.246578887104988,0,0,0,0,0,0.226326102390885,0,0,0,0,0,0,0,0,0,0.242511466145515,0,0,0,0.233184933662415,0,0.263475020726522,0,0,0,0.238782379031181,0,0.23749952117602,0,0.253450560545133,0,0,0,0.18449492752552,0,0.303415498118612,0,0,0,0.222981991927798,0,0,0.271634622693062,0,0,0,0,0,0.231844024330962,0,0.36178395152092,0,0.295741245150566,0,0,0,0,0,0.232059091329575,0,0.286731213331223,0.269279152814266,0,0.270556940795989,0,0
0,0.203752100467682,0,0,0,0,0,0,0,0,0,0,0,0.261960411444306,0,0,0,0,0,0,0,0,0,0,0,0,0,0,0,0,0,0,0,0,0,0,0,0,0,0,0,0,0,0,0,0,0,0,0,0.22218107432127,0,0,0,0,0,0,0,0.237828016281128,0,0,0,0.216269986629486,0,0,0,0,0,0,0,0,0,0,0,0,0,0,0,0,0,0,0,0,0,0,0,0,0
0.131122154290559,0,0.137800793462204,0,0.149076156318188,0,0,0,0.189751534944489,0,0,0,0.124476872384548,0,0.197167556583881,0,0,0,0,0,0,0,0,0,0.225241134564082,0,0.229784015566111,0,0,0,0,0,0,0,0,0,0,0,0,0,0.273124635219574,0,0.218483984470367,0,0,0,0.224099869529406,0,0.13101010886021,0,0.166154552839304,0,0,0,0.20054337699275,0,0.17737913267179,0,0.222981991927798,0,0,0,0,0.224513590335846,0,0,0,0.23414009809494,0,0.231919642951753,0,0,0,0,0,0,0,0,0,0.223637916147709,0,0,0,0,0.210078203542666,0,0
0,0,0,0,0,0,0,0,0,0.168724153190851,0,0,0,0.170699604786932,0,0.190609516958668,0.162024828002733,0.165837866778557,0.220103972337463,0,0,0,0,0.16221010684967,0,0.161926912203912,0,0,0,0,0,0,0,0,0,0,0,0,0,0,0,0,0,0,0,0,0,0,0,0.189079400809372,0,0.251702312380075,0,0,0,0,0,0.224663753807545,0,0.216269986629486,0,0,0,0,0,0,0,0,0.145582876271672,0,0.165934935212135,0,0,0,0,0,0,0,0,0.224028959870338,0,0,0.190250448580529,0.189792692661285,0,0,0
0,0,0,0.107010938227177,0,0,0,0,0,0,0,0.253359256312251,0,0,0,0,0,0,0,0.198404783785573,0,0,0,0,0,0,0,0,0,0,0,0,0,0,0,0.144487102720991,0,0.133286528799632,0,0.246952969721466,0,0.297728036680529,0,0,0,0.295290401505599,0,0.32637944817543,0,0.28644210100174,0,0,0,0,0,0,0,0.26746598876495,0,0,0,0,0,0,0,0,0,0,0,0,0,0,0.313866166131837,0,0,0,0,0,0.173577260423535,0,0.181894361227751,0,0.13726959757899,0.195920680960019,0.299359345737403,0.32535383105278,0
0.37462455034256,0,0.213417697548866,0,0.198004619819777,0,0.158055946230888,0,0,0,0.270444979891181,0,0,0,0,0,0.297226635217667,0.262632369995117,0.30779132399647,0,0.248163331832869,0,0,0,0,0,0,0,0,0,0,0,0,0,0,0,0.262603549148636,0,0.424367958903313,0.318766603867213,0.36473556396402,0.278080736100674,0.295173091566181,0,0.294663271999785,0.286604791879654,0.241146733977351,0.287754535675049,0.2426611761684,0.287258515755336,0.232962267845869,0,0.153988391160965,0,0.225160834543845,0,0.313820657961569,0,0.271634622693062,0,0.224513590335846,0,0,0,0,0,0,0,0,0,0,0,0,0.365540910146984,0.295018717646599,0,0,0,0.318260645866394,0.244576223869693,0,0.392306714715102,0.276251184093532,0.191643130034208,0.303234163901219,0,0.302121845158664
0,0,0,0,0,0,0,0,0,0,0,0,0,0,0,0,0,0.135374484184597,0,0,0,0.172428916416239,0.0902572567515735,0.138600799654211,0,0,0,0.16479466855526,0,0,0,0,0,0,0,0,0,0.279028079234763,0,0,0,0,0,0,0,0,0,0,0,0.276529260493558,0,0,0,0,0,0,0,0,0,0,0,0,0,0,0,0,0.24438911962676,0,0.274433049691875,0,0.258277701720914,0,0.263908250712686,0,0,0,0,0,0,0,0.282966730918446,0,0.141448773170164,0.142906076698141,0,0,0
0,0,0,0,0,0,0,0,0,0,0,0,0,0,0,0,0.197265421971679,0.170527091622353,0.184060424566269,0,0,0.134241158871547,0.173489801012344,0,0.148978799303521,0,0,0,0.152261840065523,0,0,0,0,0,0,0,0,0,0.289673685048198,0,0,0,0,0,0,0,0,0,0.297994218383517,0,0,0,0,0,0,0,0,0,0,0,0,0,0,0,0,0,0,0.170840665613705,0,0.225078863091767,0,0.178223803142707,0,0,0,0,0,0,0,0,0,0.341892844302763,0.170480469487362,0.17559208291567,0,0,0
0,0,0,0,0,0,0,0,0,0.268890984442042,0,0,0,0,0,0,0,0.169048930207888,0,0,0,0.233627472231363,0,0.17995470036631,0,0.360890999436378,0,0,0,0,0,0,0,0,0,0,0,0.236203402847226,0,0,0,0.16838355676124,0,0,0,0,0,0,0,0.224315811162707,0,0,0,0,0,0.278796860531195,0,0,0,0,0,0,0,0,0.24438911962676,0,0,0,0.293822060028712,0,0.334602445363998,0,0,0,0,0,0,0,0,0,0.213355965380627,0,0.139743353570661,0,0.252487579736928,0.172061800956726,0
0.304632142186165,0,0,0,0,0,0,0,0.274488111436367,0,0,0,0,0,0,0,0.156637361645699,0.176094144582748,0.181387409567833,0,0,0,0.200265196664087,0,0.138888091308835,0,0.177077308297157,0,0,0,0,0,0,0,0,0,0,0,0.178053338469854,0,0,0,0,0,0,0,0,0,0,0,0,0,0,0,0.289718067235935,0,0,0,0,0,0.23414009809494,0,0,0,0,0.170840665613705,0,0,0,0.172046059606279,0,0,0,0,0,0,0,0,0,0,0,0.279760643908086,0.182667986551921,0,0,0,0
0,0,0,0,0,0,0,0,0,0.161552995443344,0,0,0,0,0,0.200896067420642,0.159757351581479,0.148886111664802,0.201136382917563,0,0,0.277646507879338,0,0.264919015758275,0,0.211132618666786,0,0.133978024125099,0,0,0,0,0,0,0,0,0,0,0,0,0,0.238220691680908,0,0,0,0,0,0,0,0.293797129839659,0,0,0,0,0,0,0,0,0,0,0,0.145582876271672,0,0,0.274433049691875,0,0.293822060028712,0,0,0,0.281638463662436,0,0,0,0.214216247200966,0,0,0,0,0.247528776526451,0,0.318187594413757,0.181196037866175,0.197887793183327,0,0,0
0,0,0,0,0,0,0,0,0.164094873600536,0,0,0,0.197618376463652,0,0.224175499398497,0,0.177408905869181,0,0,0,0,0,0.230737218633294,0,0.176673260574438,0,0.177144731084506,0,0,0,0,0,0,0,0,0,0,0,0,0,0,0,0,0,0,0,0,0,0.287711396813393,0,0,0,0,0,0.183098087708155,0,0,0,0.231844024330962,0,0.231919642951753,0,0,0,0,0.225078863091767,0,0.172046059606279,0,0,0,0.250122911115577,0,0,0,0,0,0,0,0,0,0,0.151756124062972,0,0,0,0
0,0,0,0,0,0,0,0,0,0,0,0,0,0,0,0,0,0.142067395150661,0.213497698307037,0,0,0.271090535688277,0,0.317869971479688,0,0.237823535501957,0,0.135363504637119,0,0,0,0,0,0,0,0,0,0.232555751999219,0,0,0,0,0,0,0,0,0,0,0,0.255745921800337,0,0,0,0,0,0,0,0,0,0,0,0.165934935212135,0,0,0.258277701720914,0,0.334602445363998,0,0.281638463662436,0,0,0,0.26353738506635,0,0,0,0,0,0,0,0.24575688286,0,0.157481640577316,0,0,0,0
0,0,0,0,0,0,0,0,0,0,0,0,0,0,0,0,0,0,0,0,0,0,0.127269512663285,0,0,0,0,0,0.195329008103017,0,0,0,0,0,0,0,0,0,0.198312804887169,0,0,0,0,0,0,0,0,0,0.342783723313075,0,0,0,0,0,0,0,0,0,0.36178395152092,0,0,0,0,0,0,0.178223803142707,0,0,0,0.250122911115577,0,0,0,0,0,0,0,0,0,0,0,0.229274131800827,0.310772091150284,0,0,0,0
0,0,0,0,0,0,0,0,0,0,0,0.308375421090971,0,0,0,0,0,0,0.373940199613571,0.321602219094833,0,0.27437964045258,0,0,0,0,0,0,0,0.204283900558949,0,0,0,0,0,0.352038532495499,0,0,0,0.293806085983912,0,0.390447047623721,0,0.456542775034904,0,0.3197120831094,0,0,0,0.284488558222394,0,0,0,0,0,0,0,0.266618606719104,0,0,0,0,0.313866166131837,0,0.263908250712686,0,0,0,0,0,0.26353738506635,0,0,0,0,0,0,0,0.325582832098007,0,0.255478761851915,0,0.280142210423946,0,0.341402566613573,0.383577302098274,0
0.386891223490238,0,0.291994172951271,0,0,0,0,0,0,0,0.113485270578946,0,0,0,0,0.291061908006668,0.325505270769722,0.261478960514069,0.330039738118649,0,0.376519135688538,0,0,0,0,0,0,0,0,0,0.160704728865295,0,0,0,0,0,0.313432218981724,0,0.124473317884482,0,0.255744714289904,0.292983611424764,0.341793084448402,0,0.282612860202789,0,0.335333909679063,0,0.301825624704361,0,0.288026615977287,0,0,0,0,0,0.210112879831683,0,0.295741245150566,0,0,0,0,0.365540910146984,0,0,0,0,0,0,0,0,0,0,0,0,0,0,0.327429493268331,0.300620938937824,0,0.348826854847945,0.351270548321984,0,0.368785576331367,0,0.347605103173771
0,0,0,0,0,0,0,0,0,0.268767893314362,0,0,0,0,0,0,0.32780954738458,0.308287676837709,0.352373987730396,0,0,0,0,0,0,0,0,0,0,0,0,0.318739542886427,0.289176584774507,0.347384423321607,0.491931587457657,0.346498817205429,0,0,0,0.249029964208603,0.550551280379295,0.302383388140111,0.27777261286974,0.373358970880508,0.272478352699961,0.301065354768572,0,0.291979858907693,0.472853395801324,0.223148673328001,0,0,0,0,0,0,0,0,0,0,0,0,0,0.295018717646599,0,0,0,0,0.214216247200966,0,0,0,0,0,0,0.256453514099121,0.327468859760658,0,0.251395904750966,0.442688895389438,0.308562537485903,0.365810468792915,0.332562463244362,0.259438037872314,0.315958483053035,0.309303462505341,0
0,0,0,0,0,0,0,0,0,0,0,0,0,0,0,0,0,0,0,0,0,0,0,0,0,0,0,0,0,0,0,0.283621129547728,0.172063228195477,0.193047540469302,0.249220901727676,0.126909393331279,0.142676317691803,0,0,0,0,0,0,0,0,0,0,0.271250981160186,0.330980123117052,0,0,0,0,0,0,0,0,0,0,0,0,0,0,0,0,0,0,0,0,0,0,0,0,0,0.256453514099121,0,0.262276411056519,0.269721559232462,0,0.267726723214075,0,0.266763493418694,0.140604074362938,0,0,0,0
