0,0,5.01105615704559,0,5.27118701934814,0,0,0,4.48202867558933,0,0,0,0,0,0,0,0,0,0,0,0,0,0,0,0,0,0,0,0,0,0,0,0,0,0,0,0,0,0,0,0,0,6.13947219115037,0,0,0,0,0,4.22090990952304,0,0,0,0,0,5.50416889618247,0,3.02407884597778,0,0,0,4.86411560906304,0,0,0,0,0,0,0,0,0,0,0,0,0,0,0,0,0,0,0,0,0,3.55947491794289,0,3.84112158864133,0,6.66190023855729
0,0,0,3.48221111430802,0,0,0,0,0,4.05166120529175,0,0,0,0,0,2.74062752723694,0,0,0,0,0,0,0,0,0,0,0,0,0,0,0,0,0,0,0,0,0,0,0,0,0,12.9412223345467,0,0,0,0,0,0,0,4.23673056502369,0,0,0,0,0,3.4481683075428,0,0,0,0,0,3.22189142227173,0,0,0,0,0,0,0,0,0,0,0,0,0,0,0,0,0,0,0,0,5.41524722915865,0,4.17678386521269,6.40528159141541,0
5.01105615704559,0,0,0,5.49200352702452,0,0,0,4.87030688296543,0,0,0,0,0,0,0,0,0,0,0,0,0,0,0,0,0,0,0,0,0,0,0,0,0,0,0,20.7682265043259,0,0,0,0,0,17.9090733153097,0,0,0,13.508727645874,0,3.25914324081696,0,9.03280942840914,0,0,0,5.18056347169949,0,5.39795032967912,0,6.4327964957701,0,6.68198067877028,0,0,19.595437343304,0,0,0,0,0,0,0,0,0,0,0,0,0,0,0,19.8708567619324,0,0,8.66203559793997,6.94559344649315,7.11909959902917,0,16.3174963209364
0,3.48221111430802,0,0,0,4.6894055124173,0,0,0,3.87444887161255,0,3.16770958900452,0,0,0,0,0,0,0,0,0,0,0,0,0,0,0,0,0,0,0,0,0,0,0,0,0,0,0,37.8866481781006,0,18.2031561282254,0,0,0,10.3646365817548,0,0,0,3.86904059383604,0,0,0,0,0,3.19089392515329,0,0,0,0,0,0,21.8296885239451,0,0,0,0,0,0,0,0,0,0,0,0,0,0,0,0,0,0,0,6.4097111520514,4.77146341403325,8.74370755167967,19.6605122884115,0
5.27118701934814,0,5.49200352702452,0,0,0,4.53510141372681,0,3.27813880260174,0,0,0,6.10727262496948,0,5.42533028125763,0,0,0,0,0,8.99281365731183,0,0,0,0,0,0,0,0,0,0,0,0,0,0,0,21.4875348556873,0,0,0,0,0,0,0,0,0,0,0,0,0,4.54225716476062,0,3.48421823978424,0,4.26251261808465,0,11.850066502889,0,3.67735734383265,0,5.58592625981883,0,0,13.6590225471641,0,0,0,0,0,0,0,0,0,0,0,0,0,0,0,21.4298057556152,0,0,4.46399303235506,5.52256679534912,7.32713166697995,0,0
0,0,0,4.6894055124173,0,0,0,0,0,2.89061887447651,0,3.31082502655361,0,0,0,0,0,0,0,3.15916094779968,0,0,0,0,0,0,0,0,0,0,0,0,0,0,0,0,0,0,0,32.6756076812744,0,32.2585792541504,0,0,0,17.3479842609829,0,0,0,42.4181594848633,0,3.50663113141362,0,0,0,0,0,0,0,0,0,0,6.35890475908915,0,0,0,0,0,0,0,0,0,0,0,0,0,51.1933765411377,0,32.7671928405762,0,0,0,3.63590385573251,0,8.54214736329558,0,0
0,0,0,0,4.53510141372681,0,0,0,0,0,4.62268260377266,0,3.95394573741489,0,0,0,0,0,0,0,5.29311826012351,0,0,0,0,0,0,0,0,0,0,0,0,0,0,0,0,0,0,0,0,0,0,0,0,0,0,0,0,0,2.95581579208374,0,5.02702633991831,0,0,0,8.0920858021596,0,4.63130443583253,0,0,0,0,0,0,0,0,0,0,0,0,0,0,0,0,0,0,0,0,0,0,0,4.17142725402799,0,0,0,0
0,0,0,0,0,0,0,0,0,0,0,3.67768798452435,0,0,0,0,0,0,0,4.3428361756461,0,0,0,0,0,0,0,0,0,0,0,0,0,0,0,0,0,0,0,0,0,0,0,0,0,0,0,0,0,0,0,0,0,3.02857571178012,0,0,0,5.45850276947021,0,0,0,0,6.16627709070842,0,0,0,0,0,0,0,0,0,0,0,0,0,0,0,0,0,0,0,3.7987669868825,0,0,0,0
4.48202867558933,0,4.87030688296543,0,3.27813880260174,0,0,0,0,0,0,0,0,0,2.80449767112732,0,3.5859100818634,0,0,0,0,0,0,0,0,0,0,0,0,0,0,0,0,0,0,0,0,0,3.28921966552734,0,0,0,4.5603244304657,0,0,0,0,0,3.61198861258371,0,4.82293528318405,0,0,0,5.2133257632215,0,0,0,0,0,2.95305242538452,0,0,0,0,0,0,0,0,0,0,0,0,0,0,0,0,0,0,0,0,0,3.44554446130523,5.41713048517704,5.73110423917356,0,4.67652988433838
0,4.05166120529175,0,3.87444887161255,0,2.89061887447651,0,0,0,0,0,0,0,0,0,0,0,18.7978553771973,0,0,0,0,0,0,0,0,0,0,0,0,0,0,0,0,0,0,0,0,0,0,0,10.6546830549473,0,0,0,0,0,0,0,0,0,0,0,0,0,2.97389907836914,0,0,0,0,0,2.8209259930779,0,0,0,0,0,0,0,0,0,0,0,0,0,0,0,0,0,0,0,0,5.30569162598827,0,4.45795227090518,0,0
0,0,0,0,0,0,4.62268260377266,0,0,0,0,0,3.33697177707285,0,0,0,0,0,0,0,3.26430010648421,0,0,0,0,0,0,0,0,0,3.2790886481603,0,0,0,0,0,3.10376558606587,0,3.70093001312469,0,0,0,0,0,0,0,12.8226327896118,0,0,0,0,0,4.55032202332775,0,0,0,3.9590111886417,0,3.46676456596091,0,0,0,0,5.80298581330673,0,0,0,0,0,0,0,0,0,2.84149599075317,0,0,0,0,0,3.5269037572349,0,3.10878187417984,3.84209628173006,0,10.3992675145467,0,0
0,0,0,3.16770958900452,0,3.31082502655361,0,3.67768798452435,0,0,0,0,0,3.43107575636644,0,0,0,0,44.1316165924072,4.16988424150567,0,0,0,0,0,0,0,2.92926176389058,0,4.38564029729591,0,0,0,0,0,6.40121262202124,0,4.66302525311065,0,40.9100872039795,0,17.1724293000587,0,20.0191112995148,0,16.1357247564528,0,0,0,60.4192810058594,0,0,0,3.63094086647034,0,0,0,3.99455200404337,0,3.48672723770142,0,0,7.01047318593591,0,0,0,0,0,0,0,5.24296522140503,0,4.56007496170376,0,0,0,0,0,48.6366357803345,0,6.09767371813456,0,4.86218969541114,0,10.1351431086172,17.3328650506695,0
0,0,0,0,6.10727262496948,0,3.95394573741489,0,0,0,3.33697177707285,0,0,0,3.32448973178864,0,0,0,0,0,0,0,0,0,0,0,0,0,0,0,0,0,0,0,0,0,0,0,0,0,0,0,0,0,0,0,0,0,0,0,0,0,5.10252520494294,0,0,0,4.98734125710916,0,4.07478414843435,0,4.37122346875005,0,0,0,0,0,0,0,0,0,0,0,0,0,0,0,0,0,0,0,0,0,3.81311986313103,4.22335407950661,32.9278869628906,0,0
0,0,0,0,0,0,0,0,0,0,0,3.43107575636644,0,0,0,0,0,0,0,0,0,0,0,0,0,0,0,3.39407584780738,0,0,0,0,0,0,0,0,0,0,0,0,0,0,0,0,0,0,0,0,0,0,0,0,0,0,0,0,0,5.16095807423463,0,3.47416932102094,0,0,0,0,0,0,0,0,0,0,2.96277689933777,0,0,0,0,0,0,0,0,0,0,0,3.01357783809785,0,0,0,0
0,0,0,0,5.42533028125763,0,0,0,2.80449767112732,0,0,0,3.32448973178864,0,0,0,0,0,0,0,0,0,0,0,0,0,0,0,0,0,0,0,0,0,0,0,0,0,0,0,0,0,0,0,0,0,0,0,0,0,4.77434902191162,0,8.02736377716064,0,2.88056063652039,0,0,0,3.92137415291833,0,3.70762927554272,0,0,0,0,0,0,0,0,0,0,0,0,0,0,0,0,0,0,0,0,0,3.91172459577539,5.24917924404144,0,0,0
0,2.74062752723694,0,0,0,0,0,0,0,0,0,0,0,0,0,0,0,0,0,0,0,0,0,0,0,0,0,0,0,0,0,0,0,0,0,0,0,0,0,0,0,0,0,0,0,0,0,0,0,0,0,0,0,0,0,0,0,0,0,3.37813878059387,0,2.80797961483831,0,0,0,0,0,0,0,0,0,0,0,0,0,0,0,0,0,0,0,0,2.96745300292969,0,0,0,0
0,0,0,0,0,0,0,0,3.5859100818634,0,0,0,0,0,0,0,0,11.9566556599655,15.2856653187846,0,0,23.221560932049,6.99624195154539,24.0887741609053,6.30870752334595,28.5128342812521,5.58898057256426,0,0,0,0,0,0,0,0,0,0,0,0,39.5019035339355,0,0,0,0,0,33.0426030158997,0,0,0,0,0,0,0,0,0,0,0,0,0,0,0,0,0,0,24.0913858707135,9.08872237470415,0,0,28.4991315841675,7.60132199525833,0,8.83754420280457,0,0,0,0,0,0,61.9166467454698,0,0,0,8.45634496594058,7.34770539328189,46.9194679260254,0,0
0,0,0,0,0,0,0,0,0,18.7978553771973,0,0,0,0,0,0,11.9566556599655,0,14.9442459111178,0,0,8.01428673540231,17.6198816674479,11.1483467050961,0,6.22668296522439,0,8.03681779656735,0,0,0,0,0,0,0,0,0,0,0,0,0,0,0,0,0,0,0,0,0,0,0,0,0,0,0,0,0,0,0,0,0,0,0,0,9.55520707833852,21.3569782045152,8.45699787139893,0,11.9384056197272,0,0,0,0,0,0,0,0,0,0,0,0,0,7.01403817507021,6.84722927666867,0,0,0
0,0,0,0,0,0,0,0,0,0,0,44.1316165924072,0,0,0,0,15.2856653187846,14.9442459111178,0,39.6292016165597,0,0,0,0,0,0,0,0,0,0,0,0,0,39.7741012573242,0,65.9341735839844,41.4925683674059,0,0,33.2090482813247,27.389062054952,12.2330124750303,12.4535348577264,7.31985020296914,12.8827954269946,24.1338729048197,23.0040145602407,40.6745292663574,28.8967315055229,33.9312811884387,0,0,0,0,0,0,0,0,0,0,0,0,42.8482308387756,35.2807665401035,0,0,0,0,0,0,0,0,0,0,48.4430236816406,0,41.5183970133464,0,43.6800474789053,40.8796269445655,62.7762908935547,0,10.7761507643759,19.2526795345804,13.8907327226478,9.03185892105103,0
0,0,0,0,0,3.15916094779968,0,4.3428361756461,0,0,0,4.16988424150567,0,0,0,0,0,0,39.6292016165597,0,0,0,0,0,0,0,0,0,0,6.12777750832694,0,0,0,0,0,4.1075875729229,0,3.03285304705302,0,33.4402496814728,0,15.4425435838753,58.8147430419922,18.421558519689,0,10.2150382594725,0,40.211629486084,37.9275512695312,35.1960372924805,0,0,0,0,0,0,0,4.30717950007495,0,0,0,0,4.34266084922082,0,0,0,0,0,0,0,0,0,6.19178971222469,0,0,0,68.7258377075195,0,11.2541668555692,0,6.26834748341487,0,6.10683123137662,0,12.1562510918057,14.8626099427541,0
0,0,0,0,8.99281365731183,0,5.29311826012351,0,0,0,3.26430010648421,0,0,0,0,0,0,0,0,0,0,0,0,0,0,0,0,0,0,0,7.42681229114532,0,0,0,0,0,4.06025831980054,0,3.15424883365631,0,33.4056844711304,0,11.8131432533264,0,0,0,11.3452956701062,0,0,0,6.87264849779741,0,4.72032618522644,0,0,0,5.18363878045763,0,0,0,0,0,0,5.43236711878201,0,0,0,0,0,0,0,0,0,6.66259980201721,0,0,0,0,0,7.67348753491586,0,4.93870041399826,3.5329201759456,0,9.01957147185867,0,14.3865160942078
0,0,0,0,0,0,0,0,0,0,0,0,0,0,0,0,23.221560932049,8.01428673540231,0,0,0,0,15.3888966143131,6.14035159349442,0,5.71757615862714,0,7.0178754468566,0,0,0,0,0,0,0,0,0,8.15831678978757,0,0,0,0,0,0,0,0,0,0,0,11.4199039945259,0,0,0,0,0,0,0,0,0,0,0,0,0,0,6.38654197527773,23.4089012145996,3.41503455283794,0,9.91315243780151,0,25.6260973484285,0,0,0,0,0,0,0,0,0,20.717166599786,0,6.76387310107785,8.72446784749627,0,0,0
0,0,0,0,0,0,0,0,0,0,0,0,0,0,0,0,6.99624195154539,17.6198816674479,0,0,0,15.3888966143131,0,0,2.88964085578918,28.6763343811035,3.05439475604466,0,4.58782360939209,0,0,0,0,0,0,0,0,0,5.15669001586706,0,0,0,0,0,0,0,0,0,14.5607981405299,0,0,0,0,0,0,0,0,0,0,0,0,0,0,0,25.6054363250732,6.20584015340291,0,4.51382279396057,0,12.9744228124619,0,13.034395519806,0,0,0,0,0,0,0,0,0,10.7962392162141,5.79584785464891,6.23047863494518,0,0,0
0,0,0,0,0,0,0,0,0,0,0,0,0,0,0,0,24.0887741609053,11.1483467050961,0,0,0,6.14035159349442,0,0,0,15.2187125682831,0,0,0,0,0,0,0,0,0,0,0,3.80214440557692,0,0,0,0,0,0,0,0,0,0,0,3.31914651589315,0,0,0,0,0,0,0,0,0,0,0,0,0,0,6.03352150633619,0,3.03910709639727,0,0,0,0,0,0,0,0,0,0,0,0,0,3.27151608467102,0,5.33560618770568,6.17400312423706,0,0,0
0,0,0,0,0,0,0,0,0,0,0,0,0,0,0,0,6.30870752334595,0,0,0,0,0,2.88964085578918,0,0,0,2.73533749580383,0,0,0,0,0,0,0,0,0,0,0,3.93796624124578,0,0,0,0,0,0,0,0,0,4.86425883389084,0,0,0,0,0,0,0,0,0,0,0,0,0,0,0,0,3.90283894538879,0,3.69987703221185,0,0,0,0,0,0,0,0,0,0,0,0,0,3.55196785926819,4.37862576757159,6.95752573013306,0,0,0
0,0,0,0,0,0,0,0,0,0,0,0,0,0,0,0,28.5128342812521,6.22668296522439,0,0,0,5.71757615862714,28.6763343811035,15.2187125682831,0,0,0,5.38684796303818,0,0,0,0,0,0,0,0,0,0,0,0,0,0,0,0,0,0,0,0,0,0,0,0,0,0,0,0,0,0,0,0,0,0,0,0,6.31066099017736,0,0,0,4.0041885965473,0,3.64635006947951,0,0,0,0,0,0,0,0,0,0,0,4.83467718817971,18.8470735549927,0,0,0
0,0,0,0,0,0,0,0,0,0,0,0,0,0,0,0,5.58898057256426,0,0,0,0,0,3.05439475604466,0,2.73533749580383,0,0,0,3.23357546822099,0,0,0,0,0,0,0,0,0,0,0,0,0,0,0,0,0,0,0,0,0,0,0,0,0,0,0,0,0,0,0,0,0,0,0,0,0,0,0,0,0,0,3.83794585863749,0,0,0,0,0,0,0,0,0,0,4.82593697886313,0,0,0,0
0,0,0,0,0,0,0,0,0,0,0,2.92926176389058,0,3.39407584780738,0,0,0,8.03681779656735,0,0,0,7.0178754468566,0,0,0,5.38684796303818,0,0,0,2.87275640763969,0,0,0,0,0,0,0,3.37784922122955,0,0,0,0,0,0,0,0,0,0,0,0,0,0,0,0,0,0,0,2.81356855801174,0,3.73986782938797,0,0,0,0,4.84216056551252,0,0,0,6.33428180348742,0,5.53483835473719,0,4.22882843017578,0,0,0,0,0,0,0,7.92713833536421,0,7.09302278210096,8.93968284049002,0,0,0
0,0,0,0,0,0,0,0,0,0,0,0,0,0,0,0,0,0,0,0,0,0,4.58782360939209,0,0,0,3.23357546822099,0,0,0,5.17886143922806,0,0,0,0,0,0,0,5.57182592612046,0,0,0,0,0,0,0,0,0,0,0,0,0,0,0,0,0,0,0,0,0,0,0,0,0,0,4.72796591122945,0,0,0,4.43241791725159,0,10.1588093255056,0,5.58176183700562,0,0,0,0,0,0,0,0,6.55217504501343,0,0,0,0
0,0,0,0,0,0,0,0,0,0,0,4.38564029729591,0,0,0,0,0,0,0,6.12777750832694,0,0,0,0,0,0,0,2.87275640763969,0,0,0,0,0,0,0,0,0,4.53774056292292,0,0,0,17.9421672821045,0,23.9523639678955,0,30.5871295928955,0,0,0,0,0,0,0,0,0,0,0,2.87411069869995,0,0,0,0,8.83185911178589,0,0,0,0,0,0,0,3.55176048051743,0,5.17688130243176,0,0,0,0,0,0,0,5.2822728243427,0,4.23082491547562,0,8.1232476234436,20.4791374206543,0
0,0,0,0,0,0,0,0,0,0,3.2790886481603,0,0,0,0,0,0,0,0,0,7.42681229114532,0,0,0,0,0,0,0,5.17886143922806,0,0,0,0,0,0,0,0,0,3.47764977756109,0,0,0,0,0,0,0,0,0,0,0,0,0,0,0,0,0,3.60414054078504,0,0,0,0,0,0,8.3950811624527,0,0,0,0,0,0,0,0,0,3.84200949956907,0,0,0,0,0,0,0,4.54358954230944,4.36267326618063,0,7.66259741783142,0,17.6263377666473
0,0,0,0,0,0,0,0,0,0,0,0,0,0,0,0,0,0,0,0,0,0,0,0,0,0,0,0,0,0,0,0,4.33321970136542,6.31621026992798,0,3.33127141992251,2.74453997612,0,0,25.6480891704559,0,32.4961181416231,0,41.4241352081299,0,33.7294338226318,0,5.62033864477697,13.5398511886597,19.495800411,0,0,0,0,0,0,0,0,0,0,0,0,0,0,0,0,0,0,0,0,0,0,0,0,4.38534306521927,11.2289598782857,9.54260506894853,0,10.7676756050227,12.9860551016671,0,0,3.64096923767467,0,28.7889253616333,33.1445592244466,0
0,0,0,0,0,0,0,0,0,0,0,0,0,0,0,0,0,0,0,0,0,0,0,0,0,0,0,0,0,0,0,4.33321970136542,0,6.12337303161621,7.52368688583374,7.69845151901245,3.53130014931283,0,0,0,0,0,0,0,0,0,0,4.43192297095185,0,0,0,0,0,0,0,0,0,0,0,0,0,0,0,0,0,0,0,0,0,0,0,0,0,0,6.37207228428609,4.50305328748576,0,5.92347955703735,0,4.56167677918526,0,0,4.0806609249748,0,0,0,0
0,0,0,0,0,0,0,0,0,0,0,0,0,0,0,0,0,0,39.7741012573242,0,0,0,0,0,0,0,0,0,0,0,0,6.31621026992798,6.12337303161621,0,4.30090435621369,4.82416323423386,0,4.02816139214805,4.53803610801697,25.9740772247314,0,19.7006978193919,0,0,0,40.2592788696289,0,5.76058335193602,0,8.63687277975536,0,0,0,0,0,0,0,0,0,0,0,0,0,0,0,0,0,0,0,0,0,0,0,0,0,0,4.5342946105046,6.60260980237614,8.67505805064688,0,6.07858571076926,0,4.77590059600739,0,18.522727128936,35.5569496154785,0
0,0,0,0,0,0,0,0,0,0,0,0,0,0,0,0,0,0,0,0,0,0,0,0,0,0,0,0,0,0,0,0,7.52368688583374,4.30090435621369,0,16.4391705195109,3.01072203178032,6.0780477364858,3.98281269447476,0,0,0,0,0,0,0,0,6.68627070166848,7.84879013299942,0,0,0,0,0,0,0,0,0,0,0,0,0,0,0,0,0,0,0,0,0,0,0,0,0,0,12.1555726130803,4.72148670973601,4.22967969908169,15.5489091873169,9.83085750960731,0,5.04878936728386,3.7038850458463,0,11.1880874633789,0,0
0,0,0,0,0,0,0,0,0,0,0,6.40121262202124,0,0,0,0,0,0,65.9341735839844,4.1075875729229,0,0,0,0,0,0,0,0,0,0,0,3.33127141992251,7.69845151901245,4.82416323423386,16.4391705195109,0,3.78317361788688,4.64660578410242,3.61955988259963,16.3514230781131,0,13.4227935389469,0,0,0,15.1697328434777,0,6.17320083929506,8.13778535057517,6.99542141447262,0,0,0,0,0,0,0,5.24987741672631,0,0,0,0,10.0276360579899,0,0,0,0,0,0,0,0,0,0,0,9.80682499408722,0,8.0408202346166,0,4.81803700862051,11.0950771995953,4.46669094863979,0,4.43922376217853,5.9948837463107,12.9197334584116,0,0
0,0,20.7682265043259,0,21.4875348556873,0,0,0,0,0,3.10376558606587,0,0,0,0,0,0,0,41.4925683674059,0,4.06025831980054,0,0,0,0,0,0,0,0,0,0,2.74453997612,3.53130014931283,0,3.01072203178032,3.78317361788688,0,0,5.23894732601885,0,5.07632521986961,0,34.7647052341037,0,35.1152267456055,0,21.9528570265295,5.95047418364527,9.02852930673739,0,19.8471991779446,0,0,0,22.6082722345988,0,19.6095937593094,0,21.0240619850159,0,19.8136520385742,0,0,17.3690584806107,0,0,0,0,0,0,0,0,0,0,0,0,0,4.84166766242158,4.53223836565592,5.10597159169736,0,5.4036849580417,4.27250484500834,3.89731334106267,12.7496395055755,0,0
0,0,0,0,0,0,0,0,0,0,0,4.66302525311065,0,0,0,0,0,0,0,3.03285304705302,0,8.15831678978757,0,3.80214440557692,0,0,0,3.37784922122955,0,4.53774056292292,0,0,0,4.02816139214805,6.0780477364858,4.64660578410242,0,0,4.80802024535413,0,0,6.72033897468022,0,0,0,0,0,4.16128506619706,0,3.52966056056056,0,0,0,0,0,0,0,4.97238458693027,0,0,0,0,3.01717615127563,0,8.70163974687987,0,3.76078315881582,0,0,0,6.17472359696789,0,5.59758959402585,0,0,0,5.39488654266032,0,6.77974617621112,0,4.69344510464603,0,4.60363607546862,4.25623469198904,3.16155552119017,0,0
0,0,0,0,0,0,0,0,3.28921966552734,0,3.70093001312469,0,0,0,0,0,0,0,0,0,3.15424883365631,0,5.15669001586706,0,3.93796624124578,0,0,0,5.57182592612046,0,3.47764977756109,0,0,4.53803610801697,3.98281269447476,3.61955988259963,5.23894732601885,4.80802024535413,0,0,0,0,0,0,0,0,0,5.48956137714964,4.97163911256413,0,0,0,0,0,0,0,4.96851258059494,0,0,0,0,0,0,3.92259699106216,0,9.83120584487915,0,4.92041044765049,0,7.36832332611084,0,8.87350678443909,0,3.38431465625763,0,0,5.62732577323914,3.85837749210564,0,5.8368974395634,7.6302861849467,4.49736760349746,4.33601297597888,3.66380346152518,3.47198893258601,0,0
0,0,0,37.8866481781006,0,32.6756076812744,0,0,0,0,0,40.9100872039795,0,0,0,0,39.5019035339355,0,33.2090482813247,33.4402496814728,0,0,0,0,0,0,0,0,0,0,0,25.6480891704559,0,25.9740772247314,0,16.3514230781131,0,0,0,0,0,16.8412389059861,23.6888522869203,22.9017960158261,0,14.6653885087647,42.277961730957,25.5951072680644,12.0867304801941,14.1308041237019,0,0,0,0,0,0,0,40.0166358947754,0,0,0,0,27.3381422503611,0,0,0,0,0,0,0,0,0,0,0,0,0,22.9726146898772,0,14.4580909868627,69.8877861022949,5.37539789746109,0,26.3299325462279,31.3511654535929,9.96929205683052,18.8398393686267,0
0,0,0,0,0,0,0,0,0,0,0,0,0,0,0,0,0,0,27.389062054952,0,33.4056844711304,0,0,0,0,0,0,0,0,0,0,0,0,0,0,0,5.07632521986961,0,0,0,0,0,21.4573086469314,0,19.4519947814941,43.1503162384033,10.9439062675857,6.77629534900188,10.2139392389682,0,0,0,0,0,0,0,23.4987478256226,0,0,0,0,0,0,21.7344429896428,0,0,0,0,0,0,0,0,0,0,0,0,0,0,0,16.6727266531164,0,2.87518353462219,21.6930754979451,0,12.4506358075048,0,15.7309343020121
0,12.9412223345467,0,18.2031561282254,0,32.2585792541504,0,0,0,10.6546830549473,0,17.1724293000587,0,0,0,0,0,0,12.2330124750303,15.4425435838753,0,0,0,0,0,0,0,0,0,17.9421672821045,0,32.4961181416231,0,19.7006978193919,0,13.4227935389469,0,6.72033897468022,0,16.8412389059861,0,0,12.0964808674897,8.07026644734775,16.5585205554962,14.7302516135764,31.1979694366455,19.20484229961,48.1187133789062,11.3439912783731,0,0,0,0,0,0,0,14.3370777595334,0,0,0,0,12.1565127146655,55.9568309783936,0,0,0,0,0,0,0,0,14.7027731089629,0,32.0596323013306,0,28.6020294189453,0,25.3152863802807,39.2463035583496,11.9842146237691,0,10.8102397752714,20.9636225019182,8.38213485834494,5.97360402466206,0
6.13947219115037,0,17.9090733153097,0,0,0,0,0,4.5603244304657,0,0,0,0,0,0,0,0,0,12.4535348577264,58.8147430419922,11.8131432533264,0,0,0,0,0,0,0,0,0,0,0,0,0,0,0,34.7647052341037,0,0,23.6888522869203,21.4573086469314,12.0964808674897,0,21.0093650817871,7.31496407046463,24.4512948292058,17.8192852924036,30.3188710808754,9.40714359248437,22.7508823871613,0,0,0,0,0,0,17.9553040862083,0,0,0,0,0,57.5226364135742,17.103895877537,0,0,0,0,0,0,0,0,0,14.3872363567352,0,0,0,0,40.2158714577004,29.1639573483387,0,22.6221517835345,11.0600592538014,29.5971387227376,10.6722454016246,19.4747018814087,5.53863431644609
0,0,0,0,0,0,0,0,0,0,0,20.0191112995148,0,0,0,0,0,0,7.31985020296914,18.421558519689,0,0,0,0,0,0,0,0,0,23.9523639678955,0,41.4241352081299,0,0,0,0,0,0,0,22.9017960158261,0,8.07026644734775,21.0093650817871,0,19.9938716888428,11.1196443875631,29.695743560791,35.964168548584,0,27.5960779190063,0,0,0,0,0,0,0,20.1286821365356,0,0,0,0,13.984364902764,0,0,0,0,0,0,0,0,0,22.9574162960052,0,0,0,0,0,30.5425349565653,47.3161888122559,22.472953414917,0,17.3754351615906,0,13.1492857027211,8.19231431484222,0
0,0,0,0,0,0,0,0,0,0,0,0,0,0,0,0,0,0,12.8827954269946,0,0,0,0,0,0,0,0,0,0,0,0,0,0,0,0,0,35.1152267456055,0,0,0,19.4519947814941,16.5585205554962,7.31496407046463,19.9938716888428,0,32.7433115641276,13.3463137287625,47.7708435058594,25.3250970840454,32.363151550293,0,0,0,0,0,0,0,0,0,0,0,0,0,23.3820619081196,0,0,0,0,0,0,0,0,0,0,0,0,0,0,67.2540588378906,31.833334352182,0,0,19.3370157171179,0,10.1565390987161,0,9.28014512856801
0,0,0,10.3646365817548,0,17.3479842609829,0,0,0,0,0,16.1357247564528,0,0,0,0,33.0426030158997,0,24.1338729048197,10.2150382594725,0,0,0,0,0,0,0,0,0,30.5871295928955,0,33.7294338226318,0,40.2592788696289,0,15.1697328434777,0,0,0,14.6653885087647,43.1503162384033,14.7302516135764,24.4512948292058,11.1196443875631,32.7433115641276,0,45.0277546473912,36.4871915208882,31.4890657001072,25.0078403344108,0,0,0,0,0,0,0,20.3820554097493,0,0,0,0,9.81223524512353,0,0,0,0,0,0,0,0,0,21.7271065711975,0,36.5804801940918,0,36.7361674308777,0,21.7933945480146,61.2059963226318,15.7419678111409,0,16.6715802768943,16.4099710505942,12.0216495677506,12.6598970483851,0
0,0,13.508727645874,0,0,0,0,0,0,0,12.8226327896118,0,0,0,0,0,0,0,23.0040145602407,0,11.3452956701062,0,0,0,0,0,0,0,0,0,0,0,0,0,0,0,21.9528570265295,0,0,42.277961730957,10.9439062675857,31.1979694366455,17.8192852924036,29.695743560791,13.3463137287625,45.0277546473912,0,37.2686513264974,28.370774609702,40.7805252075195,0,0,0,0,24.0904979705811,0,16.4734496010674,0,19.5791473388672,0,0,0,0,7.61658826755054,0,0,0,0,0,0,0,0,0,24.3813076019287,0,0,0,0,68.0500328063965,21.5568480460919,0,15.3122094154358,17.0913473887321,18.3188807169596,10.0978014891615,0,12.4625154091762
0,0,0,0,0,0,0,0,0,0,0,0,0,0,0,0,0,0,40.6745292663574,40.211629486084,0,0,0,0,0,0,0,0,0,0,0,5.62033864477697,4.43192297095185,5.76058335193602,6.68627070166848,6.17320083929506,5.95047418364527,4.16128506619706,5.48956137714964,25.5951072680644,6.77629534900188,19.20484229961,30.3188710808754,35.964168548584,47.7708435058594,36.4871915208882,37.2686513264974,0,5.73623803960599,6.6224908596706,0,0,0,0,0,0,0,0,0,0,0,0,49.0815277099609,0,0,0,0,0,0,0,0,0,0,0,6.54287587900231,6.29216476371952,5.54919530385878,5.56370641927887,12.727417842191,6.79475764715525,5.1814566542283,6.9375833679926,8.20036387641812,37.4044326146444,11.7176144211142,34.8802140553792,0
4.22090990952304,0,3.25914324081696,0,0,0,0,0,3.61198861258371,0,0,0,0,0,0,0,0,0,28.8967315055229,37.9275512695312,0,0,14.5607981405299,0,4.86425883389084,0,0,0,0,0,0,13.5398511886597,0,0,7.84879013299942,8.13778535057517,9.02852930673739,0,4.97163911256413,12.0867304801941,10.2139392389682,48.1187133789062,9.40714359248437,0,25.3250970840454,31.4890657001072,28.370774609702,5.73623803960599,0,5.85047409751199,0,0,0,0,0,0,5.47553811817807,0,5.90040608154711,0,7.12341934958781,0,0,0,0,8.16296906975227,0,5.50673093308102,0,4.91396437650141,0,16.7758524846136,0,0,0,10.121808052063,0,4.3207729612078,14.1526110172272,9.88992889255893,0,5.16113936566202,9.41796701016996,23.7545757293701,8.99302571143591,0,8.33517074584961
0,4.23673056502369,0,3.86904059383604,0,42.4181594848633,0,0,0,0,0,60.4192810058594,0,0,0,0,0,0,33.9312811884387,35.1960372924805,0,11.4199039945259,0,3.31914651589315,0,0,0,0,0,0,0,19.495800411,0,8.63687277975536,0,6.99542141447262,0,3.52966056056056,0,14.1308041237019,0,11.3439912783731,22.7508823871613,27.5960779190063,32.363151550293,25.0078403344108,40.7805252075195,6.6224908596706,5.85047409751199,0,0,0,0,0,0,2.94910132884979,0,4.29761011612848,0,3.59078392615685,0,3.12678245703379,37.9731271834601,0,25.8893998201828,0,3.34423063419483,0,0,0,10.2487090566884,0,3.73754632472992,0,14.2708187103271,0,6.32082013221784,0,22.0961371087382,66.9726076126099,6.28152166517441,0,16.3047312688828,29.6636048952738,10.8517358559434,11.9707828571922,0
0,0,9.03280942840914,0,4.54225716476062,0,2.95581579208374,0,4.82293528318405,0,0,0,0,0,4.77434902191162,0,0,0,0,0,6.87264849779741,0,0,0,0,0,0,0,0,0,0,0,0,0,0,0,19.8471991779446,0,0,0,0,0,0,0,0,0,0,0,0,0,0,0,3.01291589736938,0,3.84621180044977,0,3.64774937927723,0,3.99441927717638,0,4.6075810097742,0,0,9.98282021284103,0,0,0,0,0,0,0,0,0,0,0,0,0,0,0,20.4074194683292,0,0,5.62498396621097,10.3443443775177,7.67259278893471,0,0
0,0,0,0,0,3.50663113141362,0,0,0,0,0,0,0,0,0,0,0,0,0,0,0,0,0,0,0,0,0,0,0,0,0,0,0,0,0,0,0,0,0,0,0,0,0,0,0,0,0,0,0,0,0,0,0,0,0,0,0,0,0,3.94193612734477,0,3.21963243484497,0,0,0,0,0,0,0,0,0,0,0,0,0,0,0,0,0,0,0,0,3.88351200308119,0,0,0,0
0,0,0,0,3.48421823978424,0,5.02702633991831,0,0,0,4.55032202332775,0,5.10252520494294,0,8.02736377716064,0,0,0,0,0,4.72032618522644,0,0,0,0,0,0,0,0,0,0,0,0,0,0,0,0,0,0,0,0,0,0,0,0,0,0,0,0,0,3.01291589736938,0,0,0,0,0,4.79712635797553,0,4.65427303838206,0,15.6086740493774,0,0,0,0,0,0,0,0,0,0,0,0,0,0,0,0,0,0,0,0,0,5.21105018356275,0,0,0,0
0,0,0,0,0,0,0,3.02857571178012,0,0,0,3.63094086647034,0,0,0,0,0,0,0,0,0,0,0,0,0,0,0,0,0,0,0,0,0,0,0,0,0,0,0,0,0,0,0,0,0,0,0,0,0,0,0,0,0,0,0,0,0,0,0,2.7407523393631,0,0,0,0,0,0,0,0,0,0,0,0,0,0,0,0,0,0,0,0,0,0,2.88925602700975,0,0,0,0
5.50416889618247,0,5.18056347169949,0,4.26251261808465,0,0,0,5.2133257632215,0,0,0,0,0,2.88056063652039,0,0,0,0,0,0,0,0,0,0,0,0,0,0,0,0,0,0,0,0,0,22.6082722345988,0,0,0,0,0,0,0,0,0,24.0904979705811,0,0,0,3.84621180044977,0,0,0,0,0,3.60317476590474,0,3.33292805064808,0,3.16056586901347,0,0,0,0,0,0,0,0,0,0,0,0,0,0,0,0,0,0,20.4287452697754,0,0,6.06749668740134,13.1442607243856,10.6533166567485,0,0
0,3.4481683075428,0,3.19089392515329,0,0,0,0,0,2.97389907836914,0,0,0,0,0,0,0,0,0,0,0,0,0,0,0,0,0,0,0,0,0,0,0,0,0,0,0,0,0,0,0,0,0,0,0,0,0,0,0,2.94910132884979,0,0,0,0,0,0,0,0,0,0,0,0,0,0,0,0,0,0,0,0,0,0,0,0,0,0,0,0,0,0,0,0,0,0,0,0,0
3.02407884597778,0,5.39795032967912,0,11.850066502889,0,8.0920858021596,0,0,0,3.9590111886417,0,4.98734125710916,0,0,0,0,0,0,0,5.18363878045763,0,0,0,0,0,0,0,0,0,3.60414054078504,0,0,0,0,0,19.6095937593094,0,4.96851258059494,0,23.4987478256226,0,17.9553040862083,0,0,0,16.4734496010674,0,5.47553811817807,0,3.64774937927723,0,4.79712635797553,0,3.60317476590474,0,0,0,5.78161966331181,0,12.0689254364877,0,0,6.98040292813228,0,0,0,0,0,0,0,4.11158691512214,0,3.53972565018853,0,0,0,0,0,19.9230256653451,0,0,5.36257899250683,0,5.54031895747401,0,18.4065833621555
0,0,0,0,0,0,0,5.45850276947021,0,0,0,3.99455200404337,0,5.16095807423463,0,0,0,0,0,4.30717950007495,0,0,0,0,0,0,0,2.81356855801174,0,2.87411069869995,0,0,0,0,0,5.24987741672631,0,4.97238458693027,0,40.0166358947754,0,14.3370777595334,0,20.1286821365356,0,20.3820554097493,0,0,0,4.29761011612848,0,0,0,0,0,0,0,0,0,5.07450044016629,0,2.78323179483414,2.78696948289871,0,0,0,0,0,0,0,3.97828725159886,0,4.00649870929408,0,0,0,0,0,45.4320545196533,0,6.45443280537923,0,3.99295772132227,0,4.68137302132029,16.9816534042358,0
0,0,6.4327964957701,0,3.67735734383265,0,4.63130443583253,0,0,0,3.46676456596091,0,4.07478414843435,0,3.92137415291833,0,0,0,0,0,0,0,0,0,0,0,0,0,0,0,0,0,0,0,0,0,21.0240619850159,0,0,0,0,0,0,0,0,0,19.5791473388672,0,5.90040608154711,0,3.99441927717638,0,4.65427303838206,0,3.33292805064808,0,5.78161966331181,0,0,0,7.56988297852043,0,0,6.21323823928833,0,0,0,0,0,0,0,4.21157672198396,0,0,0,0,0,0,0,19.4859855384157,0,0,4.1521168445286,5.17394117514292,9.03729247799809,0,0
0,0,0,0,0,0,0,0,0,0,0,3.48672723770142,0,3.47416932102094,0,3.37813878059387,0,0,0,0,0,0,0,0,0,0,0,3.73986782938797,0,0,0,0,0,0,0,0,0,0,0,0,0,0,0,0,0,0,0,0,0,3.59078392615685,0,3.94193612734477,0,2.7407523393631,0,0,0,5.07450044016629,0,0,0,3.11455678939819,0,0,0,0,0,0,0,0,4.04352926171344,0,0,0,0,0,0,0,0,0,0,0,3.24224514961243,0,0,0,0
4.86411560906304,0,6.68198067877028,0,5.58592625981883,0,0,0,2.95305242538452,0,0,0,4.37122346875005,0,3.70762927554272,0,0,0,0,0,0,0,0,0,0,0,0,0,0,0,0,0,0,0,0,0,19.8136520385742,0,0,0,0,0,0,0,0,0,0,0,7.12341934958781,0,4.6075810097742,0,15.6086740493774,0,3.16056586901347,0,12.0689254364877,0,7.56988297852043,0,0,0,0,0,0,0,0,0,0,4.24131169611094,0,0,0,0,0,0,0,0,0,20.21462059021,0,0,4.95949164521757,7.243825507164,14.2064884534249,0,0
0,3.22189142227173,0,0,0,0,0,0,0,2.8209259930779,0,0,0,0,0,2.80797961483831,0,0,0,0,0,0,0,0,0,0,0,0,0,0,0,0,0,0,0,0,0,0,0,0,0,0,0,0,0,0,0,0,0,3.12678245703379,0,3.21963243484497,0,0,0,0,0,2.78323179483414,0,3.11455678939819,0,0,0,0,0,0,0,0,3.15832884495075,0,3.80096286535263,0,0,0,0,0,0,0,0,0,0,0,3.06314671039581,0,3.5316966176033,0,0
0,0,0,21.8296885239451,0,6.35890475908915,0,6.16627709070842,0,0,0,7.01047318593591,0,0,0,0,0,0,42.8482308387756,4.34266084922082,0,0,0,0,0,0,0,0,0,8.83185911178589,0,0,0,0,0,10.0276360579899,0,3.01717615127563,0,27.3381422503611,0,12.1565127146655,57.5226364135742,13.984364902764,0,9.81223524512353,0,49.0815277099609,0,37.9731271834601,0,0,0,0,0,0,0,2.78696948289871,0,0,0,0,0,0,0,0,0,0,0,0,0,0,10.7025769948959,0,0,0,58.600341796875,0,13.7436185286856,0,5.92676788965861,0,6.02986829711477,0,8.49942306505332,11.9473360706778,0
0,0,19.595437343304,0,13.6590225471641,0,0,0,0,0,5.80298581330673,0,0,0,0,0,0,0,35.2807665401035,0,5.43236711878201,0,0,0,0,0,0,0,0,0,8.3950811624527,0,0,0,0,0,17.3690584806107,0,3.92259699106216,0,21.7344429896428,55.9568309783936,17.103895877537,0,23.3820619081196,0,7.61658826755054,0,0,0,9.98282021284103,0,0,0,0,0,6.98040292813228,0,6.21323823928833,0,0,0,0,0,0,0,0,0,0,0,0,0,0,7.84212319056193,0,0,0,0,87.7989196777344,19.4923645719483,0,5.66987730275403,9.82706109362694,0,10.1254445075573,0,13.9381213029226
0,0,0,0,0,0,0,0,0,0,0,0,0,0,0,0,24.0913858707135,9.55520707833852,0,0,0,6.38654197527773,25.6054363250732,6.03352150633619,0,6.31066099017736,0,4.84216056551252,0,0,0,0,0,0,0,0,0,8.70163974687987,0,0,0,0,0,0,0,0,0,0,0,25.8893998201828,0,0,0,0,0,0,0,0,0,0,0,0,0,0,0,0,4.61794879480644,0,8.1723047208786,0,25.6154603164587,0,0,0,0,0,0,0,0,0,10.9677105775385,0,8.02510730195336,9.28308434486389,0,0,0
0,0,0,0,0,0,0,0,0,0,0,0,0,0,0,0,9.08872237470415,21.3569782045152,0,0,0,23.4089012145996,6.20584015340291,0,3.90283894538879,0,0,0,4.72796591122945,0,0,0,0,0,0,0,0,0,9.83120584487915,0,0,0,0,0,0,0,0,0,8.16296906975227,0,0,0,0,0,0,0,0,0,0,0,0,0,0,0,0,0,0,5.05718966172292,0,9.13981119791667,0,13.7177162265708,0,0,0,0,0,0,0,0,0,9.36579610441618,9.79120160300487,6.47936081886292,0,0,0
0,0,0,0,0,0,0,0,0,0,0,0,0,0,0,0,0,8.45699787139893,0,0,0,3.41503455283794,0,3.03910709639727,0,0,0,0,0,0,0,0,0,0,0,0,0,3.76078315881582,0,0,0,0,0,0,0,0,0,0,0,3.34423063419483,0,0,0,0,0,0,0,0,0,0,0,0,0,0,4.61794879480644,0,0,0,0,0,0,0,0,0,0,0,0,0,0,0,3.02521604299545,0,3.74894692748785,0,0,0,0
0,0,0,0,0,0,0,0,0,0,0,0,0,0,0,0,0,0,0,0,0,0,4.51382279396057,0,3.69987703221185,0,0,0,0,0,0,0,0,0,0,0,0,0,4.92041044765049,0,0,0,0,0,0,0,0,0,5.50673093308102,0,0,0,0,0,0,0,0,0,0,0,0,0,0,0,0,5.05718966172292,0,0,0,5.65549616018931,0,0,0,0,0,0,0,0,0,0,0,5.69237899780273,12.8505411148071,0,4.78473536173503,0,0
0,0,0,0,0,0,0,0,0,0,0,0,0,0,0,0,28.4991315841675,11.9384056197272,0,0,0,9.91315243780151,0,0,0,4.0041885965473,0,6.33428180348742,0,0,0,0,0,0,0,0,0,0,0,0,0,0,0,0,0,0,0,0,0,0,0,0,0,0,0,0,0,0,0,0,0,3.15832884495075,0,0,8.1723047208786,0,0,0,0,0,3.54372884364838,0,0,0,0,0,0,0,0,0,0,0,8.24802423142768,7.68848705291748,0,0,0
0,0,0,0,0,0,0,0,0,0,0,0,0,0,0,0,7.60132199525833,0,0,0,0,0,12.9744228124619,0,0,0,0,0,4.43241791725159,0,0,0,0,0,0,0,0,0,7.36832332611084,0,0,0,0,0,0,0,0,0,4.91396437650141,0,0,0,0,0,0,0,0,0,0,0,4.24131169611094,0,0,0,0,9.13981119791667,0,5.65549616018931,0,0,0,4.94058502804149,0,0,0,0,0,0,0,0,0,0,3.75937713425735,0,0,0,0
0,0,0,0,0,0,0,0,0,0,0,5.24296522140503,0,2.96277689933777,0,0,0,0,0,0,0,25.6260973484285,0,0,0,3.64635006947951,0,5.53483835473719,0,3.55176048051743,0,0,0,0,0,0,0,6.17472359696789,0,0,0,0,0,0,0,0,0,0,0,10.2487090566884,0,0,0,0,0,0,0,3.97828725159886,0,4.04352926171344,0,3.80096286535263,0,0,25.6154603164587,0,0,0,3.54372884364838,0,0,0,3.3787993490696,0,0,0,0,0,0,0,6.83323313395182,0,9.84426095268943,0,0,0,0
0,0,0,0,0,0,0,0,0,0,0,0,0,0,0,0,8.83754420280457,0,0,0,0,0,13.034395519806,0,0,0,3.83794585863749,0,10.1588093255056,0,0,0,0,0,0,0,0,0,8.87350678443909,0,0,0,0,0,0,0,0,0,16.7758524846136,0,0,0,0,0,0,0,4.11158691512214,0,4.21157672198396,0,0,0,0,0,0,13.7177162265708,0,0,0,4.94058502804149,0,0,0,3.63797733425039,0,0,0,0,0,0,0,11.3499968846639,18.5220660765966,0,7.04706978523868,0,0
0,0,0,0,0,0,0,0,0,0,0,4.56007496170376,0,0,0,0,0,0,0,6.19178971222469,0,0,0,0,0,0,0,4.22882843017578,0,5.17688130243176,0,0,0,0,0,0,0,5.59758959402585,0,0,0,14.7027731089629,0,22.9574162960052,0,21.7271065711975,0,0,0,3.73754632472992,0,0,0,0,0,0,0,4.00649870929408,0,0,0,0,10.7025769948959,0,0,0,0,0,0,0,3.3787993490696,0,0,0,0,0,0,0,47.7648061116536,0,3.71147215219192,0,7.47518352866173,0,5.79468374558721,19.4592732323541,0
0,0,0,0,0,0,0,0,0,0,2.84149599075317,0,0,0,0,0,0,0,0,0,6.66259980201721,0,0,0,0,0,0,0,5.58176183700562,0,3.84200949956907,0,0,0,0,0,0,0,3.38431465625763,0,0,0,14.3872363567352,0,0,0,24.3813076019287,0,0,0,0,0,0,0,0,0,3.53972565018853,0,0,0,0,0,0,7.84212319056193,0,0,0,0,0,0,0,3.63797733425039,0,0,0,0,0,0,0,0,0,6.79278259846702,5.31335679690043,0,5.51604665540795,0,15.9312770192216
0,0,0,0,0,0,0,0,0,0,0,0,0,0,0,0,0,0,48.4430236816406,0,0,0,0,0,0,0,0,0,0,0,0,4.38534306521927,6.37207228428609,0,0,9.80682499408722,0,0,0,0,0,32.0596323013306,0,0,0,36.5804801940918,0,6.54287587900231,0,14.2708187103271,0,0,0,0,0,0,0,0,0,0,0,0,0,0,0,0,0,0,0,0,0,0,0,0,0,14.9407360894339,11.8107587611466,0,7.19356569654291,0,0,0,4.48947136148588,0,34.0528106689453,33.3167343139648,0
0,0,0,0,0,0,0,0,0,0,0,0,0,0,0,0,0,0,0,0,0,0,0,0,0,0,0,0,0,0,0,11.2289598782857,4.50305328748576,0,12.1555726130803,0,0,0,0,0,0,0,0,0,0,0,0,6.29216476371952,10.121808052063,0,0,0,0,0,0,0,0,0,0,0,0,0,0,0,0,0,0,0,0,0,0,0,0,0,14.9407360894339,0,0,10.3011733183916,0,6.47094214049511,0,0,5.08841478070581,0,0,0,0
0,0,0,0,0,51.1933765411377,0,0,0,0,0,0,0,0,0,0,0,0,41.5183970133464,68.7258377075195,0,0,0,0,0,0,0,0,0,0,0,9.54260506894853,0,4.5342946105046,4.72148670973601,8.0408202346166,0,5.39488654266032,5.62732577323914,22.9726146898772,0,28.6020294189453,0,0,0,36.7361674308777,0,5.54919530385878,0,6.32082013221784,0,0,0,0,0,0,0,0,0,0,0,0,58.600341796875,0,0,0,0,0,0,0,0,0,0,0,11.8107587611466,0,0,8.40880393981934,9.47847255532503,0,4.64552499012775,0,6.21986251659976,40.5578994750977,30.1214304327965,33.8789482116699,0
0,0,0,0,0,0,0,0,0,0,0,0,0,0,0,0,0,0,0,0,0,0,0,0,0,0,0,0,0,0,0,0,5.92347955703735,6.60260980237614,4.22967969908169,0,4.84166766242158,0,3.85837749210564,0,0,0,0,0,0,0,0,5.56370641927887,4.3207729612078,0,0,0,0,0,0,0,0,0,0,0,0,0,0,0,0,0,0,0,0,0,0,0,0,0,0,10.3011733183916,8.40880393981934,0,0,8.66066905305236,0,4.39680678523243,4.63472632576307,0,0,0,0
0,0,0,0,0,32.7671928405762,0,0,0,0,0,48.6366357803345,0,0,0,0,61.9166467454698,0,43.6800474789053,11.2541668555692,0,0,0,0,0,0,0,0,0,0,0,10.7676756050227,0,8.67505805064688,15.5489091873169,4.81803700862051,4.53223836565592,6.77974617621112,0,14.4580909868627,0,25.3152863802807,40.2158714577004,30.5425349565653,67.2540588378906,21.7933945480146,68.0500328063965,12.727417842191,14.1526110172272,22.0961371087382,0,0,0,0,0,0,0,45.4320545196533,0,0,0,0,13.7436185286856,87.7989196777344,0,0,0,0,0,0,0,0,47.7648061116536,0,7.19356569654291,0,9.47847255532503,0,0,31.7100175702295,5.80704960904827,0,7.59467482256069,14.3202185245475,21.9612618250845,23.7843288456628,0
0,0,19.8708567619324,0,21.4298057556152,0,0,0,0,0,3.5269037572349,0,0,0,0,0,0,0,40.8796269445655,0,7.67348753491586,0,0,0,0,0,0,0,0,0,0,12.9860551016671,4.56167677918526,0,9.83085750960731,11.0950771995953,5.10597159169736,0,5.8368974395634,69.8877861022949,16.6727266531164,39.2463035583496,29.1639573483387,47.3161888122559,31.833334352182,61.2059963226318,21.5568480460919,6.79475764715525,9.88992889255893,66.9726076126099,20.4074194683292,0,0,0,20.4287452697754,0,19.9230256653451,0,19.4859855384157,0,20.21462059021,0,0,19.4923645719483,0,0,0,0,0,0,0,0,0,0,0,6.47094214049511,0,8.66066905305236,31.7100175702295,0,0,4.78867487798009,7.80214456299006,8.03079222403851,21.3564393716599,0,21.7371915720277
0,0,0,0,0,0,0,0,0,0,0,6.09767371813456,0,0,0,0,0,0,62.7762908935547,6.26834748341487,0,20.717166599786,0,3.27151608467102,0,0,0,7.92713833536421,0,5.2822728243427,0,0,0,6.07858571076926,0,4.46669094863979,0,4.69344510464603,7.6302861849467,5.37539789746109,0,11.9842146237691,0,22.472953414917,0,15.7419678111409,0,5.1814566542283,0,6.28152166517441,0,0,0,0,0,0,0,6.45443280537923,0,0,0,0,5.92676788965861,0,10.9677105775385,0,3.02521604299545,0,0,0,6.83323313395182,0,3.71147215219192,0,0,0,4.64552499012775,0,5.80704960904827,0,0,0,4.92497391706096,5.87115682495965,5.8207787100832,20.7724874019623,0
0,0,0,0,0,0,0,0,0,0,3.10878187417984,0,0,0,0,0,0,0,0,0,4.93870041399826,0,10.7962392162141,0,3.55196785926819,0,0,0,0,0,4.54358954230944,0,0,0,5.04878936728386,0,5.4036849580417,0,4.49736760349746,0,2.87518353462219,0,22.6221517835345,0,0,0,15.3122094154358,6.9375833679926,5.16113936566202,0,0,0,0,0,0,0,0,0,0,0,0,0,0,5.66987730275403,0,9.36579610441618,0,5.69237899780273,0,0,0,11.3499968846639,0,6.79278259846702,0,0,0,4.39680678523243,0,4.78867487798009,0,0,6.83279594905833,3.58950638771057,6.07896277277093,0,24.3578294118245
3.55947491794289,5.41524722915865,8.66203559793997,6.4097111520514,4.46399303235506,3.63590385573251,4.17142725402799,3.7987669868825,3.44554446130523,5.30569162598827,3.84209628173006,4.86218969541114,3.81311986313103,3.01357783809785,3.91172459577539,2.96745300292969,8.45634496594058,7.01403817507021,10.7761507643759,6.10683123137662,3.5329201759456,6.76387310107785,5.79584785464891,5.33560618770568,4.37862576757159,4.83467718817971,4.82593697886313,7.09302278210096,6.55217504501343,4.23082491547562,4.36267326618063,3.64096923767467,4.0806609249748,4.77590059600739,3.7038850458463,4.43922376217853,4.27250484500834,4.60363607546862,4.33601297597888,26.3299325462279,21.6930754979451,10.8102397752714,11.0600592538014,17.3754351615906,19.3370157171179,16.6715802768943,17.0913473887321,8.20036387641812,9.41796701016996,16.3047312688828,5.62498396621097,3.88351200308119,5.21105018356275,2.88925602700975,6.06749668740134,0,5.36257899250683,3.99295772132227,4.1521168445286,3.24224514961243,4.95949164521757,3.06314671039581,6.02986829711477,9.82706109362694,8.02510730195336,9.79120160300487,3.74894692748785,12.8505411148071,8.24802423142768,3.75937713425735,9.84426095268943,18.5220660765966,7.47518352866173,5.31335679690043,4.48947136148588,5.08841478070581,6.21986251659976,4.63472632576307,7.59467482256069,7.80214456299006,4.92497391706096,6.83279594905833,0,4.53614249707022,9.9364957995162,6.66109991839612,5.21796726683776
0,0,6.94559344649315,4.77146341403325,5.52256679534912,0,0,0,5.41713048517704,0,0,0,4.22335407950661,0,5.24917924404144,0,7.34770539328189,6.84722927666867,19.2526795345804,0,0,8.72446784749627,6.23047863494518,6.17400312423706,6.95752573013306,18.8470735549927,0,8.93968284049002,0,0,0,0,0,0,0,5.9948837463107,3.89731334106267,4.25623469198904,3.66380346152518,31.3511654535929,0,20.9636225019182,29.5971387227376,0,0,16.4099710505942,18.3188807169596,37.4044326146444,23.7545757293701,29.6636048952738,10.3443443775177,0,0,0,13.1442607243856,0,0,0,5.17394117514292,0,7.243825507164,0,0,0,9.28308434486389,6.47936081886292,0,0,7.68848705291748,0,0,0,0,0,0,0,40.5578994750977,0,14.3202185245475,8.03079222403851,5.87115682495965,3.58950638771057,4.53614249707022,0,23.4659053447635,20.4109563827515,0
3.84112158864133,4.17678386521269,7.11909959902917,8.74370755167967,7.32713166697995,8.54214736329558,0,0,5.73110423917356,4.45795227090518,10.3992675145467,10.1351431086172,32.9278869628906,0,0,0,46.9194679260254,0,13.8907327226478,12.1562510918057,9.01957147185867,0,0,0,0,0,0,0,0,8.1232476234436,7.66259741783142,28.7889253616333,0,18.522727128936,11.1880874633789,12.9197334584116,12.7496395055755,3.16155552119017,3.47198893258601,9.96929205683052,12.4506358075048,8.38213485834494,10.6722454016246,13.1492857027211,10.1565390987161,12.0216495677506,10.0978014891615,11.7176144211142,8.99302571143591,10.8517358559434,7.67259278893471,0,0,0,10.6533166567485,0,5.54031895747401,4.68137302132029,9.03729247799809,0,14.2064884534249,3.5316966176033,8.49942306505332,10.1254445075573,0,0,0,4.78473536173503,0,0,0,7.04706978523868,5.79468374558721,5.51604665540795,34.0528106689453,0,30.1214304327965,0,21.9612618250845,21.3564393716599,5.8207787100832,6.07896277277093,9.9364957995162,23.4659053447635,0,12.250229329247,9.89560931771186
0,6.40528159141541,0,19.6605122884115,0,0,0,0,0,0,0,17.3328650506695,0,0,0,0,0,0,9.03185892105103,14.8626099427541,0,0,0,0,0,0,0,0,0,20.4791374206543,0,33.1445592244466,0,35.5569496154785,0,0,0,0,0,18.8398393686267,0,5.97360402466206,19.4747018814087,8.19231431484222,0,12.6598970483851,0,34.8802140553792,0,11.9707828571922,0,0,0,0,0,0,0,16.9816534042358,0,0,0,0,11.9473360706778,0,0,0,0,0,0,0,0,0,19.4592732323541,0,33.3167343139648,0,33.8789482116699,0,23.7843288456628,0,20.7724874019623,0,6.66109991839612,20.4109563827515,12.250229329247,0,0
6.66190023855729,0,16.3174963209364,0,0,0,0,0,4.67652988433838,0,0,0,0,0,0,0,0,0,0,0,14.3865160942078,0,0,0,0,0,0,0,0,0,17.6263377666473,0,0,0,0,0,0,0,0,0,15.7309343020121,0,5.53863431644609,0,9.28014512856801,0,12.4625154091762,0,8.33517074584961,0,0,0,0,0,0,0,18.4065833621555,0,0,0,0,0,0,13.9381213029226,0,0,0,0,0,0,0,0,0,15.9312770192216,0,0,0,0,0,21.7371915720277,0,24.3578294118245,5.21796726683776,0,9.89560931771186,0,0
