0,0,0.0174582149339291,0,0.000283078794289253,0,0,0,0.0307102257973354,0,0,0,0,0,0,0,1.57264287067549e-05,0,0.000914085765576531,0,0,0,0,0,0,0,0,0,0,0,0,0,0,0,0,0,1.06391836585335e-05,0,0,0,0.00131602021453632,9.83799240564004e-06,0.00376811589335653,0,0,0,0.000883697220361349,0,0.00666993181664816,0,0,0,0,0,0.0633979615743748,0,0.00021025606983028,0,0,0,0.0155557331187143,0,0,0,0,0,0,0,0,0,0,0,0,0.000226545810774485,0,0,0,0,7.16265252336664e-07,0.000435261740857534,1.94403265982508e-05,8.26227181274524e-05,0.000389328217561889,2.17315871324755e-06,0.0124792623658737,0,0.00110829550526012
0,0,0,0.00925693336487291,0,0,0,0,0,0.0397380717841199,0,0,0,0,0,0,0,0,6.70021428682792e-05,0,0,0,0,0,0,0,0,0,0,0,0,0,0,0,0,1.56705551732206e-06,0,0,0,0.000252938530695765,0,0.00951858080330791,1.1661697332296e-05,0,0,0.000906423954135482,0,0,0,0.012550096740554,0,0,0,0,0,0.0354501546149275,0,0.000473371778382901,0,0,0,0.0370730803972063,7.25493237997894e-05,0,0,0,0,0,0,0,0,0,0.00105506816645074,0,0,0,0,0,0.000203949563059089,0,3.20072029351813e-05,0,0.000533393590154716,1.48136951382181e-05,0.0140775734085589,0.000115593719905931,0.00099610866935889
0.0174582149339291,0,0,0,0.0270412105317623,0,0,0,0.0178646651006091,0,0,0,0,0,0,0,4.77955445458384e-05,3.95758113015698e-06,0.000208101715913508,0,0,0,0,0,0,0,0,0,0,0,0,0,0,0,0,0,8.85406662108977e-05,0,5.88201297589494e-06,6.92403286282808e-05,0.00243583395976999,2.49751453090256e-05,0.00952558598886142,0.000157081641341178,0.000265319239185342,1.88417657424903e-05,0.0023658542466585,0,0.00765044921242283,0,0.0419659722663841,0,0,0,0.0908147368796604,0,0.0143217364715772,0,0.00847840088939189,0,0.0260161540576584,0,5.16616595217488e-05,0.000433912276993383,0,0,0,0,0,0,0,0,0,0.00350430608765095,0,0,0,0,1.40778145308061e-05,0.000329528258815424,0,0.000201623472716255,0.000375339388861468,8.92281523960453e-06,0.0181135565511655,4.65148984338921e-05,0.00689158269616663
0,0.00925693336487291,0,0,0,0.00979004105128849,0,0,0,0.0159443929743056,0,0.000138044187322616,0,0,0,0,2.0242615019604e-05,9.41148715559703e-06,0.000235791178132562,0.000300871017959766,0,0,0,0,0,0,0,0,0,0,0,0,0,0,0,0.000211914779829118,2.00352228157977e-06,1.54225153620103e-05,0,0.00390131172363389,5.13870537759825e-05,0.0107233511380049,0,0,0,0.00225268177560476,6.30026668467577e-06,0,0,0.0300242992238138,0,0.0296529032119474,0,0,0,0.0577050873016207,0,0.0154462018598785,0,0.0205620672632258,0,0.0916070561916282,0.00153835178378231,0,0,0,0,0,0,0,0,0,0.00844807248919897,0,0,0,0,0,0.000230747581575134,5.72965985975765e-06,0.00061828068413355,0,0.000865182102106472,2.55646439557594e-05,0.0190655758466412,0.00113783468633152,0
0.000283078794289253,0,0.0270412105317623,0,0,0,0.000493922342571784,0,0.00626341882687477,0,4.85874767014172e-05,0,0,0,0.00105211430325695,0,0,0,0,0,0.00423404652860889,0,0,0,0,0,0,0,0,0,0,0,0,0,0,0,0.000207278549659914,0,0,1.35056976972186e-05,0.000146529518291092,0,0.000499934587372022,0,0.000136540435633899,0,4.52536111654335e-05,0,0.000115454610302917,0,0.195300478893347,0,0.00149393810271939,0,0.00329602296678354,0,0.000118624462244344,0,0.000107087540694514,0,0.000299819519710941,0,0,4.48635700060606e-05,0,0,0,0,0,0,0,0,0,0,0,0,0,0,0,4.16151805307728e-05,0,0,0.0016651004411883,0,0.00691857636826601,0,0.000378049095148304
0,0,0,0.00979004105128849,0,0,0,0.00512179642297772,0,0,0,6.47266412280925e-05,0,0,0,0.00233993002558292,0,0,4.66024607519502e-05,0.000430301722789398,0,0,0,0,0,0,0,0,0,0,0,0,0,0,0,8.1584804798067e-05,0,0,0,0.000432865917526568,0,0.0011139452078613,0,0,0,0,0,0,0,1.74766670960904e-05,0,0.0960291008184161,0,0.00121095404955299,0,0,0,0.00112404657071413,0,0,0,0,3.66392478431902e-05,0,0,0,0,0,0,0,0,0,0,0,0,0,0,0,2.21726490372703e-06,0,0,0,0.000903290956293036,2.428923467396e-05,0.00179572543960985,0,0
0,0,0,0,0.000493922342571784,0,0,0,0,0,0.000495672298058167,0,0,0,0,0,0,0,0,0,0.00332101311882662,0,0,0,0,0,0,0,0,0,0,0,0,0,0,0,0,0,0,0,0,0,0,0,0,0,0,0,0,0,0.00131128649905266,0,0.0158842847357708,0,0,0,0.00811459224525122,0,0,0,0,0,0,0,0,0,0,0,0,0,0,0,0,0,0,0,0,0,0,0,0,0,0.000120791331464179,0,0,0,0
0,0,0,0,0,0.00512179642297772,0,0,0,0,0,0,0,0,0,0,0,0,0,0,0,0,0,0,0,0,0,0,0,0,0,0,0,0,0,0,0,0,0,0,0,0,0,0,0,0,0,0,0,0,0,0.0146667574631748,0,0.0140223688785924,0,0,0,0.0022629329161584,0,6.23538580839522e-05,0,0,0,0,0,0,0,0,0,0,0,0,0,0,0,0,0,0,0,0,0,0,0,0,0,0,0
0.0307102257973354,0,0.0178646651006091,0,0.00626341882687477,0,0,0,0,0,0,0,0,0,0.00526977024741074,0,0.00111510532205241,0,5.30976557214548e-05,0,0,0,0,0,0.0122427767280775,0,0,0,0,0,0,0,0,0,0,0,7.29873896932915e-06,0,0.000182698921752387,4.01910077621442e-05,0.000392931135572771,0,0.00240976429176496,0,0,0,8.5632217336545e-06,0,4.54095631917588e-05,0,0.00192775829276845,0,0,0,0.0994725543720608,0,1.94729555509853e-05,0,8.35213787970036e-05,0,0.0213029005651687,0,0,0,0,0,0,0.00203509477554621,0,0,0,0,0,0,0,0,0,0,0,4.06550911828332e-05,0,0.000229862103869893,0.00270339746491544,0.000116688260907412,0.000929658404906869,0,5.12224808071971e-05
0,0.0397380717841199,0,0.0159443929743056,0,0,0,0,0,0,0,0,0,0,0,0.00172090514188013,0,0,7.6220523407544e-05,0,0,0,0,0.000105621512957879,0,0,0,0,0,0,0,0,0,0,0,0,0,0.000207103464218149,0,6.69355344609895e-05,0,0.000393134935536332,0,0,0,0,0,0,0,0.000931031531200399,0,0.000222034309507119,0,0,0,0.071215806007747,0,0,0,0,0,0,0,0,0,0,0.00140596570730632,0,0,0,0,0,7.74046307729925e-05,0,0,0,0,0,4.01058866721012e-06,0,0.000154284898540438,0,0.000833348092168251,0.00107132395818542,0.000319447940383331,0,0
0,0,0,0,4.85874767014172e-05,0,0.000495672298058167,0,0,0,0,0,0.00549777041325238,0,0,0,0,0,0,0,0.0694705868500989,0,0,0,0,0,0,0,0,0,0,0,0,0,0,0,0,0,0.00567494186833583,0,0,0,0,0,0,0,4.51170724757497e-05,0,0,0,0,0,0.000329066440603568,0,0,0,0.0342625021534213,0,0.025694207284228,0,0,0,0,0.00920198048272759,0,0,0,0,0,0,0,0,0,0,0,0,0,0,0,0,0,0.000607622088426574,0.000631300319650743,0,0.000314604972365459,0,0
0,0,0,0.000138044187322616,0,6.47266412280925e-05,0,0,0,0,0,0,0,0,0,0,0,0,0,0.0579636470836605,0,0,0,0,0,0,0,0,0,0.00320454125719848,0,0,0,0,0,1.42249160574145e-05,0,0.00636595336496643,0,0,0,2.80190857679511e-05,0,0,0,0,0,0,0,0,0,0.00146647546210826,0,0,0,0,0,0.0743563779506386,0,0.000129511307022767,0,0,0.00442277912658706,0,0,0,0,0,0,0,0,0,0.0082807321822034,0,0,0,0,0,0,0,0,0,0.00163840981984174,0,0.000137323709360906,0,0
0,0,0,0,0,0,0,0,0,0,0.00549777041325238,0,0,0,0.000837294029257363,0,6.59422113565575e-05,0,0,0,0,0,0,0,0,0,0,0,0,0,0,0,0,0,0,0,0,0,0,0,0,0,0,0,0,0,0,0,0,0,0,0,0,0,0,0,0.00166281610450014,0,0.0026069972399612,0,0,0,0,0,0,0,0,0,0,0,0,0,0,0,0,0,0,0,0,0,0,0,4.96258235216374e-06,0,0,0,0
0,0,0,0,0,0,0,0,0,0,0,0,0,0,0,0,0,0,0,0,0,0,0,0,0,0,0,0,0,0,0,0,0,0,0,0,0,0,0,0,0,0,0,0,0,0,0,0,0,0,0,0,0,0,0,0,0,0,0,0.00185339846283533,0,0,0,0,0,0,0,0,0,0,0,0,0,0,0,0,0,0,0,0,0,0,0,0,0,0,0
0,0,0,0,0.00105211430325695,0,0,0,0.00526977024741074,0,0,0,0.000837294029257363,0,0,0,0.00117295394534517,0,0,0,0,0,0,0,0,0,0.000156335489009507,0,0,0,0,0,0,0,0,0,0,0,0,0,0,0,0,0,0,0,0,0,0,0,0.00175926302810265,0,0,0,0.00675678997117579,0,0,0,0,0,0.0679133760834246,0,0,0,0,0,0,0,0,0,0,0,0,0,0,0,0,0,0,0,0,0,0.000240192201565486,0,0,0,0
0,0,0,0,0,0.00233993002558292,0,0,0,0.00172090514188013,0,0,0,0,0,0,0,0,0,0,0,0,0,0.0111213096889686,0,0,0,0,0,0,0,0,0,0,0,0,0,0,0,0,0,0,0,0,0,0,0,0,0,0,0,0,0,0,0,0.00956461200306014,0,0,0,0,0,0.0127335277122366,0,0,0,0,0.000438723487593098,0,0,0,0,0,0,0,0,0,0,0,0,0,0,0,0.000270164362170148,0.000255167449817717,0,0,0
1.57264287067549e-05,0,4.77955445458384e-05,2.0242615019604e-05,0,0,0,0,0.00111510532205241,0,0,0,6.59422113565575e-05,0,0.00117295394534517,0,0,0.163214343306899,0.0583576289668877,0,0,0,0.00187992699954603,0,0.00218974558672734,0,0.0287817854622258,0,0.00032084840269233,0,0,0,0,0,0,1.52325421497415e-05,6.52837643562104e-05,0,0,0.000565737446188242,0.00241758123506624,0.000389762423241658,0.000895126136598818,3.65335012624274e-05,1.37427298357127e-05,0.000739282537628581,0.00137732408073925,0,0,0,0,0,0,0,0,0,0.00011069544025357,5.16005708929564e-05,0,0,6.47432693774876e-06,0,0.000206111327363689,0.00124212202570875,0,3.18885057393095e-05,0,0,0,0.00506993981069652,0,0,8.4468510100021e-05,0.000247450121518246,0,0,0,0,0.000620677483015849,0.00131704842929065,0.000177703254712236,0.000149397447749653,0.0161850737568005,0.000386409362497158,0.00208205970775828,0.000198900327770503,0.00136431922499396
0,0,3.95758113015698e-06,9.41148715559703e-06,0,0,0,0,0,0,0,0,0,0,0,0,0.163214343306899,0,0.0559720340061071,0,0,2.5399596900233e-05,0,0,0,0,0,0,0,0,0,0,0,0,0,7.25196906228093e-05,2.065522806415e-05,2.49168077978408e-06,0,0.000749851067028855,0.000882299535456147,0.000508894832355808,0.000204604230418035,3.36937095539554e-05,0,0.000553676426112467,0.000700377750927193,0,2.74553255929578e-06,0,0,2.71100074437556e-06,0,0,5.09747422970652e-06,0,6.81986049697439e-05,8.74097315538291e-05,0,0,0,0,0.000188329669383164,0.000376813296398035,0,0,0,0,0,1.24431821727775e-05,0,0,6.6457066249518e-06,0.00021047836948548,0,0,0,0,0.000813125862131886,0.000583842908964004,0.000306300681964639,9.57510635111888e-05,0.0223212282167188,0.000454781889848035,0.000853205864914708,0.000195291548888793,0.00015931483954008
0.000914085765576531,6.70021428682792e-05,0.000208101715913508,0.000235791178132562,0,4.66024607519502e-05,0,0,5.30976557214548e-05,7.6220523407544e-05,0,0,0,0,0,0,0.0583576289668877,0.0559720340061071,0,0,0,0,0,0,0,0,0,0,0,0,0,0,0,0,0,0.000685617593576407,0.000553398748666567,5.40566424229441e-05,0,0.017517117184698,0.022086013450994,0.0146160740092783,0.0117615610177393,0.00265399929638539,0.00096853659184591,0.0220149420498602,0.0168092186001065,0,2.05292918294832e-05,0.000146349646325598,0,0,0,0,1.55130530796614e-05,0.000170708984716999,0.00175287929091805,0.00223165934424337,4.22501463576944e-06,4.83990833850256e-05,0,4.1265025926458e-05,0.0066422569348785,0.0134203163995532,0,0,0,0,0,0,0,1.54717246418306e-05,0.00367906437681378,0.00346047182544476,0,0,0,0,0.0129121795771838,0.0108018440459983,0.00706646296562769,0.00108794131992168,0.014749523220322,0,0.0271228731894137,0.00668641409262129,0.011826417175877
0,0,0,0.000300871017959766,0,0.000430301722789398,0,0,0,0,0,0.0579636470836605,0,0,0,0,0,0,0,0,0,0,0,0,0,0,0,0,0,0,0,0,0,0,0,0.00731839577153418,0,0.00100392236433452,0,0,0,0,0,0,0,0.00235395377058624,0,0,0,0,0,0.0012425714843701,0,0,0,0,0,0.0423444171105996,0,0,0,0,0.130448621826398,0,0,0,0,0,0,0,0,0,0,0,0,0,0,0,0.00215355805812227,0,1.06758509359152e-05,0,0.000605822196691921,0,0.00126858434740582,0,0
0,0,0,0,0.00423404652860889,0,0.00332101311882662,0,0,0,0.0694705868500989,0,0,0,0,0,0,0,0,0,0,0,0,0,0,0,0,0,0,0,0,0,0,0,0,0,0.0049688977004599,0,0.00027448363343944,0.000292164719576478,0,0,0,0,0,0,0.000164535730469473,0,0,0,0,0,0,0,0,0,0.00120803661200349,0,0,0,0,0,0,0.0775450430667264,0,0,0,0,0,0,0,0,0,0,0,0,0,0,0,0.00148948414445356,0,6.05506468623361e-05,0.000579286820914017,0,0.00229913703541643,0,0
0,0,0,0,0,0,0,0,0,0,0,0,0,0,0,0,0,2.5399596900233e-05,0,0,0,0,0.000389249653251436,0.00129054419433562,0,4.42057316831779e-05,0,0.00264933763349277,0,0,0,0,0,0,0,0,0,0.00643885954953574,0,0,0,0,0,0,0,0,0,0,0,0.000403560081038364,0,0,0,0,0,0,0,0,0,0,0,0,0,0,0.0433172522833083,8.98749979746272e-05,0.00164880559265571,0,0,0,3.67453358225307e-05,0,0,0,0,0,0,0,0,0,0.0033229010387079,0,0.00102519249134994,2.23241226794478e-05,0,0,0
0,0,0,0,0,0,0,0,0,0,0,0,0,0,0,0,0.00187992699954603,0,0,0,0,0.000389249653251436,0,0,0.00305272236671089,0,0.00340052805123109,0,0,0,0,0,0,0,0,0,0,0,0.00500611896443867,0,0,0,0,0,0,0,0,0,0.000169980583120113,0,0,0,0,0,0,0,0,0,0,0,0,0,0,0,0,0.0507688137871112,0,0.000128062436753194,0,0.000225217543269346,0,0,0,0,0,0,0,0,0,0,0,0.00538631007112437,0.00249868234727225,0,0,0,0
0,0,0,0,0,0,0,0,0,0.000105621512957879,0,0,0,0,0,0.0111213096889686,0,0,0,0,0,0.00129054419433562,0,0,0,0.0759262632413203,0,0,0,0,0,0,0,0,0,0,0,0.0039784075392864,0,0,0,0.000120413041310173,0,0,0,0,0,0,0,0,0,0,0,0,0,0.0130265502375924,0,0,0,0,0,0.000357205856136005,0,0,0.00107375434857863,0,0.0319283217766771,0,0.0751161010022275,0,0,0,0,0,0,0,0,0,0,0,0.00268598566086891,0,0.000963813553078255,1.07288193153276e-06,0.000256349154433665,0,0
0,0,0,0,0,0,0,0,0.0122427767280775,0,0,0,0,0,0,0,0.00218974558672734,0,0,0,0,0,0.00305272236671089,0,0,0,0.0269495285521893,0,0,0,0,0,0,0,0,0,0,0,0.000407074690326047,0,0,0,0,0,0,0,0,0,2.14781912499878e-05,0,0,0,0,0,0.00954618078675286,0,0,0,0,0,0,0,0,0,0,0.000181309859533917,0,0.0351103952115342,0,0.0180309242070661,0,0,0,0,0,0,0,0,0,0,0,0.000481080496532895,0.000862208862088823,0,0,0,0
0,0,0,0,0,0,0,0,0,0,0,0,0,0,0,0,0,0,0,0,0,4.42057316831779e-05,0,0.0759262632413203,0,0,0,0,0,0,0,0,0,0,0,0,0,0,0,0,0,0,0,0,0,0,0,0,0,0,0,0,0,0,0,0,0,0,0,0,0,0,0,0,0.000948524112179506,0,0.00671352692302035,0,0.0171617151445237,0,0,0,0,0,0,0,0,0,0,0,0,0,7.03543650435292e-05,0,0,0,0
0,0,0,0,0,0,0,0,0,0,0,0,0,0,0.000156335489009507,0,0.0287817854622258,0,0,0,0,0,0.00340052805123109,0,0.0269495285521893,0,0,0,0.000581653444416785,0,0,0,0,0,0,0,0,0,0,0,0,0,0,0,0,0,0,0,0,0,0,0,0,0,0,0,0,0,0,0,0,0,0,0,0,0,0,0.00116564236409265,0,0.0619426534942746,0,0,0,0,0,0,0,0,0,0,0,0,0.000236458920461489,0,0,0,0
0,0,0,0,0,0,0,0,0,0,0,0,0,0,0,0,0,0,0,0,0,0.00264933763349277,0,0,0,0,0,0,0,0.011929775164478,0,0,0,0,0,0,0,0.000178861276037074,0,0,0,0,0,0,0,0,0,0,0,0,0,0,0,0,0,0,0,0,0,0,0,0,0,0,0.00199670475331473,0,0,0,0,0,0.0218603534343889,0,0.0030702219514611,0,0,0,0,0,0,0,0.0014653687914392,0,1.96394685190171e-05,0,0,0,0
0,0,0,0,0,0,0,0,0,0,0,0,0,0,0,0,0.00032084840269233,0,0,0,0,0,0,0,0,0,0.000581653444416785,0,0,0,0.0165979070522966,0,0,0,0,0,0,0,0,0,0,0,0,0,0,0,0,0,0,0,0,0,0,0,0,0,0.000123001621525977,0,0,0,0,0,0,0,0,0,0,0,0,0,0,0.00163766564768514,0,0.00490498007499514,0,0,0,0,0,0,0,0.000135036354432132,3.88807502199575e-05,0,0,0,0
0,0,0,0,0,0,0,0,0,0,0,0.00320454125719848,0,0,0,0,0,0,0,0,0,0,0,0,0,0,0,0.011929775164478,0,0,0,0,0,0,0,0,0,1.32042832774459e-05,0,0,0,0,0,0,0,0,0,0,0,0,0,0,0,0,0,0,0,0.00125022314500791,0,0,0,0,0,0,0,0,0,0,0,0,0.00349671693049341,0,0.0457282047467281,0,0,0,0,0,0,0,3.93840336982976e-05,0,0.000297054787434339,0,0,0,0
0,0,0,0,0,0,0,0,0,0,0,0,0,0,0,0,0,0,0,0,0,0,0,0,0,0,0,0,0.0165979070522966,0,0,0,0,0,0,0,0,0,0.00409854505411513,0,0,0,0,0,0,0,0,0,0,0,0,0,0,0,0,0,0.000377540524441605,0,0,0,0,0,0,0,0,0,0,0,0,0,0,0.00805629900266728,0,0.0254654670615623,0,0,0,0,0,0,0,0.00134297196408744,2.13045592840291e-05,0,0,0,0
0,0,0,0,0,0,0,0,0,0,0,0,0,0,0,0,0,0,0,0,0,0,0,0,0,0,0,0,0,0,0,0,0.0625166877311413,0.00189150740682075,0,0.0029614894565481,0.000105550967398993,0,0,0,0,0,0,0,0,0,0,0.062239016682214,0,0.000119646538549689,0,0,0,0,0,0,0,0,0,0,0,0,0,0,0,0,0,0,0,0,0,0,0,0,0.140656768385925,0.00648014753204451,0,0,0.00195822809169057,4.72870094828825e-05,0,0,0.000181835888275606,0,0,0,0
0,0,0,0,0,0,0,0,0,0,0,0,0,0,0,0,0,0,0,0,0,0,0,0,0,0,0,0,0,0,0,0.0625166877311413,0,0,8.11523641459644e-05,9.26436314330203e-06,0.00379808183618647,0,0,0,0,0,0,0,0,0,0,0.0705192967402568,0.000253746606667765,0.000258739614810846,0,0,0,0,0,0,0,0,0,0,0,0,0,0,0,0,0,0,0,0,0,0,0,0,0.00939296931956842,0.107990038729784,0,0.000956602480638312,0,7.17010430469746e-05,0,0,0.00152149144438017,0,0,0,0
0,0,0,0,0,0,0,0,0,0,0,0,0,0,0,0,0,0,0,0,0,0,0,0,0,0,0,0,0,0,0,0.00189150740682075,0,0,0.0709185599454015,0.00206292656503484,0,0.00288977865874251,0.000243890467957154,0,0,0,0,0,0,0,0,0.0469027420202832,0,0,0,0,0,0,0,0,0,0,0,0,0,0,0,0,0,0,0,0,0,0,0,0,0,0,0.00120784563849702,0,0.221783185945503,0.0053880553250206,0.00252555542045465,0,0.000964231015882979,0,0.000418928550897344,0.0010548010475554,0,0,0
0,0,0,0,0,0,0,0,0,0,0,0,0,0,0,0,0,0,0,0,0,0,0,0,0,0,0,0,0,0,0,0,8.11523641459644e-05,0.0709185599454015,0,0,0.00245524701492897,0.000129558903519911,0.00835349331800928,0,0,0,0,0,0,0,0,0.0354828050784336,0.000286718337143909,0.000181414428013775,0,0,0,0,0,0,0,0,0,0,0,0,0,0,0,0,0,0,0,0,0,0,0,0,0,0.000139779170765228,0.0782475164552967,0.157361804639696,0,0.000567931366292987,0,0.0052866240043719,0.0012419911334745,0,0,0,0
0,1.56705551732206e-06,0,0.000211914779829118,0,8.1584804798067e-05,0,0,0,0,0,1.42249160574145e-05,0,0,0,0,1.52325421497415e-05,7.25196906228093e-05,0.000685617593576407,0.00731839577153418,0,0,0,0,0,0,0,0,0,0,0,0.0029614894565481,9.26436314330203e-06,0.00206292656503484,0,0,0.00133894101401166,0.00810461626692119,3.10949430364408e-05,5.57254002721515e-05,9.64648780305703e-07,0.000380124119965935,7.48428587617274e-06,1.80228333206573e-05,0,0.000588457905604437,0,0.000202458654609426,6.71895336280009e-06,0.0001020168239597,0,0.000362536678474237,0,0,0,1.45186702067739e-05,0,0.000769681023033891,0,5.51910518408165e-06,0,1.12429567378302e-05,0.0106625637258753,0,0,0,0,0,0,0,0,0,0,0,0.00109073130250663,0,0.00066650658150511,0,0.0788573200162001,0.00119511304909083,0.00395245685752377,3.19106997543424e-06,0.00657326029499499,0.0011493680729492,0.00370140509696633,0.000143640977680526,0
1.06391836585335e-05,0,8.85406662108977e-05,2.00352228157977e-06,0.000207278549659914,0,0,0,7.29873896932915e-06,0,0,0,0,0,0,0,6.52837643562104e-05,2.065522806415e-05,0.000553398748666567,0,0.0049688977004599,0,0,0,0,0,0,0,0,0,0,0.000105550967398993,0.00379808183618647,0,0.00245524701492897,0.00133894101401166,0,0,0.0116573850792062,6.87529380932992e-06,0.000201385809674012,6.62669152749027e-06,0.000100323723299262,2.98003812230633e-06,3.16948824651247e-06,1.06206801529669e-05,0.00165995240479609,0.00010899135012285,2.87105518477399e-05,0,5.23220460083308e-05,0,0,0,1.1237918965476e-06,0,4.10697901717751e-05,0,2.47154982307147e-05,0,0,1.1877097489405e-05,2.7150269312117e-06,0.002948593308128,0,0,0,0,0,0,0,0,0,1.8439942477691e-05,6.00898285994097e-05,0.00546736182678803,0,0.00391263383122503,0.00083975120440803,0.0707143376996005,0,0.00121291189551851,0.00782022510882634,0.00209386435684461,0.00246461028264441,0,4.70614256488821e-05
0,0,0,1.54225153620103e-05,0,0,0,0,0,0.000207103464218149,0,0.00636595336496643,0,0,0,0,0,2.49168077978408e-06,5.40566424229441e-05,0.00100392236433452,0,0.00643885954953574,0,0.0039784075392864,0,0,0,0.000178861276037074,0,1.32042832774459e-05,0,0,0,0.00288977865874251,0.000129558903519911,0.00810461626692119,0,0,0.00236469501472199,2.04294465770439e-05,0,0.000158402435026908,7.58823001215466e-06,0,0,0.00047015429686639,0,0.0108173547148124,1.78266207176208e-05,0.00466862841574341,0,0,0,0,0,0.00106290954219815,0,0.00381976954613159,0,5.66108266874578e-06,0,3.31854102461398e-06,0.00099257631326751,0,0.00426081652199061,0,0.00612401852559999,0,0,0,8.49996759665914e-05,0,0.000309502898825733,0,0,0,0.000443843384834775,0,0.00444865383470725,0,0.0685374583948603,0.000501032680919262,0.0085610210790127,0.000170412975592442,0.00112103228299011,0,0
0,0,5.88201297589494e-06,0,0,0,0,0,0.000182698921752387,0,0.00567494186833583,0,0,0,0,0,0,0,0,0,0.00027448363343944,0,0.00500611896443867,0,0.000407074690326047,0,0,0,0,0,0.00409854505411513,0,0,0.000243890467957154,0.00835349331800928,3.10949430364408e-05,0.0116573850792062,0.00236469501472199,0,0,0,2.6989098730763e-05,0,0,0,9.8893543066937e-06,5.19589412350851e-05,0.00742011872929733,0.00275210871201281,0,0,0,0,0,0.000983060966015625,0,0.000342462090316875,0,0,0,0,0,0,7.51198411950569e-05,0,0.0014286827058631,0,0.00158167016149693,0,0,0,1.78005423652952e-05,0,0,0,0,0.000103543706182789,0.00132026138190407,0,0.00831739487121264,0.000777406023494773,0.0653899956103661,0.00806064764849691,0.000231091953972715,8.30061278617414e-05,0,1.24848723814788e-05
0,0.000252938530695765,6.92403286282808e-05,0.00390131172363389,1.35056976972186e-05,0.000432865917526568,0,0,4.01910077621442e-05,6.69355344609895e-05,0,0,0,0,0,0,0.000565737446188242,0.000749851067028855,0.017517117184698,0,0.000292164719576478,0,0,0,0,0,0,0,0,0,0,0,0,0,0,5.57254002721515e-05,6.87529380932992e-06,2.04294465770439e-05,0,0,0.00121343197676113,0.0674069011050178,0.00064719544627717,0.0089521718761777,0.000381297838389234,0.0143141552930774,0.000921320435396635,0,0,0.00553979576406292,0,0.000120920813290656,0,0,0,0.000738752703185061,8.47525587112675e-05,0.000699524540337328,0,8.49246713012671e-06,0,0.000447308526410693,0.00778356674486792,0.000546136837035019,0,0,0,0,0,0,0,0,0.000453613177689708,7.82491513304211e-05,0,0,0,0,0.00255246150896588,0.000244646338333887,0.000583585759206068,6.28325650427801e-05,0.00131645547161607,0,0.0268640521440985,0.0117035199189193,9.24928350888422e-05
0.00131602021453632,0,0.00243583395976999,5.13870537759825e-05,0.000146529518291092,0,0,0,0.000392931135572771,0,0,0,0,0,0,0,0.00241758123506624,0.000882299535456147,0.022086013450994,0,0,0,0,0,0,0,0,0,0,0,0,0,0,0,0,9.64648780305703e-07,0.000201385809674012,0,0,0.00121343197676113,0,0.000586529640773455,0.0784865146712286,0.001122555595452,0.00334701078121084,0.000609359706858147,0.017099918297818,0,0.00541839544711323,0,0.000756827201786069,0,0,0,0.000249034937259655,0,0.000420426946517294,0,0,0,2.33194862048576e-05,1.12875732601869e-05,0.000421470065749524,0.00669940779418378,0,0,0,0,0,0,0,0,0.000108493000202332,0.00110013402378519,0,0,0,0,0.000131681864430502,0.00368150773272218,5.32616033937409e-05,0.000215095291135005,0.00115503672144399,3.50482844693333e-06,0.0344251135319504,0.000170082328785168,0.0395157987961439
9.83799240564004e-06,0.00951858080330791,2.49751453090256e-05,0.0107233511380049,0,0.0011139452078613,0,0,0,0.000393134935536332,0,2.80190857679511e-05,0,0,0,0,0.000389762423241658,0.000508894832355808,0.0146160740092783,0,0,0,0,0.000120413041310173,0,0,0,0,0,0,0,0,0,0,0,0.000380124119965935,6.62669152749027e-06,0.000158402435026908,2.6989098730763e-05,0.0674069011050178,0.000586529640773455,0,0.00162731286754214,0.00414564898126759,0.000412592064454299,0.0188880332428214,0.000674967385443438,0.00151280600044904,0.000293971074028251,0.0484222480758975,0,0.000550647334735193,0,0,0,0.00412645429436765,1.28653695850292e-05,0.0121039203354565,0,0.000270264363514551,0,0.0019658556962965,0.0160931849515243,0.000253438364954594,0,0,0,0,0,0,0,0,0.0157768854875157,0.000338849639572476,0,0,0,0,0.00943897088543905,0.000211358229154817,0.00350520885673948,5.69873789180606e-06,0.0080550371217508,0.000164206143485898,0.071327922894587,0.0195589242169079,0.000369389952234242
0.00376811589335653,1.1661697332296e-05,0.00952558598886142,0,0.000499934587372022,0,0,0,0.00240976429176496,0,0,0,0,0,0,0,0.000895126136598818,0.000204604230418035,0.0117615610177393,0,0,0,0,0,0,0,0,0,0,0,0,0,0,0,0,7.48428587617274e-06,0.000100323723299262,7.58823001215466e-06,0,0.00064719544627717,0.0784865146712286,0.00162731286754214,0,0.000704640067478445,0.00304501805702848,0.000689896208162586,0.0212114644646166,0.000332419955081034,0.00257797439956044,0,0.00103451745698754,0,0,0,0.00165945211209846,0,0.00812285630152756,4.07753417396833e-05,0.000112989695709293,0,0.000342054459705783,0,0.000274578896771615,0.0172400246872764,0,0,0,0,0,0,0,0.00169991822776275,9.64815437012184e-05,0.0341410267533478,0,0,0,0,0.00011784493250336,0.00584769753427819,0.00015485369927386,0.00070045966001563,0.00451826053228922,8.35891893311709e-06,0.0935661091312131,0.000181960627968001,0.0536990779393711
0,0,0.000157081641341178,0,0,0,0,0,0,0,0,0,0,0,0,0,3.65335012624274e-05,3.36937095539554e-05,0.00265399929638539,0,0,0,0,0,0,0,0,0,0,0,0,0,0,0,0,1.80228333206573e-05,2.98003812230633e-06,0,0,0.0089521718761777,0.001122555595452,0.00414564898126759,0.000704640067478445,0,0.00222617497983424,0.00258042061835145,0.000468529738950525,0,0,0,0,0,0,0,0,0.000573063519950737,2.08790985049641e-05,1.94948446393039e-05,0,0,0,0,0.00211171707233409,0.000525739910654018,0,0,0,0,0,0,0,0,0.000287796525639873,1.65675088876769e-05,0,0,0,0,0.000946124887566061,0.000117919084302663,0.000149814962881679,0,0.000275602558131116,0,0.00148434888233752,0.00798311787095516,0.000176001998427111
0,0,0.000265319239185342,0,0.000136540435633899,0,0,0,0,0,0,0,0,0,0,0,1.37427298357127e-05,0,0.00096853659184591,0,0,0,0,0,0,0,0,0,0,0,0,0,0,0,0,0,3.16948824651247e-06,0,0,0.000381297838389234,0.00334701078121084,0.000412592064454299,0.00304501805702848,0.00222617497983424,0,6.21924700825445e-05,0.00145241274926691,0,0,0,0,0,0,0,0,0,0,0,0,0,0,0,0.000187972244726067,0.000978836294071037,0,0,0,0,0,0,0,0,0,0,0,0,0,0,2.79935277816316e-05,0.000165976172313921,0,0,4.24301304273541e-05,0,0.000575059454879982,0,0.00387355445417192
0,0.000906423954135482,1.88417657424903e-05,0.00225268177560476,0,0,0,0,0,0,0,0,0,0,0,0,0.000739282537628581,0.000553676426112467,0.0220149420498602,0.00235395377058624,0,0,0,0,0,0,0,0,0,0,0,0,0,0,0,0.000588457905604437,1.06206801529669e-05,0.00047015429686639,9.8893543066937e-06,0.0143141552930774,0.000609359706858147,0.0188880332428214,0.000689896208162586,0.00258042061835145,6.21924700825445e-05,0,0.000540692173540409,0,0,0.000385443404796208,0,2.85023702834809e-05,0,0,0,0.000187780854458067,3.50926057707059e-05,0.000845314220234258,0,6.05597538489696e-06,6.11095058134187e-06,0.000295378279786647,0.136631303122111,0.000744669486978299,0,0,0,0,0,0,0,0,0.00071977727486016,0.000110551645642586,0,0,0,0,0.00900939710217919,0.000215530905052664,0.00636896953855748,3.11489789411585e-06,0.00199920202218205,9.11371386197223e-06,0.0157271097988435,0.000488248841165878,1.69342006205587e-05
0.000883697220361349,0,0.0023658542466585,6.30026668467577e-06,4.52536111654335e-05,0,0,0,8.5632217336545e-06,0,4.51170724757497e-05,0,0,0,0,0,0.00137732408073925,0.000700377750927193,0.0168092186001065,0,0.000164535730469473,0,0,0,0,0,0,0,0,0,0,0,0,0,0,0,0.00165995240479609,0,5.19589412350851e-05,0.000921320435396635,0.017099918297818,0.000674967385443438,0.0212114644646166,0.000468529738950525,0.00145241274926691,0.000540692173540409,0,0,0.000119317486676932,0,0.000254222375548173,0,0,0,2.60513738682046e-05,1.61227970967698e-05,0.00376437110136939,5.69745066370756e-06,0.000100938396276026,0,6.7903469114661e-05,0,0.000320942712248533,0.0716173920409814,0,0,0,0,0,0,0,0,0.000107139051632972,0.00420131624160621,0,0,0,0,0.000171572258469143,0.0152958535514211,4.23152853602193e-05,0.00664392569679177,0.00149582381278682,0,0.041283649587338,0.000195891028623846,0.00124931455510618
0,0,0,0,0,0,0,0,0,0,0,0,0,0,0,0,0,0,0,0,0,0,0,0,0,0,0,0,0,0,0,0.062239016682214,0.0705192967402568,0.0469027420202832,0.0354828050784336,0.000202458654609426,0.00010899135012285,0.0108173547148124,0.00742011872929733,0,0,0.00151280600044904,0.000332419955081034,0,0,0,0,0,0.0838240794368226,0.117971135897303,0,0,0,0,0,0,0,0,0,0,0,0,0,0,0,0,0,0,0,0,0,0,0,0,0.0528716148315499,0.0242243247238311,0.00510242010963217,0.00710838027695827,0.000829296299192032,0.000586552656512302,0.00143725301355965,0.00138141380899995,0.0083411155617399,0.000230553579816955,0.00957380044346383,0,0
0.00666993181664816,0,0.00765044921242283,0,0.000115454610302917,0,0,0,4.54095631917588e-05,0,0,0,0,0,0,0,0,2.74553255929578e-06,2.05292918294832e-05,0,0,0,0.000169980583120113,0,2.14781912499878e-05,0,0,0,0,0,0,0,0.000253746606667765,0,0.000286718337143909,6.71895336280009e-06,2.87105518477399e-05,1.78266207176208e-05,0.00275210871201281,0,0.00541839544711323,0.000293971074028251,0.00257797439956044,0,0,0,0.000119317486676932,0.0838240794368226,0,0.000163390726967443,8.1849229483509e-05,0,0,0,0.00115719560283086,0,0.00010856604384495,0,0,0,0.00302559480639533,0,0,0,0,0.0065949863704613,0,0.00109314907575143,0,0.00016835443500441,0,0.000586425354469787,0,0.00146928198788571,0,0,0,0.000330512765689008,7.13609471505644e-07,0.00150634144617738,0,0.00495435355102933,0.00285754993381126,6.21828868550119e-05,0.0141344669293831,0,6.77861929705773e-05
0,0.012550096740554,0,0.0300242992238138,0,1.74766670960904e-05,0,0,0,0.000931031531200399,0,0,0,0,0,0,0,0,0.000146349646325598,0,0,0.000403560081038364,0,0,0,0,0,0,0,0,0,0.000119646538549689,0.000258739614810846,0,0.000181414428013775,0.0001020168239597,0,0.00466862841574341,0,0.00553979576406292,0,0.0484222480758975,0,0,0,0.000385443404796208,0,0.117971135897303,0.000163390726967443,0,0,8.16152964022078e-05,0,0,0,0.00252087283064139,0,0.00705615274261635,0,0.000984243253433274,0,0.000329227173014418,0.000115392896163116,0,0.00468697822623589,0,0.000110274445052298,0,0.000205522706698169,0,0.00667083508832224,0,0.00234976217058392,0,0,0,0,0,9.69119138975389e-05,0,0.0033536971626275,0,0.00410647413960434,2.90593752463513e-05,0.0334570349018873,0.000210199841758253,0
0,0,0.0419659722663841,0,0.195300478893347,0,0.00131128649905266,0,0.00192775829276845,0,0,0,0,0,0.00175926302810265,0,0,0,0,0,0,0,0,0,0,0,0,0,0,0,0,0,0,0,0,0,5.23220460083308e-05,0,0,0,0.000756827201786069,0,0.00103451745698754,0,0,0,0.000254222375548173,0,8.1849229483509e-05,0,0,0,0.0135706892413892,0,0.0184386288855319,0,0.00288209013616805,0,0.0174854260399827,0,0.00765288043862054,0,1.00450039695898e-05,0.000137519022737467,0,0,0,0,0,0,0,0,0,4.09811475256192e-05,0,0,0,0,2.50882512779263e-06,2.88348236916518e-05,0,2.15530884928815e-05,0.00105777901856565,1.83038119065427e-06,0.0126338557986851,0,0.000164199373888254
0,0,0,0.0296529032119474,0,0.0960291008184161,0,0.0146667574631748,0,0.000222034309507119,0,0.00146647546210826,0,0,0,0,0,2.71100074437556e-06,0,0.0012425714843701,0,0,0,0,0,0,0,0,0,0,0,0,0,0,0,0.000362536678474237,0,0,0,0.000120920813290656,0,0.000550647334735193,0,0,0,2.85023702834809e-05,0,0,0,8.16152964022078e-05,0,0,0,0.0180676593515384,0,0.000173462735833747,0,0.00876282642409582,0,0.00142899470581938,0,0,0.000709666970918636,0,0,0,0,0,0,0,0,0,0,0,0,0,0,0,2.17636205745887e-05,0,1.96184385307382e-06,0,0.000133433497703169,8.72121912183315e-06,0.00240742447094953,0,0
0,0,0,0,0.00149393810271939,0,0.0158842847357708,0,0,0,0.000329066440603568,0,0,0,0,0,0,0,0,0,0,0,0,0,0,0,0,0,0,0,0,0,0,0,0,0,0,0,0,0,0,0,0,0,0,0,0,0,0,0,0.0135706892413892,0,0,0,0,0,0.0252623480527637,0,0,0,0,0,0,0,0,0,0,0,0,0,0,0,0,0,0,0,0,0,0,0,0,0,0.000133560949047618,0,0,0,0
0,0,0,0,0,0.00121095404955299,0,0.0140223688785924,0,0,0,0,0,0,0,0,0,0,0,0,0,0,0,0,0,0,0,0,0,0,0,0,0,0,0,0,0,0,0,0,0,0,0,0,0,0,0,0,0,0,0,0.0180676593515384,0,0,0,0,0,0.0256532964335052,0,0,0,0,0,0,0,0,0,0,0,0,0,0,0,0,0,0,0,0,0,0,0,0,0,0,0,0,0
0.0633979615743748,0,0.0908147368796604,0,0.00329602296678354,0,0,0,0.0994725543720608,0,0,0,0,0,0.00675678997117579,0,0,5.09747422970652e-06,1.55130530796614e-05,0,0,0,0,0,0.00954618078675286,0,0,0,0,0,0,0,0,0,0,0,1.1237918965476e-06,0,0.000983060966015625,0,0.000249034937259655,0,0.00165945211209846,0,0,0,2.60513738682046e-05,0,0.00115719560283086,0,0.0184386288855319,0,0,0,0,0,0.000402074121103828,0,0.00186778973504097,0,0.0671935892604632,0,0,0.000294914213315959,0,0,0,0.0141855772423136,0,0,0,0,0,0.000404291829293212,0,0,0,0,0,6.87654580707368e-07,0,0.00463872876604591,0.000293736379250156,5.0620186138609e-06,0.00466583768974998,0,0.00141759364473073
0,0.0354501546149275,0,0.0577050873016207,0,0,0,0,0,0.071215806007747,0,0,0,0,0,0.00956461200306014,0,0,0.000170708984716999,0,0,0,0,0.0130265502375924,0,0,0,0,0,0,0,0,0,0,0,1.45186702067739e-05,0,0.00106290954219815,0,0.000738752703185061,0,0.00412645429436765,0,0.000573063519950737,0,0.000187780854458067,1.61227970967698e-05,0,0,0.00252087283064139,0,0.000173462735833747,0,0,0,0,0,0.00131047765146439,0,0,0,0,0.000118840273300213,0,0,0,0.0372642175074291,0,0,0,0,0,0.00119683264417169,0,0,0,0,0,3.89786283268547e-05,0,0.000675396290478727,0,0.000335491794302284,2.97016473012449e-05,0.00334517249948063,0.000264699401487199,0
0.00021025606983028,0,0.0143217364715772,0,0.000118624462244344,0,0.00811459224525122,0,1.94729555509853e-05,0,0.0342625021534213,0,0.00166281610450014,0,0,0,0.00011069544025357,6.81986049697439e-05,0.00175287929091805,0,0.00120803661200349,0,0,0,0,0,0,0,0.000123001621525977,0,0.000377540524441605,0,0,0,0,0,4.10697901717751e-05,0,0.000342462090316875,8.47525587112675e-05,0.000420426946517294,1.28653695850292e-05,0.00812285630152756,2.08790985049641e-05,0,3.50926057707059e-05,0.00376437110136939,0,0.00010856604384495,0,0.00288209013616805,0,0.0252623480527637,0,0.000402074121103828,0,0,0,0.00279000855461848,0,0.000251863067999407,0,0,0.035182934752805,0,0,0,0,0,0,0,0.015530394969508,3.27288369820766e-05,0.0140699320183315,0,0,0,0,1.0239936085867e-05,0.000348795973167334,0,1.25604580906153e-05,0.000910003612258002,1.34285935706152e-06,0.0282475082018226,1.77020377962187e-05,0.00387623516130464
0,0.000473371778382901,0,0.0154462018598785,0,0.00112404657071413,0,0.0022629329161584,0,0,0,0.0743563779506386,0,0,0,0,5.16005708929564e-05,8.74097315538291e-05,0.00223165934424337,0.0423444171105996,0,0,0,0,0,0,0,0,0,0.00125022314500791,0,0,0,0,0,0.000769681023033891,0,0.00381976954613159,0,0.000699524540337328,0,0.0121039203354565,4.07753417396833e-05,1.94948446393039e-05,0,0.000845314220234258,5.69745066370756e-06,0,0,0.00705615274261635,0,0.00876282642409582,0,0.0256532964335052,0,0.00131047765146439,0,0,0,0.00071164248230642,0,0.000730420310433956,0.0392060514250691,0,0,0,0,0,0,0,8.30789184413823e-05,0,0.054596791975295,0,0,0,0,0,0.000594143287650839,9.73389405585441e-06,1.93961061527736e-05,0,0.00143833362661436,6.3495582498596e-07,0.0364508426391889,0.00214645385319684,0
0,0,0.00847840088939189,0,0.000107087540694514,0,0,0,8.35213787970036e-05,0,0.025694207284228,0,0.0026069972399612,0,0,0,0,0,4.22501463576944e-06,0,0,0,0,0,0,0,0,0,0,0,0,0,0,0,0,0,2.47154982307147e-05,0,0,0,0,0,0.000112989695709293,0,0,0,0.000100938396276026,0,0,0,0.0174854260399827,0,0,0,0.00186778973504097,0,0.00279000855461848,0,0,0,0.00162790148596385,0,0,0,0,0,0,0,0,0,0,0,0,1.43191008855552e-05,0,0,0,0,0,4.970294603624e-06,0,5.69957709707305e-06,0.000334926215365588,2.31900867862228e-06,0.000392435148495308,0,0
0,0,0,0.0205620672632258,0,0,0,6.23538580839522e-05,0,0,0,0.000129511307022767,0,0.00185339846283533,0,0,0,0,4.83990833850256e-05,0,0,0,0,0,0,0,0,0,0,0,0,0,0,0,0,5.51910518408165e-06,0,5.66108266874578e-06,0,8.49246713012671e-06,0,0.000270264363514551,0,0,0,6.05597538489696e-06,0,0,0,0.000984243253433274,0,0.00142899470581938,0,0,0,0,0,0.00071164248230642,0,0,0,0.00109835074269948,6.55304853351752e-05,0,0,0,0,0,0,0,0,0,0,0,0,0,0,0,9.21169957697615e-07,0,3.52789140236351e-06,0,3.32300303606766e-06,0,0.000587342792679853,0,0
0.0155557331187143,0,0.0260161540576584,0,0.000299819519710941,0,0,0,0.0213029005651687,0,0,0,0,0,0.0679133760834246,0,6.47432693774876e-06,0,0,0,0,0,0,0,0,0,0,0,0,0,0,0,0,0,0,0,0,0,0,0,2.33194862048576e-05,0,0.000342054459705783,0,0,6.11095058134187e-06,6.7903469114661e-05,0,0.00302559480639533,0,0.00765288043862054,0,0,0,0.0671935892604632,0,0.000251863067999407,0,0.00162790148596385,0,0,0,0,0,0,0,0,0,0,0,0,0,0,0.000265004512964413,0,0,0,0,0,6.74313439973036e-06,0,1.7666868147403e-05,6.96004152617633e-06,0,0.000611214988744031,0,0.000872865948625623
0,0.0370730803972063,0,0.0916070561916282,0,0,0,0,0,0,0,0,0,0,0,0.0127335277122366,0,0,4.1265025926458e-05,0,0,0,0,0.000357205856136005,0,0,0,0,0,0,0,0,0,0,0,1.12429567378302e-05,1.1877097489405e-05,3.31854102461398e-06,0,0.000447308526410693,1.12875732601869e-05,0.0019658556962965,0,0,0,0.000295378279786647,0,0,0,0.000329227173014418,0,0,0,0,0,0,0,0.000730420310433956,0,0.00109835074269948,0,0,0.000150268938836837,0,0,0,0,0,0,0,0,0,0.000963142115777673,1.66975143746269e-05,0,0,0,0,5.2954809253197e-05,0,2.51592783427533e-05,0,0.000144447849798216,0.000152561057351369,0.00227976923807363,0,0
0,7.25493237997894e-05,5.16616595217488e-05,0.00153835178378231,0,3.66392478431902e-05,0,0,0,0,0,0.00442277912658706,0,0,0,0,0.000206111327363689,0.000188329669383164,0.0066422569348785,0.130448621826398,0,0,0,0,0,0,0,0,0,0,0,0,0,0,0,0.0106625637258753,2.7150269312117e-06,0.00099257631326751,0,0.00778356674486792,0.000421470065749524,0.0160931849515243,0.000274578896771615,0.00211171707233409,0.000187972244726067,0.136631303122111,0.000320942712248533,0,0,0.000115392896163116,1.00450039695898e-05,0.000709666970918636,0,0,0,0.000118840273300213,0,0.0392060514250691,0,6.55304853351752e-05,0,0.000150268938836837,0,0.000264950505229329,0,0,0,0,0,0,0,0,0.00940517727966155,2.43319554035644e-05,0,0,0,0,0.00732448442598866,8.51158699008497e-05,0.004161101580037,4.41013146239565e-06,0.00155604763630884,1.04091894586122e-06,0.0442702260938224,7.31513386919745e-05,2.60556392992486e-05
0,0,0.000433912276993383,0,4.48635700060606e-05,0,0,0,0,0,0.00920198048272759,0,0,0,0,0,0.00124212202570875,0.000376813296398035,0.0134203163995532,0,0.0775450430667264,0,0,0,0,0,0,0,0,0,0,0,0,0,0,0,0.002948593308128,0,7.51198411950569e-05,0.000546136837035019,0.00669940779418378,0.000253438364954594,0.0172400246872764,0.000525739910654018,0.000978836294071037,0.000744669486978299,0.0716173920409814,0,0,0,0.000137519022737467,0,0,0,0.000294914213315959,0,0.035182934752805,0,0,0,0,0,0.000264950505229329,0,0,0,0,0,0,0,0,0,0,0.00481910770099951,0,0,0,0,8.87127253918892e-05,0.0128059554598966,1.22777651052126e-05,0.00508562775639268,0.00116468746844336,0,0.0365472633095726,0,0.00064937185879488
0,0,0,0,0,0,0,0,0,0,0,0,0,0,0,0,0,0,0,0,0,0.0433172522833083,0,0.00107375434857863,0,0.000948524112179506,0,0.00199670475331473,0,0,0,0,0,0,0,0,0,0.00426081652199061,0,0,0,0,0,0,0,0,0,0,0,0.00468697822623589,0,0,0,0,0,0,0,0,0,0,0,0,0,0,0,0,0.00928833862351488,0,0.00401368293412625,0,0.00155963592111402,0,0,0,0,0,0,0,0,0,0.00292017850810245,0,0.000475426174355387,0,0,0,0
0,0,0,0,0,0,0,0,0,0,0,0,0,0,0,0,3.18885057393095e-05,0,0,0,0,8.98749979746272e-05,0.0507688137871112,0,0.000181309859533917,0,0,0,0,0,0,0,0,0,0,0,0,0,0.0014286827058631,0,0,0,0,0,0,0,0,0,0.0065949863704613,0,0,0,0,0,0,0,0,0,0,0,0,0,0,0,0,0,0,0.000512825056683165,0,0,0,0.00278781216917559,0,0,0,0,0,0,0,0,0,0.00268316462437826,0.000729688783172699,0,0,0,0
0,0,0,0,0,0,0,0,0,0.00140596570730632,0,0,0,0,0,0.000438723487593098,0,0,0,0,0,0.00164880559265571,0,0.0319283217766771,0,0.00671352692302035,0,0,0,0,0,0,0,0,0,0,0,0.00612401852559999,0,0,0,0,0,0,0,0,0,0,0,0.000110274445052298,0,0,0,0,0,0.0372642175074291,0,0,0,0,0,0,0,0,0.00928833862351488,0,0,0,0.012166319854389,0,2.03507958341984e-05,0,0,0,0,0,0,0,0,0,0.011703416124697,0,0.000202699949485517,0,9.76451425799933e-05,0,0
0,0,0,0,0,0,0,0,0.00203509477554621,0,0,0,0,0,0,0,0,0,0,0,0,0,0.000128062436753194,0,0.0351103952115342,0,0.00116564236409265,0,0,0,0,0,0,0,0,0,0,0,0.00158167016149693,0,0,0,0,0,0,0,0,0,0.00109314907575143,0,0,0,0,0,0.0141855772423136,0,0,0,0,0,0,0,0,0,0,0.000512825056683165,0,0,0,0.00112737727079736,0,0,0,0,0,0,0,0,0,0,0,0.00537632369921493,0.000106731823243593,0,7.81005716811185e-05,0,0
0,0,0,0,0,0,0,0,0,0,0,0,0,0,0,0,0,0,0,0,0,0,0,0.0751161010022275,0,0.0171617151445237,0,0,0,0,0,0,0,0,0,0,0,0,0,0,0,0,0,0,0,0,0,0,0,0.000205522706698169,0,0,0,0,0,0,0,0,0,0,0,0,0,0,0.00401368293412625,0,0.012166319854389,0,0,0,0.00142359869121921,0,0,0,0,0,0,0,0,0,0,0,0.000191261409219316,0,0,0,0
0,0,0,0,0,0,0,0,0,0,0,0,0,0,0,0,0.00506993981069652,1.24431821727775e-05,0,0,0,0,0.000225217543269346,0,0.0180309242070661,0,0.0619426534942746,0,0,0,0,0,0,0,0,0,0,0,0,0,0,0,0,0,0,0,0,0,0.00016835443500441,0,0,0,0,0,0,0,0,0,0,0,0,0,0,0,0,0,0,0.00112737727079736,0,0,0,0.000479552625091031,0,0,0,0,0,0,0,0,0,0,0.000508523882501847,0,0,0,0
0,0,0,0,0,0,0,0,0,0,0,0,0,0,0,0,0,0,0,0,0,3.67453358225307e-05,0,0,0,0,0,0.0218603534343889,0,0.00349671693049341,0,0,0,0,0,0,0,8.49996759665914e-05,0,0,0,0,0,0,0,0,0,0,0,0.00667083508832224,0,0,0,0,0,0,0,8.30789184413823e-05,0,0,0,0,0,0,0.00155963592111402,0,2.03507958341984e-05,0,0.00142359869121921,0,0,0,0.00136108405390426,0,0,0,0,0,0,0,0.00177598747942366,0,0,0,3.77842372976386e-05,0,0
0,0,0,0,0,0,0,0,0,0,0,0,0,0,0,0,0,0,1.54717246418306e-05,0,0,0,0,0,0,0,0,0,0.00163766564768514,0,0.00805629900266728,0,0,0,0,0,0,0,1.78005423652952e-05,0,0,0,0.00169991822776275,0,0,0,0,0,0.000586425354469787,0,0,0,0,0,0,0,0.015530394969508,0,0,0,0,0,0,0,0,0.00278781216917559,0,0,0,0.000479552625091031,0,0,0,0.00418009158607025,0,0,0,0,0,0,0,0.0020057318175736,2.0134679780491e-06,0,0.0013921694113768,0,0.000224750206000471
