0,0,17.1504187527825,0,0,0,0,0,8.87296797791306,0,0,0,0,0,0,0,10.5065399638393,0,16.3344015220233,0,0,0,0,0,5.12376046180725,0,0,0,0,0,0,0,0,0,0,0,0,0,6.74126135219227,0,42.0876789093018,0,17.2310870811631,0,27.8336582183838,0,38.7206279209682,0,5.50514626293852,0,0,0,0,0,10.305006376823,0,14.8376783132553,0,0,0,2.952754398187,0,0,31.8979072570801,0,0,0,5.23897151396825,0,0,0,0,0,16.7032675743103,0,0,0,0,0,0,0,6.67766935175115,23.0425557893634,0,12.3334875224426,0,0
0,0,0,18.4816316576565,0,21.046875918353,0,0,0,12.570028396334,0,0,0,0,0,2.95861709117889,57.1517677307129,34.420203420851,19.7835705990261,0,0,0,0,4.85101842880249,0,0,0,0,0,0,0,0,0,0,0,0,0,0,0,0,0,10.8355459160492,0,27.7240715026855,0,31.2544136047363,0,0,0,6.87850296381043,0,0,0,0,0,8.7343841547715,0,4.94749566161114,0,3.56924901289098,0,5.03755007070654,0,0,0,0,6.08236227035522,0,5.23422078291575,0,4.55810744112188,0,0,0,0,0,0,0,0,0,0,0,23.6004544052943,27.2726165687337,9.42427666017151,14.3976945877075,0
17.1504187527825,0,0,0,4.46025151033871,0,0,0,27.5597068887008,0,0,0,0,0,0,0,0,0,0,0,5.58890736103058,0,0,0,0,0,0,0,0,0,0,0,0,0,0,0,0,0,28.3632464408875,0,0,0,19.6166632639037,0,0,0,0,0,2.86557327508926,0,5.64884433613355,0,0,0,5.23661311467489,0,3.73520951935008,0,2.95640665195027,0,2.7456476688385,0,0,0,0,0,0,0,0,0,0,0,0,0,0,0,0,0,0,0,0,28.1186923980713,8.90249613387075,0,17.630848125008,0,0
0,18.4816316576565,0,0,0,4.1988123951579,0,0,0,6.8967077586709,0,0,0,0,0,0,48.5128631591797,0,37.0258178710938,9.26561368897904,0,0,0,0,0,0,0,0,0,0,0,0,0,0,0,8.78383121490478,0,0,0,19.3712582588196,0,20.838793352672,0,19.7980026245117,0,10.5836308174713,0,0,0,30.8044929504395,0,4.54642755455441,0,0,0,5.8269656741713,0,20.8828366851807,0,3.84582689404488,0,5.81583976745605,11.6282600305848,0,0,0,25.1556587219238,0,0,0,0,0,21.9103717803955,0,0,0,0,0,23.1224982878741,0,0,0,16.4139152173106,19.0442947022458,16.6139626421798,19.0572166442871,0
0,0,4.46025151033871,0,0,0,5.38385459488513,0,3.13461303710938,0,0,0,0,0,0,0,0,0,0,0,0,0,0,0,0,0,0,0,0,0,0,0,0,0,0,0,0,0,0,0,0,0,0,0,0,0,0,0,0,0,4.06659576486389,0,2.83022366960843,0,0,0,4.91639534064702,0,0,0,0,0,0,0,0,0,0,0,0,0,0,0,0,0,0,0,0,0,0,0,0,0,4.21471418087908,3.68391539818317,6.21942425114768,0,0
0,21.046875918353,0,4.1988123951579,0,0,0,5.13035393183498,0,3.10075725095217,0,2.88360916243659,0,0,0,0,0,0,0,0,0,0,0,0,0,0,0,0,0,0,0,0,0,0,0,0,0,0,0,0,0,23.472813129425,0,0,0,0,0,0,0,0,0,3.91066422085806,0,4.48149584734215,0,29.6916570663452,0,3.10219883918762,0,3.66754762331645,0,4.54153800010681,0,0,0,0,29.532075881958,0,0,0,0,0,0,0,0,0,0,0,0,0,0,0,4.87390843789841,5.19906533681429,18.4158520137562,0,0
0,0,0,0,5.38385459488513,0,0,0,0,0,0,0,0,0,0,0,0,0,0,0,2.77507118745284,0,0,0,0,0,0,0,0,0,0,0,0,0,0,0,0,0,0,0,0,0,0,0,0,0,0,0,0,0,2.84671396017075,0,2.94713313375201,0,0,0,3.03518173429701,0,0,0,0,0,0,0,0,0,0,0,0,0,0,0,0,0,0,0,0,0,0,0,0,0,3.17572718113661,3.26786856583463,0,0,0
0,0,0,0,0,5.13035393183498,0,0,0,0,0,0,0,0,0,0,0,0,0,2.92256585756938,0,0,0,0,0,0,0,0,0,0,0,0,0,0,0,0,0,0,0,0,0,0,0,0,0,0,0,0,0,0,0,4.13101732955789,0,3.04743803556149,0,0,0,2.73540639877319,0,0,0,0,0,0,0,0,0,0,0,0,0,0,0,0,0,0,0,0,0,0,0,0,4.3679733310427,6.36372265608414,0,0,0
8.87296797791306,0,27.5597068887008,0,3.13461303710938,0,0,0,0,0,0,0,0,0,0,0,6.37350395549693,45.1206245422363,11.9486080630917,0,0,0,0,0,3.47403391620569,0,0,0,0,0,0,0,0,0,0,0,0,0,0,0,39.6738424301147,0,8.66664007685507,0,0,0,34.7146861553192,0,19.8021920433751,0,0,0,0,0,7.39988101528537,0,18.2376820522806,0,0,0,13.4279561572605,0,0,27.7316879272461,0,0,0,11.185449740528,0,0,0,0,0,0,0,0,0,0,0,33.8441162109375,0,0,9.110297827781,0,14.7851185793795,0,5.29435866219657
0,12.570028396334,0,6.8967077586709,0,3.10075725095217,0,0,0,0,0,0,0,0,0,0,60.4234771728516,4.29011205507785,8.21384768608289,0,0,0,0,10.0008284819387,0,19.8703259362115,0,0,0,0,0,0,0,0,0,0,0,0,0,0,0,8.22015358432364,0,27.5701274871826,0,28.3696751594543,0,0,0,3.31947869062424,0,0,0,0,0,8.70272238005453,0,16.6150900332514,0,0,0,0,26.2483596801758,0,0,0,6.11889864000781,0,20.4942817687988,0,0,0,16.1088509966687,0,0,0,0,0,27.4332265853882,0,10.4235730171204,0,6.48447686104687,7.80217611568945,14.244182318148,6.04524040669203,0
0,0,0,0,0,0,0,0,0,0,0,0,3.16832893985813,0,0,0,0,0,0,0,2.9740841506869,0,0,0,0,0,0,0,0,0,2.95211958885193,0,0,0,0,0,3.53609188927544,0,3.2403662048635,0,0,0,0,0,0,0,0,0,0,0,0,0,2.87861586941613,0,0,0,3.38526154003597,0,3.10233437627312,0,0,0,0,2.95198822021484,0,0,0,0,0,0,0,0,0,3.53549448649089,0,0,0,0,0,0,0,0,2.80834436416626,2.93812799814976,0,0,0
0,0,0,0,0,2.88360916243659,0,0,0,0,0,0,0,0,0,0,0,0,0,3.02796063637685,0,0,0,0,0,0,0,0,0,3.73146641254425,0,0,0,0,0,0,0,3.42299891444086,0,0,0,0,0,0,0,0,0,0,0,0,0,2.87103001887982,0,2.94907672064645,0,0,0,3.37107710841234,0,2.79608756845648,0,0,3.98301664682535,0,0,0,0,0,0,0,0,0,3.2877277306148,0,0,0,0,0,0,0,0,0,3.12009241766558,3.28458911066964,0,0,0
0,0,0,0,0,0,0,0,0,0,3.16832893985813,0,0,0,0,0,0,0,0,0,0,0,0,0,0,0,0,0,3.04984529813131,0,0,0,0,0,0,0,0,0,0,0,0,0,0,0,0,0,0,0,0,0,0,0,0,0,0,0,0,0,2.83107109035103,0,0,0,0,0,0,0,0,0,0,0,0,0,0,0,0,0,0,0,0,0,0,0,3.45461740493774,2.98858273142144,0,0,0
0,0,0,0,0,0,0,0,0,0,0,0,0,0,0,2.91831465782943,0,2.95904064178467,0,0,0,0,0,0,0,0,0,3.46583306789398,0,0,0,0,0,0,0,0,0,0,0,0,0,0,0,0,0,0,0,0,0,0,0,0,0,0,0,0,0,0,0,3.02559604166383,0,0,0,0,0,0,0,0,0,0,3.12472841687446,0,0,0,0,0,0,0,0,0,0,0,3.36404956049389,4.18480361386349,0,0,0
0,0,0,0,0,0,0,0,0,0,0,0,0,0,0,0,0,0,0,0,0,0,0,0,0,0,0,0,0,0,0,0,0,0,0,0,0,0,0,0,0,0,0,0,0,0,0,0,0,0,0,0,0,0,0,0,0,0,0,0,0,0,0,0,0,0,0,0,0,0,0,0,0,0,0,0,0,0,0,0,0,0,0,4.01158087253571,0,0,0
0,2.95861709117889,0,0,0,0,0,0,0,0,0,0,0,2.91831465782943,0,0,0,0,0,0,0,0,0,0,0,0,0,0,0,0,0,0,0,0,0,0,0,0,0,0,0,0,0,0,0,0,0,0,0,2.95585989952087,0,3.65224123001099,0,0,0,0,0,0,0,3.47984302043915,0,4.22075058225554,0,0,0,0,0,0,2.75114846229553,0,0,0,0,0,0,0,0,0,0,0,0,0,3.14520877954976,2.79015123844147,0,0,0
10.5065399638393,57.1517677307129,0,48.5128631591797,0,0,0,0,6.37350395549693,60.4234771728516,0,0,0,0,0,0,0,16.203728205985,14.9467047858699,0,0,14.3266735076904,6.42067624154638,0,0,24.8690375414762,0,0,0,0,0,0,0,0,0,0,0,0,0,60.5369974772135,52.4148604167794,48.8957736853397,38.1090298471317,39.9335977407602,36.9769403012129,51.0526899489681,43.7604928505521,0,0,0,0,0,0,0,7.78172265688578,0,28.2230754651521,69.5751075744629,0,0,0,0,62.9348602294922,34.6876940727234,0,8.14985017343001,0,22.1870718002319,0,0,0,0,54.0656890869141,0,0,0,0,0,61.4130618837145,38.1154000306293,0,0,11.2019046503883,5.99653370890234,39.6526654550225,47.6284595065647,34.4276628760404
0,34.420203420851,0,0,0,0,0,0,45.1206245422363,4.29011205507785,0,0,0,2.95904064178467,0,0,16.203728205985,0,17.0159672897957,0,0,5.56482118826646,17.9935229165213,0,0,4.84652907275973,0,0,0,0,0,0,0,0,0,0,0,0,0,53.5058453877767,59.3493135033584,38.1561387843434,54.2264929996448,37.178270108772,42.1068891797747,44.076495493265,49.4420580449773,0,0,0,0,0,0,0,0,14.7312964030675,0,40.4801641191755,0,0,0,0,57.0287823147244,65.697998046875,0,0,46.5595455169678,0,0,0,0,0,36.5881113164565,0,0,0,0,0,52.9414399099533,69.2244790884165,0,0,8.61327518376797,7.12304338454624,48.260529143888,33.4750659438067,51.7559769089157
16.3344015220233,19.7835705990261,0,37.0258178710938,0,0,0,0,11.9486080630917,8.21384768608289,0,0,0,0,0,0,14.9467047858699,17.0159672897957,0,0,0,0,0,0,4.2223334312439,0,0,0,0,0,0,0,0,0,0,0,0,0,0,38.3000005957198,36.2561087788684,21.1860112521236,18.7565486961403,25.6816927421508,20.2190666961319,29.3600119062978,29.3880606780817,0,0,0,0,0,0,0,20.4480142295361,11.2431384119494,30.7568136103013,31.4207836379353,0,0,0,0,37.60330267386,35.4776959797693,0,0,27.792813709804,26.7908656078836,0,0,0,0,30.560387425039,0,0,0,0,0,37.7724006087692,37.1091562440409,0,0,16.7419219786663,37.9544569651286,29.978098613393,22.0043704815696,18.7927695021683
0,0,0,9.26561368897904,0,0,0,2.92256585756938,0,0,0,3.02796063637685,0,0,0,0,0,0,0,0,0,0,0,0,0,0,0,0,0,0,0,0,0,0,0,4.19148349761963,0,3.1219372635796,0,0,0,0,0,0,0,0,0,0,0,0,0,0,0,3.73529514399442,0,0,0,3.44383995892615,0,0,0,0,3.30912705235145,0,0,0,0,0,0,0,0,0,0,0,0,0,0,0,0,0,0,0,2.75372004508972,0,7.62285155296326,0,0
0,0,5.58890736103058,0,0,0,2.77507118745284,0,0,0,2.9740841506869,0,0,0,0,0,0,0,0,0,0,0,0,0,0,0,0,0,0,0,0,0,0,0,0,0,3.04205104282924,0,3.07884213786859,0,0,0,0,0,0,0,7.98524236679077,0,0,0,0,0,3.45516088429619,0,0,0,3.34146085830584,0,0,0,0,0,0,3.16527630228445,0,0,0,0,0,0,0,0,0,0,0,0,0,0,0,0,0,0,2.92965606848399,0,5.59540689796156,0,0
0,0,0,0,0,0,0,0,0,0,0,0,0,0,0,0,14.3266735076904,5.56482118826646,0,0,0,0,3.2786651016013,3.76824682492476,0,3.62647334445607,0,3.1794674631025,0,0,0,0,0,0,0,0,0,5.02405213182623,0,0,0,0,0,0,0,0,0,0,0,0,0,0,0,0,0,0,0,0,0,0,0,0,0,0,3.80862455906452,3.26098847157747,4.04697179794312,0,3.14451051620116,0,3.3334621438301,0,0,0,0,0,0,0,0,0,4.04817037582397,0,3.21974455164625,3.72813311062361,0,0,0
0,0,0,0,0,0,0,0,0,0,0,0,0,0,0,0,6.42067624154638,17.9935229165213,0,0,0,3.2786651016013,0,0,2.72330236434937,0,2.73456247647603,0,3.30844913865732,0,0,0,0,0,0,0,0,3.36083204165483,3.03052496772281,0,0,0,0,0,0,0,0,0,0,0,0,0,0,0,0,0,0,0,0,0,0,0,0,0,3.61837131977081,3.42206923391808,0,3.0761056522395,0,2.92299400552919,0,3.00490149584683,0,0,0,0,0,0,0,0,0,2.92626477690304,3.57517121923067,4.0673830928264,0,0,0
0,4.85101842880249,0,0,0,0,0,0,0,10.0008284819387,0,0,0,0,0,0,0,0,0,0,0,3.76824682492476,0,0,0,0,0,0,0,0,0,0,0,0,0,0,0,6.28226379002189,0,0,0,8.41208934783936,0,0,0,0,0,0,0,0,0,0,0,0,0,5.99464602330152,0,0,0,0,0,0,0,0,3.42582651285025,0,4.6257881623122,0,0,0,0,0,0,0,0,0,0,0,0,0,7.94813085849616,0,14.9371128149122,21.9447841644287,6.38211341434055,0,0
5.12376046180725,0,0,0,0,0,0,0,3.47403391620569,0,0,0,0,0,0,0,0,0,4.2223334312439,0,0,0,2.72330236434937,0,0,0,2.9492290019989,0,0,0,0,0,0,0,0,0,0,0,8.00180597081343,0,0,0,0,0,0,0,0,0,11.2087421417236,0,0,0,0,0,3.1168937035096,0,0,0,0,0,0,0,0,0,0,3.00889088426317,0,3.22430454654458,0,3.07636066583487,0,0,0,0,0,0,0,0,0,0,0,6.07354531676984,3.2671148220698,0,11.8868558268393,0,0
0,0,0,0,0,0,0,0,0,19.8703259362115,0,0,0,0,0,0,24.8690375414762,4.84652907275973,0,0,0,3.62647334445607,0,0,0,0,0,2.73368883132935,0,0,0,0,0,0,0,0,0,0,0,0,0,0,0,0,0,0,0,0,0,0,0,0,0,0,0,6.83558023892916,0,0,0,0,0,2.7397985458374,0,0,3.05597186088562,0,0,0,2.89058936795881,0,0,0,0,0,0,0,0,0,0,0,0,0,11.8362349612372,0,0,0,0
0,0,0,0,0,0,0,0,0,0,0,0,0,0,0,0,0,0,0,0,0,0,2.73456247647603,0,2.9492290019989,0,0,0,0,0,0,0,0,0,0,0,0,0,0,0,0,0,0,0,0,0,0,0,0,0,0,0,0,0,0,0,0,0,0,0,0,0,0,0,0,0,0,0,0,3.07220273372556,0,0,0,0,0,0,0,0,0,0,0,0,2.74303984642029,0,0,0,0
0,0,0,0,0,0,0,0,0,0,0,0,0,3.46583306789398,0,0,0,0,0,0,0,3.1794674631025,0,0,0,2.73368883132935,0,0,0,2.97205593188604,0,0,0,0,0,0,0,3.6842754483223,0,0,0,0,0,0,0,0,0,0,0,0,0,0,0,0,0,0,0,0,0,0,0,0,0,0,3.16310822963715,0,0,0,0,0,3.26041435762647,0,0,0,0,0,0,0,0,0,0,0,2.86887036670338,4.01339645005814,0,0,0
0,0,0,0,0,0,0,0,0,0,0,0,3.04984529813131,0,0,0,0,0,0,0,0,0,3.30844913865732,0,0,0,0,0,0,0,3.01771755966486,0,0,0,0,0,0,0,3.13391814420098,0,0,0,0,0,0,0,0,0,0,0,0,0,0,0,0,0,0,0,3.58493304252625,0,0,0,0,0,0,0,0,0,0,0,0,3.1947395210549,0,0,0,0,0,0,0,0,0,3.44682426452637,3.09893744175251,3.26084676250335,0,0,0
0,0,0,0,0,0,0,0,0,0,0,3.73146641254425,0,0,0,0,0,0,0,0,0,0,0,0,0,0,0,2.97205593188604,0,0,0,0,0,0,0,0,0,2.73927576201303,0,0,0,0,0,0,0,0,0,0,0,0,0,0,0,0,0,0,0,3.41312627675035,0,0,0,0,0,0,0,0,0,0,0,0,4.84398174285889,0,3.11604924422191,0,0,0,0,0,0,0,0,0,2.92532391906474,2.93111510146154,0,0,0
0,0,0,0,0,0,0,0,0,0,2.95211958885193,0,0,0,0,0,0,0,0,0,0,0,0,0,0,0,0,0,3.01771755966486,0,0,0,0,0,0,0,0,0,3.35950100421906,0,0,0,0,0,0,0,0,0,0,0,0,0,0,0,0,0,2.87428605556488,0,0,0,0,0,0,0,0,0,0,0,0,0,0,3.55003323249733,0,2.95851239893172,0,0,0,0,0,0,0,0,2.86487679481506,2.89939697490019,0,0,0
0,0,0,0,0,0,0,0,0,0,0,0,0,0,0,0,0,0,0,0,0,0,0,0,0,0,0,0,0,0,0,0,3.47110223011433,3.37839007377625,2.96394109725952,3.67313181354154,3.95017703490458,0,0,0,0,0,0,0,0,0,0,4.94289101721972,0,8.01577377319336,0,0,0,0,0,0,0,0,0,0,0,0,0,0,0,0,0,0,0,0,0,0,0,0,3.15107913049711,3.01614958964861,2.85464293616159,0,3.18665986350088,5.67938188711802,0,0,3.29877387200083,0,0,0,0
0,0,0,0,0,0,0,0,0,0,0,0,0,0,0,0,0,0,0,0,0,0,0,0,0,0,0,0,0,0,0,3.47110223011433,0,0,5.0445256257298,4.68286899822514,3.39123801025776,0,0,0,0,0,0,0,0,0,0,7.45037850952874,7.33672444820404,5.94263386726379,0,0,0,0,0,0,0,0,0,0,0,0,0,0,0,0,0,0,0,0,0,0,0,0,4.40406518512302,5.34891294731813,0,5.35843008497487,0,10.5765766269631,0,0,3.34900189345738,0,0,0,0
0,0,0,0,0,0,0,0,0,0,0,0,0,0,0,0,0,0,0,0,0,0,0,0,0,0,0,0,0,0,0,3.37839007377625,0,0,3.76460362412035,4.10813736915588,2.94521236419678,2.88634871111976,6.16902050033945,0,0,0,0,0,0,0,0,3.72112385638852,0,0,0,0,0,0,0,0,0,0,0,0,0,0,0,0,0,0,0,0,0,0,0,0,0,0,0,0,3.24520649453123,2.85826186998196,0,0,4.51510451056741,4.6740128771464,3.70208010219392,2.95191693305969,0,0,0
0,0,0,0,0,0,0,0,0,0,0,0,0,0,0,0,0,0,0,0,0,0,0,0,0,0,0,0,0,0,0,2.96394109725952,5.0445256257298,3.76460362412035,0,0,3.17117552280426,5.69534862041473,2.88314358393351,0,0,0,0,0,0,0,0,4.53869145656316,13.2023898760478,0,0,0,0,0,0,0,0,0,0,0,0,0,0,0,0,0,0,0,0,0,0,0,0,0,0,16.3793600400289,3.99839508918024,3.74031602526174,0,3.62275862693787,0,2.93545354113859,3.26050379697014,0,0,0,0
0,0,0,8.78383121490478,0,0,0,0,0,0,0,0,0,0,0,0,0,0,0,4.19148349761963,0,0,0,0,0,0,0,0,0,0,0,3.67313181354154,4.68286899822514,4.10813736915588,0,0,3.37405414458829,3.12983467872908,0,10.6387414932251,0,15.3723564147949,0,0,0,0,0,4.59220140576363,0,5.26506142616272,0,0,0,0,0,0,0,0,0,0,0,0,4.08762435913086,0,0,0,0,0,0,0,0,0,0,0,3.46817982760121,0,3.09866798752769,0,3.68765669836116,4.72420518040657,3.01694954525341,0,3.08072088375068,3.23252969741821,8.57003748416901,0,0
0,0,0,0,0,0,0,0,0,0,3.53609188927544,0,0,0,0,0,0,0,0,0,3.04205104282924,0,0,0,0,0,0,0,0,0,0,3.95017703490458,3.39123801025776,2.94521236419678,3.17117552280426,3.37405414458829,0,0,2.98853746214981,0,0,0,0,0,0,0,0,5.92853884651257,0,11.5567018508911,0,0,0,0,0,0,4.020390402187,0,0,0,0,0,0,0,0,0,0,0,0,0,0,0,0,0,5.20442831516266,3.56337454493757,0,3.76523110427354,5.74086641249277,3.46315356280706,0,3.14244095484416,3.34800037843905,3.41440414369797,3.27172517776489,0,0
0,0,0,0,0,0,0,0,0,0,0,3.42299891444086,0,0,0,0,0,0,0,3.1219372635796,0,5.02405213182623,3.36083204165483,6.28226379002189,0,0,0,3.6842754483223,0,2.73927576201303,0,0,0,2.88634871111976,5.69534862041473,3.12983467872908,0,0,4.20964959783669,0,0,7.42190996805827,0,0,0,0,0,5.50823314158947,0,8.06203220986031,0,0,0,0,0,13.1209621429443,0,4.33612446270401,0,0,0,0,3.14761812456193,0,3.1409091916653,3.95552810219427,8.67577266883723,0,0,0,3.62754794090025,0,2.96928037376918,0,0,0,3.20222732566652,0,2.95489551090613,0,3.57205361547366,4.03635466351824,3.18039084114395,3.01183868236229,5.89758467674255,0,0
6.74126135219227,0,28.3632464408875,0,0,0,0,0,0,0,3.2403662048635,0,0,0,0,0,0,0,0,0,3.07884213786859,0,3.03052496772281,0,8.00180597081343,0,0,0,3.13391814420098,0,3.35950100421906,0,0,6.16902050033945,2.88314358393351,0,2.98853746214981,4.20964959783669,0,0,0,0,9.05681563569949,0,0,0,0,5.27952801412152,9.99214557806651,0,0,0,0,0,29.0356416702271,0,3.55651950454373,0,0,0,0,0,0,3.01287862989638,0,4.95314448005275,0,8.26179069609154,0,0,0,3.4725175740871,0,3.44371385044522,0,0,6.45973315991853,2.74311780929565,0,3.38106144567764,5.21467241568443,3.57586222876035,3.83259679535757,4.4420433805344,6.32161990902092,0,0
0,0,0,19.3712582588196,0,0,0,0,0,0,0,0,0,0,0,0,60.5369974772135,53.5058453877767,38.3000005957198,0,0,0,0,0,0,0,0,0,0,0,0,0,0,0,0,10.6387414932251,0,0,0,0,11.4570253235953,14.3239678450321,0,18.2123501846589,0,7.24125374727216,0,5.66081643104553,10.2852343342922,4.32070470885597,0,0,0,0,0,0,0,0,0,0,0,0,0,0,0,0,0,0,0,0,0,0,0,0,0,0,0,0,15.8422597646713,0,0,0,36.13748781446,0,9.06096554355468,13.745493368669,0
42.0876789093018,0,0,0,0,0,0,0,39.6738424301147,0,0,0,0,0,0,0,52.4148604167794,59.3493135033584,36.2561087788684,0,0,0,0,0,0,0,0,0,0,0,0,0,0,0,0,0,0,0,0,11.4570253235953,0,59.378002166748,13.7496246473768,0,18.2580919115562,62.5836486816406,7.68714608053448,4.46340796255296,4.02662777372051,4.97533148016576,0,0,0,0,0,0,55.4228534698486,0,0,0,0,0,0,51.1631851196289,0,0,0,0,0,0,0,0,0,0,0,0,0,0,0,23.5527119189501,0,0,34.9854938342326,0,15.2442826877941,0,20.4058232774921
0,10.8355459160492,0,20.838793352672,0,23.472813129425,0,0,0,8.22015358432364,0,0,0,0,0,0,48.8957736853397,38.1561387843434,21.1860112521236,0,0,0,0,8.41208934783936,0,0,0,0,0,0,0,0,0,0,0,15.3723564147949,0,7.42190996805827,0,14.3239678450321,59.378002166748,0,10.9673962154388,10.0646761635172,0,14.6367993564778,53.0564330251593,0,5.54044922192891,7.27042441745925,0,0,0,0,0,16.7402817542489,0,9.67033619624312,0,0,0,14.2679233169556,35.216436454228,0,0,0,5.9681142171224,0,0,0,0,0,7.44112285971642,0,0,0,0,0,27.7261495777205,0,0,0,13.9063288542858,29.6360333473452,10.2282081847155,8.10743076899096,0
17.2310870811631,0,19.6166632639037,0,0,0,0,0,8.66664007685507,0,0,0,0,0,0,0,38.1090298471317,54.2264929996448,18.7565486961403,0,0,0,0,0,0,0,0,0,0,0,0,0,0,0,0,0,0,0,9.05681563569949,0,13.7496246473768,10.9673962154388,0,13.0019063949585,11.3911442263573,0,16.3342860830634,8.85509739424053,8.67248244084699,14.4490149815877,0,0,0,0,11.6516800305388,0,17.6801987877188,0,18.5774205525716,0,19.541802406311,0,0,34.8636752537319,0,0,0,8.40424060821533,0,0,0,0,0,4.92263837294145,0,0,0,0,0,39.8820579321676,0,8.29099816481272,14.10847414252,26.192928314209,11.3562336720803,11.7109899520874,11.6009402119537
0,27.7240715026855,0,19.7980026245117,0,0,0,0,0,27.5701274871826,0,0,0,0,0,0,39.9335977407602,37.178270108772,25.6816927421508,0,0,0,0,0,0,0,0,0,0,0,0,0,0,0,0,0,0,0,0,18.2123501846589,0,10.0646761635172,13.0019063949585,0,0,16.2258719127819,53.6021217346191,0,0,0,0,0,0,0,0,35.7681770324707,0,35.7924950917562,0,0,0,0,27.8078285364004,0,0,0,0,0,0,0,0,0,35.4724292755127,0,0,0,0,0,20.4720534431428,0,0,0,15.4337091590263,29.1152388254801,17.2559085269859,27.0934253692627,0
27.8336582183838,0,0,0,0,0,0,0,0,0,0,0,0,0,0,0,36.9769403012129,42.1068891797747,20.2190666961319,0,0,0,0,0,0,0,0,0,0,0,0,0,0,0,0,0,0,0,0,0,18.2580919115562,0,11.3911442263573,0,0,0,15.7607370810075,0,0,0,0,0,0,0,36.035587310791,0,0,0,0,0,0,0,0,35.3168182373047,0,0,0,0,0,0,0,0,0,0,0,0,0,0,0,35.0955361366272,0,0,18.2641756299942,0,16.4683444186015,0,0
0,31.2544136047363,0,10.5836308174713,0,0,0,0,0,28.3696751594543,0,0,0,0,0,0,51.0526899489681,44.076495493265,29.3600119062978,0,0,0,0,0,0,0,0,0,0,0,0,0,0,0,0,0,0,0,0,7.24125374727216,62.5836486816406,14.6367993564778,0,16.2258719127819,0,0,53.1687504617791,0,0,0,0,0,0,0,0,0,0,31.7781978509365,0,0,0,0,7.88498347510828,0,0,0,0,0,0,0,0,0,31.2381613595145,0,0,0,0,0,15.2724412878483,0,0,0,27.741158177312,31.636317147149,12.8628533171081,35.7522261692927,0
38.7206279209682,0,0,0,0,0,0,0,34.7146861553192,0,0,0,0,0,0,0,43.7604928505521,49.4420580449773,29.3880606780817,0,7.98524236679077,0,0,0,0,0,0,0,0,0,0,0,0,0,0,0,0,0,0,0,7.68714608053448,53.0564330251593,16.3342860830634,53.6021217346191,15.7607370810075,53.1687504617791,0,0,0,0,0,0,0,0,37.8382339477539,0,31.7329797744751,0,0,0,0,0,0,5.3916844431043,0,0,0,0,0,0,0,0,0,0,0,0,0,0,76.8787841796875,16.4044545398328,0,0,28.2010211563974,0,16.5452217206751,43.7672681808472,38.6590484619141
0,0,0,0,0,0,0,0,0,0,0,0,0,0,0,0,0,0,0,0,0,0,0,0,0,0,0,0,0,0,0,4.94289101721972,7.45037850952874,3.72112385638852,4.53869145656316,4.59220140576363,5.92853884651257,5.50823314158947,5.27952801412152,5.66081643104553,4.46340796255296,0,8.85509739424053,0,0,0,0,0,5.36313009144328,5.20443687820104,0,0,0,0,0,0,0,0,0,0,0,0,0,0,0,0,0,0,0,0,0,0,0,0,10.1698954826178,6.72323686349476,3.41940149508025,12.3050098419189,8.71893158054728,8.18917046189645,0,6.20688569545746,4.47770278195761,0,7.01668173678314,0,0
5.50514626293852,0,2.86557327508926,0,0,0,0,0,19.8021920433751,0,0,0,0,0,0,0,0,0,0,0,0,0,0,0,11.2087421417236,0,0,0,0,0,0,0,7.33672444820404,0,13.2023898760478,0,0,0,9.99214557806651,10.2852343342922,4.02662777372051,5.54044922192891,8.67248244084699,0,0,0,0,5.36313009144328,0,5.41032494413391,0,0,0,0,18.5774921625853,0,15.6090393066406,0,0,0,2.79374867219191,0,0,0,0,8.96852360831367,0,0,0,0,0,0,0,0,11.1707334518433,3.29162680475335,0,0,12.2620201706886,0,0,7.62040021840264,6.01559239745526,0,8.3913490303897,0,0
0,6.87850296381043,0,30.8044929504395,0,0,0,0,0,3.31947869062424,0,0,0,0,0,2.95585989952087,0,0,0,0,0,0,0,0,0,0,0,0,0,0,0,8.01577377319336,5.94263386726379,0,0,5.26506142616272,11.5567018508911,8.06203220986031,0,4.32070470885597,4.97533148016576,7.27042441745925,14.4490149815877,0,0,0,0,5.20443687820104,5.41032494413391,0,0,0,0,0,0,0,0,6.78937022479964,0,4.11712026596069,0,8.64739785591761,7.8874249458313,0,0,0,0,0,0,0,0,0,21.2921695709229,0,0,12.025390625,0,0,6.3709831763287,10.0148201386134,5.28013914509823,0,5.13768915874968,0,7.76955264765641,5.04231071472168,0
0,0,5.64884433613355,0,4.06659576486389,0,2.84671396017075,0,0,0,0,0,0,0,0,0,0,0,0,0,0,0,0,0,0,0,0,0,0,0,0,0,0,0,0,0,0,0,0,0,0,0,0,0,0,0,0,0,0,0,0,0,0,0,0,0,4.31831041758969,0,4.22284477689992,0,0,0,0,0,0,0,0,0,0,0,0,0,0,0,0,0,0,0,0,0,0,0,5.23987025481004,0,6.14996748741227,0,0
0,0,0,4.54642755455441,0,3.91066422085806,0,4.13101732955789,0,0,0,2.87103001887982,0,0,0,3.65224123001099,0,0,0,0,0,0,0,0,0,0,0,0,0,0,0,0,0,0,0,0,0,0,0,0,0,0,0,0,0,0,0,0,0,0,0,0,0,3.42794594630389,0,0,0,4.412879718529,0,3.03800846605885,0,4.03918283326285,0,0,0,0,0,0,0,0,0,0,0,0,0,0,0,0,0,0,0,0,6.44805931875892,0,3.05953586101532,0,0
0,0,0,0,2.83022366960843,0,2.94713313375201,0,0,0,2.87861586941613,0,0,0,0,0,0,0,0,0,3.45516088429619,0,0,0,0,0,0,0,0,0,0,0,0,0,0,0,0,0,0,0,0,0,0,0,0,0,0,0,0,0,0,0,0,0,0,0,0,0,0,0,0,0,0,0,0,0,0,0,0,0,0,0,0,0,0,0,0,0,0,0,0,0,0,0,0,0,0
0,0,0,0,0,4.48149584734215,0,3.04743803556149,0,0,0,2.94907672064645,0,0,0,0,0,0,0,3.73529514399442,0,0,0,0,0,0,0,0,0,0,0,0,0,0,0,0,0,0,0,0,0,0,0,0,0,0,0,0,0,0,0,3.42794594630389,0,0,0,0,0,2.92930674552917,0,0,0,0,0,0,0,0,0,0,0,0,0,0,0,0,0,0,0,0,0,0,0,0,3.76428181671899,0,0,0,0
10.305006376823,0,5.23661311467489,0,0,0,0,0,7.39988101528537,0,0,0,0,0,0,0,7.78172265688578,0,20.4480142295361,0,0,0,0,0,3.1168937035096,0,0,0,0,0,0,0,0,0,0,0,0,0,29.0356416702271,0,0,0,11.6516800305388,0,36.035587310791,0,37.8382339477539,0,18.5774921625853,0,0,0,0,0,0,0,27.4893465042114,0,0,0,3.85954628671919,0,0,0,0,0,0,4.72583411724671,0,0,0,0,0,0,0,0,0,0,0,0,0,14.2801876068115,14.1558092635525,0,14.6467769150401,0,4.85036449847014
0,8.7343841547715,0,5.8269656741713,0,29.6916570663452,0,0,0,8.70272238005453,0,0,0,0,0,0,0,14.7312964030675,11.2431384119494,0,0,0,0,5.99464602330152,0,6.83558023892916,0,0,0,0,0,0,0,0,0,0,0,13.1209621429443,0,0,0,16.7402817542489,0,35.7681770324707,0,0,0,0,0,0,0,0,0,0,0,0,0,17.7189787626266,0,0,0,0,0,0,0,0,5.36720316342905,0,6.80971455574036,0,0,0,12.606406211853,0,0,0,0,0,0,0,9.41316866874695,0,14.4272549984474,25.8429313235813,15.0859143450709,6.83039927482605,0
14.8376783132553,0,3.73520951935008,0,4.91639534064702,0,3.03518173429701,0,18.2376820522806,0,3.38526154003597,0,0,0,0,0,28.2230754651521,0,30.7568136103013,0,3.34146085830584,0,0,0,0,0,0,0,0,0,2.87428605556488,0,0,0,0,0,4.020390402187,0,3.55651950454373,0,55.4228534698486,0,17.6801987877188,0,0,0,31.7329797744751,0,15.6090393066406,0,4.31831041758969,0,0,0,27.4893465042114,0,0,0,0,0,13.3474197387695,0,0,5.13506460398227,0,0,0,0,0,0,0,0,0,7.34096720218658,0,0,0,0,0,56.6977157592773,0,0,14.8753101825714,2.91634698917991,8.8866240262447,0,0
0,4.94749566161114,0,20.8828366851807,0,3.10219883918762,0,2.73540639877319,0,16.6150900332514,0,3.37107710841234,0,0,0,0,69.5751075744629,40.4801641191755,31.4207836379353,3.44383995892615,0,0,0,0,0,0,0,0,0,3.41312627675035,0,0,0,0,0,0,0,4.33612446270401,0,0,0,9.67033619624312,0,35.7924950917562,0,31.7781978509365,0,0,0,6.78937022479964,0,4.412879718529,0,2.92930674552917,0,17.7189787626266,0,0,0,3.8900627894835,0,5.28248369332516,8.25706851547533,0,0,0,0,0,3.88560954729716,0,4.1499060025582,0,3.25507783889771,0,0,0,0,0,0,0,0,0,13.1155318118632,26.0033060312271,5.55538514779624,11.9706127166748,0
0,0,2.95640665195027,0,0,0,0,0,0,0,3.10233437627312,0,2.83107109035103,0,0,0,0,0,0,0,0,0,0,0,0,0,0,0,3.58493304252625,0,0,0,0,0,0,0,0,0,0,0,0,0,18.5774205525716,0,0,0,0,0,0,0,4.22284477689992,0,0,0,0,0,0,0,0,0,0,0,0,0,0,0,0,0,0,0,0,0,0,14.1817483901978,0,0,0,0,0,0,0,0,0,0,15.8604461635862,0,0
0,3.56924901289098,0,3.84582689404488,0,3.66754762331645,0,0,0,0,0,2.79608756845648,0,3.02559604166383,0,3.47984302043915,0,0,0,0,0,0,0,0,0,0,0,0,0,0,0,0,0,0,0,0,0,0,0,0,0,0,0,0,0,0,0,0,0,4.11712026596069,0,3.03800846605885,0,0,0,0,0,3.8900627894835,0,0,0,3.35593801252648,0,0,0,0,0,0,2.96283340454102,0,3.09481414159139,0,0,0,0,0,0,0,0,0,0,0,2.95281255245209,2.80191366425876,0,0,0
2.952754398187,0,2.7456476688385,0,0,0,0,0,13.4279561572605,0,0,0,0,0,0,0,0,0,0,0,0,0,0,0,0,0,0,0,0,0,0,0,0,0,0,0,0,0,0,0,0,0,19.541802406311,0,0,0,0,0,2.79374867219191,0,0,0,0,0,3.85954628671919,0,13.3474197387695,0,0,0,0,0,0,0,0,0,0,0,0,0,0,0,0,0,0,0,0,0,0,0,0,0,0,0,15.9395915031433,0,0
0,5.03755007070654,0,5.81583976745605,0,4.54153800010681,0,0,0,0,0,0,0,0,0,4.22075058225554,0,0,0,0,0,0,0,0,0,2.7397985458374,0,0,0,0,0,0,0,0,0,0,0,0,0,0,0,14.2679233169556,0,0,0,0,0,0,0,8.64739785591761,0,4.03918283326285,0,0,0,0,0,5.28248369332516,0,3.35593801252648,0,0,0,0,0,0,0,0,3.31084758043289,0,3.40008989969889,0,0,0,0,0,0,0,0,0,0,0,0,0,12.7526526200144,0,0
0,0,0,11.6282600305848,0,0,0,0,0,26.2483596801758,0,3.98301664682535,0,0,0,0,62.9348602294922,57.0287823147244,37.60330267386,3.30912705235145,0,0,0,0,0,0,0,0,0,0,0,0,0,0,0,4.08762435913086,0,3.14761812456193,0,0,0,35.216436454228,0,27.8078285364004,0,7.88498347510828,0,0,0,7.8874249458313,0,0,0,0,0,0,0,8.25706851547533,0,0,0,0,0,0,0,0,0,0,0,0,0,0,0,0,0,0,0,0,3.17516475915909,0,0,0,35.8911231284918,43.2424507141113,10.2182483893702,0,0
31.8979072570801,0,0,0,0,0,0,0,27.7316879272461,0,2.95198822021484,0,0,0,0,0,34.6876940727234,65.697998046875,35.4776959797693,0,3.16527630228445,0,0,0,0,0,0,0,0,0,0,0,0,0,0,0,0,0,3.01287862989638,0,51.1631851196289,0,34.8636752537319,0,35.3168182373047,0,5.3916844431043,0,0,0,0,0,0,0,0,0,5.13506460398227,0,0,0,0,0,0,0,0,0,0,0,0,0,0,0,0,0,0,0,0,0,0,38.897575378418,0,0,38.4294090270996,0,5.79364855733293,0,0
0,0,0,0,0,0,0,0,0,0,0,0,0,0,0,0,0,0,0,0,0,3.80862455906452,3.61837131977081,3.42582651285025,0,3.05597186088562,0,3.16310822963715,0,0,0,0,0,0,0,0,0,3.1409091916653,0,0,0,0,0,0,0,0,0,0,0,0,0,0,0,0,0,0,0,0,0,0,0,0,0,0,0,0,0,0,0,0,0,0,0,0,0,0,0,0,0,0,0,0,3.58969665231376,2.94940733909607,0,0,0
0,0,0,0,0,0,0,0,0,0,0,0,0,0,0,0,8.14985017343001,0,0,0,0,3.26098847157747,3.42206923391808,0,3.00889088426317,0,0,0,0,0,0,0,0,0,0,0,0,3.95552810219427,4.95314448005275,0,0,0,0,0,0,0,0,0,8.96852360831367,0,0,0,0,0,0,0,0,0,0,0,0,0,0,0,0,0,0,0,0,0,0,0,0,0,0,0,0,0,0,0,0,8.17349069301899,3.0527916040198,4.98401050567627,0,0,0
0,6.08236227035522,0,25.1556587219238,0,29.532075881958,0,0,0,6.11889864000781,0,0,0,0,0,0,0,46.5595455169678,27.792813709804,0,0,4.04697179794312,0,4.6257881623122,0,0,0,0,0,0,0,0,0,0,0,0,0,8.67577266883723,0,0,0,5.9681142171224,0,0,0,0,0,0,0,0,0,0,0,0,0,5.36720316342905,0,0,0,0,0,0,0,0,0,0,0,0,0,0,0,0,0,0,0,0,0,0,0,0,7.57781481787175,0,21.5939306445318,35.5995270865304,5.69996639979556,0,0
5.23897151396825,0,0,0,0,0,0,0,11.185449740528,0,0,0,0,0,0,0,22.1870718002319,0,26.7908656078836,0,0,0,3.0761056522395,0,3.22430454654458,0,0,0,0,0,0,0,0,0,0,0,0,0,8.26179069609154,0,0,0,8.40424060821533,0,0,0,0,0,0,0,0,0,0,0,4.72583411724671,0,0,0,0,0,0,0,0,0,0,0,0,0,0,0,0,0,0,0,0,0,0,0,0,0,0,5.84232203427255,19.0564866189299,0,8.24727199937504,0,0
0,5.23422078291575,0,0,0,0,0,0,0,20.4942817687988,0,0,0,0,0,2.75114846229553,0,0,0,0,0,3.14451051620116,0,0,0,2.89058936795881,0,0,0,0,0,0,0,0,0,0,0,0,0,0,0,0,0,0,0,0,0,0,0,0,0,0,0,0,0,6.80971455574036,0,3.88560954729716,0,2.96283340454102,0,3.31084758043289,0,0,0,0,0,0,0,0,0,0,0,0,0,0,0,0,0,0,0,0,16.2201521396637,0,0,0,0
0,0,0,0,0,0,0,0,0,0,0,0,0,0,0,0,0,0,0,0,0,0,2.92299400552919,0,3.07636066583487,0,3.07220273372556,0,0,0,0,0,0,0,0,0,0,0,0,0,0,0,0,0,0,0,0,0,0,0,0,0,0,0,0,0,0,0,0,0,0,0,0,0,0,0,0,0,0,0,0,0,0,0,0,0,0,0,0,0,0,0,0,0,0,0,0
0,4.55810744112188,0,0,0,0,0,0,0,0,0,0,0,3.12472841687446,0,0,0,0,0,0,0,3.3334621438301,0,0,0,0,0,3.26041435762647,0,4.84398174285889,0,0,0,0,0,0,0,3.62754794090025,0,0,0,0,0,0,0,0,0,0,0,0,0,0,0,0,0,0,0,4.1499060025582,0,3.09481414159139,0,3.40008989969889,0,0,0,0,0,0,0,0,0,0,0,0,0,0,0,0,0,0,0,0,2.92360308965047,2.88704097270966,0,0,0
0,0,0,0,0,0,0,0,0,0,0,0,0,0,0,0,0,0,0,0,0,0,3.00490149584683,0,0,0,0,0,3.1947395210549,0,3.55003323249733,0,0,0,0,0,0,0,3.4725175740871,0,0,0,0,0,0,0,0,0,0,0,0,0,0,0,0,0,0,0,0,0,0,0,0,0,0,0,0,0,0,0,0,0,0,0,0,0,0,0,0,0,0,4.08607568740845,2.97200643203475,3.25880338794501,0,0,0
0,0,0,21.9103717803955,0,0,0,0,0,16.1088509966687,0,3.2877277306148,0,0,0,0,54.0656890869141,36.5881113164565,30.560387425039,0,0,0,0,0,0,0,0,0,0,3.11604924422191,0,0,0,0,0,0,0,2.96928037376918,0,0,0,7.44112285971642,0,35.4724292755127,0,31.2381613595145,0,0,0,21.2921695709229,0,0,0,0,0,12.606406211853,0,3.25507783889771,0,0,0,0,0,0,0,0,0,0,0,0,0,0,0,0,0,0,0,0,0,0,0,0,9.87941329895785,3.49206175838692,6.30437431691026,10.681118329366,0
16.7032675743103,0,0,0,0,0,0,0,0,0,3.53549448649089,0,0,0,0,0,0,0,0,0,0,0,0,0,0,0,0,0,0,0,2.95851239893172,0,0,0,0,0,0,0,3.44371385044522,0,0,0,4.92263837294145,0,0,0,0,0,0,0,0,0,0,0,0,0,7.34096720218658,0,14.1817483901978,0,0,0,0,0,0,0,0,0,0,0,0,0,0,0,0,0,0,0,0,0,0,0,3.15627964337667,0,3.42910259962082,0,0
0,0,0,0,0,0,0,0,0,0,0,0,0,0,0,0,0,0,0,0,0,0,0,0,0,0,0,0,0,0,0,3.15107913049711,4.40406518512302,0,0,3.46817982760121,5.20442831516266,0,0,0,0,0,0,0,0,0,0,10.1698954826178,11.1707334518433,0,0,0,0,0,0,0,0,0,0,0,0,0,0,0,0,0,0,0,0,0,0,0,0,0,0,0,0,0,6.097989320755,6.01830768585205,0,0,2.93755550384522,0,0,0,0
0,0,0,0,0,0,0,0,0,0,0,0,0,0,0,0,0,0,0,0,0,0,0,0,0,0,0,0,0,0,0,3.01614958964861,5.34891294731813,0,16.3793600400289,0,3.56337454493757,0,0,0,0,0,0,0,0,0,0,6.72323686349476,3.29162680475335,12.025390625,0,0,0,0,0,0,0,0,0,0,0,0,0,0,0,0,0,0,0,0,0,0,0,0,0,0,0,14.1476736068726,0,11.7254781003268,0,0,0,0,0,0,0
0,0,0,0,0,0,0,0,0,0,0,0,0,0,0,0,0,0,0,0,0,0,0,0,0,0,0,0,0,0,0,2.85464293616159,0,3.24520649453123,3.99839508918024,3.09866798752769,0,3.20222732566652,6.45973315991853,0,0,0,0,0,0,0,0,3.41940149508025,0,0,0,0,0,0,0,0,0,0,0,0,0,0,0,0,0,0,0,0,0,0,0,0,0,0,0,0,0,3.81074380874634,0,0,4.7302100644675,6.31412251790365,2.90694295276295,0,0,0,0
0,0,0,0,0,0,0,0,0,0,0,0,0,0,0,0,0,0,0,0,0,0,0,0,0,0,0,0,0,0,0,0,5.35843008497487,2.85826186998196,3.74031602526174,0,3.76523110427354,0,2.74311780929565,0,0,0,0,0,0,0,0,12.3050098419189,0,0,0,0,0,0,0,0,0,0,0,0,0,0,0,0,0,0,0,0,0,0,0,0,0,0,0,14.1476736068726,3.81074380874634,0,0,2.73830842971802,0,2.87861442565918,2.90292186737061,0,0,0,0
0,0,0,23.1224982878741,0,0,0,0,0,27.4332265853882,0,0,0,0,0,0,61.4130618837145,52.9414399099533,37.7724006087692,0,0,0,0,0,0,0,0,0,0,0,0,3.18665986350088,0,0,0,3.68765669836116,5.74086641249277,2.95489551090613,0,15.8422597646713,0,27.7261495777205,0,20.4720534431428,0,15.2724412878483,76.8787841796875,8.71893158054728,12.2620201706886,6.3709831763287,0,0,0,0,0,0,0,0,0,0,0,0,3.17516475915909,0,0,0,0,0,0,0,0,0,0,0,6.097989320755,0,0,0,0,5.49613146848225,3.19313447354204,0,14.0269668176064,10.6306476891041,16.5608140923393,24.421443258013,0
0,0,0,0,0,0,0,0,33.8441162109375,0,0,0,0,0,0,0,38.1154000306293,69.2244790884165,37.1091562440409,0,0,0,0,0,0,0,0,0,0,0,0,5.67938188711802,10.5765766269631,0,3.62275862693787,4.72420518040657,3.46315356280706,0,3.38106144567764,0,23.5527119189501,0,39.8820579321676,0,35.0955361366272,0,16.4044545398328,8.18917046189645,0,10.0148201386134,0,0,0,0,0,0,56.6977157592773,0,0,0,0,0,0,38.897575378418,0,0,0,0,0,0,0,0,0,0,6.01830768585205,11.7254781003268,0,2.73830842971802,5.49613146848225,0,0,3.14675453937415,15.6363607733392,3.86145794881533,17.2521077775955,0,15.8225650787354
0,0,0,0,0,0,0,0,0,10.4235730171204,0,0,0,0,0,0,0,0,0,0,0,4.04817037582397,0,7.94813085849616,0,0,0,0,0,0,0,0,0,4.51510451056741,0,3.01694954525341,0,3.57205361547366,5.21467241568443,0,0,0,0,0,0,0,0,0,0,5.28013914509823,0,0,0,0,0,9.41316866874695,0,0,0,0,0,0,0,0,0,0,7.57781481787175,0,0,0,0,0,0,0,0,0,4.7302100644675,0,3.19313447354204,0,0,5.6533438229965,3.4361484929135,2.81060433387756,0,0,0
6.67766935175115,0,28.1186923980713,0,0,0,0,0,0,0,0,0,0,0,0,0,0,0,0,0,0,0,2.92626477690304,0,6.07354531676984,0,0,0,3.44682426452637,0,0,0,0,4.6740128771464,2.93545354113859,0,3.14244095484416,4.03635466351824,3.57586222876035,0,0,0,8.29099816481272,0,0,0,0,6.20688569545746,7.62040021840264,0,0,0,0,0,14.2801876068115,0,0,0,0,0,0,0,0,0,0,8.17349069301899,0,5.84232203427255,0,0,0,4.08607568740845,0,0,0,0,6.31412251790365,2.87861442565918,0,3.14675453937415,5.6533438229965,0,4.3056474539219,3.07264712121752,5.43341220345828,0,0
23.0425557893634,23.6004544052943,8.90249613387075,16.4139152173106,4.21471418087908,4.87390843789841,3.17572718113661,4.3679733310427,9.110297827781,6.48447686104687,2.80834436416626,3.12009241766558,3.45461740493774,3.36404956049389,0,3.14520877954976,11.2019046503883,8.61327518376797,16.7419219786663,2.75372004508972,2.92965606848399,3.21974455164625,3.57517121923067,14.9371128149122,3.2671148220698,11.8362349612372,2.74303984642029,2.86887036670338,3.09893744175251,2.92532391906474,2.86487679481506,3.29877387200083,3.34900189345738,3.70208010219392,3.26050379697014,3.08072088375068,3.34800037843905,3.18039084114395,3.83259679535757,36.13748781446,34.9854938342326,13.9063288542858,14.10847414252,15.4337091590263,18.2641756299942,27.741158177312,28.2010211563974,4.47770278195761,6.01559239745526,5.13768915874968,5.23987025481004,6.44805931875892,0,3.76428181671899,14.1558092635525,14.4272549984474,14.8753101825714,13.1155318118632,0,2.95281255245209,0,0,35.8911231284918,38.4294090270996,3.58969665231376,3.0527916040198,21.5939306445318,19.0564866189299,16.2201521396637,0,2.92360308965047,2.97200643203475,9.87941329895785,3.15627964337667,2.93755550384522,0,2.90694295276295,2.90292186737061,14.0269668176064,15.6363607733392,3.4361484929135,4.3056474539219,0,4.46707742758859,22.7092088052241,9.80721419324746,13.5523205241881
0,27.2726165687337,0,19.0442947022458,3.68391539818317,5.19906533681429,3.26786856583463,6.36372265608414,0,7.80217611568945,2.93812799814976,3.28458911066964,2.98858273142144,4.18480361386349,4.01158087253571,2.79015123844147,5.99653370890234,7.12304338454624,37.9544569651286,0,0,3.72813311062361,4.0673830928264,21.9447841644287,0,0,0,4.01339645005814,3.26084676250335,2.93111510146154,2.89939697490019,0,0,2.95191693305969,0,3.23252969741821,3.41440414369797,3.01183868236229,4.4420433805344,0,0,29.6360333473452,26.192928314209,29.1152388254801,0,31.636317147149,0,0,0,0,0,0,0,0,0,25.8429313235813,2.91634698917991,26.0033060312271,0,2.80191366425876,0,0,43.2424507141113,0,2.94940733909607,4.98401050567627,35.5995270865304,0,0,0,2.88704097270966,3.25880338794501,3.49206175838692,0,0,0,0,0,10.6306476891041,3.86145794881533,2.81060433387756,3.07264712121752,4.46707742758859,0,30.7134113517967,38.5693554878235,0
12.3334875224426,9.42427666017151,17.630848125008,16.6139626421798,6.21942425114768,18.4158520137562,0,0,14.7851185793795,14.244182318148,0,0,0,0,0,0,39.6526654550225,48.260529143888,29.978098613393,7.62285155296326,5.59540689796156,0,0,6.38211341434055,11.8868558268393,0,0,0,0,0,0,0,0,0,0,8.57003748416901,3.27172517776489,5.89758467674255,6.32161990902092,9.06096554355468,15.2442826877941,10.2282081847155,11.3562336720803,17.2559085269859,16.4683444186015,12.8628533171081,16.5452217206751,7.01668173678314,8.3913490303897,7.76955264765641,6.14996748741227,3.05953586101532,0,0,14.6467769150401,15.0859143450709,8.8866240262447,5.55538514779624,15.8604461635862,0,15.9395915031433,12.7526526200144,10.2182483893702,5.79364855733293,0,0,5.69996639979556,8.24727199937504,0,0,0,0,6.30437431691026,3.42910259962082,0,0,0,0,16.5608140923393,17.2521077775955,0,5.43341220345828,22.7092088052241,30.7134113517967,0,13.4753582628317,10.4673021766875
0,14.3976945877075,0,19.0572166442871,0,0,0,0,0,6.04524040669203,0,0,0,0,0,0,47.6284595065647,33.4750659438067,22.0043704815696,0,0,0,0,0,0,0,0,0,0,0,0,0,0,0,0,0,0,0,0,13.745493368669,0,8.10743076899096,11.7109899520874,27.0934253692627,0,35.7522261692927,43.7672681808472,0,0,5.04231071472168,0,0,0,0,0,6.83039927482605,0,11.9706127166748,0,0,0,0,0,0,0,0,0,0,0,0,0,0,10.681118329366,0,0,0,0,0,24.421443258013,0,0,0,9.80721419324746,38.5693554878235,13.4753582628317,0,0
0,0,0,0,0,0,0,0,5.29435866219657,0,0,0,0,0,0,0,34.4276628760404,51.7559769089157,18.7927695021683,0,0,0,0,0,0,0,0,0,0,0,0,0,0,0,0,0,0,0,0,0,20.4058232774921,0,11.6009402119537,0,0,0,38.6590484619141,0,0,0,0,0,0,0,4.85036449847014,0,0,0,0,0,0,0,0,0,0,0,0,0,0,0,0,0,0,0,0,0,0,0,0,15.8225650787354,0,0,13.5523205241881,0,10.4673021766875,0,0
