0,0,7.90167416266675,0,0,0,0,0,11.966707011862,0,0,0,10.6164712905884,0,6.49441141831247,0,46.6657776832581,0,10.7572067524936,0,0,0,0,0,0,0,0,0,0,0,0,0,0,0,0,0,0,43.6550979614258,31.0983779543922,0,38.0250873565674,0,26.4252576536062,0,9.68780708312988,0,21.2633294705991,39.9742571512858,10.856788860193,0,0,0,0,0,12.3943604693121,0,20.3771656397227,0,10.7402049716638,0,7.15831833337186,0,0,43.1120474679129,0,0,0,0,0,0,0,31.4436455751077,0,28.2247314776404,0,0,0,0,0,38.4093769871911,0,39.8672768087948,11.5497237810325,0,15.9057793422484,0,8.06477838754654
0,0,0,6.22794908430518,0,0,0,0,0,8.035882983995,0,0,0,0,0,7.48028759161631,60.676342010498,0,10.2505075818016,0,0,0,0,7.30223652294704,0,0,0,0,0,0,0,0,0,0,0,48.83469581604,0,27.5336923038258,0,33.3355718025794,0,22.4504125737525,0,13.8257726033529,0,20.0124687921433,0,29.8796951987527,0,16.5449750537458,0,0,0,0,0,5.84287664764806,0,0,0,10.3253726959229,0,10.9844726955189,0,0,0,0,0,0,11.645327091217,0,22.776535987854,0,30.2176801508123,0,0,0,0,0,43.1539956955683,0,41.4548797607422,0,13.0809020841823,0,17.3599424236127,34.4958076477051,0
7.90167416266675,0,0,0,6.80939227884466,0,0,0,15.1796527445316,0,0,0,0,0,8.9438083436754,0,0,0,43.7497272491455,0,14.4694218268761,0,0,0,0,0,0,0,0,0,0,0,0,0,0,0,63.3424522399902,0,62.3089594159807,0,32.1780197143555,0,33.5342745062423,0,0,0,19.7496328353882,54.5351181030273,10.7121885103338,0,10.1002967357635,53.2817764282227,0,0,11.0505928470664,0,19.3465649670568,0,7.41402722824188,0,9.09405021221317,0,0,21.643412896565,0,0,0,25.6018714904785,0,0,0,30.8685942563144,0,31.765859336853,0,0,0,0,0,44.3020153045654,0,46.4675322638618,25.5422517565581,0,14.3026918356235,0,89.060905456543
0,6.22794908430518,0,0,57.1900367736816,15.3427095943027,0,0,0,10.7147672056294,0,0,0,0,0,7.69221724296103,0,57.530704498291,71.6081237792969,9.69757914543152,0,0,0,0,0,0,0,0,0,0,0,0,0,0,0,27.0208685239156,34.5109558105469,63.9345344543457,0,37.6842185832836,0,33.3139586228591,0,28.8305988311768,0,28.409758037991,39.7792720794678,54.5694198608398,54.4212398529053,12.0575381770278,0,14.4448987007141,0,0,0,11.4163183914988,0,4.27720464242471,0,4.59649270552176,0,7.29179231532208,13.7513270233617,0,0,0,0,0,0,0,41.2798211839464,0,38.308384736379,0,0,0,0,0,23.0953211548305,0,51.3134098710685,96.7636337280273,24.9047039213933,0,15.3854329284327,16.5747165679932,0
0,0,6.80939227884466,57.1900367736816,0,0,2.95320975780487,0,3.95065298447242,0,0,0,0,0,3.86505295336246,0,0,0,0,0,11.3372891843319,0,0,0,0,0,0,0,0,0,0,0,0,0,0,0,4.27202988333172,0,0,0,0,0,0,0,0,0,0,0,0,0,4.90367133750915,0,3.01147357622782,0,0,0,11.7948849995931,0,17.7032623291016,0,4.29793018954141,0,0,10.8417596817017,0,0,0,0,0,0,0,0,0,0,0,0,0,0,0,7.82435362679618,0,0,4.33508635167595,5.40351219177246,10.1751174675791,0,0
0,0,0,15.3427095943027,0,0,0,3.60420376826555,0,10.0483404795329,0,0,0,3.10369832175119,0,5.08915847813318,0,0,0,12.769674539566,0,0,0,0,0,0,0,0,0,0,0,0,0,0,0,12.2948462075965,0,0,0,54.98193359375,0,55.6100687299456,0,0,0,0,46.7597351074219,0,0,13.796308858054,0,5.04708243409793,0,5.09349980354309,0,3.23595107926263,0,8.16678303082784,0,4.39544236660004,0,5.91821261109977,12.9509997945843,0,0,0,0,0,0,0,0,0,0,0,0,0,0,0,23.9382887161695,0,0,98.8608779907227,5.33309930040125,4.65663685891535,30.8378194360172,0,0
0,0,0,0,2.95320975780487,0,0,0,0,0,3.41635387084063,0,3.7640362183253,0,0,0,0,0,0,0,15.7250814437866,0,0,0,0,0,0,0,0,0,0,0,0,0,0,0,6.09791247741036,0,0,0,0,0,0,0,0,0,0,0,0,0,6.80910396575928,0,3.59987173297188,0,0,0,4.67201714766653,0,4.69851232256208,0,0,0,0,13.2628526687622,0,0,0,0,0,0,0,0,0,0,0,0,0,0,0,6.8578713217447,0,0,3.60633065907852,3.73029049237569,0,0,0
0,0,0,0,0,3.60420376826555,0,0,0,0,0,5.45057553715176,0,4.12993198871613,0,0,0,0,0,0,0,0,0,0,0,0,0,0,0,0,0,0,0,0,0,21.7357578277588,0,0,0,0,0,0,0,0,0,0,0,0,0,0,0,7.62127570922558,0,4.36883520863273,0,0,0,6.68011587496383,0,3.46461516618729,0,0,0,0,0,0,0,0,0,0,0,0,0,0,0,0,0,0,0,0,0,0,4.07088946657521,2.9485764503479,0,0,0
11.966707011862,0,15.1796527445316,0,3.95065298447242,0,0,0,0,0,0,0,25.220121383667,0,5.40080708917409,0,9.12795449705685,0,36.1144995348794,0,0,0,0,0,4.21263370951828,0,0,0,0,0,0,0,0,0,0,0,51.2773380279541,40.7054481506348,16.2052266646405,0,47.8270907402039,0,23.1232511575023,0,38.9824565887451,0,46.8711180686951,30.508581161499,15.0038722615311,53.9627265930176,7.766552063135,0,0,0,6.92760460470852,0,20.7367958827895,0,22.6601503372192,0,7.14545396046761,0,0,76.2776031494141,0,0,0,6.68041853132965,0,4.29322050556992,0,24.2966054348235,0,25.4080204090602,0,0,0,0,0,59.0275016197791,84.4819755554199,33.8615733400176,9.73919873905493,11.7754456202189,20.1002085960951,0,32.4984189271927
0,8.035882983995,0,10.7147672056294,0,10.0483404795329,0,0,0,0,0,0,0,0,0,4.09801938987914,0,11.5041748205821,58.2980563299997,0,0,0,0,3.93584203408435,0,5.36647987365723,0,0,0,0,0,0,0,0,0,50.3485641479492,0,17.4968221737788,0,51.830606807362,0,20.7608471693618,0,0,0,35.1504715813531,0,0,0,17.7233397822331,0,0,0,0,0,4.4052479431547,0,22.2451868057251,0,16.6264343261719,0,7.17839017017282,24.6661911010742,0,0,0,6.58056113336767,0,8.01107774462019,0,25.1247499329703,0,23.5165514945984,0,0,0,0,0,49.0243434906006,0,33.4004470568437,0,8.64070210447321,6.23428569291089,20.1577417514468,10.0916080474854,0
0,0,0,0,0,0,3.41635387084063,0,0,0,0,0,5.55704979736264,0,0,0,0,0,0,0,6.91221269662829,0,0,0,0,0,0,0,3.00426262617111,0,9.42228951656593,0,0,0,0,0,4.48840404378957,0,9.60899426486615,0,0,0,0,0,0,0,44.6571655273438,0,0,0,0,0,3.10884339992817,0,0,0,6.57435516171873,0,5.91324975093206,0,0,0,0,19.0197253660722,0,0,0,0,0,0,0,0,0,11.0058101273955,0,0,0,0,0,4.94631064473913,0,10.3253780000953,3.94314517488285,3.04202401638031,35.1762742996216,0,0
0,0,0,0,0,0,0,5.45057553715176,0,0,0,0,0,6.70849971345809,0,0,0,0,0,6.78969336530825,0,0,0,0,0,0,0,6.13428926467896,0,7.09620115197735,0,0,0,0,0,4.53817692821861,0,5.3858226059817,0,0,0,0,0,0,0,0,0,0,0,0,0,5.21511182785034,0,2.74616503715515,0,0,0,5.60884043234571,0,3.93353552524358,0,0,9.99321922179191,0,0,0,0,0,0,0,14.5590009689331,0,11.0013262648736,0,0,0,0,0,9.44985553351316,0,8.5822358083725,0,5.05774170427649,0,14.1031084060669,0,0
10.6164712905884,0,0,0,0,0,3.7640362183253,0,25.220121383667,0,5.55704979736264,0,0,0,8.0475196617621,0,0,0,0,0,0,0,0,0,0,0,0,0,2.98424295584361,0,0,0,0,0,0,0,0,0,66.7581329345703,0,0,0,42.9114418029785,0,0,0,0,0,6.476646900177,0,0,0,3.59839585526236,0,0,0,8.25145211926213,0,4.89606010759032,0,7.3147163333663,0,0,0,0,0,0,0,0,8.13309154366002,0,9.00713857582637,0,29.2015895843506,0,0,0,0,0,0,0,0,3.8065930321103,3.28986616288462,25.0014540354411,0,0
0,0,0,0,0,3.10369832175119,0,4.12993198871613,0,0,0,6.70849971345809,0,0,0,4.61577929630876,0,5.12557935714722,0,0,0,0,0,0,0,6.75360307693481,0,3.97664726864208,0,8.26930545270443,0,0,0,0,0,0,0,0,0,0,0,0,0,0,0,0,0,0,0,8.74992084503174,0,0,0,0,0,0,0,9.50689370056678,0,4.19435080325622,0,4.00294535767798,0,0,31.5242538452148,0,0,0,10.4627737782218,0,4.81676035457187,0,13.9400803248088,0,0,0,0,0,0,0,0,0,4.91957328296625,3.68005422028628,0,0,0
6.49441141831247,0,8.9438083436754,0,3.86505295336246,0,0,0,5.40080708917409,0,0,0,8.0475196617621,0,0,0,6.00321668386459,0,0,0,0,0,0,0,0,0,2.91393123567104,0,0,0,0,0,0,0,0,45.8215408325195,69.0446624755859,0,65.3419189453125,0,0,0,47.8445112705231,0,0,0,23.821949005127,0,11.1293968231447,0,4.32451788278726,0,0,0,4.9973434991734,0,24.6205934524536,0,5.96499489218581,0,4.90712998957203,0,0,0,0,0,0,0,0,5.26711040072971,0,18.6410717964172,0,40.1131887435913,0,0,0,0,0,62.4981422424316,0,54.7455644607544,6.4306116442995,5.51357099413872,21.4196524620056,0,0
0,7.48028759161631,0,7.69221724296103,0,5.08915847813318,0,0,0,4.09801938987914,0,0,0,4.61577929630876,0,0,0,5.29895109600491,66.9659423828125,0,0,0,0,4.60515151023865,0,4.30492676314661,0,3.95548978447914,0,0,0,0,0,0,0,79.4343566894531,0,77.1219787597656,0,46.0800793170929,0,42.4346523284912,0,0,0,31.6039695739746,0,0,0,19.3590338428815,0,5.53099870681763,0,0,0,3.23796263107887,0,0,0,3.79868978467481,0,4.45859696702187,53.4940986633301,0,0,0,9.55805055300395,0,5.9768487716976,0,25.9007415771484,0,43.7348678588867,0,0,0,0,0,62.4741663251604,0,57.0966067843967,0,7.44868793171279,8.78892523863099,31.2687306933933,40.8330955505371,0
46.6657776832581,60.676342010498,0,0,0,0,0,0,9.12795449705685,0,0,0,0,0,6.00321668386459,0,0,23.87342388008,21.3523589789757,0,35.7973175048828,33.6015542125702,6.38136631039721,25.4319627761841,4.54788301997448,46.694644106759,4.72035605729368,0,0,0,0,0,0,0,0,111.366099039714,91.7232627868652,105.331256866455,86.9759341824439,75.3709224203359,65.710747188992,61.3229471112861,52.7754873102362,40.3329830169678,42.9510449496183,83.5149160531851,54.5669940580805,0,84.5118153889974,85.406504313151,0,0,0,0,0,0,33.0410232543945,0,98.1040725708008,0,0,77.3681335449219,75.3589331309001,63.7800757998512,0,6.59641503498254,0,7.65904516643948,0,7.4829357176116,97.4130706787109,53.5019569396973,105.43214225769,50.1420001983643,0,0,0,0,90.6671626908439,73.2873912067533,92.2431057521275,63.5334570748465,12.678475559927,12.3856640464937,54.6672940421523,55.7999520831638,51.9666675492829
0,0,0,57.530704498291,0,0,0,0,0,11.5041748205821,0,0,0,5.12557935714722,0,5.29895109600491,23.87342388008,0,23.4944993744383,0,0,7.89056692058093,46.6793432235718,7.79164678861599,25.884126663208,11.5821764983083,0,5.55179520753714,0,0,0,0,0,0,0,92.0449053446452,101.808622360229,90.0870971679688,141.014236450195,73.3940886207249,91.4622936248779,58.7190443057458,84.6344474792481,53.2803344726562,0,62.1535583496094,80.548152923584,0,0,64.6195907592773,0,0,0,0,0,0,0,101.929733276367,0,87.7019195556641,0,5.94304493495396,0,107.899200439453,6.9303390343984,0,5.21638989448547,0,4.85638343876806,0,28.9674977064133,0,61.0211879730225,0,0,0,0,0,87.4877031114366,92.9157988230387,73.6390446445398,114.457926432292,15.3050178190496,12.0336715990645,66.0573072125835,52.0526909547694,70.4310874938965
10.7572067524936,10.2505075818016,43.7497272491455,71.6081237792969,0,0,0,0,36.1144995348794,58.2980563299997,0,0,0,0,0,66.9659423828125,21.3523589789757,23.4944993744383,0,0,89.2623157501221,45.8996764591762,48.905632019043,35.7052478790283,0,44.1230695973272,0,0,0,0,0,0,0,87.2959747314453,0,71.0544687019762,79.7334110118725,74.7259740095872,79.2903525132399,46.7612609246587,55.5968443823199,28.6880379225342,33.6100844217621,22.4811595771462,20.8790959041484,37.2577584500008,43.4477516038786,87.3162841796875,42.173957824707,41.5864868337458,46.9170799255371,0,0,0,73.2987353006999,79.1693852742513,53.6715292249407,0,69.0629564921061,87.5166015625,35.2588310241699,133.475860595703,46.8214909008571,54.1989733792733,0,0,0,0,0,0,36.817679087321,34.4940291510688,48.4836407237583,46.0005786816279,0,0,0,0,61.1487408083581,59.6386636239842,55.6794487119345,59.8388122320175,15.5445486716285,44.4698669857449,35.6333801561532,30.7043314490999,38.287949403127
0,0,0,9.69757914543152,0,12.769674539566,0,0,0,0,0,6.78969336530825,0,0,0,0,0,0,0,0,0,0,0,0,0,0,0,0,0,0,0,0,0,0,0,4.48327221375053,0,8.22522136678664,0,0,0,41.454174041748,0,0,0,13.4989573663595,0,0,0,0,0,13.5448271600824,0,0,0,0,0,8.90423379290289,0,10.7197771072388,0,0,6.64896030443055,0,0,0,0,0,0,0,0,0,20.455867767334,0,0,0,0,0,6.43256664414738,0,11.1310015502183,0,7.90577249386731,0,12.9701905556214,0,0
0,0,14.4694218268761,0,11.3372891843319,0,15.7250814437866,0,0,0,6.91221269662829,0,0,0,0,0,35.7973175048828,0,89.2623157501221,0,0,0,0,0,0,0,0,0,0,0,0,0,0,0,0,0,5.85099986336088,0,10.1367187131019,0,35.769250869751,0,48.6220359802246,0,0,0,30.9761334657669,0,73.1227340698242,61.2785568237305,8.90373691916466,0,12.8240262746811,0,0,0,6.44638162840858,0,14.8528532028198,0,13.9121103286743,0,0,6.12581514493165,0,0,0,0,0,0,0,0,0,11.4398042528253,0,0,0,0,0,10.4133786188021,0,14.0838639908768,8.22460075908778,0,14.6614820139749,0,0
0,0,0,0,0,0,0,0,0,0,0,0,0,0,0,0,33.6015542125702,7.89056692058093,45.8996764591762,0,0,0,5.36587743807321,4.99767358120522,0,4.98027398574109,0,5.25070437582413,0,0,0,0,0,0,0,0,0,5.5671425347566,10.0007090568542,79.4514999389648,0,86.3519973754883,0,0,0,0,0,0,0,6.85322806641862,0,0,0,0,0,0,0,0,0,33.5755258287702,0,0,0,0,5.15453367176529,7.77823519706726,9.29396522758353,0,4.54043048681672,0,6.86014756178245,0,0,0,0,0,0,0,0,0,5.81108191668481,10.9187263097519,5.58760578697282,3.7612848560355,0,0,0
0,0,0,0,0,0,0,0,0,0,0,0,0,0,0,0,6.38136631039721,46.6793432235718,48.905632019043,0,0,5.36587743807321,0,0,5.70528795295432,0,7.19449825092678,0,7.73789434316682,0,0,0,0,0,0,0,0,8.79676809310913,5.39246498599485,0,0,0,0,0,0,0,0,0,0,0,0,0,0,0,0,0,0,0,43.6744956970215,0,0,0,0,0,6.74671649932861,5.59418953420021,0,6.26342863785593,0,11.710160514504,0,15.2439275383949,0,0,0,0,0,0,0,0,0,6.43698846114309,4.6313358507969,3.97476681451949,0,0,0
0,7.30223652294704,0,0,0,0,0,0,0,3.93584203408435,0,0,0,0,0,4.60515151023865,25.4319627761841,7.79164678861599,35.7052478790283,0,0,4.99767358120522,0,0,0,3.41265255721969,0,0,0,0,0,0,0,0,0,0,0,5.45711968203259,0,0,0,38.387523651123,0,0,0,0,0,0,0,0,0,0,0,0,0,4.99121397685229,0,30.0499515533447,0,20.830727007482,0,5.70079113566686,0,0,7.43655434166989,0,4.49398040869498,0,5.7144105421611,0,12.5462913089328,0,0,0,0,0,0,0,0,0,5.19561362266541,0,5.00284285249963,0,4.01259708404541,0,0
0,0,0,0,0,0,0,0,4.21263370951828,0,0,0,0,0,0,0,4.54788301997448,25.884126663208,0,0,0,0,5.70528795295432,0,0,0,6.91140808109884,0,11.5333194732666,0,0,0,0,0,0,0,0,0,10.237923344594,0,0,0,8.63871955871582,0,0,0,0,0,11.6017017364502,0,0,0,0,0,5.97523060441017,0,0,0,25.2279405593872,0,0,0,0,0,0,6.40419405628653,0,5.19277001728556,0,6.23903512830536,0,12.8995773792267,0,0,0,0,0,0,0,0,0,10.9913827280203,7.22319517830225,10.5559568405151,11.4748208257887,0,0
0,0,0,0,0,0,0,0,0,5.36647987365723,0,0,0,6.75360307693481,0,4.30492676314661,46.694644106759,11.5821764983083,44.1230695973272,0,0,4.98027398574109,0,3.41265255721969,0,0,0,5.0297171151501,0,0,0,0,0,0,0,114.035423278809,0,0,0,76.8246231079102,0,57.5541706085205,0,0,0,0,0,0,0,0,0,0,0,0,0,0,0,25.6279792785645,0,18.6071056738132,0,3.09011645317078,0,0,5.64344174861908,0,4.1765227727592,0,5.08960394647109,0,7.5075842846097,0,0,0,0,0,0,0,0,0,0,0,8.358276385887,6.3403340710534,0,0,0
0,0,0,0,0,0,0,0,0,0,0,0,0,0,2.91393123567104,0,4.72035605729368,0,0,0,0,0,7.19449825092678,0,6.91140808109884,0,0,0,4.05120742217354,0,0,0,0,0,0,0,0,0,0,0,0,0,0,0,0,0,0,0,0,0,0,0,0,0,0,0,0,0,13.5509686189539,0,0,0,0,0,0,9.28487716381808,0,3.38509167324413,0,5.09160084194607,0,5.49809253993242,0,0,0,0,0,0,0,0,0,0,5.48522378590481,5.50774645805359,21.6541347503662,0,0
0,0,0,0,0,0,0,0,0,0,0,6.13428926467896,0,3.97664726864208,0,3.95548978447914,0,5.55179520753714,0,0,0,5.25070437582413,0,0,0,5.0297171151501,0,0,0,5.39103310278484,0,0,0,0,0,0,0,3.95702930859157,0,0,0,0,0,0,0,0,0,0,0,0,0,0,0,0,0,0,0,0,0,3.85226140703474,0,0,0,0,4.04156682491302,0,0,0,3.4828284740448,0,5.12428143062336,0,10.0581049985819,0,0,0,0,0,0,0,7.84776833057404,0,6.21736153615148,6.41555895805359,0,0,0
0,0,0,0,0,0,0,0,0,0,3.00426262617111,0,2.98424295584361,0,0,0,0,0,0,0,0,0,7.73789434316682,0,11.5333194732666,0,4.05120742217354,0,0,0,4.73757233013764,0,0,0,0,0,0,0,5.76937904510092,0,0,0,0,0,0,0,0,0,0,0,0,0,0,0,0,0,0,0,6.05846374564701,0,0,0,0,0,0,9.03374666734175,0,0,0,5.78043085517305,0,4.69377601373578,0,5.38785463390928,0,0,0,0,0,0,0,3.19618420600891,3.51254561164162,3.86607663333416,0,0,0
0,0,0,0,0,0,0,0,0,0,0,7.09620115197735,0,8.26930545270443,0,0,0,0,0,0,0,0,0,0,0,0,0,5.39103310278484,0,0,0,0,0,0,0,0,0,4.65371549410279,0,0,0,0,0,0,0,0,0,0,0,0,0,0,0,0,0,0,0,5.56947951846653,0,5.62950604612177,0,0,0,0,0,0,0,0,0,0,5.0051748752594,0,6.17770969948117,0,0,0,0,0,0,0,8.2155564531395,0,4.55702930054766,0,0,0,0
0,0,0,0,0,0,0,0,0,0,9.42228951656593,0,0,0,0,0,0,0,0,0,0,0,0,0,0,0,0,0,4.73757233013764,0,0,0,0,0,0,0,0,0,4.40229761755312,0,0,0,0,0,0,0,0,0,0,0,0,0,0,0,0,0,8.00560576194211,0,0,0,0,0,0,0,0,0,0,0,0,0,0,5.14768427917638,0,5.53597187072149,0,0,0,0,0,0,0,5.99445334502629,3.31649834376115,3.371232123602,0,0,0
0,0,0,0,0,0,0,0,0,0,0,0,0,0,0,0,0,0,0,0,0,0,0,0,0,0,0,0,0,0,0,0,4.81078488793638,4.90241665499551,0,4.67603683031522,10.3648092406137,0,0,0,0,0,0,0,0,0,0,6.61251486106864,8.11871581607395,5.73631557037956,0,0,0,0,0,0,0,0,0,0,0,0,0,0,0,0,0,0,0,0,0,0,0,0,4.55688087825397,5.05178284645081,5.16998664631563,0,5.85986543660876,17.2977891649519,0,0,4.5490928245861,0,7.55845880508423,0,0
0,0,0,0,0,0,0,0,0,0,0,0,0,0,0,0,0,0,0,0,0,0,0,0,0,0,0,0,0,0,0,4.81078488793638,0,6.5296950340271,5.11834645271301,3.76803286258991,3.70405391012559,0,0,0,0,0,0,0,0,0,0,4.3678031206131,0,0,0,0,0,0,0,0,0,0,0,0,0,0,0,0,0,0,0,0,0,0,0,0,0,0,6.51339148839315,4.67265871369632,9.68253021240234,3.82018906098825,0,6.37003637726899,0,0,4.42513714177268,0,0,0,0
0,0,0,0,0,0,0,0,0,0,0,0,0,0,0,0,0,0,87.2959747314453,0,0,0,0,0,0,0,0,0,0,0,0,4.90241665499551,6.5296950340271,0,3.91859548515559,6.24915503106027,0,7.34889263927488,4.66310062775245,0,0,0,0,0,0,0,0,4.55433060895054,0,15.5366971821621,0,0,0,0,0,0,0,0,0,0,0,0,0,0,0,0,0,0,0,0,0,0,0,0,6.40156172945144,0,6.25628032477697,4.98668504953384,12.3653029129968,0,8.11555043567311,5.0112250328064,5.33477671070981,7.27870610356331,6.08028936386108,0,0
0,0,0,0,0,0,0,0,0,0,0,0,0,0,0,0,0,0,0,0,0,0,0,0,0,0,0,0,0,0,0,0,5.11834645271301,3.91859548515559,0,0,7.0247144551431,0,4.40758654371652,0,0,0,0,0,0,0,0,5.80678352291548,15.6526261568069,0,0,0,0,0,0,0,0,0,0,0,0,0,0,0,0,0,0,0,0,0,0,0,0,0,0,10.6763575417655,4.01433841063052,4.550172444813,0,10.776510884177,16.6383533477783,6.77746997939216,4.56554191975506,6.68169927597046,0,0,0
0,48.83469581604,0,27.0208685239156,0,12.2948462075965,0,21.7357578277588,0,50.3485641479492,0,4.53817692821861,0,0,45.8215408325195,79.4343566894531,111.366099039714,92.0449053446452,71.0544687019762,4.48327221375053,0,0,0,0,0,114.035423278809,0,0,0,0,0,4.67603683031522,3.76803286258991,6.24915503106027,0,0,4.03477871780366,7.95839040667313,7.67674537081467,62.718755538647,0,45.2645884619819,95.3022537231445,54.5993742509322,0,41.458797078315,0,9.89201191794325,16.4790768623352,30.55038367091,0,19.3438160093568,0,0,0,28.4830899238586,0,12.6419985294342,0,20.3608690897624,0,23.4755804273817,6.25253361415519,0,0,0,0,0,0,0,0,0,0,0,5.51471036336223,0,9.2145498613768,0,6.13412008215692,10.6300818334926,16.2981046381724,49.3947728474935,5.78610938243911,5.57536309400924,33.0710765490456,48.2010603452984,90.6247634887695
0,0,63.3424522399902,34.5109558105469,4.27202988333172,0,6.09791247741036,0,51.2773380279541,0,4.48840404378957,0,0,0,69.0446624755859,0,91.7232627868652,101.808622360229,79.7334110118725,0,5.85099986336088,0,0,0,0,0,0,0,0,0,0,10.3648092406137,3.70405391012559,0,7.0247144551431,4.03477871780366,0,0,9.49840823908764,103.908874511719,17.4286667670844,81.2896347045898,50.5013054597725,0,58.7566909790039,21.0757884979248,47.0533076306825,16.0814192385613,22.3861880673303,0,21.0333833694458,39.443528175354,9.26720270940236,0,69.0164031982422,34.6231117248535,7.16100870034634,0,45.2089023590088,0,68.3216892878215,0,0,15.7314973964274,0,0,0,0,0,0,0,78.6122913360596,0,76.9603614807129,0,4.55245116923718,0,10.1567912062156,6.24459167510744,6.44642860172958,52.8103523254395,14.7657641134656,6.50817393874178,4.73602234853123,30.4270640201569,92.2452087402344,51.7045797532605
43.6550979614258,27.5336923038258,0,63.9345344543457,0,0,0,0,40.7054481506348,17.4968221737788,0,5.3858226059817,0,0,0,77.1219787597656,105.331256866455,90.0870971679688,74.7259740095872,8.22522136678664,0,5.5671425347566,8.79676809310913,5.45711968203259,0,0,0,3.95702930859157,0,4.65371549410279,0,0,0,7.34889263927488,0,7.95839040667313,0,0,5.78825452505064,61.6897803086501,0,52.9633277839338,16.7407853868273,64.2519667489188,0,32.6973836988111,0,6.27854461806161,24.3877773284912,9.89956378276531,0,0,0,0,43.7471860249837,7.26201844733694,0,7.20382492032643,0,64.376106262207,0,67.840705871582,13.272691671488,0,6.87478938679119,0,10.5007745469439,32.1560821533203,0,0,4.54674899578094,0,5.18604772499781,0,0,0,7.57393166753981,0,15.7061222818794,0,6.35120867872134,10.244030437227,7.20620110423066,4.29870183373752,32.569894672888,52.213164465768,0
31.0983779543922,0,62.3089594159807,0,0,0,0,0,16.2052266646405,0,9.60899426486615,0,66.7581329345703,0,65.3419189453125,0,86.9759341824439,141.014236450195,79.2903525132399,0,10.1367187131019,10.0007090568542,5.39246498599485,0,10.237923344594,0,0,0,5.76937904510092,0,4.40229761755312,0,0,4.66310062775245,4.40758654371652,7.67674537081467,9.49840823908764,5.78825452505064,0,107.799166361491,31.8630298205784,89.0122566223145,42.5201715949838,0,71.7051044810902,104.175468444824,55.5081565441863,5.13705197760933,15.5724042456491,0,0,0,0,0,11.6463256441314,0,12.3661704363646,0,45.1061723128609,0,56.9182655627911,0,0,30.0977334344542,0,9.60911913337531,0,8.8490945660151,0,39.9658317565918,0,8.34340515563158,0,5.310431847895,0,0,8.21131775595925,8.57076298057763,29.5712412053888,21.3787220925144,8.87577445366803,6.97778353896255,9.53655672334338,5.7607841839393,32.0532125640161,79.9943771362305,49.6509165763855
0,33.3355718025794,0,37.6842185832836,0,54.98193359375,0,0,0,51.830606807362,0,0,0,0,0,46.0800793170929,75.3709224203359,73.3940886207249,46.7612609246587,0,0,79.4514999389648,0,0,0,76.8246231079102,0,0,0,0,0,0,0,0,0,62.718755538647,103.908874511719,61.6897803086501,107.799166361491,0,84.0679512023926,22.5348183212262,69.1248422510484,26.5559674711788,0,15.8582400201719,35.1615200042725,0,0,19.5086694499403,0,84.9129467010498,0,0,0,46.9461203355056,0,0,0,39.171178817749,46.3802680969238,48.4124714136124,9.42206020487679,80.1491584777832,0,0,0,0,41.6147232055664,0,58.3517820570204,0,52.29478355076,0,0,0,0,0,24.4078791006957,94.1920166015625,70.5541638461026,100.756830851237,37.4077569687953,0,17.169898853748,27.4748109132051,58.9623647417341
38.0250873565674,0,32.1780197143555,0,0,0,0,0,47.8270907402039,0,0,0,0,0,0,0,65.710747188992,91.4622936248779,55.5968443823199,0,35.769250869751,0,0,0,0,0,0,0,0,0,0,0,0,0,0,0,17.4286667670844,0,31.8630298205784,84.0679512023926,0,97.6345647176107,21.6644658515328,0,38.056903775533,87.4321517944336,23.461854161197,9.008434615897,5.92509880465142,10.4186416393569,0,0,0,0,0,0,77.4333267211914,0,32.6231355667114,0,59.6546475887299,0,0,17.378792377313,0,0,0,0,0,0,0,55.5871374947684,0,44.8914793133736,0,0,0,0,76.5370122591655,12.1454034873643,86.1435775756836,14.7348121365348,43.3022882698826,0,10.9680886168408,64.1796188354492,28.1503168138964
0,22.4504125737525,0,33.3139586228591,0,55.6100687299456,0,0,0,20.7608471693618,0,0,0,0,0,42.4346523284912,61.3229471112861,58.7190443057458,28.6880379225342,41.454174041748,0,86.3519973754883,0,38.387523651123,0,57.5541706085205,0,0,0,0,0,0,0,0,0,45.2645884619819,81.2896347045898,52.9633277839338,89.0122566223145,22.5348183212262,97.6345647176107,0,7.50614133294491,14.7125779206936,69.4491882324219,23.7919613049581,58.8047695159912,11.5969294958164,22.7892770767212,21.6844063149539,0,46.8382159146396,0,0,0,40.4715638375497,0,24.6960882731846,0,29.2432081322921,0,38.4079647827148,26.549059773123,72.9204317728678,0,0,19.5873146057129,0,0,0,24.2579246667715,0,24.8201698223448,71.0248928070068,0,0,0,0,36.0911002544344,81.5757511138916,37.2733833527451,68.4038963317871,16.8358539034323,0,16.0926844452781,14.8112713460265,48.1777095794678
26.4252576536062,0,33.5342745062423,0,0,0,0,0,23.1232511575023,0,0,0,42.9114418029785,0,47.8445112705231,0,52.7754873102362,84.6344474792481,33.6100844217621,0,48.6220359802246,0,0,0,8.63871955871582,0,0,0,0,0,0,0,0,0,0,95.3022537231445,50.5013054597725,16.7407853868273,42.5201715949838,69.1248422510484,21.6644658515328,7.50614133294491,0,39.2275547027588,14.2162120799717,47.6714286804199,21.8261487059253,10.2589581643834,12.1161478325843,21.3788668768746,45.8883972167969,0,0,0,32.9128692171595,0,24.7339196337594,0,30.5745465249726,0,37.5114491682786,0,0,29.4307361048095,0,0,30.9688243865967,14.7985789775848,0,34.0756101608276,54.7844390869141,20.7472295445132,109.292533874512,18.8699676268462,0,0,0,0,64.5847123463949,30.4469425041994,48.0938533782959,30.75419065379,21.635903477082,69.8851000467936,14.6277506943167,78.7013473510742,17.0627109131571
0,13.8257726033529,0,28.8305988311768,0,0,0,0,0,0,0,0,0,0,0,0,40.3329830169678,53.2803344726562,22.4811595771462,0,0,0,0,0,0,0,0,0,0,0,0,0,0,0,0,54.5993742509322,0,64.2519667489188,0,26.5559674711788,0,14.7125779206936,39.2275547027588,0,0,21.1479561512287,0,0,0,34.26171875,0,0,0,0,0,0,0,0,0,0,0,0,25.3196783065796,0,0,0,0,0,0,0,0,0,22.8238401412964,56.7478065490723,0,0,0,0,37.8127436568772,49.8616600036621,38.7695809414512,68.0123901367188,18.2659114772834,0,14.9316104391895,12.4734452441335,31.6637687683105
9.68780708312988,0,0,0,0,0,0,0,38.9824565887451,0,0,0,0,0,0,0,42.9510449496183,0,20.8790959041484,0,0,0,0,0,0,0,0,0,0,0,0,0,0,0,0,0,58.7566909790039,0,71.7051044810902,0,38.056903775533,69.4491882324219,14.2162120799717,0,0,0,19.9192402370297,0,49.3873262405396,0,0,0,0,0,0,0,0,0,0,0,0,0,0,28.6650316217443,0,0,0,0,0,0,0,54.6172142028809,0,50.8467559814453,0,0,0,0,0,35.2716012832966,0,54.4327642440796,17.3860852718353,0,13.9249496565925,0,18.3271171625923
0,20.0124687921433,0,28.409758037991,0,0,0,0,0,35.1504715813531,0,0,0,0,0,31.6039695739746,83.5149160531851,62.1535583496094,37.2577584500008,13.4989573663595,0,0,0,0,0,0,0,0,0,0,0,0,0,0,0,41.458797078315,21.0757884979248,32.6973836988111,104.175468444824,15.8582400201719,87.4321517944336,23.7919613049581,47.6714286804199,21.1479561512287,0,0,45.2578395207723,55.0919933319092,0,28.8831471108101,0,0,0,0,0,39.332156590053,0,21.5341579263861,0,22.1920528411865,0,34.883998658922,9.82218212153842,0,0,0,0,0,0,0,41.076078190523,0,35.8461475296626,0,0,0,0,0,31.0278168950941,86.4948501586914,33.8557031211182,115.593894958496,32.2083779838004,0,16.6496346149875,35.1675794389513,0
21.2633294705991,0,19.7496328353882,39.7792720794678,0,46.7597351074219,0,0,46.8711180686951,0,44.6571655273438,0,0,0,23.821949005127,0,54.5669940580805,80.548152923584,43.4477516038786,0,30.9761334657669,0,0,0,0,0,0,0,0,0,0,0,0,0,0,0,47.0533076306825,0,55.5081565441863,35.1615200042725,23.461854161197,58.8047695159912,21.8261487059253,0,19.9192402370297,45.2578395207723,0,71.6043853759766,34.580234344189,49.2704944610596,0,0,0,0,38.1159725189209,47.9966710408529,33.9927661048041,0,24.7134399414062,0,27.3381315867106,38.282018661499,0,12.3132321547384,0,0,0,0,0,0,0,40.8540970297421,80.6049041748047,39.8903054762422,0,0,0,0,74.7821434020996,28.7818895179691,67.0376116434733,38.9610000771025,32.0319900578617,0,14.8867920785429,97.8759384155273,44.0086917332241
39.9742571512858,29.8796951987527,54.5351181030273,54.5694198608398,0,0,0,0,30.508581161499,0,0,0,0,0,0,0,0,0,87.3162841796875,0,0,0,0,0,0,0,0,0,0,0,0,6.61251486106864,4.3678031206131,4.55433060895054,5.80678352291548,9.89201191794325,16.0814192385613,6.27854461806161,5.13705197760933,0,9.008434615897,11.5969294958164,10.2589581643834,0,0,55.0919933319092,71.6043853759766,0,6.85781643485741,5.69260373015087,0,67.0618019104004,0,0,0,67.7071762084961,0,0,0,0,0,66.1518478393555,0,0,0,0,19.4888939857483,0,0,0,0,0,0,0,7.31314790421638,4.80726502794738,5.12785736562172,4.33510389603467,14.5379199729978,13.0368237268174,8.14549623845934,6.80473412836299,7.70753477691827,21.8160929679871,8.73416328023781,0,0
10.856788860193,0,10.7121885103338,54.4212398529053,0,0,0,0,15.0038722615311,0,0,0,6.476646900177,0,11.1293968231447,0,84.5118153889974,0,42.173957824707,0,73.1227340698242,0,0,0,11.6017017364502,0,0,0,0,0,0,8.11871581607395,0,0,15.6526261568069,16.4790768623352,22.3861880673303,24.3877773284912,15.5724042456491,0,5.92509880465142,22.7892770767212,12.1161478325843,0,49.3873262405396,0,34.580234344189,6.85781643485741,0,5.51258903846933,0,66.3632431030273,0,0,18.5486385345459,0,15.3197447542559,0,7.64009866027332,0,13.1171063222284,0,0,52.4827674865723,0,0,0,10.9420847495397,0,5.39679257074992,0,17.7962209872297,0,26.0463142122021,8.6127815246582,0,0,4.29534486929576,16.1538238525391,17.2252019893692,0,13.6614852636608,14.8331779455193,0,10.0146907796665,0,39.2414032618205
0,16.5449750537458,0,12.0575381770278,0,13.796308858054,0,0,53.9627265930176,17.7233397822331,0,0,0,8.74992084503174,0,19.3590338428815,85.406504313151,64.6195907592773,41.5864868337458,0,61.2785568237305,6.85322806641862,0,0,0,0,0,0,0,0,0,5.73631557037956,0,15.5366971821621,0,30.55038367091,0,9.89956378276531,0,19.5086694499403,10.4186416393569,21.6844063149539,21.3788668768746,34.26171875,0,28.8831471108101,49.2704944610596,5.69260373015087,5.51258903846933,0,0,0,0,0,0,36.4895552680606,59.9840087890625,12.8605520450152,0,6.93372512865467,0,10.7156317182656,25.497964941937,0,9.46206181017558,0,7.41342159509659,0,8.65547441181384,0,16.4461053699704,0,19.8464841028539,0,4.24605944421556,0,6.45501952171326,131.009262084961,29.1519575770511,85.5357789993286,20.0275124020554,83.4380035400391,17.9133583389868,0,15.4393915659216,24.4693381786346,0
0,0,10.1002967357635,0,4.90367133750915,0,6.80910396575928,0,7.766552063135,0,0,0,0,0,4.32451788278726,0,0,0,46.9170799255371,0,8.90373691916466,0,0,0,0,0,0,0,0,0,0,0,0,0,0,0,21.0333833694458,0,0,0,0,0,45.8883972167969,0,0,0,0,0,0,0,0,0,4.34405210018158,0,0,0,5.07702486929686,0,3.67065975583833,0,4.34152487984725,0,0,10.1663909912109,0,0,0,0,0,0,0,0,0,0,0,0,0,0,0,36.6437401771545,0,0,5.7017445886062,3.59517693519592,11.2890784642735,0,0
0,0,53.2817764282227,14.4448987007141,0,5.04708243409793,0,7.62127570922558,0,0,0,5.21511182785034,0,0,0,5.53099870681763,0,0,0,13.5448271600824,0,0,0,0,0,0,0,0,0,0,0,0,0,0,0,19.3438160093568,39.443528175354,0,0,84.9129467010498,0,46.8382159146396,0,0,0,0,0,67.0618019104004,66.3632431030273,0,0,0,0,6.31652834540919,71.1118469238281,60.9514122009277,0,4.40296513599585,66.1775283813477,3.68023259937763,0,3.86468595045584,12.4286581072314,0,0,0,0,0,0,0,0,0,0,88.0031661987305,0,0,0,0,19.8893340566884,100.026519775391,0,0,8.85261415802272,4.11657656472305,16.0880044423617,0,0
0,0,0,0,3.01147357622782,0,3.59987173297188,0,0,0,3.10884339992817,0,3.59839585526236,0,0,0,0,0,0,0,12.8240262746811,0,0,0,0,0,0,0,0,0,0,0,0,0,0,0,9.26720270940236,0,0,0,0,0,0,0,0,0,0,0,0,0,4.34405210018158,0,0,0,0,0,6.85071805200061,0,4.1696732965838,0,0,0,0,11.3813972473145,0,0,0,0,0,0,0,0,0,0,0,0,0,0,0,9.88569705382637,0,0,3.37938801577834,0,0,0,0
0,0,0,0,0,5.09349980354309,0,4.36883520863273,0,0,0,2.74616503715515,0,0,0,0,0,0,0,0,0,0,0,0,0,0,0,0,0,0,0,0,0,0,0,0,0,0,0,0,0,0,0,0,0,0,0,0,0,0,0,6.31652834540919,0,0,0,0,0,5.08138824560445,0,0,0,0,0,0,0,0,0,0,0,0,0,0,0,0,0,0,0,0,0,0,0,0,3.70143591730218,0,15.5926322937012,0,0
12.3943604693121,0,11.0505928470664,0,0,0,0,0,6.92760460470852,0,0,0,0,0,4.9973434991734,0,0,0,73.2987353006999,0,0,0,0,0,5.97523060441017,0,0,0,0,0,0,0,0,0,0,0,69.0164031982422,43.7471860249837,11.6463256441314,0,0,0,32.9128692171595,0,0,0,38.1159725189209,0,18.5486385345459,0,0,71.1118469238281,0,0,0,0,22.2595171494917,0,23.4051981673521,0,7.35709911853344,68.283073425293,0,27.039737701416,0,0,0,7.93577799854051,0,0,0,22.6822717666626,0,25.95767304704,0,0,0,0,0,62.2194763183594,0,13.4776720404625,24.8161628429706,0,23.8850921759928,0,48.4222373962402
0,5.84287664764806,0,11.4163183914988,0,3.23595107926263,0,0,0,4.4052479431547,0,0,0,0,0,3.23796263107887,0,0,79.1693852742513,0,0,0,0,4.99121397685229,0,0,0,0,0,0,0,0,0,0,0,28.4830899238586,34.6231117248535,7.26201844733694,0,46.9461203355056,0,40.4715638375497,0,0,0,39.332156590053,47.9966710408529,67.7071762084961,0,36.4895552680606,0,60.9514122009277,0,0,0,0,68.0578536987305,0,0,62.1354560852051,67.3824615478516,6.09352376586513,43.907112121582,0,0,0,7.29435830831528,0,11.5851006507874,0,43.0310039520264,0,49.9768058776855,0,0,0,0,0,45.3273012227026,47.8304977416992,22.1004608594454,0,31.2686754738843,0,32.8878980102539,35.5297393798828,0
20.3771656397227,0,19.3465649670568,0,11.7948849995931,0,4.67201714766653,0,20.7367958827895,0,6.57435516171873,0,8.25145211926213,0,24.6205934524536,0,33.0410232543945,0,53.6715292249407,0,6.44638162840858,0,0,0,0,0,0,0,0,0,8.00560576194211,0,0,0,0,0,7.16100870034634,0,12.3661704363646,0,77.4333267211914,0,24.7339196337594,0,0,0,33.9927661048041,0,15.3197447542559,59.9840087890625,5.07702486929686,0,6.85071805200061,0,22.2595171494917,68.0578536987305,0,0,6.52368071390968,0,12.5502499415811,0,0,7.88047905356595,0,0,0,19.294361114502,0,20.1342353820801,0,10.345909586872,0,8.0309550781935,0,0,0,0,0,27.485667508746,0,29.0159675053188,17.9206843279829,3.19827516873678,8.76853379435923,0,22.8447280611311
0,0,0,4.27720464242471,0,8.16678303082784,0,6.68011587496383,0,22.2451868057251,0,5.60884043234571,0,9.50689370056678,0,0,0,101.929733276367,0,8.90423379290289,0,0,0,30.0499515533447,0,25.6279792785645,0,0,0,5.56947951846653,0,0,0,0,0,12.6419985294342,0,7.20382492032643,0,0,0,24.6960882731846,0,0,0,21.5341579263861,0,0,0,12.8605520450152,0,4.40296513599585,0,5.08138824560445,0,0,0,0,0,6.37373571751723,0,9.02804249211361,9.91158513066163,0,29.2367714775933,0,19.2961654663086,0,22.1014850062709,0,10.3463987202308,0,9.33673087248742,0,0,0,0,0,15.2842063170213,0,14.7540883563814,0,9.23852160224667,0,8.85912596990192,0,0
10.7402049716638,0,7.41402722824188,0,17.7032623291016,0,4.69851232256208,0,22.6601503372192,0,5.91324975093206,0,4.89606010759032,0,5.96499489218581,0,98.1040725708008,0,69.0629564921061,0,14.8528532028198,0,43.6744956970215,0,25.2279405593872,0,13.5509686189539,0,6.05846374564701,0,0,0,0,0,0,0,45.2089023590088,0,45.1061723128609,0,32.6231355667114,0,30.5745465249726,0,0,0,24.7134399414062,0,7.64009866027332,0,3.67065975583833,66.1775283813477,4.1696732965838,0,23.4051981673521,0,6.52368071390968,0,0,0,6.36138658885714,0,0,20.5055205171758,0,0,0,24.8658580780029,0,12.6806760736638,0,8.22001690901432,0,32.0865346424615,0,0,0,0,0,54.0864067077637,0,48.3836466471354,14.7114286438624,7.68767366911236,13.5626421152656,0,0
0,10.3253726959229,0,4.59649270552176,0,4.39544236660004,0,3.46461516618729,0,16.6264343261719,0,3.93353552524358,0,4.19435080325622,0,3.79868978467481,0,87.7019195556641,87.5166015625,10.7197771072388,0,33.5755258287702,0,20.830727007482,0,18.6071056738132,0,3.85226140703474,0,5.62950604612177,0,0,0,0,0,20.3608690897624,0,64.376106262207,0,39.171178817749,0,29.2432081322921,0,0,0,22.1920528411865,0,0,0,6.93372512865467,0,3.68023259937763,0,0,0,62.1354560852051,0,6.37373571751723,0,0,0,4.28105566376134,13.6679150660833,0,29.9390473683675,0,20.8162795639038,0,13.030554688212,0,8.65998835682024,0,40.1855888366699,0,0,0,0,0,22.7765554468682,0,41.8460540771484,0,19.4528848908164,0,12.0577048805525,0,0
7.15831833337186,0,9.09405021221317,0,4.29793018954141,0,0,0,7.14545396046761,0,0,0,7.3147163333663,0,4.90712998957203,0,0,0,35.2588310241699,0,13.9121103286743,0,0,0,0,0,0,0,0,0,0,0,0,0,0,0,68.3216892878215,0,56.9182655627911,46.3802680969238,59.6546475887299,0,37.5114491682786,0,0,0,27.3381315867106,0,13.1171063222284,0,4.34152487984725,0,0,0,7.35709911853344,67.3824615478516,12.5502499415811,0,6.36138658885714,0,0,0,0,39.2330897649129,0,0,0,0,0,4.79118935915889,0,15.2258650958538,0,36.5240545440138,0,0,0,0,0,65.7853538876488,0,53.6189715067546,22.3796011594034,0,19.4098411129896,0,0
0,10.9844726955189,0,7.29179231532208,0,5.91821261109977,0,0,0,7.17839017017282,0,0,0,4.00294535767798,0,4.45859696702187,77.3681335449219,5.94304493495396,133.475860595703,0,0,0,0,5.70079113566686,0,3.09011645317078,0,0,0,0,0,0,0,0,0,23.4755804273817,0,67.840705871582,0,48.4124714136124,0,38.4079647827148,0,0,0,34.883998658922,38.282018661499,66.1518478393555,0,10.7156317182656,0,3.86468595045584,0,0,68.283073425293,6.09352376586513,0,9.02804249211361,0,4.28105566376134,0,0,16.5975513458252,0,0,0,9.15847334494958,0,5.09369946080585,0,13.6925362904867,0,42.5109516143799,0,0,0,0,0,26.9058368301392,0,45.8815982125022,0,23.5659236536398,12.7213490804036,22.5067649217085,0,0
0,0,0,13.7513270233617,0,12.9509997945843,0,0,0,24.6661911010742,0,9.99321922179191,0,0,0,53.4940986633301,75.3589331309001,0,46.8214909008571,6.64896030443055,0,0,0,0,0,0,0,0,0,0,0,0,0,0,0,6.25253361415519,0,13.272691671488,0,9.42206020487679,0,26.549059773123,0,25.3196783065796,0,9.82218212153842,0,0,0,25.497964941937,0,12.4286581072314,0,0,0,43.907112121582,0,9.91158513066163,0,13.6679150660833,0,16.5975513458252,0,0,0,0,0,0,0,0,23.9011432102748,0,20.7356058170921,0,0,0,0,0,10.7076354883114,113.434455871582,21.4806534128804,0,17.1814258513243,16.8385982513428,8.24754340176421,45.0468893051147,0
43.1120474679129,0,21.643412896565,0,10.8417596817017,0,13.2628526687622,0,76.2776031494141,0,19.0197253660722,0,0,0,0,0,63.7800757998512,107.899200439453,54.1989733792733,0,6.12581514493165,0,0,0,0,0,0,0,0,0,0,0,0,0,0,0,15.7314973964274,0,30.0977334344542,80.1491584777832,17.378792377313,72.9204317728678,29.4307361048095,0,28.6650316217443,0,12.3132321547384,0,52.4827674865723,0,10.1663909912109,0,11.3813972473145,0,27.039737701416,0,7.88047905356595,0,20.5055205171758,0,39.2330897649129,0,0,0,0,0,0,0,0,0,0,31.3083278656006,0,17.0908250877227,0,0,0,0,61.9840850830078,20.5536491928619,128.843902587891,24.1323986611563,25.0360511311765,0,14.3046085185165,0,57.4174898783366
0,0,0,0,0,0,0,0,0,0,0,0,0,31.5242538452148,0,0,0,6.9303390343984,0,0,0,5.15453367176529,6.74671649932861,7.43655434166989,0,5.64344174861908,0,4.04156682491302,0,0,0,0,0,0,0,0,0,6.87478938679119,0,0,0,0,0,0,0,0,0,0,0,9.46206181017558,0,0,0,0,0,0,0,29.2367714775933,0,29.9390473683675,0,0,0,0,0,0,9.15345736200159,0,8.64523274260898,0,9.61365665169532,0,0,0,0,0,0,0,0,0,7.47886381795953,0,7.08483935285498,5.75147880340109,42.4584445953369,0,0
0,0,0,0,0,0,0,0,0,0,0,0,0,0,0,0,6.59641503498254,0,0,0,0,7.77823519706726,5.59418953420021,0,6.40419405628653,0,9.28487716381808,0,9.03374666734175,0,0,0,0,0,0,0,0,0,9.60911913337531,0,0,0,0,0,0,0,0,0,0,0,0,0,0,0,0,0,0,0,0,0,0,0,0,0,0,0,0,6.13522976192076,0,11.7898521694215,0,9.80402890232997,0,0,0,0,0,0,0,0,0,8.78468888681585,5.42438075264093,5.16769729162517,29.7191505432129,0,0
0,0,0,0,0,0,0,0,0,6.58056113336767,0,0,0,0,0,9.55805055300395,0,5.21638989448547,0,0,0,9.29396522758353,0,4.49398040869498,0,4.1765227727592,0,0,0,0,0,0,0,0,0,0,0,10.5007745469439,0,0,0,19.5873146057129,30.9688243865967,0,0,0,0,19.4888939857483,0,7.41342159509659,0,0,0,0,0,7.29435830831528,0,19.2961654663086,0,20.8162795639038,0,9.15847334494958,0,0,9.15345736200159,0,0,0,5.79920784282264,0,9.53406209356329,0,0,0,0,0,0,0,0,0,7.1794177622307,0,7.04369317651286,0,12.3006310716588,0,0
0,0,25.6018714904785,0,0,0,0,0,6.68041853132965,0,0,0,0,0,0,0,7.65904516643948,0,0,0,0,0,6.26342863785593,0,5.19277001728556,0,3.38509167324413,0,0,0,0,0,0,0,0,0,0,32.1560821533203,8.8490945660151,0,0,0,14.7985789775848,0,0,0,0,0,10.9420847495397,0,0,0,0,0,7.93577799854051,0,19.294361114502,0,24.8658580780029,0,0,0,0,0,0,6.13522976192076,0,0,0,7.49358470099313,0,23.096932888031,0,0,0,0,0,0,0,0,0,7.50360784000821,11.4138332240436,11.9662526448568,10.7531576156616,0,0
0,11.645327091217,0,0,0,0,0,0,0,8.01107774462019,0,0,0,10.4627737782218,0,5.9768487716976,0,4.85638343876806,0,0,0,4.54043048681672,0,5.7144105421611,0,5.08960394647109,0,3.4828284740448,0,0,0,0,0,0,0,0,0,0,0,41.6147232055664,0,0,0,0,0,0,0,0,0,8.65547441181384,0,0,0,0,0,11.5851006507874,0,22.1014850062709,0,13.030554688212,0,5.09369946080585,0,0,8.64523274260898,0,5.79920784282264,0,0,0,8.91607603498701,0,41.9905395507812,0,0,0,0,0,0,0,0,0,4.65855532926279,5.4944806098938,22.7908763885498,0,0
0,0,0,0,0,0,0,0,4.29322050556992,0,0,0,8.13309154366002,0,5.26711040072971,0,7.4829357176116,0,0,0,0,0,11.710160514504,0,6.23903512830536,0,5.09160084194607,0,5.78043085517305,0,0,0,0,0,0,0,0,0,39.9658317565918,0,0,0,34.0756101608276,0,0,0,0,0,5.39679257074992,0,0,0,0,0,0,0,20.1342353820801,0,12.6806760736638,0,4.79118935915889,0,0,0,0,11.7898521694215,0,7.49358470099313,0,0,0,8.07670039531448,0,0,0,0,0,0,0,0,0,47.0174407958984,5.6536162560529,4.69054663181305,10.5841002464294,0,0
