0,0,3.81936915206909,0,0,0,0,0,3.41604440203516,0,0,0,0,0,0,0,0,0,9.8831910384007,0,0,0,0,0,0,0,0,0,0,0,0,0,0,0,0,0,0,0,0,0,28.2542333602905,0,14.8061968365231,0,0,0,8.96379620234172,49.8237419128418,4.55875671043825,0,0,0,0,0,8.65635149772853,0,0,0,0,0,0,0,0,0,0,0,0,0,0,0,0,0,0,0,0,0,0,0,0,33.5265452278985,0,28.8797659873962,7.02699743396831,0,7.78398287924715,0,0
0,0,0,7.58370854483022,0,0,0,0,0,5.34688946238735,0,0,0,0,0,0,0,0,61.1518898010254,0,0,0,0,0,0,0,0,0,0,0,0,0,0,0,0,0,0,0,0,30.4833705425262,0,6.78871113530705,0,0,0,7.77634048461914,0,24.2560958862305,0,9.01387938029236,0,0,0,0,0,6.64114507379016,0,0,0,0,0,10.3011040210724,30.49538230896,0,0,0,0,0,0,0,0,0,0,0,0,0,0,0,32.5170977743048,0,0,0,4.98835552533468,0,7.34531549436856,10.4084482192993,0
3.81936915206909,0,0,0,6.85965672388733,0,0,0,4.88601251792455,0,28.3760165487017,0,0,0,0,0,59.2355620066325,59.7723210652669,46.8139187379317,0,24.7357742786407,0,105.389389038086,0,0,0,0,0,0,0,0,0,0,0,0,0,15.3185476348514,0,31.6068675994873,0,39.0736499058286,41.8524926503499,32.5794357044009,0,31.196106115977,0,13.9174042019418,44.960442437066,28.1365990978756,51.345401763916,0,0,0,0,5.05938960735063,0,22.9797997136488,0,4.18052630424499,0,0,0,74.2582092285156,24.1325557869925,0,0,0,0,0,0,0,0,0,30.0213810847356,0,0,0,58.9780731201172,67.0688049316406,33.2256150679155,0,33.3019553631336,13.5526868708019,0,16.839390660784,0,12.816383934021
0,7.58370854483022,0,0,0,11.0459474027157,0,0,0,4.10823778130791,0,0,0,0,0,0,71.1538619995117,57.9634902954102,44.0012879207216,23.3177692322504,0,0,0,0,0,0,0,0,0,0,0,0,0,0,0,18.4166530370712,0,0,0,35.7247303824388,67.7925186157227,28.1491998901144,42.2350210462298,35.8673815727234,44.8443641662598,15.2201118320227,0,0,54.9532318115234,37.7236560859331,0,7.02966582528688,0,0,0,6.61731988588969,0,14.3397325575352,0,3.85770591024006,0,5.95430084360324,27.8907916987384,0,0,0,0,0,0,0,0,0,32.2945775985718,0,0,0,0,0,37.2590504139662,70.3390407562256,29.5417633056641,0,13.4102195854128,27.344913482666,16.1992003006161,29.5913960933685,0
0,0,6.85965672388733,0,0,0,0,0,3.74540847539902,0,36.1636714935303,0,0,0,0,0,0,0,43.0341008504232,0,24.4221708774567,0,0,0,0,0,0,0,0,0,0,0,0,0,0,0,16.0348961353302,0,41.8521537780762,0,42.2715902924538,0,37.7880233128866,0,35.0897789001465,0,21.7502013206482,49.3132006327311,39.0676872481161,0,0,0,0,0,2.75114274024963,0,37.3354338132418,0,0,0,0,0,0,25.2339207728704,0,0,0,0,0,0,0,0,0,39.7073215137829,0,0,0,0,0,33.2985543092092,0,39.6674445152283,14.155376466421,0,16.65377191015,0,0
0,0,0,11.0459474027157,0,0,0,0,0,0,0,3.37145090103149,0,0,0,0,0,0,56.1120939254761,4.22308553968157,0,0,0,0,0,0,0,0,0,0,0,0,0,0,0,19.9898102760315,0,0,0,39.8158543027681,0,38.7143389383952,0,0,0,0,0,0,0,42.1660376507303,0,3.61116106917218,0,0,0,2.96098952943628,0,2.92236232757568,0,0,0,2.75479865074158,16.4907852649689,0,0,0,0,0,0,0,0,0,0,0,0,0,0,0,33.8512537819999,0,0,0,21.3677534282982,0,13.2840945713448,0,0
0,0,0,0,0,0,0,0,0,0,0,0,0,0,0,0,0,0,0,0,0,0,0,0,0,0,0,0,0,0,0,0,0,0,0,0,0,0,0,0,0,0,0,0,0,0,0,0,0,0,0,0,0,0,0,0,0,0,0,0,0,0,0,0,0,0,0,0,0,0,0,0,0,0,0,0,0,0,0,0,0,0,0,0,0,0,0
0,0,0,0,0,0,0,0,0,0,0,0,0,0,0,0,0,0,0,2.74379920959473,0,0,0,0,0,0,0,0,0,0,0,0,0,0,0,0,0,0,0,0,0,0,0,0,0,0,0,0,0,0,0,0,0,2.86230580721583,0,0,0,4.74892127513885,0,0,0,0,0,0,0,0,0,0,0,0,0,0,0,0,0,0,0,0,0,0,0,0,3.57972526550293,0,0,0,0
3.41604440203516,0,4.88601251792455,0,3.74540847539902,0,0,0,0,0,0,0,0,0,0,0,3.40518307685852,0,0,0,0,0,0,0,3.2368921251858,0,3.15046465396881,0,0,0,0,0,0,0,19.2077132633754,0,22.503511428833,0,7.48340343838646,0,0,0,9.25644141296288,0,0,0,0,21.9742288589478,7.53763861954212,0,0,0,0,0,4.89346600956999,0,0,0,0,0,0,0,0,0,0,0,0,3.99297897935771,0,0,0,0,0,0,0,0,0,0,56.6787910461426,47.1023941040039,0,6.06565457677084,9.39814133418573,0,9.13648104803903,0,4.21518278121948
0,5.34688946238735,0,4.10823778130791,0,0,0,0,0,0,0,0,0,0,0,5.65174394465507,38.4477399190267,9.14089644180154,43.0895614624023,0,0,0,0,5.3623109917308,0,0,0,0,0,0,0,0,0,0,0,0,0,8.47916862305174,0,0,0,9.25450233504886,0,0,0,0,0,15.9941820144653,0,16.7108722414289,0,0,0,0,0,4.40603943554203,0,0,0,0,0,6.11352390713162,0,0,0,0,4.10044646263123,0,0,0,0,0,0,0,0,0,0,0,0,0,8.15100109135663,0,5.48590925279653,3.87563403447469,8.95449191160812,0,0
0,0,28.3760165487017,0,36.1636714935303,0,0,0,0,0,0,0,0,0,0,0,0,0,38.2274490538098,0,4.31282228584259,0,0,0,0,0,0,0,2.91367848499401,0,0,0,0,0,0,0,3.43154521379424,0,3.80981243360526,0,46.8783683776855,0,32.9561027526855,0,24.1603546142578,0,21.5658732732137,0,53.7675428390503,0,0,0,0,0,0,0,4.91121844261904,0,0,0,0,0,85.2416534423828,6.48066304494672,0,0,0,0,0,0,0,3.06277291883122,0,3.81740220387777,0,0,0,0,0,12.2418811378571,0,5.43043679630055,4.61956372948193,0,15.4621719986785,0,21.3747882843018
0,0,0,0,0,3.37145090103149,0,0,0,0,0,0,0,3.08277231200129,0,0,0,0,35.8857879638672,3.33952297720798,0,0,0,0,0,0,0,3.69199665387472,0,4.87156681495138,0,0,0,0,0,4.40397545695305,0,3.32307743283237,0,42.6437225341797,0,0,0,0,0,12.4016609191895,0,0,0,0,0,4.13627637757195,0,0,0,0,0,4.9496324689094,0,2.82768836021423,0,0,5.39701535839301,0,0,0,0,0,0,0,0,0,4.00246002123906,0,0,0,0,0,5.22575192751847,0,4.84933321914948,0,3.39594623701913,0,24.1487369537354,0,0
0,0,0,0,0,0,0,0,0,0,0,0,0,0,0,0,0,0,0,0,0,0,0,0,0,0,0,0,0,0,0,0,0,0,0,0,0,0,0,0,0,0,0,0,0,0,0,0,0,0,0,0,0,0,0,0,0,0,0,0,2.7279908657074,0,0,0,0,0,0,0,0,2.92849627137184,0,0,0,0,0,0,0,0,0,0,0,0,0,0,0,0,0
0,0,0,0,0,0,0,0,0,0,0,3.08277231200129,0,0,0,2.95512008666992,0,0,0,0,0,0,0,0,0,0,0,0,0,0,0,0,0,0,0,0,0,0,0,0,0,0,0,0,0,0,0,0,0,0,0,0,0,0,0,0,0,3.83391174940559,0,3.42137394974765,0,0,0,0,0,0,0,0,0,0,2.73671507835388,0,0,0,0,0,0,0,0,0,0,0,2.91445837522808,0,0,0,0
0,0,0,0,0,0,0,0,0,0,0,0,0,0,0,0,3.15951418876648,0,0,0,0,0,0,0,0,0,0,0,0,0,0,0,0,0,0,0,0,0,0,0,0,0,0,0,0,0,0,0,0,0,0,0,0,0,0,0,0,0,0,0,2.73397970199585,0,0,0,0,0,0,0,0,0,0,0,0,0,0,0,0,0,0,0,0,0,2.96369314193726,0,0,0,0
0,0,0,0,0,0,0,0,0,5.65174394465507,0,0,0,2.95512008666992,0,0,0,9.23394239994517,0,0,0,23.3394613265991,0,0,0,6.30160004450074,0,2.73622512817383,0,0,0,0,0,0,0,0,0,0,0,0,0,0,0,0,0,0,0,0,0,0,0,0,0,0,0,6.01848225376823,0,0,0,7.59525022443557,0,9.44226722717285,0,0,19.439416885376,0,0,0,7.36787462234497,0,21.3342342376709,0,0,0,0,0,0,0,0,0,0,0,7.19048546489916,0,0,0,0
0,0,59.2355620066325,71.1538619995117,0,0,0,0,3.40518307685852,38.4477399190267,0,0,0,0,3.15951418876648,0,0,21.7620604658714,17.0907965496161,69.2139434814453,0,22.1936397524441,9.44986562617846,29.997204999387,10.8279765898219,33.1325663616783,7.14615374129751,0,0,0,0,0,0,0,0,0,0,0,51.993766784668,64.5100361217152,54.4337829099883,44.2470757620675,37.7569929441948,41.6959840334379,34.7093567782885,48.2316078186035,52.0121728723699,0,64.5280494689941,0,0,0,0,0,0,0,55.4411325454712,64.2317123413086,0,0,0,0,71.2629893166678,60.9536360604422,30.7303618262796,10.3018732116481,0,12.9753101813488,0,3.36738085746765,0,0,0,69.0550549825033,0,0,0,0,69.3228857620903,61.6904301976723,0,55.4306785859257,16.1571591882087,7.9843822853607,48.9979761289135,41.990135828654,33.5225427047066
0,0,59.7723210652669,57.9634902954102,0,0,0,0,0,9.14089644180154,0,0,0,0,0,9.23394239994517,21.7620604658714,0,19.8080499940291,0,0,9.88574009032681,24.3662009832021,14.6878845947686,33.4416963618289,8.64438059812968,34.4500680811265,3.37811272877913,0,0,0,0,0,0,0,0,0,0,0,60.0408239779265,62.9223353944976,39.129572759072,46.1646561200106,39.4578653441535,46.1046289867825,41.9571878184443,59.921916325887,0,55.2447814941406,0,0,0,0,0,0,0,60.2636807759603,72.6323852539062,0,0,0,0,68.5478031158447,71.3947591781616,10.6558959056746,26.0041728360312,0,39.9592189788818,5.05116697458121,0,0,0,0,56.5131034851074,0,0,0,0,64.490477644367,66.0138411552283,0,66.0976156754927,15.8701466476527,8.55811361971232,49.269190836761,37.4898532369862,50.397854198109
9.8831910384007,61.1518898010254,46.8139187379317,44.0012879207216,43.0341008504232,56.1120939254761,0,0,0,43.0895614624023,38.2274490538098,35.8857879638672,0,0,0,0,17.0907965496161,19.8080499940291,0,34.0055342356364,35.9116510663714,40.1828551292419,41.0884467460014,34.5186784948622,31.8867124176025,34.9186886007136,41.9779284340995,0,0,0,0,0,0,0,0,0,0,0,52.1367645263672,40.2997805091643,43.5609395131686,23.1362125833127,24.974788022895,20.5957548084927,22.6654679540728,30.9046846157796,36.3641498870643,0,43.9624759774459,45.3055328369141,0,49.4930734634399,0,0,0,0,36.9200736999512,35.9572530973942,0,0,0,0,46.9378118794759,49.9701843354988,48.5633640289307,55.5107332865397,0,31.3320976257324,0,0,0,0,30.6537173589071,37.415430236281,0,0,0,0,42.6018253152801,46.7825569266518,29.8298301696777,41.5987774915756,15.1200078704873,37.0251066207886,30.2262520403732,22.7118234049722,31.4003629771146
0,0,0,23.3177692322504,0,4.22308553968157,0,2.74379920959473,0,0,0,3.33952297720798,0,0,0,0,69.2139434814453,0,34.0055342356364,0,0,0,0,0,0,0,0,0,0,0,0,0,0,0,0,4.48005354278754,0,4.43238904996096,0,41.1439514160156,70.9653065999349,28.4125298857689,0,41.7776641845703,40.5723571777344,12.3245535971863,73.0476531982422,0,0,50.7937731742859,0,0,0,0,0,0,0,17.3592174649239,0,0,0,35.0623092651367,8.36543365385128,0,0,0,0,0,0,0,0,0,0,0,0,0,0,0,8.38302585207824,86.9249267578125,5.13557887918809,0,7.14850911193964,27.2733249664307,16.2183906920413,18.8648103078206,0
0,0,24.7357742786407,0,24.4221708774567,0,0,0,0,0,4.31282228584259,0,0,0,0,0,0,0,35.9116510663714,0,0,0,0,0,0,0,0,0,0,0,0,0,0,0,0,0,3.97539810160155,0,3.71880247803295,0,46.4236154556274,0,36.8990749946007,0,22.5420570373535,0,16.573895573616,0,49.6252527236938,0,0,0,0,0,0,0,4.92599730324327,0,0,0,0,0,0,7.18777261821853,0,0,0,0,0,0,0,0,0,6.29141521453857,0,0,0,0,80.6750068664551,11.0989172632496,0,8.84123056668502,4.73899445533752,0,10.9495678568274,0,24.1594085693359
0,0,0,0,0,0,0,0,0,0,0,0,0,0,0,23.3394613265991,22.1936397524441,9.88574009032681,40.1828551292419,0,0,0,3.91299449487615,6.16486434233353,24.4195861816406,7.2255639346042,0,3.22838213227012,0,0,0,0,0,0,0,0,0,5.15147862654583,4.7493419077859,0,0,0,0,0,0,0,0,0,0,9.941650390625,0,0,0,0,0,0,0,0,0,0,0,0,0,0,5.12457821095322,5.46328936020533,4.90890749548651,0,3.46717126118509,0,2.92387823875134,0,0,0,0,0,0,0,0,79.8178075154622,4.7723490578942,6.21899700164795,6.25409121392295,4.97740476926168,0,0,0
0,0,105.389389038086,0,0,0,0,0,0,0,0,0,0,0,0,0,9.44986562617846,24.3662009832021,41.0884467460014,0,0,3.91299449487615,0,27.6919399897257,6.35682226171962,31.2028080622355,5.31316479360025,0,2.8843841441842,0,0,0,0,0,0,0,0,3.41194857869829,5.08614872299399,0,66.253173828125,57.8563899993896,0,0,0,0,0,0,12.7308478125769,0,0,0,0,0,0,0,0,0,0,0,0,0,0,0,4.04433107376099,4.64994108650762,0,7.24780252105311,0,11.8474646436757,0,4.09396173159281,0,0,0,0,0,0,0,84.9387283325195,0,5.88218524260911,5.92515961542828,5.66061727517571,0,0,0
0,0,0,0,0,0,0,0,0,5.3623109917308,0,0,0,0,0,0,29.997204999387,14.6878845947686,34.5186784948622,0,0,6.16486434233353,27.6919399897257,0,31.5949988365173,5.74614482495322,32.3804779052734,0,0,0,0,0,0,0,0,0,0,3.76973070753845,0,0,0,0,0,0,0,0,0,0,0,6.13714683001194,0,0,0,0,0,5.16700600385666,0,0,0,0,0,0,0,0,5.76802909280371,0,4.33624836859496,31.7090482711792,0,0,5.13265603780746,0,5.96229557037354,0,0,0,0,0,0,0,4.77417483390906,0,8.94182329716842,0,7.53131226517937,0,0
0,0,0,0,0,0,0,0,3.2368921251858,0,0,0,0,0,0,0,10.8279765898219,33.4416963618289,31.8867124176025,0,0,24.4195861816406,6.35682226171962,31.5949988365173,0,0,4.17218082778308,0,0,0,0,0,0,0,0,0,0,0,4.87000921767528,0,0,0,13.6662721805744,0,0,0,0,20.7435531616211,5.68107727501127,0,0,0,0,0,9.29476672563797,0,0,0,0,0,0,0,0,0,0,5.60542415983883,0,4.31927301681234,0,0,0,0,0,0,0,0,0,0,0,0,0,4.65651523056677,6.74095779882895,14.8890682856242,9.57240761285541,0,0
0,0,0,0,0,0,0,0,0,0,0,0,0,0,0,6.30160004450074,33.1325663616783,8.64438059812968,34.9186886007136,0,0,7.2255639346042,31.2028080622355,5.74614482495322,0,0,0,3.20941569703691,0,0,0,0,0,0,0,0,0,0,0,0,0,0,0,0,0,0,0,0,0,0,0,0,0,0,0,0,0,0,0,0,0,0,0,0,5.50249236746679,0,3.04078811407089,0,3.4946205962788,0,3.23388560612996,0,0,0,0,0,0,0,0,93.037483215332,0,0,10.0311402566362,15.7610692977905,0,0,0
0,0,0,0,0,0,0,0,3.15046465396881,0,0,0,0,0,0,0,7.14615374129751,34.4500680811265,41.9779284340995,0,0,0,5.31316479360025,32.3804779052734,4.17218082778308,0,0,0,0,0,0,0,0,0,0,0,0,0,0,0,0,0,0,0,0,0,0,0,0,0,0,0,0,0,3.77839398384094,0,0,0,0,0,0,0,0,0,0,3.21191905892414,0,3.36538516765549,0,3.17240428924561,0,2.74237298965454,0,0,0,0,0,0,0,0,0,0,10.5091663367989,18.9176069895426,0,0,0
0,0,0,0,0,0,0,0,0,0,0,3.69199665387472,0,0,0,2.73622512817383,0,3.37811272877913,0,0,0,3.22838213227012,0,0,0,3.20941569703691,0,0,0,3.09643306532455,0,0,0,0,0,0,0,3.21468094543174,0,0,0,0,0,0,0,0,0,0,0,9.69560718536377,0,0,0,0,0,0,0,3.48327279090881,0,0,0,0,0,0,2.97616440909249,0,0,0,3.30548020203908,0,3.61256318764399,0,3.57074583479133,0,0,0,0,0,0,0,8.03513813018799,0,3.07784143676106,2.74227893352509,0,0,0
0,0,0,0,0,0,0,0,0,0,2.91367848499401,0,0,0,0,0,0,0,0,0,0,0,2.8843841441842,0,0,0,0,0,0,0,2.94674070531672,0,0,0,0,0,0,0,2.82499437332153,0,0,0,0,0,0,0,0,0,0,0,0,0,0,0,0,0,0,0,0,0,0,0,0,0,0,3.25524895531791,0,0,0,0,0,3.41749353643874,0,3.28147369882335,0,0,0,0,0,0,0,3.05262818336487,0,0,0,0,0
0,0,0,0,0,0,0,0,0,0,0,4.87156681495138,0,0,0,0,0,0,0,0,0,0,0,0,0,0,0,3.09643306532455,0,0,0,0,0,0,0,0,0,3.71593893446573,0,0,0,0,0,0,0,0,0,0,0,0,0,0,0,0,0,0,0,3.20995317186628,0,0,0,0,0,0,0,0,0,0,0,0,0,0,6.07421462033505,0,0,0,0,0,0,0,3.60133679372044,0,0,0,0,0,0
0,0,0,0,0,0,0,0,0,0,0,0,0,0,0,0,0,0,0,0,0,0,0,0,0,0,0,0,2.94674070531672,0,0,0,0,0,0,0,0,0,3.06565117835999,0,0,0,0,0,0,0,0,0,0,0,0,0,0,0,0,0,10.0205084482829,0,0,0,0,0,0,0,0,0,0,0,0,0,0,2.94305074214935,0,6.21576183125124,0,0,0,0,0,0,0,0,0,0,0,0,0
0,0,0,0,0,0,0,0,0,0,0,0,0,0,0,0,0,0,0,0,0,0,0,0,0,0,0,0,0,0,0,0,5.15326079726219,2.9302921635764,8.228317968307,3.40519080253748,0,0,0,0,0,0,0,0,0,0,0,5.75408559018596,15.2805136900682,8.32871541712019,0,0,0,0,0,0,0,0,0,0,0,0,0,0,0,0,0,0,0,0,0,0,0,0,4.91942917463208,10.6171020548791,0,6.41889572143555,5.45443869322044,19.3310522351946,0,0,3.67278469127157,0,0,0,0
0,0,0,0,0,0,0,0,0,0,0,0,0,0,0,0,0,0,0,0,0,0,0,0,0,0,0,0,0,0,0,5.15326079726219,0,5.4479729788644,3.92535291115443,0,2.99442863464355,0,0,0,0,0,0,0,0,0,0,5.12816503072778,7.5326681137085,10.6010055541992,0,0,0,0,0,0,0,0,0,0,0,0,0,0,0,0,0,0,0,0,0,0,0,0,7.39018387362936,5.14107640228793,3.79639824231466,5.6403738565934,0,9.54569428743318,0,0,3.9154769844479,0,0,0,0
0,0,0,0,0,0,0,0,0,0,0,0,0,0,0,0,0,0,0,0,0,0,0,0,0,0,0,0,0,0,0,2.9302921635764,5.4479729788644,0,5.6181324328121,2.83239271243413,0,5.51152619634356,2.96204853057861,0,0,0,0,0,0,0,0,4.89092310799153,17.2666149139404,11.0316552749047,0,0,0,0,0,0,0,0,0,0,0,0,0,0,0,0,0,0,0,0,0,0,0,0,0,0,4.04592671557369,4.29574457322204,2.74647426605225,0,6.42763937022037,0,3.48313454802768,3.13955040180937,0,0,0
0,0,0,0,0,0,0,0,19.2077132633754,0,0,0,0,0,0,0,0,0,0,0,0,0,0,0,0,0,0,0,0,0,0,8.228317968307,3.92535291115443,5.6181324328121,0,0,3.17241620951503,0,7.356659496217,0,0,0,11.8360647986917,0,0,0,0,5.43676649338383,0,8.64438819885254,0,0,0,0,20.6115894317627,0,0,0,0,0,0,0,0,0,0,0,0,0,0,0,0,0,0,20.5997104644775,6.2167364358902,12.7698704888744,5.54954871823711,3.73226785342893,0,3.72982703602832,0,7.22916669769591,4.42440183409329,4.00927639007568,11.4528643457513,0,0
0,0,0,18.4166530370712,0,19.9898102760315,0,0,0,0,0,4.40397545695305,0,0,0,0,0,0,0,4.48005354278754,0,0,0,0,0,0,0,0,0,0,0,3.40519080253748,0,2.83239271243413,0,0,3.16125878215542,5.21537488763747,0,0,0,47.676082611084,0,0,0,8.87626523971558,0,3.62505749680779,0,21.7304053122537,0,0,0,0,0,0,0,24.7301120758057,0,0,0,0,6.51337095763377,0,0,0,0,0,0,0,0,0,0,0,3.97253431157863,0,2.79274044036865,0,6.38076631908131,3.03359295468812,6.58947124981672,0,4.94569809322066,6.36787703884653,9.18564702937824,0,0
0,0,15.3185476348514,0,16.0348961353302,0,0,0,22.503511428833,0,3.43154521379424,0,0,0,0,0,0,0,0,0,3.97539810160155,0,0,0,0,0,0,0,0,0,0,0,2.99442863464355,0,3.17241620951503,3.16125878215542,0,0,5.13323604416408,0,15.7193113962809,0,0,0,0,0,8.64967241070487,30.5955963134766,20.5007898719222,0,0,0,0,0,0,0,3.8601032606626,0,0,0,0,0,0,7.83619736493512,0,0,0,0,0,0,0,0,0,0,0,9.72076330866132,0,4.69805669784546,2.99105820140323,6.56745352486828,0,5.75019534653573,4.5352417279434,2.98545249562897,8.64034470103004,0,0
0,0,0,0,0,0,0,0,0,8.47916862305174,0,3.32307743283237,0,0,0,0,0,0,0,4.43238904996096,0,5.15147862654583,3.41194857869829,3.76973070753845,0,0,0,3.21468094543174,0,3.71593893446573,0,0,0,5.51152619634356,0,5.21537488763747,0,0,3.79602747238599,0,0,7.20191089015141,0,0,0,20.2223377227783,0,3.94736735076661,0,5.55150436533695,0,0,0,0,0,9.36706910407489,0,3.91335214444292,0,0,0,0,7.90104883962923,0,7.59097836333323,0,5.10507554947575,0,0,0,3.40539602087993,0,4.33790742113905,0,0,0,7.53242417653402,0,5.42487404839399,0,4.50449569248383,3.86408662796021,4.98339192988027,4.61874985694885,5.32840615173556,22.2593154907227,0
0,0,31.6068675994873,0,41.8521537780762,0,0,0,7.48340343838646,0,3.80981243360526,0,0,0,0,0,51.993766784668,0,52.1367645263672,0,3.71880247803295,4.7493419077859,5.08614872299399,0,4.87000921767528,0,0,0,2.82499437332153,0,3.06565117835999,0,0,2.96204853057861,7.356659496217,0,5.13323604416408,3.79602747238599,0,0,43.7433815002441,0,10.2123176867703,0,28.7666292190552,0,19.1868398984273,6.18266190492619,7.79564376145799,0,0,0,0,0,7.58545557570784,0,3.02712933844831,0,0,0,0,0,0,10.7758169366353,0,8.13068203382854,0,8.44799786677464,0,0,0,5.59326321283976,0,4.21831631660461,0,0,0,4.21474865172644,0,20.7271336858923,3.16709738969803,5.24512387683241,5.33021095361046,3.16730027198791,9.61801345708469,0,0
0,30.4833705425262,0,35.7247303824388,0,39.8158543027681,0,0,0,0,0,42.6437225341797,0,0,0,0,64.5100361217152,60.0408239779265,40.2997805091643,41.1439514160156,0,0,0,0,0,0,0,0,0,0,0,0,0,0,0,0,0,0,0,0,52.0794734954834,19.0002139582983,48.9355182647705,25.2724363620465,52.1644792556763,24.2411185984026,65.7750911712646,0,55.5124397277832,8.50891384068657,0,49.5729840596517,0,0,0,0,81.7926712036133,41.7178973536338,0,0,0,36.5241508483887,25.0657444862133,69.8133850097656,0,0,0,0,0,0,0,0,0,0,0,0,0,0,20.4648283752078,79.0027329371526,0,87.4154230753581,33.1623097506436,29.1123714447021,21.3288675842149,23.0198830991688,53.0345611572266
28.2542333602905,0,39.0736499058286,67.7925186157227,42.2715902924538,0,0,0,0,0,46.8783683776855,0,0,0,0,0,54.4337829099883,62.9223353944976,43.5609395131686,70.9653065999349,46.4236154556274,0,66.253173828125,0,0,0,0,0,0,0,0,0,0,0,0,0,15.7193113962809,0,43.7433815002441,52.0794734954834,0,43.9307891168902,22.0045868524405,43.4703254699707,29.428903396313,49.3839429219564,19.2335429147164,42.8010025024414,11.4478645889823,50.086612701416,0,0,0,0,47.4541244506836,0,50.4233401162284,73.923267364502,0,0,0,0,69.6042716286399,12.290825542414,0,0,0,0,0,0,0,0,0,24.5619895741091,0,0,0,0,68.5434826560642,31.3636214000574,0,18.7010449318886,34.7631676357711,0,24.4141343005148,61.8825848897298,27.3659960338048
0,6.78871113530705,41.8524926503499,28.1491998901144,0,38.7143389383952,0,0,0,9.25450233504886,0,0,0,0,0,0,44.2470757620675,39.129572759072,23.1362125833127,28.4125298857689,0,0,57.8563899993896,0,0,0,0,0,0,0,0,0,0,0,0,47.676082611084,0,7.20191089015141,0,19.0002139582983,43.9307891168902,0,14.6842026901245,24.2495831080845,31.8212273639181,33.4043689140907,39.6592669487,6.8310600905805,37.6139125823975,12.8045822091053,0,42.4144490559896,0,0,0,18.2228780428569,0,18.0837124460936,0,0,0,42.4898719787598,22.1798180232076,48.0964468002319,0,0,0,0,0,0,0,0,9.40343889614631,53.2279930114746,0,0,0,0,22.5156620269387,53.0515997387114,11.8839560624325,51.3623166765486,16.2231521470184,22.9654273186644,14.4467861797154,11.8859702269036,29.1730394363403
14.8061968365231,0,32.5794357044009,42.2350210462298,37.7880233128866,0,0,0,9.25644141296288,0,32.9561027526855,0,0,0,0,0,37.7569929441948,46.1646561200106,24.974788022895,0,36.8990749946007,0,0,0,13.6662721805744,0,0,0,0,0,0,0,0,0,11.8360647986917,0,0,0,10.2123176867703,48.9355182647705,22.0045868524405,14.6842026901245,0,38.6356216430664,24.1496212900731,43.5863145192464,19.0774126608078,8.08981834686452,13.2458106303243,44.6862268447876,0,0,0,0,13.3366195360819,0,16.4170943638489,40.2609882354736,0,0,0,0,67.0630944569906,25.7535950501579,0,0,0,16.2783207297325,0,0,0,0,0,21.8353172282239,0,0,0,0,58.6159610112508,28.8337083099818,0,25.9135074140662,12.0271708871612,6.75509403062903,13.3821120043256,34.8439108303615,9.0327346601304
0,0,0,35.8673815727234,0,0,0,0,0,0,0,0,0,0,0,0,41.6959840334379,39.4578653441535,20.5957548084927,41.7776641845703,0,0,0,0,0,0,0,0,0,0,0,0,0,0,0,0,0,0,0,25.2724363620465,43.4703254699707,24.2495831080845,38.6356216430664,0,37.9961967468262,13.1510248184204,53.3526229858398,0,0,51.7004089355469,0,0,0,0,0,0,52.6634178161621,26.877521276474,0,0,0,0,32.5188179697309,96.150520324707,0,0,0,0,0,0,0,0,20.7714405059814,0,0,0,0,0,28.0651162165044,56.1370409185236,0,54.9072351455688,35.050999248729,0,20.321694285529,26.024133682251,0
0,0,31.196106115977,44.8443641662598,35.0897789001465,0,0,0,0,0,24.1603546142578,0,0,0,0,0,34.7093567782885,46.1046289867825,22.6654679540728,40.5723571777344,22.5420570373535,0,0,0,0,0,0,0,0,0,0,0,0,0,0,0,0,0,28.7666292190552,52.1644792556763,29.428903396313,31.8212273639181,24.1496212900731,37.9961967468262,0,28.2823855082194,26.5202354022435,0,32.1560711860657,39.1812515258789,0,0,0,0,0,0,24.4007225614606,0,0,0,0,0,61.9641761779785,35.7917591543759,0,0,0,0,0,0,0,0,0,27.594303448995,0,0,0,0,50.8656563077654,28.635118068305,0,27.4858700216633,24.3340041099056,0,20.7014329938889,31.5243740081787,43.8482389450073
0,7.77634048461914,0,15.2201118320227,0,0,0,0,0,0,0,12.4016609191895,0,0,0,0,48.2316078186035,41.9571878184443,30.9046846157796,12.3245535971863,0,0,0,0,0,0,0,0,0,0,0,0,0,0,0,8.87626523971558,0,20.2223377227783,0,24.2411185984026,49.3839429219564,33.4043689140907,43.5863145192464,13.1510248184204,28.2823855082194,0,0,0,0,36.9348526000977,0,28.615234375,0,0,0,0,69.8984222412109,18.1068679491679,0,0,0,29.9277992248535,16.0838732540075,75.4244775772095,0,0,0,0,0,0,0,0,18.783732686724,0,0,0,0,0,15.7891550088276,64.7952624729702,15.8498559296131,56.9833335876465,22.7913591861725,0,16.2804734617638,34.664158821106,0
8.96379620234172,0,13.9174042019418,0,21.7502013206482,0,0,0,0,0,21.5658732732137,0,0,0,0,0,52.0121728723699,59.921916325887,36.3641498870643,73.0476531982422,16.573895573616,0,0,0,0,0,0,0,0,0,0,0,0,0,0,0,8.64967241070487,0,19.1868398984273,65.7750911712646,19.2335429147164,39.6592669487,19.0774126608078,53.3526229858398,26.5202354022435,0,0,33.3253746032715,28.1495124779496,0,0,0,0,0,0,0,18.2482427129682,0,0,0,0,0,85.6281483968099,18.5608871747899,0,0,0,0,0,0,0,0,0,22.7800390720367,0,0,0,0,65.0745535956489,21.0398726516865,0,16.239844077405,28.7090676802176,0,21.0914496627905,73.8796539306641,50.738463083903
49.8237419128418,24.2560958862305,44.960442437066,0,49.3132006327311,0,0,0,21.9742288589478,15.9941820144653,0,0,0,0,0,0,0,0,0,0,0,0,0,0,20.7435531616211,0,0,0,0,0,0,5.75408559018596,5.12816503072778,4.89092310799153,5.43676649338383,3.62505749680779,30.5955963134766,3.94736735076661,6.18266190492619,0,42.8010025024414,6.8310600905805,8.08981834686452,0,0,0,33.3253746032715,0,10.0556992833999,8.21630225016304,0,0,0,0,22.1614284515381,0,0,31.765157699585,0,0,0,0,0,0,0,0,0,20.8506401062012,0,0,0,0,0,0,5.69952406268992,5.77358781484822,4.8454624254104,6.2099738041052,6.27422684424461,5.84265192863337,6.52184348652698,8.56300558289178,5.90269117313891,3.97226399183273,9.55580472124034,22.2845726013184,0
4.55875671043825,0,28.1365990978756,54.9532318115234,39.0676872481161,0,0,0,7.53763861954212,0,53.7675428390503,0,0,0,0,0,64.5280494689941,55.2447814941406,43.9624759774459,0,49.6252527236938,0,12.7308478125769,0,5.68107727501127,0,0,0,0,0,0,15.2805136900682,7.5326681137085,17.2666149139404,0,0,20.5007898719222,0,7.79564376145799,55.5124397277832,11.4478645889823,37.6139125823975,13.2458106303243,0,32.1560711860657,0,28.1495124779496,10.0556992833999,0,10.4964852540389,0,0,0,0,7.89595654606819,0,41.6113028434607,0,0,0,9.51015377044678,0,0,29.0543841044108,0,12.1376037686666,0,6.60575121562154,0,0,0,9.29461438208818,0,20.5514626041535,14.8175099236625,3.22567804654439,0,12.4890673728216,73.0842819213867,13.3637757148547,0,8.42761739456806,12.9949107236424,0,10.8521289292369,0,42.643923441569
0,9.01387938029236,51.345401763916,37.7236560859331,0,42.1660376507303,0,0,0,16.7108722414289,0,0,0,0,0,0,0,0,45.3055328369141,50.7937731742859,0,9.941650390625,0,6.13714683001194,0,0,0,9.69560718536377,0,0,0,8.32871541712019,10.6010055541992,11.0316552749047,8.64438819885254,21.7304053122537,0,5.55150436533695,0,8.50891384068657,50.086612701416,12.8045822091053,44.6862268447876,51.7004089355469,39.1812515258789,36.9348526000977,0,8.21630225016304,10.4964852540389,0,0,46.9129753112793,0,0,0,11.3387160958915,0,26.4534264696323,0,0,0,52.1803639729818,37.5407885596866,0,7.57950067520142,0,6.40621511734925,0,0,0,6.59037247300148,0,7.31008398085833,0,5.05533489584923,0,0,14.7377080917358,18.6010340856073,37.4501681761308,5.27283722196049,21.2927417755127,17.3711363819549,26.8572895481901,14.9358869544038,29.4917159080505,0
0,0,0,0,0,0,0,0,0,0,0,0,0,0,0,0,0,0,0,0,0,0,0,0,0,0,0,0,0,0,0,0,0,0,0,0,0,0,0,0,0,0,0,0,0,0,0,0,0,0,0,0,0,0,0,0,0,0,0,0,0,0,0,0,0,0,0,0,0,0,0,0,0,0,0,0,0,0,0,0,0,0,0,0,0,0,0
0,0,0,7.02966582528688,0,3.61116106917218,0,0,0,0,0,4.13627637757195,0,0,0,0,0,0,49.4930734634399,0,0,0,0,0,0,0,0,0,0,0,0,0,0,0,0,0,0,0,0,49.5729840596517,0,42.4144490559896,0,0,0,28.615234375,0,0,0,46.9129753112793,0,0,0,0,0,0,0,6.82329287131627,0,3.57500303875316,0,3.43009574072702,57.5326805114746,0,0,0,0,0,0,0,0,0,0,0,0,0,0,0,57.1481037139893,0,0,0,9.65301057270595,0,14.6455572259192,41.206356048584,0
0,0,0,0,0,0,0,0,0,0,0,0,0,0,0,0,0,0,0,0,0,0,0,0,0,0,0,0,0,0,0,0,0,0,0,0,0,0,0,0,0,0,0,0,0,0,0,0,0,0,0,0,0,0,0,0,0,0,0,0,0,0,0,0,0,0,0,0,0,0,0,0,0,0,0,0,0,0,0,0,0,0,0,0,0,0,0
0,0,0,0,0,0,0,2.86230580721583,0,0,0,0,0,0,0,0,0,0,0,0,0,0,0,0,0,0,0,0,0,0,0,0,0,0,0,0,0,0,0,0,0,0,0,0,0,0,0,0,0,0,0,0,0,0,0,0,0,0,0,0,0,0,0,0,0,0,0,0,0,0,0,0,0,0,0,0,0,0,0,0,0,0,2.86875116825104,0,0,0,0
8.65635149772853,0,5.05938960735063,0,2.75114274024963,0,0,0,4.89346600956999,0,0,0,0,0,0,0,0,0,0,0,0,0,0,0,9.29476672563797,0,3.77839398384094,0,0,0,0,0,0,0,20.6115894317627,0,0,0,7.58545557570784,0,47.4541244506836,0,13.3366195360819,0,0,0,0,22.1614284515381,7.89595654606819,0,0,0,0,0,0,0,0,0,0,0,0,0,0,0,0,0,0,6.61099728085529,0,3.7085737362504,0,0,0,0,0,0,0,0,0,0,0,6.13024032991485,4.36511863692332,0,9.7623845837333,0,0
0,6.64114507379016,0,6.61731988588969,0,2.96098952943628,0,0,0,4.40603943554203,0,0,0,0,0,6.01848225376823,0,0,0,0,0,0,0,5.16700600385666,0,0,0,0,0,0,0,0,0,0,0,0,0,9.36706910407489,0,0,0,18.2228780428569,0,0,0,0,0,0,0,11.3387160958915,0,0,0,0,0,0,0,0,0,0,0,7.89259889930676,45.3122978210449,0,0,0,5.76980294665294,0,0,0,0,0,0,0,0,0,0,0,39.7029876708984,0,9.9342473819579,0,4.75980496028113,0,11.2099644441605,0,0
0,0,22.9797997136488,0,37.3354338132418,0,0,0,0,0,4.91121844261904,0,0,0,0,0,55.4411325454712,60.2636807759603,36.9200736999512,0,4.92599730324327,0,0,0,0,0,0,0,0,0,10.0205084482829,0,0,0,0,0,3.8601032606626,0,3.02712933844831,81.7926712036133,50.4233401162284,0,16.4170943638489,52.6634178161621,24.4007225614606,69.8984222412109,18.2482427129682,0,41.6113028434607,0,0,0,0,0,0,0,0,0,0,0,0,0,0,15.1555486117617,0,0,0,0,0,0,0,2.93261313438416,0,7.3120409094769,0,0,0,0,84.7806625366211,37.9277503973622,0,19.9364887237549,18.8432793288848,0,9.47296069841832,0,15.0608845619445
0,0,0,14.3397325575352,0,2.92236232757568,0,4.74892127513885,0,0,0,4.9496324689094,0,3.83391174940559,0,0,64.2317123413086,72.6323852539062,35.9572530973942,17.3592174649239,0,0,0,0,0,0,0,3.48327279090881,0,3.20995317186628,0,0,0,0,0,24.7301120758057,0,3.91335214444292,0,41.7178973536338,73.923267364502,18.0837124460936,40.2609882354736,26.877521276474,0,18.1068679491679,0,31.765157699585,0,26.4534264696323,0,6.82329287131627,0,0,0,0,0,0,0,3.66555824390678,0,4.11266994476318,9.93640920835383,0,0,0,0,0,0,0,0,0,8.26693601366689,0,0,0,0,0,36.8773091834361,76.4637349446615,12.8866212638705,0,12.632528610111,30.156071472168,10.5149730880981,16.1914041404724,0
0,0,4.18052630424499,0,0,0,0,0,0,0,0,0,0,0,0,0,0,0,0,0,0,0,0,0,0,0,0,0,0,0,0,0,0,0,0,0,0,0,0,0,0,0,0,0,0,0,0,0,0,0,0,0,0,0,0,0,0,0,0,0,4.0558415055275,0,0,0,0,0,0,0,0,8.05727796823206,0,8.86340513794046,0,0,0,0,0,0,0,0,0,0,2.96747100353241,0,0,0,0
0,0,0,3.85770591024006,0,0,0,0,0,0,0,2.82768836021423,0,3.42137394974765,0,7.59525022443557,0,0,0,0,0,0,0,0,0,0,0,0,0,0,0,0,0,0,0,0,0,0,0,0,0,0,0,0,0,0,0,0,0,0,0,3.57500303875316,0,0,0,0,0,3.66555824390678,0,0,0,5.85627641590363,0,0,0,0,0,0,0,0,3.74583524164527,0,0,0,0,0,0,0,0,0,0,0,2.87417697906494,0,8.17921861012777,0,0
0,0,0,0,0,0,0,0,0,0,0,0,2.7279908657074,0,2.73397970199585,0,0,0,0,0,0,0,0,0,0,0,0,0,0,0,0,0,0,0,0,0,0,0,0,0,0,0,0,0,0,0,0,0,9.51015377044678,0,0,0,0,0,0,0,0,0,4.0558415055275,0,0,0,0,0,0,0,0,0,0,3.39056062698364,0,0,0,0,0,0,0,0,0,0,0,0,3.15717825889587,0,0,0,0
0,10.3011040210724,0,5.95430084360324,0,2.75479865074158,0,0,0,6.11352390713162,0,0,0,0,0,9.44226722717285,0,0,0,35.0623092651367,0,0,0,0,0,0,0,0,0,0,0,0,0,0,0,0,0,0,0,36.5241508483887,0,42.4898719787598,0,0,0,29.9277992248535,0,0,0,52.1803639729818,0,3.43009574072702,0,0,0,7.89259889930676,0,4.11266994476318,0,5.85627641590363,0,0,0,0,0,0,0,0,11.3881187438965,0,0,0,0,0,0,0,0,0,42.5373363494873,0,0,0,5.23865117132664,0,15.6662011411455,0,0
0,30.49538230896,74.2582092285156,27.8907916987384,0,16.4907852649689,0,0,0,0,85.2416534423828,5.39701535839301,0,0,0,0,71.2629893166678,68.5478031158447,46.9378118794759,8.36543365385128,0,0,0,0,0,0,0,0,0,0,0,0,0,0,0,6.51337095763377,0,7.90104883962923,0,25.0657444862133,69.6042716286399,22.1798180232076,67.0630944569906,32.5188179697309,61.9641761779785,16.0838732540075,85.6281483968099,0,0,37.5407885596866,0,57.5326805114746,0,0,0,45.3122978210449,0,9.93640920835383,0,0,0,0,0,0,0,0,0,0,0,0,0,0,19.4228219985962,0,0,0,0,0,11.3997653650438,79.9064551762172,9.20490200635192,86.264331817627,15.1874932895804,26.678072200102,17.3846057394157,18.4919726252556,70.7646026611328
0,0,24.1325557869925,0,25.2339207728704,0,0,0,0,0,6.48066304494672,0,0,0,0,0,60.9536360604422,71.3947591781616,49.9701843354988,0,7.18777261821853,0,0,0,0,0,0,0,0,0,0,0,0,0,0,0,7.83619736493512,0,10.7758169366353,69.8133850097656,12.290825542414,48.0964468002319,25.7535950501579,96.150520324707,35.7917591543759,75.4244775772095,18.5608871747899,0,29.0543841044108,0,0,0,0,0,0,0,15.1555486117617,0,0,0,0,0,0,0,0,0,0,0,0,0,0,0,0,25.4561912036333,0,0,0,0,79.9221289261528,13.0364583687144,0,19.6016430581522,20.553720067935,96.2955093383789,14.7584828120574,69.2966995239258,31.4312461853027
0,0,0,0,0,0,0,0,0,0,0,0,0,0,0,19.439416885376,30.7303618262796,10.6558959056746,48.5633640289307,0,0,5.12457821095322,4.04433107376099,5.76802909280371,0,5.50249236746679,0,2.97616440909249,0,0,0,0,0,0,0,0,0,7.59097836333323,0,0,0,0,0,0,0,0,0,0,0,7.57950067520142,0,0,0,0,0,0,0,0,0,0,0,0,0,0,0,0,4.32510328179852,0,0,0,3.27583774902838,0,0,0,0,0,0,0,0,77.7486724853516,5.93596552834839,0,7.09327222510826,0,0,0,0
0,0,0,0,0,0,0,0,0,0,0,0,0,0,0,0,10.3018732116481,26.0041728360312,55.5107332865397,0,0,5.46328936020533,4.64994108650762,0,5.60542415983883,0,3.21191905892414,0,3.25524895531791,0,0,0,0,0,0,0,0,0,8.13068203382854,0,0,0,0,0,0,0,0,0,12.1376037686666,0,0,0,0,0,0,0,0,0,0,0,0,0,0,0,0,0,0,8.40121946744392,0,7.54976197185679,0,3.45010831438262,0,0,0,0,0,0,0,0,0,6.93169392162139,5.96571895733378,4.44211931147818,0,0,0
0,0,0,0,0,0,0,0,0,4.10044646263123,0,0,0,0,0,0,0,0,0,0,0,4.90890749548651,0,4.33624836859496,0,3.04078811407089,0,0,0,0,0,0,0,0,0,0,0,5.10507554947575,0,0,0,0,0,0,0,0,0,0,0,6.40621511734925,0,0,0,0,0,5.76980294665294,0,0,0,0,0,0,0,0,4.32510328179852,0,0,0,3.59226632118225,0,4.35982656353067,0,10.4997568130493,0,0,0,0,0,0,0,4.96392015571849,0,2.92486757040024,0,5.84117175451393,0,0
0,0,0,0,0,0,0,0,3.99297897935771,0,0,0,0,0,0,0,12.9753101813488,39.9592189788818,31.3320976257324,0,0,0,7.24780252105311,31.7090482711792,4.31927301681234,0,3.36538516765549,0,0,0,0,0,0,0,0,0,0,0,8.44799786677464,0,0,0,16.2783207297325,0,0,0,0,20.8506401062012,6.60575121562154,0,0,0,0,0,6.61099728085529,0,0,0,0,0,0,0,0,0,0,8.40121946744392,0,0,0,4.04727918843189,0,0,0,0,0,0,0,0,0,0,0,6.25602566595558,5.7715361970763,0,4.99314333787605,0,0
0,0,0,0,0,0,0,0,0,0,0,0,0,0,0,7.36787462234497,0,5.05116697458121,0,0,0,3.46717126118509,0,0,0,3.4946205962788,0,3.30548020203908,0,0,0,0,0,0,0,0,0,0,0,0,0,0,0,0,0,0,0,0,0,0,0,0,0,0,0,0,0,0,0,0,0,11.3881187438965,0,0,0,0,3.59226632118225,0,0,0,0,0,0,0,0,0,0,0,0,0,0,0,9.41696398598807,0,0,0,0
0,0,0,0,0,0,0,0,0,0,0,0,2.92849627137184,0,0,0,3.36738085746765,0,0,0,0,0,11.8474646436757,0,0,0,3.17240428924561,0,0,0,0,0,0,0,0,0,0,0,0,0,0,0,0,0,0,0,0,0,0,0,0,0,0,0,3.7085737362504,0,0,0,8.05727796823206,0,3.39056062698364,0,0,0,0,7.54976197185679,0,4.04727918843189,0,0,0,2.73965215682983,0,0,0,0,0,0,0,0,0,0,3.23927468061447,0,0,0,0
0,0,0,0,0,0,0,0,0,0,0,0,0,2.73671507835388,0,21.3342342376709,0,0,0,0,0,2.92387823875134,0,5.13265603780746,0,3.23388560612996,0,3.61256318764399,0,0,0,0,0,0,0,0,0,3.40539602087993,0,0,0,0,0,0,0,0,0,0,0,6.59037247300148,0,0,0,0,0,0,0,0,0,3.74583524164527,0,0,0,0,3.27583774902838,0,4.35982656353067,0,0,0,0,0,6.69938204888584,0,0,0,0,0,0,0,5.53964570993253,0,3.52391898885686,2.9502694606781,0,0,0
0,0,0,0,0,0,0,0,0,0,3.06277291883122,0,0,0,0,0,0,0,0,0,0,0,4.09396173159281,0,0,0,2.74237298965454,0,3.41749353643874,0,2.94305074214935,0,0,0,0,0,0,0,5.59326321283976,0,0,0,0,0,0,0,0,0,9.29461438208818,0,0,0,0,0,0,0,2.93261313438416,0,8.86340513794046,0,0,0,0,0,0,3.45010831438262,0,0,0,2.73965215682983,0,0,0,11.2053270339966,0,0,0,20.6355953216553,0,0,0,8.36151123165393,2.84881031513214,2.9570484161377,0,0,0
0,0,0,32.2945775985718,0,0,0,0,0,0,0,4.00246002123906,0,0,0,0,0,0,30.6537173589071,0,0,0,0,5.96229557037354,0,0,0,3.57074583479133,0,6.07421462033505,0,0,0,0,0,0,0,4.33790742113905,0,0,0,9.40343889614631,0,20.7714405059814,0,18.783732686724,0,0,0,7.31008398085833,0,0,0,0,0,0,0,8.26693601366689,0,0,0,0,19.4228219985962,0,0,0,10.4997568130493,0,0,0,6.69938204888584,0,0,0,0,0,0,0,0,0,5.20436879111008,0,40.5068101882935,0,8.76132873349357,20.492591381073,0
0,0,30.0213810847356,0,39.7073215137829,0,0,0,0,0,3.81740220387777,0,0,0,0,0,69.0550549825033,56.5131034851074,37.415430236281,0,6.29141521453857,0,0,0,0,0,0,0,3.28147369882335,0,6.21576183125124,0,0,0,20.5997104644775,0,0,0,4.21831631660461,0,24.5619895741091,53.2279930114746,21.8353172282239,0,27.594303448995,0,22.7800390720367,0,20.5514626041535,0,0,0,0,0,0,0,7.3120409094769,0,0,0,0,0,0,25.4561912036333,0,0,0,0,0,0,0,11.2053270339966,0,0,0,0,0,77.9063491821289,0,49.8445167167514,0,7.0914726672137,32.8371759346553,0,9.6892219038049,0,18.6111626448455
0,0,0,0,0,0,0,0,0,0,0,0,0,0,0,0,0,0,0,0,0,0,0,0,0,0,0,0,0,0,0,4.91942917463208,7.39018387362936,0,6.2167364358902,3.97253431157863,0,0,0,0,0,0,0,0,0,0,0,5.69952406268992,14.8175099236625,5.05533489584923,0,0,0,0,0,0,0,0,0,0,0,0,0,0,0,0,0,0,0,0,0,0,0,0,0,11.1211111509107,2.75497388839722,0,3.86248096453391,18.1222220829555,0,0,4.70623198891362,0,0,0,0
0,0,0,0,0,0,0,0,0,0,0,0,0,0,0,0,0,0,0,0,0,0,0,0,0,0,0,0,0,0,0,10.6171020548791,5.14107640228793,0,12.7698704888744,0,9.72076330866132,0,0,0,0,0,0,0,0,0,0,5.77358781484822,3.22567804654439,0,0,0,0,0,0,0,0,0,0,0,0,0,0,0,0,0,0,0,0,0,0,0,0,0,11.1211111509107,0,0,4.92120953909982,17.8014469146729,7.80958137230572,0,0,5.64097571372986,0,0,0,0
0,0,0,0,0,0,0,0,0,0,0,0,0,0,0,0,0,0,0,0,0,0,0,0,0,0,0,0,0,0,0,0,3.79639824231466,4.04592671557369,5.54954871823711,2.79274044036865,0,7.53242417653402,0,0,0,0,0,0,0,0,0,4.8454624254104,0,0,0,0,0,0,0,0,0,0,0,0,0,0,0,0,0,0,0,0,0,0,0,0,0,0,2.75497388839722,0,0,6.55054899056752,0,0,7.34995246999632,0,3.57238914268185,3.33768471387716,11.7781610488892,0,0
0,0,58.9780731201172,0,0,0,0,0,0,0,0,0,0,0,0,0,0,0,0,0,0,0,0,0,0,0,0,0,0,0,0,6.41889572143555,5.6403738565934,4.29574457322204,3.73226785342893,0,4.69805669784546,0,4.21474865172644,0,0,0,0,0,0,0,0,6.2099738041052,12.4890673728216,14.7377080917358,0,0,0,0,0,0,0,0,0,0,0,0,0,0,0,0,0,0,0,0,0,20.6355953216553,0,77.9063491821289,0,4.92120953909982,6.55054899056752,0,0,5.24523477166674,0,4.36298301961242,4.93575004443226,0,8.57866973876953,0,0
0,32.5170977743048,67.0688049316406,37.2590504139662,0,33.8512537819999,0,0,56.6787910461426,0,0,5.22575192751847,0,0,0,0,69.3228857620903,64.490477644367,42.6018253152801,8.38302585207824,80.6750068664551,0,0,0,0,0,0,0,0,0,0,5.45443869322044,0,2.74647426605225,0,6.38076631908131,2.99105820140323,5.42487404839399,0,20.4648283752078,68.5434826560642,22.5156620269387,58.6159610112508,28.0651162165044,50.8656563077654,15.7891550088276,65.0745535956489,6.27422684424461,73.0842819213867,18.6010340856073,0,57.1481037139893,0,0,0,39.7029876708984,84.7806625366211,36.8773091834361,0,0,0,42.5373363494873,11.3997653650438,79.9221289261528,0,0,0,0,0,0,0,0,0,0,3.86248096453391,17.8014469146729,0,0,0,79.6367046879787,4.85564830993171,79.7238337198893,14.1248571292102,14.6748913996147,26.5271106077318,32.9240425878496,64.7017288208008
33.5265452278985,0,33.2256150679155,70.3390407562256,33.2985543092092,0,0,0,47.1023941040039,0,12.2418811378571,0,0,0,0,0,61.6904301976723,66.0138411552283,46.7825569266518,86.9249267578125,11.0989172632496,79.8178075154622,84.9387283325195,0,0,93.037483215332,0,0,0,0,0,19.3310522351946,9.54569428743318,0,3.72982703602832,3.03359295468812,6.56745352486828,0,20.7271336858923,79.0027329371526,31.3636214000574,53.0515997387114,28.8337083099818,56.1370409185236,28.635118068305,64.7952624729702,21.0398726516865,5.84265192863337,13.3637757148547,37.4501681761308,0,0,0,0,0,0,37.9277503973622,76.4637349446615,0,0,0,0,79.9064551762172,13.0364583687144,77.7486724853516,0,0,0,0,0,0,0,0,49.8445167167514,18.1222220829555,7.80958137230572,0,5.24523477166674,79.6367046879787,0,0,30.1936310133626,23.6129358197917,3.27625797476087,28.9950054157555,73.2965377807617,28.8374981077591
0,0,0,29.5417633056641,0,0,0,0,0,8.15100109135663,0,4.84933321914948,0,0,0,0,0,0,29.8298301696777,5.13557887918809,0,4.7723490578942,0,4.77417483390906,0,0,0,8.03513813018799,0,3.60133679372044,0,0,0,6.42763937022037,0,6.58947124981672,0,4.50449569248383,3.16709738969803,0,0,11.8839560624325,0,0,0,15.8498559296131,0,6.52184348652698,0,5.27283722196049,0,0,0,0,0,9.9342473819579,0,12.8866212638705,0,0,0,0,9.20490200635192,0,5.93596552834839,0,4.96392015571849,0,0,0,5.53964570993253,0,5.20436879111008,0,0,0,7.34995246999632,0,4.85564830993171,0,0,0,5.0455918455371,0,12.2454588955099,23.0858866373698,0
28.8797659873962,0,33.3019553631336,0,39.6674445152283,0,0,0,6.06565457677084,0,5.43043679630055,0,0,0,0,0,55.4306785859257,66.0976156754927,41.5987774915756,0,8.84123056668502,6.21899700164795,5.88218524260911,0,4.65651523056677,0,0,0,3.05262818336487,0,0,0,0,0,7.22916669769591,0,5.75019534653573,3.86408662796021,5.24512387683241,87.4154230753581,18.7010449318886,51.3623166765486,25.9135074140662,54.9072351455688,27.4858700216633,56.9833335876465,16.239844077405,8.56300558289178,8.42761739456806,21.2927417755127,0,0,0,0,6.13024032991485,0,19.9364887237549,0,0,0,0,0,86.264331817627,19.6016430581522,0,6.93169392162139,0,6.25602566595558,0,0,0,8.36151123165393,0,7.0914726672137,0,0,0,4.36298301961242,79.7238337198893,30.1936310133626,0,0,14.2761282271254,2.87840060889721,17.5196368095298,54.4287605285645,21.3974454110982
