0,0,14.6663088798523,0,39.1204051971436,0,0,0,11.7980950027704,0,0,0,0,0,0,0,0,0,0.421917304396629,0,0,0,0,0,0.5500717908144,0,0,0,0,0,0,0,0,0,0,0,0,0,3.46865567564964,0,0,0,38.1515589132905,0,0,0,0,1.82007326185703,6.55296498537064,0,0,0,0,0,24.1200410723686,0,0.545892469584942,0,0,0,10.9530272185802,0,0,0,0,0,0,0,0,0,0,0,0,2.31211521476507,0,0,0,0,0,0,0,0,7.22647123038769,0,206.469861343503,0,0
0,0,0,18.0675999522209,0,0,0,0,0,10.6026912629604,0,0,0,0,0,0,0,0,7.71548414230347,0,0,0,0,0,0,0,0,0,0,0,0,0,0,0,0,0,0,0,0,0,0,216.392643734813,0,0,0,0,0,0,0,238.828258752823,0,1.38953602313995,0,0,0,41.5608528852463,0,5.47710858285427,0,0.27280655503273,0,12.6781915724277,0.217793226242065,0,0,0,0,0,0,0,9.03838330507278,0,11.4506829530001,0,0,0,0,0,0.165919795632362,0,0,0,50.9054076820612,0,305.451559185982,10.2741758525372,0
14.6663088798523,0,0,0,4.68774175643921,0,0,0,4.08620202541351,0,0,0,0,0,0,0,0,0,1.48045874387026,0,0,0,0,0,0.855074681341648,0,0,0,0,0,0,0,0,0,0,0,4.56169362366199,0,4.45530622452497,0.404172211885452,3.89971834421158,1.33012342453003,58.3156559094787,0,0,16.2592949569225,62.0199647322297,0.156768068671227,22.148600295186,2.51510667800903,14.4020437598228,0,0,0,49.2456729933619,0,10.3992741331458,0,3.43363451957703,0,18.3708024024963,0,0,1.14812523126602,0,0,0,0,0,0,0,0,0,86.468013741076,0,0,0,0,0,19.2509250789881,0,1.20141315460205,53.9359754100442,4.90540191531181,380.661911062896,0,0.262820914387703
0,18.0675999522209,0,0,0,196.544686019421,0,0,0,4.65833276510239,0,6.97209495306015,0,0,0,0,0,0,0,0,0,0,0,0,0,0,0,0,0,0,0,0,0,0,0,5.41087293624878,0,0,0,0,0,56.1356745511293,0,0,0,0,0,0,0,104.256179571152,0,208.694541200995,0,0,0,24.1041888594627,0,30.5740112215281,0,21.5155654549599,0,27.5481226742268,8.53927734494209,0,0,0,0,0,0,0,9.52837000787258,0,31.0634958744049,0,0,0,0,0,31.5214113891125,0,0,0,59.2578210234642,0.87646484375,118.619614198804,0,0
39.1204051971436,0,4.68774175643921,0,0,0,1.36112296581268,0,1.16199481487274,0,0,0,0,0,14.3336417376995,0,0,0,0,0,46.7798509299755,0,0,0,0,0,0,0,0,0,0,0,0,0,0,0,29.2684767246246,0,0,0,0,0,0,0,0,4.81544971466064,0.892225205898285,0,0,0,364.803457200527,0,14.5572788715363,0,10.222559094429,0,8.49191549420357,0,20.0719783008099,0,40.5910307765007,0,0,18.7382093667984,0,0,0,0,0,0,0,0,0,0,0,0,0,0,0,21.4826127886772,0,0,26.1198829114437,1.66064381599426,31.1184242367744,0,0
0,0,0,196.544686019421,0,0,0,58.8740738928318,0,31.5658502578735,0,0,0,2.12431478500366,0,43.4932455718517,0,0,0,132.300442099571,0,0,0,0,0,0,0,0,0,0,0,0,0,0,0,6.56982377171516,0,0,0,0,0,0.341537535190582,0,0,0,0,0,0,0,10.4878709465265,0,142.149998039007,0,0,0,0,0,99.4748385250568,0,47.7841113358736,0,3.97509324550629,1.52331379055977,0,0,0,0,0,0,0,1.13906848430634,0,0,0,0,0,0,0,17.8358204364777,0,0,0,307.321793168783,95.9762863516808,117.711495622993,0,0
0,0,0,0,1.36112296581268,0,0,0,0,0,0,0,0,0,0,0,0,0,0,0,23.4419112801552,0,0,0,0,0,0,0,0,0,0,0,0,0,0,0,26.2256655246019,0,0,0,0,0,0,0,0,0,0,0,0,0,46.7087733745575,0,315.291139155626,0,0,0,5.29083603620529,0,11.5615247488022,0,0,0,0,6.56284284591675,0,0,0,0,0,0,0,0,0,0,0,0,0,0,0,44.034690991044,0,0,68.7820847630501,9.1565677523613,0,0,0
0,0,0,0,0,58.8740738928318,0,0,0,0,0,3.51935797929764,0,133.854017734528,0,0,0,0,0,50.2992750406265,0,0,0,0,0,0,0,0,0,0,0,0,0,0,0,71.8953958749771,0,0,0,0,0,0,0,0,0,0,0,0,0,0,0,141.1151650846,0,580.172694042325,0,0,0,245.227885738015,0,400.357828840613,0,0,6.63288497924805,0,0,0,0,0,0,0,0,0,0,0,0,0,0,0,3.43792176246643,0,0,0,91.1399318575859,1,0,0,0
11.7980950027704,0,4.08620202541351,0,1.16199481487274,0,0,0,0,0,0,0,0,0,23.3059757053852,0,81.1648939549923,0,15.2311475276947,0,0,0,0,0,133.022084504366,0,0,0,0,0,0,0,0,0,0,0,0,0,1.86940321326256,0,0,0,70.5769498944283,0,0,0,0,0,2.73653385043144,0,5.09961438179016,0,0,0,297.315154753625,0,3.12059153616428,0,0,0,5.76151114702225,0,0,0,0,0,0,93.9245390295982,0,0,0,0,0,14.0853455662727,0,0,0,0,0,2.68722748756409,0,6.41407400369644,218.518406659365,0,92.6862528398633,0,25.488773047924
0,10.6026912629604,0,4.65833276510239,0,31.5658502578735,0,0,0,0,0,0,0,0,0,49.5236824303865,0,64.9264582395554,5.72226741909981,0,0,0,0,61.7800031006336,0,0,0,0,0,0,0,0,0,0,0,0,0,17.5380860567093,0,0,0,104.510881751776,0,0,0,0,0,0,0,4.96188570559025,0,0,0,0,0,494.697974294424,0,5.44260507822037,0,0,0,55.5929334163666,0,0,0,0,103.498665377498,0,0,0,5.18637955188751,0,36.0377815663815,0,0,0,0,0,0.158051669597626,0,3.43901146948338,0,598.430668711662,192.309597611427,20.3185981214046,6.26148764789104,0
0,0,0,0,0,0,0,0,0,0,0,0,567.581213235855,0,0,0,0,0,0,0,681.926771998405,0,0,0,0,0,0,0,26.5201498270035,0,79.6314605176449,0,0,0,0,0,306.752356469631,0,460.483822524548,0,0,0,0,0,0,0,0,0,0,0,0.448628306388855,0,23.1752227544785,0,0,0,2169.09676004946,0,263.580321848392,0,0,0,0,151.024991646409,0,0,0,0,0,0,0,175.312293171883,0,134.494963474572,0,0,0,0,0,150.030309915543,0,91.9850270152092,148.501383781433,0,0.938582092523575,0,0
0,0,0,6.97209495306015,0,0,0,3.51935797929764,0,0,0,0,0,109.866479098797,0,0,0,0,0,159.513757228851,0,0,0,0,0,0,0,0,0,244.244276374578,0,0,0,0,0,268.869483947754,0,434.573309034109,0,0,0,0,0,0,0,0,0,0,0,0,0,0,0,1.89837974309921,0,0,0,2710.53875000775,0,198.761742115021,0,0,13.2677804082632,0,0,0,0,0,0,0,0,0,235.670745365322,0,0,0,0,0,11.6074288636446,0,71.7456773370504,0,355.831697016954,25.423916220665,0,0,0
0,0,0,0,0,0,0,0,0,0,567.581213235855,0,0,0,14.1293919086456,0,0,0,0,0,0,0,0,0,0,0,0,0,24.6686792373657,0,0,0,0,0,0,0,0,0,0,0,0,0,0,0,0,0,0,0,5.26599018275738,0,0,0,0,0,0,0,122.090089187026,0,671.875904858112,0,49.1176248192787,0,0,0,0,0,0,0,0,0,0,50.1080466508865,0,0,0,0,0,0,0,0,0,0,253.833596229553,219.322542309761,4.23795728385448,0,0
0,0,0,0,0,2.12431478500366,0,133.854017734528,0,0,0,109.866479098797,0,0,0,95.3682133257389,0,0,0,0,0,0,0,0,0,0,0,0.380630910396576,0,0,0,0,0,0,0,0,0,0,0,0,0,0,0,0,0,0,0,0,0,0,0,0,0,0.686240673065186,0,0,0,6.72915196418762,0,1159.47662717104,0,74.354994982481,0,0,0,0,0,0,1.12418009340763,0,6.0104324221611,0,0,0,0,0,0,0,0,0,0,0,516.547239899635,303.800305604935,0,0,0
0,0,0,0,14.3336417376995,0,0,0,23.3059757053852,0,0,0,14.1293919086456,0,0,0,3.9950584769249,0,0,0,0,0,0,0,2.52090131491423,0,0,0,31.0159239768982,0,0,0,0,0,0,0,0,0,0,0,0,0,0,0,0,0,0,0,0.367037713527679,0,5.74695819616318,0,0,0,32.2410603910685,0,0,0,4.63240876793861,0,214.983648478985,0,0,0,0,0,0,14.0946084335446,0,2,0,0,0,0,0,0,0,0,0,0,0,0.146252006292343,46.5974010229111,14.6994051933289,2.95802745223045,0,0
0,0,0,0,0,43.4932455718517,0,0,0,49.5236824303865,0,0,0,95.3682133257389,0,0,0,62.8353130221367,0,0,0,0,0,28.10498046875,0,9.75556349754333,0,0,0,0,0,0,0,0,0,0,0,1.61122006177902,0,0,0,0,0,0,0,0,0,0,0,0,0,20.0210797786713,0,0,0,6.79470053315163,0,0,0,1.82278719544411,0,533.515107616782,0,0,0,0,52.6817203909159,0,2.15797996520996,0,0,0,0,0,0,0,0,0,0,0,0,0,257.287254303694,432.851810574532,0,0,0
0,0,0,0,0,0,0,0,81.1648939549923,0,0,0,0,0,3.9950584769249,0,0,7365.54421651363,2968.95234689116,0,0,0.92329615354538,779.68683296442,1.23404467105865,159.608720615506,4.95399507880211,431.436742514372,0,2.3756160736084,0,0,0,0,0,0,0,0,0,1.07566826045513,3.0206087231636,36.6115514263511,18.0627522468567,109.875004991889,3.93550355732441,1.76095160096884,16.0173995792866,52.8054768741131,0,0.141640812158585,0,0,0,0,0,11.9613614082336,0,1.17221608757973,0.723122358322144,0,0,0,0,0,0.14330118894577,3.99937796592712,473.63847695291,93.9263983219862,112.854127421975,0,81.4494127929211,0,0,2.01640498638153,10.0967073068023,0,0,0,0,11.2758707404137,45.8115704879165,0,0,3283.61924298108,2593.92214034498,428.465976849198,3.48505306243896,28.105256035924
0,0,0,0,0,0,0,0,0,64.9264582395554,0,0,0,0,0,62.8353130221367,7365.54421651363,0,3657.84264884889,0,0,171.310239627957,44.8570010215044,0,72.0751612335443,467.690123796463,12.6957566738129,6.8425330966711,0,0,0,0,0,0,0,0,0,0,0,11.1975340694189,2.52870643138885,343.227239280939,2.80183010548353,13.0673117786646,1.25479091703892,32.2462604492903,3.73103438317776,0,0,2.25568947196007,0,0,0,0,0,73.5114188790321,0.256634831428528,7.0907297283411,0,3.8558461368084,0,17.7656353116035,9.56813627481461,0.135270997881889,1.73620116710663,15.3141099512577,20.3996069133282,26.8105013370514,3.4969342648983,1.5799300968647,6.74610888957977,0,76.9569887667894,1.11457368731499,0,0,0,0,38.8594535365701,24.0663358718157,0,0,2322.13382980973,2476.8563234061,324.228986591101,112.277817107737,1.02485358715057
0.421917304396629,7.71548414230347,1.48045874387026,0,0,0,0,0,15.2311475276947,5.72226741909981,0,0,0,0,0,0,2968.95234689116,3657.84264884889,0,0,0,1.24015180766582,0.2791807949543,0,4.83591890335083,5.84680208563805,0,0.302302241325378,0,0,0,0,0,0,0,0,0.990306682884693,0.160708159208298,0,234.496599569917,161.980391189456,733.344429686666,273.287780676037,167.844658195972,14.4293981492519,338.764654129744,478.04060613364,0,2.93749721348286,8.38684383034706,0,0,0,0,0,0,4.36541007459164,16.5872388631105,0,1.66965115070343,0,0,50.6598676890135,0.641670495271683,0,0,0,0,3.65800833702087,0,14.7770176976919,0,122.202713757753,46.9630465060472,0,0,0,0,792.584276899695,325.55172766,0,0,974.391612928361,15.252171985805,2947.52130332589,134.302313968539,117.212102077901
0,0,0,0,0,132.300442099571,0,50.2992750406265,0,0,0,159.513757228851,0,0,0,0,0,0,0,0,0,0,0,0,0,0,0,0,0,0,0,0,0,0,0,945.812372729182,0,56.2665830850601,0,0,0,0,0,0,0,14.1034778058529,0,0,0,0,0,0,0,0,0,0,0,168.667437463999,0,0.529736340045929,0,0,1454.9292390123,0,0,0,0,0,0,0,0,0,41.4968241453171,0,0,0,0,0,119.91141948849,0,45.3731755912304,0,219.185979694128,6.4222324192524,29.4603177756071,0,0
0,0,0,0,46.7798509299755,0,23.4419112801552,0,0,0,681.926771998405,0,0,0,0,0,0,0,0,0,0,0,0,0,0,0,0,0,0,0,0,0,0,0,0,0,564.511235609651,0,0,0,0,0,0,0,0,0,1.85504293441772,0,0,0,37.0696292817593,0,0.87189644575119,0,0,0,68.6773623973131,0,0,0,0,0,0,476.128931984305,0,0,0,0,0,0,0,0,0,0,0,0,0,0,0,79.1478680446744,0,0,211.489938735962,0,36.9912487268448,0,0
0,0,0,0,0,0,0,0,0,0,0,0,0,0,0,0,0.92329615354538,171.310239627957,1.24015180766582,0,0,0,10.6102043390274,23.0577200055122,0,18.5565306544304,0,9.64479005336761,0,0,0,0,0,0,0,0,0,547.514504492283,116.343658089638,0,0,0,0,0,0,0,0,0,0,43.7181813716888,0,0,0,0,0,0,0,0,0,0,0,0,0,0,3231.78391209245,13.3822331428528,3.35506129264832,0,0,0,7.97394360601902,0,0,0,0,0,0,0,0,0,235.138574033976,10.2143778800964,282.920915663242,23.299030944705,0,0,0
0,0,0,0,0,0,0,0,0,0,0,0,0,0,0,0,779.68683296442,44.8570010215044,0.2791807949543,0,0,10.6102043390274,0,0,12.5829116255045,0,31.1425038576126,0,3.29635035991669,0,0,0,0,0,0,0,0,0,539.531400874257,0,0,0,0.12938791513443,0,0,0,0,0,0,0,0,0,0,0,0,0,0,0,0,0,0,0,0,0,5.16462600231171,2030.924249053,0.315703094005585,4.42903590202332,0,4.19090056419373,0,5.13407862186432,0,0,0,0,0,0,0,0,0,152.246781766415,399.409064799547,144.032524287701,18.8444148302078,0,0
0,0,0,0,0,0,0,0,0,61.7800031006336,0,0,0,0,0,28.10498046875,1.23404467105865,0,0,0,0,23.0577200055122,0,0,0,176.777016371489,0,0,0,0,0,0,0,0,0,0,0,250.531019732356,0,0,0,8.5990823507309,0,0,0,0,0,0,0,4.87176221609116,0,0,0,0,0,68.0505476742983,0,0.233198404312134,0,0,0,10.2775281071663,0,0,59.6404988616705,0,385.430323660374,0,19.6150574684143,0,0,0,0,0,0,0,0.845822632312775,0,0,0,25.8618097305298,0,45.6016004085541,0,2.94115847349167,0,0
0.5500717908144,0,0.855074681341648,0,0,0,0,0,133.022084504366,0,0,0,0,0,2.52090131491423,0,159.608720615506,72.0751612335443,4.83591890335083,0,0,0,12.5829116255045,0,0,0,70.5393143892288,0,0,0,0,0,0,0,0,0,0,0,398.035401195288,0,0,0.298047006130219,8.11973635852337,0,0,0,0,0,3.49438873678446,0,0,0,0,0,74.5452222377062,0,0,0,0,0,2.48647809773684,0,0,0,0,101.521388620138,0.416997581720352,477.581952378154,0,240.285852789879,0,0,0,2.62420770525932,0,0,0,7.12667216360569,0,0,0,105.454115569592,16.4250176250935,0.239514023065567,7.20303271710873,0,0.238536700606346
0,0,0,0,0,0,0,0,0,0,0,0,0,0,0,9.75556349754333,4.95399507880211,467.690123796463,5.84680208563805,0,0,18.5565306544304,0,176.777016371489,0,0,0,62.7114631831646,0,0,0,0,0,0,0,0,0,0,0,0,0,0.327644646167755,0,0,0,0,0,0,0,0,0,0,0,0,0,2.58468341827393,0,0,0,0.672184735536575,0,24.6297907829285,0,0,0,0,25.5734840035439,0,118.565589129925,0,0,0,0,0,0,0,0,0,0,0,0,0,7.33777102828026,9.56209503114223,0.171801909804344,0,0
0,0,0,0,0,0,0,0,0,0,0,0,0,0,0,0,431.436742514372,12.6957566738129,0,0,0,0,31.1425038576126,0,70.5393143892288,0,0,0,64.5417838692665,0,0,0,0,0,0,0,0,0,0,0,0,0,0,0,0,0,0,0,0,0,0,0,0,0,3.84951281547546,0,0,0,0,0,0,0,0,0,0,28.0578847527504,0,16.0971578359604,0,268.445060998201,0,14.0703297555447,0,0,0,0,0,0,0,0,0,0,13.1787927746773,2.52473422884941,0,0,0
0,0,0,0,0,0,0,0,0,0,0,0,0,0.380630910396576,0,0,0,6.8425330966711,0.302302241325378,0,0,9.64479005336761,0,0,0,62.7114631831646,0,0,0,157.582503914833,0,0,0,0,0,0,0,8.56182742118835,0,0,0,0,0,0,0,0,0,0,0,0,0,0,0,0,0,0,0,0,0,1.92652267217636,0,0,0,0,0,0,0,0,86.622599363327,0,843.328379333019,0,38.3004528284073,0,0,0,0,0,0,0,0,0,137.704029977322,279.297322511673,0,0,0
0,0,0,0,0,0,0,0,0,0,26.5201498270035,0,24.6686792373657,0,31.0159239768982,0,2.3756160736084,0,0,0,0,0,3.29635035991669,0,0,0,64.5417838692665,0,0,0,519.284223258495,0,0,0,0,0,0,0,44.1351281404495,0,0,0,0,0,0,0,0,0,0,0,0,0,0,0,0,0,0,0,0,0,6.20165014266968,0,0,0,0,1.65141594409943,0,0,0,2.95794156193733,0,109.514844477177,0,59.1059030294418,0,0,0,0,0,0,0,59.6366557776928,13.8094573020935,13.3343276977539,0,0,0
0,0,0,0,0,0,0,0,0,0,0,244.244276374578,0,0,0,0,0,0,0,0,0,0,0,0,0,0,0,157.582503914833,0,0,0,0,0,0,0,0,0,147.130322366953,0,0,0,0,0,0,0,0,0,0,0,0,0,0,0,0,0,0,0,76.6420285403728,0,0,0,0,0,0,0,0,0,0,0,0,87.825345158577,0,589.501797318459,0,0,0,0,0,0,0,0,0,399.67764005065,124.582529008389,0,0,0
0,0,0,0,0,0,0,0,0,0,79.6314605176449,0,0,0,0,0,0,0,0,0,0,0,0,0,0,0,0,0,519.284223258495,0,0,0,0,0,0,0,0,0,254.572255462408,0,0,0,0,0,0,0,0,0,0,0,0,0,0,0,0,0,3,0,0,0,0,0,0,0,0,0,0,0,0,0,0,17.7331874966621,0,220.565461039543,0,0,0,0,0,0,0,46.0085674524307,5.23870086669922,0,0,0,0
0,0,0,0,0,0,0,0,0,0,0,0,0,0,0,0,0,0,0,0,0,0,0,0,0,0,0,0,0,0,0,0,550.163333952427,98.4342734068632,10.2547413110733,94.4389684349298,143.922800958157,0,0,0,0,0,0,0,0,0,0,521.356363132596,0,0,0,0,0,0,0,0,0,0,0,0,0,0,0,0,0,0,0,0,0,0,0,0,0,0,402.37022960186,178.22932896018,106.426585748792,2.0502986907959,168.252830386162,112.354473024607,0,0,18.0140466690063,0,0,0,0
0,0,0,0,0,0,0,0,0,0,0,0,0,0,0,0,0,0,0,0,0,0,0,0,0,0,0,0,0,0,0,550.163333952427,0,0,143.737596184015,6.30479767918587,486.115777209401,0,0,0,0,0,0,0,0,0,0,1342.48641385138,7.91376078128815,19.8024476766586,0,0,0,0,0,0,0,0,0,0,0,0,0,0,0,0,0,0,0,0,0,0,0,0,262.859441280365,972.687783762813,0,148.593369558454,0,486.981462165713,0,0,37.3427075147629,0,0,0,0
0,0,0,0,0,0,0,0,0,0,0,0,0,0,0,0,0,0,0,0,0,0,0,0,0,0,0,0,0,0,0,98.4342734068632,0,0,1288.69876997173,117.952455788851,0,234.160100340843,1.63670992851257,0,0,0,0,0,0,0,0,1072.80047759414,0,0,0,0,0,0,0,0,0,0,0,0,0,0,0,0,0,0,0.653611421585083,0,0.157048150897026,0,3.51197196543217,0,0,0,62.827883258462,0,2025.58664030582,195.26526388526,31.8072737008333,0,366.423824429512,0,201.570158749819,0,0,0,0
0,0,0,0,0,0,0,0,0,0,0,0,0,0,0,0,0,0,0,0,0,0,0,0,0,0,0,0,0,0,0,10.2547413110733,143.737596184015,1288.69876997173,0,0,331.864076584578,2.43884325027466,151.472957909107,0,0,0.814064025878906,0,0,0,0,0,1409.40833106637,0,2.474025785923,0,0,0,0,0,0,0,0,0,0,0,0,0,0,0,0,0,0,0,0,0,0,0,0,0,48.7851967513561,1745.47169554234,1490.12331143022,0,127.499033287168,2.65761184692383,744.968849733472,109.14416885376,1.16153156757355,0,0,0
0,0,0,5.41087293624878,0,6.56982377171516,0,71.8953958749771,0,0,0,268.869483947754,0,0,0,0,0,0,0,945.812372729182,0,0,0,0,0,0,0,0,0,0,0,94.4389684349298,6.30479767918587,117.952455788851,0,0,1344.68877829611,2343.02115818858,140.322868674994,28.6522669047117,0,1.58473300933838,0,0,0,5.12674827873707,0,241.4525090307,0.63034600019455,0.716870948672295,0,0.222298488020897,0,0,0,0,0,125.414259135723,0,2.60250556468964,0,0,1277.56742332131,0,0,0,0,0,0,0,2.15238066017628,0,2.23177053034306,0,69.3236507624388,22.261851131916,192.842767611146,0,17407.507568799,1159.53981100023,1179.83706246316,0,2433.58937211335,497.714180707932,112.065858304501,0,0
0,0,4.56169362366199,0,29.2684767246246,0,26.2256655246019,0,0,0,306.752356469631,0,0,0,0,0,0,0,0.990306682884693,0,564.511235609651,0,0,0,0,0,0,0,0,0,0,143.922800958157,486.115777209401,0,331.864076584578,1344.68877829611,0,0,1740.39481148869,0,4.73209169507027,0,0,0,0,0,8.43061638623476,67.103731200099,1.43126919865608,0,7.5366350710392,0,1.72325837612152,0,0,0,215.515873715281,0,0.31229567527771,0,0,0,0,1070.83298332244,0,0,0,0,0,0,0,0,0,1.0288360118866,37.4064474701881,1097.79696559906,0,472.533713504672,915.506734907627,23405.8498191759,0,284.869663603604,2384.17327386141,893.078923910856,47.0181576311588,0,0
0,0,0,0,0,0,0,0,0,17.5380860567093,0,434.573309034109,0,0,0,1.61122006177902,0,0,0.160708159208298,56.2665830850601,0,547.514504492283,0,250.531019732356,0,0,0,8.56182742118835,0,147.130322366953,0,0,0,234.160100340843,2.43884325027466,2343.02115818858,0,0,225.978774160147,0,0,25.3665200769901,0,0,0,0,0,757.579555302858,0,149.267695963383,0,0.27875828742981,0,0,0,26.7699464857578,0,199.067541897297,0,0,0,2.43930485844612,0.305462270975113,0,395.565446257591,0,144.149913370609,0,1.47632314264774,0,10.9009815454483,0,748.313326656818,0,0,0,181.139935716987,0,812.300541937351,0,10319.5031049252,112.390523195267,838.059324070811,20.1124685704708,225.762030467391,0.264187276363373,0
3.46865567564964,0,4.45530622452497,0,0,0,0,0,1.86940321326256,0,460.483822524548,0,0,0,0,0,1.07566826045513,0,0,0,0,116.343658089638,539.531400874257,0,398.035401195288,0,0,0,44.1351281404495,0,254.572255462408,0,0,1.63670992851257,151.472957909107,140.322868674994,1740.39481148869,225.978774160147,0,0,0,0,6.49609515070915,0,0,0,0,130.815317481756,29.1110070794821,0.724090993404388,0,0,0,0,67.3799139708281,0,265.982581302524,0,0,0,0,0,0,1,77.1836154460907,563.965939745307,0,171.829014062881,0,0,0,1.01751506328583,0,38.3099301457405,0,0,50.6093701124191,345.174401089549,10.9504628181458,1832.67607972026,206.919396400452,11418.2323651314,943.700953394175,6.60399970412254,104.945079639554,0,0
0,0,0.404172211885452,0,0,0,0,0,0,0,0,0,0,0,0,0,3.0206087231636,11.1975340694189,234.496599569917,0,0,0,0,0,0,0,0,0,0,0,0,0,0,0,0,28.6522669047117,0,0,0,0,36.389436557889,923.50196069479,0.255582451820374,44.3496684357524,0,78.7331641167402,4.27978372573853,360.046703875065,248.492951780558,2047.89542710781,0,0,0,0,0,0,0,0,0,0,0,0,34.4139660298824,1.22711870074272,0,0,0,0,0,0,1.69002902507782,0,4.75022375583649,0,0,6.47655971348286,0,0,488.729999996722,9.50446107983589,0,0,28.1635875701904,2.87484414875507,1063.39749802649,8.63827675580978,0
0,0,3.89971834421158,0,0,0,0,0,0,0,0,0,0,0,0,0,36.6115514263511,2.52870643138885,161.980391189456,0,0,0,0,0,0,0,0,0,0,0,0,0,0,0,0,0,4.73209169507027,0,0,36.389436557889,0,0,173.563894376159,0.168109372258186,2.62712376564741,2.69283872842789,549.200336933136,92.122555911541,333.646900758147,49.1919907480478,0,0,0,0,0,0,0,0,0,0,0,0,0,4.13936015963554,0,0,0,0,0,0,0,0,0,0.611187160015106,0,9.39284773170948,0,0,0.49582464247942,773.617063701153,0,0,40.2057481333613,0.306478105485439,1445.36125548184,0,6.32432389259338
0,216.392643734813,1.33012342453003,56.1356745511293,0,0.341537535190582,0,0,0,104.510881751776,0,0,0,0,0,0,18.0627522468567,343.227239280939,733.344429686666,0,0,0,0,8.5990823507309,0.298047006130219,0.327644646167755,0,0,0,0,0,0,0,0,0.814064025878906,1.58473300933838,0,25.3665200769901,0,923.50196069479,0,0,308.746949091554,105.197222605348,0,538.305929645896,6.58498747646809,384.027633175254,0.127482011914253,959.569196462631,0,2.43020656704903,0,0,2.13578033447266,15.3476158678532,1.26129281520844,235.446311756968,0,71.7171524316072,0,9.05953474342823,122.286857679486,0.205338776111603,0,0,0,0,4.71832323074341,0,181.250533774495,0,719.333363547921,0.728432342410088,0,0,0,0,909.319449745119,4.86494167894125,0,0,1010.17417782545,20.3279565125704,3589.16893122345,829.061247006059,0.180569395422935
38.1515589132905,0,58.3156559094787,0,0,0,0,0,70.5769498944283,0,0,0,0,0,0,0,109.875004991889,2.80183010548353,273.287780676037,0,0,0,0.12938791513443,0,8.11973635852337,0,0,0,0,0,0,0,0,0,0,0,0,0,6.49609515070915,0.255582451820374,173.563894376159,308.746949091554,0,0.287621758878231,54.3226367235184,2.30746848881245,207.307643719018,275.727690607309,315.829756483436,14.5187124609947,0,0,0,0,8.07761430740356,0,50.002913415432,0,1.85842001438141,0,0,0,0,1.06941913068295,0,0,0,0,0,0,0,0,0,238.494954802096,0,0,0,0,0.676063850522041,75.5100154653192,0,1.58899295330048,734.834581814706,1.48567397147417,6300.475906156,0,770.718893170357
0,0,0,0,0,0,0,0,0,0,0,0,0,0,0,0,3.93550355732441,13.0673117786646,167.844658195972,0,0,0,0,0,0,0,0,0,0,0,0,0,0,0,0,0,0,0,0,44.3496684357524,0.168109372258186,105.197222605348,0.287621758878231,0,0,38.7995546460152,2.5963496118784,0,0,0,0,0,0,0,0,0,0,0,0,0,0,0,4.88447797298431,0,0,0,0,0,0,0,0,0,1.02156209945679,0,0,0,0,0,81.1996813118458,0,0,0,47.2235303968191,1.62261128425598,248.333802640438,9.14911812543869,0
0,0,0,0,0,0,0,0,0,0,0,0,0,0,0,0,1.76095160096884,1.25479091703892,14.4293981492519,0,0,0,0,0,0,0,0,0,0,0,0,0,0,0,0,0,0,0,0,0,2.62712376564741,0,54.3226367235184,0,0,0,12.213069498539,0,0,0,0,0,0,0,0,0,0,0,0,0,0,0,0,0,0,0,0,0,0,0,0,0,0,0,0,0,0,0,0,0.456798404455185,0,0,5.14485423266888,0.155061900615692,82.9054648578167,0,0
0,0,16.2592949569225,0,4.81544971466064,0,0,0,0,0,0,0,0,0,0,0,16.0173995792866,32.2462604492903,338.764654129744,14.1034778058529,0,0,0,0,0,0,0,0,0,0,0,0,0,0,0,5.12674827873707,0,0,0,78.7331641167402,2.69283872842789,538.305929645896,2.30746848881245,38.7995546460152,0,0,16.5144695043564,0,0,3.79877713322639,0,0,0,0,0.183090373873711,0,2.53903031349182,2.35633131861687,3.65658760070801,0,3.83141565322876,0,1414.12520140409,0.817969024181366,0,0,0,0,0,0,0,0,5.65152382850647,1.01909202337265,0,0,0,0,891.745852641761,0.517043173313141,0,0,89.1072581261396,19.9460099637508,1085.94968169183,5.88866230845451,0
0,0,62.0199647322297,0,0.892225205898285,0,0,0,0,0,0,0,0,0,0,0,52.8054768741131,3.73103438317776,478.04060613364,0,1.85504293441772,0,0,0,0,0,0,0,0,0,0,0,0,0,0,0,8.43061638623476,0,0,4.27978372573853,549.200336933136,6.58498747646809,207.307643719018,2.5963496118784,12.213069498539,16.5144695043564,0,0.281407117843628,7.91858272999525,0.585019171237946,2.09637454152107,0,0,0,6.91036430001259,0,6.61648498475552,0,2.25660490989685,0,0.496571898460388,0,0,578.011982187629,0,0,0,0,0,0,0,0,0,17.2148254960775,0,0,0,0,4.24464723467827,1216.36529425532,0,0,212.286293059587,4.76145128905773,2046.57853533328,0,5.13219349086285
1.82007326185703,0,0.156768068671227,0,0,0,0,0,0,0,0,0,0,0,0,0,0,0,0,0,0,0,0,0,0,0,0,0,0,0,0,521.356363132596,1342.48641385138,1072.80047759414,1409.40833106637,241.4525090307,67.103731200099,757.579555302858,130.815317481756,360.046703875065,92.122555911541,384.027633175254,275.727690607309,0,0,0,0.281407117843628,0,807.274540901184,2224.28422878683,0,0,0,0,0,0,0,0,0,0,0,0,0,0,0.88006329536438,0,0,0,0,0,10.3206978440285,0,1.44573521614075,0,105.240850284696,1102.24182158709,756.921572819352,510.392891049385,865.220952391624,4472.33193950355,1435.65225230157,146.300627604127,1100.09662845731,16.6141369044781,1196.45258148015,1.02977752685547,0.300219565629959
6.55296498537064,0,22.148600295186,0,0,0,0,0,2.73653385043144,0,0,0,5.26599018275738,0,0.367037713527679,0,0.141640812158585,0,2.93749721348286,0,0,0,0,0,3.49438873678446,0,0,0,0,0,0,0,7.91376078128815,0,0,0.63034600019455,1.43126919865608,0,29.1110070794821,248.492951780558,333.646900758147,0.127482011914253,315.829756483436,0,0,0,7.91858272999525,807.274540901184,0,1365.8117467165,0,0,0,0,2.02402504533529,0,10.3720206096768,0,24.2452495247126,0,3.57063694298267,0,0,0.477128088474274,0,0.465904861688614,0,0,0,57.8329453468323,0,35.6306382119656,0,32.3175523802638,0,112.028446003795,0,0,0.801809430122375,796.062621831894,0,137.456421859562,80.3694368079305,0,555.167491592467,0,0.284004546701908
0,238.828258752823,2.51510667800903,104.256179571152,0,10.4878709465265,0,0,0,4.96188570559025,0,0,0,0,0,0,0,2.25568947196007,8.38684383034706,0,0,43.7181813716888,0,4.87176221609116,0,0,0,0,0,0,0,0,19.8024476766586,0,2.474025785923,0.716870948672295,0,149.267695963383,0.724090993404388,2047.89542710781,49.1919907480478,959.569196462631,14.5187124609947,0,0,3.79877713322639,0.585019171237946,2224.28422878683,1365.8117467165,0,0.271772116422653,37.3145270049572,0,0,0,2.82511210441589,0,61.7123058885336,0,84.0201666653156,0,130.272823497653,4.33645930886269,0.20541650056839,99.7344445735216,0,19.6143289506435,0,109.984890207648,0,221.593946099281,0,117.906384781003,0,0,81.8594795912504,0.579562976956367,0,247.763576343656,133.990900948644,232.74187092483,0,186.121444195509,1.22632578015327,1421.13260957599,9.30620807409286,0
0,0,14.4020437598228,0,364.803457200527,0,46.7087733745575,0,5.09961438179016,0,0.448628306388855,0,0,0,5.74695819616318,0,0,0,0,0,37.0696292817593,0,0,0,0,0,0,0,0,0,0,0,0,0,0,0,7.5366350710392,0,0,0,0,0,0,0,0,0,2.09637454152107,0,0,0.271772116422653,0,0,48.4811121225357,0,0,0,31.5267804265022,0,46.5883086323738,0,33.1999170780182,0,0,30.0814695060253,0,0,0,0,0,0,0,0,0,0,0,0,0,0,0,13.3621702939272,0,0,143.618516519666,0.222663596272469,140.468320831656,0,0
0,1.38953602313995,0,208.694541200995,0,142.149998039007,0,141.1151650846,0,0,0,0,0,0,0,20.0210797786713,0,0,0,0,0,0,0,0,0,0,0,0,0,0,0,0,0,0,0,0.222298488020897,0,0.27875828742981,0,0,0,2.43020656704903,0,0,0,0,0,0,0,37.3145270049572,0,0,0,0,0,0,0,135.611312404275,0,106.416480273008,0,4.46624019742012,0.834542542695999,0,0,0,0,0,0,0,0,0,0.257635146379471,0,0,0,0,0,2.10196955502033,0,0,0,29.2395381182432,8.81511059403419,51.8669580817223,0,0
0,0,0,0,14.5572788715363,0,315.291139155626,0,0,0,23.1752227544785,0,0,0,0,0,0,0,0,0,0.87189644575119,0,0,0,0,0,0,0,0,0,0,0,0,0,0,0,1.72325837612152,0,0,0,0,0,0,0,0,0,0,0,0,0,48.4811121225357,0,0,0,0,0,312.352339297533,0,1.24424535036087,0,0,0,0,1.0144305229187,0,0,0,0,0,0,0,0,0,0,0,0,0,0,0,36.1192990541458,0,0,16.8233908414841,0,0,0,0
0,0,0,0,0,0,0,580.172694042325,0,0,0,1.89837974309921,0,0.686240673065186,0,0,0,0,0,0,0,0,0,0,0,0,0,0,0,0,0,0,0,0,0,0,0,0,0,0,0,0,0,0,0,0,0,0,0,0,0,0,0,0,0,0,0,245.91395932436,0,156.64626263082,0,0,0,0,0,0,0,0,0,0,0,0,0,0,0,0,0,0,0,0,0,0,52.3796209096909,0,0,0,0
24.1200410723686,0,49.2456729933619,0,10.222559094429,0,0,0,297.315154753625,0,0,0,0,0,32.2410603910685,0,11.9613614082336,0,0,0,0,0,0,0,74.5452222377062,0,3.84951281547546,0,0,0,0,0,0,0,0,0,0,0,67.3799139708281,0,0,2.13578033447266,8.07761430740356,0,0,0.183090373873711,6.91036430001259,0,2.02402504533529,0,0,0,0,0,0,0,9.89043724536896,0,0.352255761623383,0,140.171557545662,0,0,0.965519636869431,0,0,0,325.810958743095,0,26.82515001297,0,0,0,7.05530345439911,0,0,0,0,0,0,0,275.655896164477,18.5005468726158,0,180.666826784611,0,0
0,41.5608528852463,0,24.1041888594627,0,0,0,0,0,494.697974294424,0,0,0,0,0,6.79470053315163,0,73.5114188790321,0,0,0,0,0,68.0505476742983,0,2.58468341827393,0,0,0,0,0,0,0,0,0,0,0,26.7699464857578,0,0,0,15.3476158678532,0,0,0,0,0,0,0,2.82511210441589,0,0,0,0,0,0,0,0,0,0,0,157.481486976147,0.218436494469643,0,0,0,327.734159067273,0,0,0,0.28211036324501,0,2.28322544693947,0,0,0,1.5890906304121,0,0,0,67.6451733112335,0,93.0029251873493,3.50261706113815,3.50053575634956,0,0
0.545892469584942,0,10.3992741331458,0,8.49191549420357,0,5.29083603620529,0,3.12059153616428,0,2169.09676004946,0,122.090089187026,0,0,0,1.17221608757973,0.256634831428528,4.36541007459164,0,68.6773623973131,0,0,0,0,0,0,0,0,0,3,0,0,0,0,0,215.515873715281,0,265.982581302524,0,0,1.26129281520844,50.002913415432,0,0,2.53903031349182,6.61648498475552,0,10.3720206096768,0,31.5267804265022,0,312.352339297533,0,9.89043724536896,0,0,0,763.151213496923,0,10.1683171093464,0,0,528.546136364341,0,0,0,0,0,0,0,990.001409709454,0,322.794842883945,0,0,0,0,0,44.9442374706268,0,6.86027210950851,387.341522626579,3.50784702599049,848.614313878119,0,1.90859544277191
0,5.47710858285427,0,30.5740112215281,0,99.4748385250568,0,245.227885738015,0,5.44260507822037,0,2710.53875000775,0,6.72915196418762,0,0,0.723122358322144,7.0907297283411,16.5872388631105,168.667437463999,0,0,0,0.233198404312134,0,0,0,0,0,76.6420285403728,0,0,0,0,0,125.414259135723,0,199.067541897297,0,0,0,235.446311756968,0,0,0,2.35633131861687,0,0,0,61.7123058885336,0,135.611312404275,0,245.91395932436,0,0,0,0,0,444.087867155671,0,18.4670065045357,473.742369383574,0,0,0,0,0,0,0,389.382627919316,0,781.508904762566,0,0,0,0,0,109.960512712598,0,8.58176928758621,0,232.691589459777,2.76444804668427,306.298922330141,3.30527132749557,0
0,0,3.43363451957703,0,20.0719783008099,0,11.5615247488022,0,0,0,263.580321848392,0,671.875904858112,0,4.63240876793861,0,0,0,0,0,0,0,0,0,0,0,0,0,0,0,0,0,0,0,0,0,0.31229567527771,0,0,0,0,0,1.85842001438141,0,0,3.65658760070801,2.25660490989685,0,24.2452495247126,0,46.5883086323738,0,1.24424535036087,0,0.352255761623383,0,763.151213496923,0,0,0,64.8916426450014,0,0,1.67573717236519,0,0,0,0,0,0,0,529.830701202154,0,0.623741552233696,0,0,0,0,0,1.12392365932465,0,0,344.572225764394,81.7502294480801,84.1843750327826,0,0
0,0.27280655503273,0,21.5155654549599,0,47.7841113358736,0,400.357828840613,0,0,0,198.761742115021,0,1159.47662717104,0,1.82278719544411,0,3.8558461368084,1.66965115070343,0.529736340045929,0,0,0,0,0,0.672184735536575,0,1.92652267217636,0,0,0,0,0,0,0,2.60250556468964,0,0,0,0,0,71.7171524316072,0,0,0,0,0,0,0,84.0201666653156,0,106.416480273008,0,156.64626263082,0,0,0,444.087867155671,0,0,0,83.5084311068058,40.2325530648232,0,0,0,0,0,107.004508033395,0,132.162489518523,0,25.6789465546608,0,0,0,0,0,20.7826083749533,0,0,0,176.763217374682,29.98432970047,231.690947160125,3.7453675866127,0
10.9530272185802,0,18.3708024024963,0,40.5910307765007,0,0,0,5.76151114702225,0,0,0,49.1176248192787,0,214.983648478985,0,0,0,0,0,0,0,0,0,2.48647809773684,0,0,0,6.20165014266968,0,0,0,0,0,0,0,0,0,0,0,0,0,0,0,0,3.83141565322876,0.496571898460388,0,3.57063694298267,0,33.1999170780182,0,0,0,140.171557545662,0,10.1683171093464,0,64.8916426450014,0,0,0,0,0,0,0,0,16.8022506013513,0,1.08347243070602,0,3.08410710096359,0,0.623534500598907,0,0,0,0,0,0.32633712887764,0,0.45727002620697,19.2010175436735,0.546302139759064,45.4932882189751,0,0
0,12.6781915724277,0,27.5481226742268,0,3.97509324550629,0,0,0,55.5929334163666,0,0,0,74.354994982481,0,533.515107616782,0,17.7656353116035,0,0,0,0,0,10.2775281071663,0,24.6297907829285,0,0,0,0,0,0,0,0,0,0,0,2.43930485844612,0,0,0,9.05953474342823,0,0,0,0,0,0,0,130.272823497653,0,4.46624019742012,0,0,0,157.481486976147,0,18.4670065045357,0,83.5084311068058,0,0,2.11934757232666,0,0,0,11.6027861088514,0,4.58532500267029,0,4.81180964410305,0,5.41465505957603,0,0,0,0,0,0,0,0.448875144124031,0,100.977615892887,116.690160006285,81.836272418499,1.17000591754913,0
0,0.217793226242065,0,8.53927734494209,0,1.52331379055977,0,6.63288497924805,0,0,0,13.2677804082632,0,0,0,0,0,9.56813627481461,50.6598676890135,1454.9292390123,0,0,0,0,0,0,0,0,0,0,0,0,0,0,0,1277.56742332131,0,0.305462270975113,0,34.4139660298824,0,122.286857679486,0,4.88447797298431,0,1414.12520140409,0,0,0,4.33645930886269,0,0.834542542695999,0,0,0,0.218436494469643,0,473.742369383574,0,40.2325530648232,0,2.11934757232666,0,0,0,0,0,0,0,0,125.055077880621,0,487.541697442532,0,0,0,0,0,962.602047026157,0,0,0,204.713541686535,0.193176537752151,768.277633547783,3.85666121542454,0
0,0,1.14812523126602,0,18.7382093667984,0,6.56284284591675,0,0,0,151.024991646409,0,0,0,0,0,0.14330118894577,0.135270997881889,0.641670495271683,0,476.128931984305,0,0,0,0,0,0,0,0,0,0,0,0,0,0,0,1070.83298332244,0,1,1.22711870074272,4.13936015963554,0.205338776111603,1.06941913068295,0,0,0.817969024181366,578.011982187629,0,0.477128088474274,0.20541650056839,30.0814695060253,0,1.0144305229187,0,0.965519636869431,0,528.546136364341,0,1.67573717236519,0,0,0,0,0,0,0,0,0,0,0,0,0,0,48.0389191359282,0,0,0,0,0,1243.22233909369,0,1.81917090713978,334.838977977633,28.2531073093414,1185.57747357339,0,0
0,0,0,0,0,0,0,0,0,0,0,0,0,0,0,0,3.99937796592712,1.73620116710663,0,0,0,3231.78391209245,5.16462600231171,59.6404988616705,0,0,0,0,0,0,0,0,0,0,0,0,0,395.565446257591,77.1836154460907,0,0,0,0,0,0,0,0,0.88006329536438,0,99.7344445735216,0,0,0,0,0,0,0,0,0,0,0,0,0,0,0,0,205.482492044568,0,295.272599980235,0,611.051844134927,0,0,0,0,0,0,0,0,0,888.391760513186,1.46801960468292,199.339943483472,16.8348016738892,0.431366056203842,0,0
0,0,0,0,0,0,0,0,0,0,0,0,0,0,0,0,473.63847695291,15.3141099512577,0,0,0,13.3822331428528,2030.924249053,0,101.521388620138,0,28.0578847527504,0,1.65141594409943,0,0,0,0,0,0,0,0,0,563.965939745307,0,0,0,0,0,0,0,0,0,0.465904861688614,0,0,0,0,0,0,0,0,0,0,0,0,0,0,0,0,0,0.277052938938141,171.213975206017,0,3.67205095291138,0,9.74899512529373,0,0,0,0,0,0,0,0,0,482.367674440145,240.763174429536,3.76984560489655,34.3232421576977,0,0
0,0,0,0,0,0,0,0,0,103.498665377498,0,0,0,0,0,52.6817203909159,93.9263983219862,20.3996069133282,0,0,0,3.35506129264832,0.315703094005585,385.430323660374,0.416997581720352,25.5734840035439,0,0,0,0,0,0,0,0.653611421585083,0,0,0,144.149913370609,0,0,0,0,0,0,0,0,0,0,0,19.6143289506435,0,0,0,0,0,327.734159067273,0,0,0,0,0,11.6027861088514,0,0,205.482492044568,0.277052938938141,0,3.74332122504711,153.277030512691,0,2.1241649389267,0,0.292512536048889,0,0,0,10.9077170193195,0,0,0,224.570228621364,0,26.478916913271,2.82554173469543,2.42192280292511,0,0
0,0,0,0,0,0,0,0,93.9245390295982,0,0,0,0,0,14.0946084335446,0,112.854127421975,26.8105013370514,0,0,0,0,4.42903590202332,0,477.581952378154,0,16.0971578359604,0,0,0,0,0,0,0,0,0,0,0,171.829014062881,0,0,0,0,0,0,0,0,0,0,0,0,0,0,0,325.810958743095,0,0,0,0,0,16.8022506013513,0,0,0,0,171.213975206017,3.74332122504711,0,0,122.631156861782,0,0,0,0,0,0,0,0,0,0,0,4.0766304731369,3.13822570443153,0,0.352960467338562,0,0
0,0,0,0,0,0,0,0,0,0,0,0,0,1.12418009340763,0,2.15797996520996,0,3.4969342648983,3.65800833702087,0,0,0,0,19.6150574684143,0,118.565589129925,0,86.622599363327,0,0,0,0,0,0.157048150897026,0,0,0,1.47632314264774,0,0,0,4.71832323074341,0,0,0,0,0,0,0,109.984890207648,0,0,0,0,0,0,0,0,0,107.004508033395,0,4.58532500267029,0,0,295.272599980235,0,153.277030512691,0,0,0,93.0706524550915,0,3.79423779249191,0,0,0,0,0,0,0,17.6555964052677,0,78.1360387206078,0,5.70246948301792,0,0
0,0,0,0,0,0,0,0,0,0,0,0,0,0,2,0,81.4494127929211,1.5799300968647,0,0,0,0,4.19090056419373,0,240.285852789879,0,268.445060998201,0,2.95794156193733,0,0,0,0,0,0,0,0,0,0,0,0,0,0,0,0,0,0,0,57.8329453468323,0,0,0,0,0,26.82515001297,0,0,0,0,0,1.08347243070602,0,0,0,0,3.67205095291138,0,122.631156861782,0,0,0,243.835471123457,0,0,0,0,0,0,0,0,0,0,1.20220017433167,0,0,0,0
0,9.03838330507278,0,9.52837000787258,0,1.13906848430634,0,0,0,5.18637955188751,0,0,0,6.0104324221611,0,0,0,6.74610888957977,14.7770176976919,0,0,7.97394360601902,0,0,0,0,0,843.328379333019,0,87.825345158577,0,0,0,3.51197196543217,0,2.15238066017628,0,10.9009815454483,0,1.69002902507782,0,181.250533774495,0,0,0,0,0,10.3206978440285,0,221.593946099281,0,0,0,0,0,0.28211036324501,0,389.382627919316,0,132.162489518523,0,4.81180964410305,125.055077880621,0,611.051844134927,0,2.1241649389267,0,93.0706524550915,0,0,0,44.2826485931873,0,0,0,0,0,40.2145341336727,0,148.599050566554,0,80.1089619547129,7.95505940914154,88.8117256909609,12.4615445286036,0
0,0,0,0,0,0,0,0,0,0,175.312293171883,0,50.1080466508865,0,0,0,0,0,0,0,0,0,5.13407862186432,0,0,0,14.0703297555447,0,109.514844477177,0,17.7331874966621,0,0,0,0,0,0,0,1.01751506328583,0,0,0,0,0,0,0,0,0,35.6306382119656,0,0,0,0,0,0,0,990.001409709454,0,529.830701202154,0,3.08410710096359,0,0,0,0,9.74899512529373,0,0,0,243.835471123457,0,0,0,82.5837923884392,0,0,0,0,0,0,0,414.455318763852,21.3695877790451,0,0,0,0
0,11.4506829530001,0,31.0634958744049,0,0,0,0,0,36.0377815663815,0,235.670745365322,0,0,0,0,2.01640498638153,76.9569887667894,122.202713757753,41.4968241453171,0,0,0,0,0,0,0,38.3004528284073,0,589.501797318459,0,0,0,0,0,2.23177053034306,0,748.313326656818,0,4.75022375583649,0,719.333363547921,0,1.02156209945679,0,5.65152382850647,0,1.44573521614075,0,117.906384781003,0,0.257635146379471,0,0,0,2.28322544693947,0,781.508904762566,0,25.6789465546608,0,5.41465505957603,487.541697442532,0,0,0,0.292512536048889,0,3.79423779249191,0,44.2826485931873,0,0,0,0,0,0,0,41.7438919842243,0,581.454722091556,0,209.190761506557,1.04920092225075,234.652605965734,47.8130359649658,0
2.31211521476507,0,86.468013741076,0,0,0,0,0,14.0853455662727,0,134.494963474572,0,0,0,0,0,10.0967073068023,1.11457368731499,46.9630465060472,0,0,0,0,0,2.62420770525932,0,0,0,59.1059030294418,0,220.565461039543,0,0,0,0,0,1.0288360118866,0,38.3099301457405,0,0.611187160015106,0.728432342410088,238.494954802096,0,0,1.01909202337265,17.2148254960775,0,32.3175523802638,0,0,0,0,0,7.05530345439911,0,322.794842883945,0,0.623741552233696,0,0.623534500598907,0,0,48.0389191359282,0,0,0,0,0,0,0,82.5837923884392,0,0,0,0,0,0,0,2.42339120060205,0,6.18173056840897,127.821676075459,0,728.503111623228,0,29.1982231140137
0,0,0,0,0,0,0,0,0,0,0,0,0,0,0,0,0,0,0,0,0,0,0,0,0,0,0,0,0,0,0,402.37022960186,262.859441280365,62.827883258462,0,69.3236507624388,37.4064474701881,0,0,0,0,0,0,0,0,0,0,105.240850284696,0,0,0,0,0,0,0,0,0,0,0,0,0,0,0,0,0,0,0,0,0,0,0,0,0,0,0,20.8621637225151,323.376111775637,0,194.521421656013,29.467267408967,0,0,0,0,0,0,0
0,0,0,0,0,0,0,0,0,0,0,0,0,0,0,0,0,0,0,0,0,0,0,0,0,0,0,0,0,0,0,178.22932896018,972.687783762813,0,48.7851967513561,22.261851131916,1097.79696559906,0,0,6.47655971348286,9.39284773170948,0,0,0,0,0,0,1102.24182158709,112.028446003795,81.8594795912504,0,0,0,0,0,0,0,0,0,0,0,0,0,0,0,0,0,0,0,0,0,0,0,0,20.8621637225151,0,0,754.220758058131,2.9141298532486,561.245062202215,0,0,39.0542822480202,0,0,0,0
0,0,0,0,0,0,0,0,0,0,0,0,0,0,0,0,0,0,0,0,0,0,0,0.845822632312775,0,0,0,0,0,0,0,106.426585748792,0,2025.58664030582,1745.47169554234,192.842767611146,0,181.139935716987,50.6093701124191,0,0,0,0,0,0,0,0,756.921572819352,0,0.579562976956367,0,0,0,0,0,1.5890906304121,0,0,0,0,0,0,0,0,0,0,10.9077170193195,0,0,0,0,0,0,0,323.376111775637,0,0,77.3830580115318,597.470953851938,0,537.327268861234,0,213.294477432966,0,0,0,0
0,0,0,0,0,0,0,0,0,0,0,0,0,0,0,0,0,0,0,0,0,0,0,0,7.12667216360569,0,0,0,0,0,0,2.0502986907959,148.593369558454,195.26526388526,1490.12331143022,0,472.533713504672,0,345.174401089549,0,0,0,0,0,0,0,0,510.392891049385,0,0,0,0,0,0,0,0,0,0,0,0,0,0,0,0,0,0,0,0,0,0,0,0,0,0,0,754.220758058131,77.3830580115318,0,0,273.423068076372,0,797.937162235379,241.660710096359,11.4672831892967,0,0,0
0,0.165919795632362,0,31.5214113891125,0,17.8358204364777,0,3.43792176246643,0,0.158051669597626,0,11.6074288636446,0,0,0,0,11.2758707404137,38.8594535365701,792.584276899695,119.91141948849,0,0,0,0,0,0,0,0,0,0,0,168.252830386162,0,31.8072737008333,0,17407.507568799,915.506734907627,812.300541937351,10.9504628181458,488.729999996722,0.49582464247942,909.319449745119,0.676063850522041,81.1996813118458,0,891.745852641761,4.24464723467827,865.220952391624,0.801809430122375,247.763576343656,0,2.10196955502033,0,0,0,0,0,109.960512712598,0,20.7826083749533,0,0,962.602047026157,0,0,0,0,0,0,0,40.2145341336727,0,41.7438919842243,0,194.521421656013,2.9141298532486,597.470953851938,0,0,352.65098747611,2659.80176073313,0,1637.43508025259,225.965694516897,954.995774239302,49.6828867197037,0
