0,0,0.14920007398254,0,0,0,0,0,0.190428177186098,0,0,0,0,0,0,0,0.313232094049454,0,0.324677451575796,0,0,0,0,0,0,0,0,0,0,0,0,0,0,0,0,0,0.435033291578293,0,0,0,0,0,0.345285898447037,0,0,0,0.397383856276671,0,0.169491493170267,0,0,0,0,0,0.209577770114275,0,0,0,0,0,0.196317501237236,0,0,0,0,0,0,0,0,0,0,0,0,0,0,0,0,0,0,0.45914522310098,0,0,0.184339123737553,0,0.202093967347074,0,0
0,0,0,0.13010635226965,0,0,0,0,0,0.186818824585248,0,0,0,0,0,0,0,0,0.26648571235793,0,0,0,0,0.170522804061572,0,0,0,0,0,0,0,0,0,0,0,0,0,0,0,0,0,0.18746893631279,0,0,0,0,0.330743700265884,0,0,0.128718459060494,0,0,0,0,0,0.210955028669,0,0,0,0,0,0.168825237405679,0,0,0,0,0,0,0,0,0,0,0,0,0,0,0,0,0,0,0,0,0.130816350300466,0,0.170939502113595,0,0
0.14920007398254,0,0,0,0.175556598798088,0,0,0,0.144831525496623,0,0.300561912357807,0,0,0,0,0,0,0,0.261509478092194,0,0.316912136971951,0,0,0,0,0,0,0,0,0,0,0,0,0,0,0,0.207262605428696,0,0.314835965633392,0.27408966422081,0.255628344085481,0,0.292982372197699,0,0,0,0.222168434192153,0,0.215289536584169,0,0.211799788553983,0,0,0,0.153032727708104,0,0.240725548794636,0,0.22419965216669,0,0.199027261696756,0,0,0.278151777090756,0,0,0,0,0,0,0,0,0,0,0,0,0,0,0,0.358214505016804,0,0.34012367328008,0.266715657745683,0,0.209356862345014,0,0.275507579247157
0,0.13010635226965,0,0,0,0.22161309050712,0,0,0,0.224020721656936,0,0,0,0,0,0,0.313065335154533,0.290212735533714,0.286213111012213,0.312610881196128,0,0,0,0,0,0,0,0,0,0,0,0,0,0,0,0.250154706339041,0,0,0,0.296330353346738,0,0.286651868503868,0,0,0.276944011449814,0.261071816185452,0,0.298735529184341,0.280816386143367,0.275313456766207,0,0.255870860370564,0,0,0,0.199501737952232,0,0.316864125952599,0,0.303376212716103,0,0.19350003107236,0.307950435578823,0,0,0,0,0,0,0,0,0,0.331050309869978,0,0,0,0,0,0.278535010722967,0,0,0,0.233772234198375,0,0.266715597611078,0.265567273382218,0
0,0,0.175556598798088,0,0,0,0.240650133909406,0,0.134449956609922,0,0.157853752374649,0,0,0,0,0,0,0,0,0,0.201453029513359,0,0,0,0,0,0,0,0,0,0,0,0,0,0,0,0.201153468340635,0,0,0,0.238866344094276,0,0.22933941334486,0,0,0,0.199670788645744,0,0.242033535783941,0,0.191088579495349,0,0.252101306682048,0,0.138696014488998,0,0.290230397135019,0,0.199830913463154,0,0.205740481615067,0,0,0.237781545600376,0,0,0,0,0,0,0,0,0,0,0,0,0,0,0,0.239470993479093,0,0,0.209351243856161,0,0.220710215887221,0,0.299524575471878
0,0,0,0.22161309050712,0,0,0,0.290185885933729,0,0,0,0.266916634220826,0,0,0,0,0,0,0.264719799160957,0.178308547187635,0,0,0,0,0,0,0,0,0,0,0,0,0,0,0,0.231380864977837,0,0,0,0.250533990561962,0,0.251583538018167,0,0,0,0.213856015886579,0,0,0,0.247473104503648,0,0.251250231614973,0,0.285643305629492,0,0.223428830504417,0,0.263152663630468,0,0.232468083500862,0,0,0.227214288229894,0,0,0,0,0,0,0,0,0,0,0,0,0,0,0,0.266707719156617,0,0,0,0.18889463506639,0,0.246367688060968,0.234777599573135,0.214969024062157
0,0,0,0,0.240650133909406,0,0,0,0,0,0.186752699315548,0,0,0,0,0,0,0,0,0,0,0,0,0,0,0,0,0,0,0,0,0,0,0,0,0,0,0,0,0,0,0,0,0,0,0,0,0,0,0,0.194084110722113,0,0.24851758303368,0,0,0,0.182531522309526,0,0.218619110006275,0,0,0,0,0,0,0,0,0,0,0,0,0,0,0,0,0,0,0,0,0,0,0,0.166718752976663,0.141455153003335,0,0,0
0,0,0,0,0,0.290185885933729,0,0,0,0,0,0.223694883950094,0,0.154791068481772,0,0,0,0,0,0.187684285640717,0,0,0,0,0,0,0,0,0,0,0,0,0,0,0,0.143230631947517,0,0,0,0,0,0,0,0,0,0,0,0,0,0,0,0.273853950272754,0,0.22419577975477,0,0,0,0.241029119422269,0,0.19257771782577,0,0,0.190473261746493,0,0,0,0,0,0,0,0,0,0,0,0,0,0,0,0,0,0,0,0.204756331940492,0,0.202492667527138,0,0
0.190428177186098,0,0.144831525496623,0,0.134449956609922,0,0,0,0,0,0.279261976480484,0,0,0,0.10611529648304,0,0.160891850292683,0.181091862420241,0.211744114756584,0,0.273798584938049,0,0.17115413248539,0,0.209898886084557,0,0.166192144155502,0,0,0,0,0,0,0,0.292878061532974,0,0.213253162801266,0,0.294636262945397,0,0.238542959094048,0,0.215909196270837,0,0,0,0.209118604660034,0,0.207684144238445,0,0.18390506235036,0,0,0,0.269128834045931,0,0,0,0.193575421969096,0,0.179852383701425,0,0,0.240989075679528,0,0.133287139236927,0,0.14377338173134,0,0,0,0,0,0,0,0,0,0,0,0.24926645681262,0,0.281796392053366,0.197973601677746,0,0.204148949438204,0,0
0,0.186818824585248,0,0.224020721656936,0,0,0,0,0,0,0,0,0,0,0,0.134961366653442,0,0,0,0,0,0,0,0.225875015769686,0,0,0,0,0,0,0,0,0,0,0,0,0,0.32043278268699,0,0,0,0.175331098213792,0,0,0,0,0,0,0,0.338481277227402,0,0.216959722340107,0,0,0,0.246026063714758,0,0,0,0,0,0.141948204487562,0,0,0,0,0.151611453294754,0,0,0,0,0,0,0,0,0,0,0,0,0,0.231921806186438,0,0.188343337232506,0.168799009174109,0.188926333153212,0,0
0,0,0.300561912357807,0,0.157853752374649,0,0.186752699315548,0,0.279261976480484,0,0,0,0.133466770560105,0,0,0,0,0,0.340899385511875,0,0.233591181548996,0,0,0,0,0,0,0,0.151504412293434,0,0.236614612596376,0,0,0,0,0,0.127999668654341,0,0.119770438689322,0,0.267504513263702,0,0.276402105887731,0,0.34388134876887,0,0.300414986335314,0,0.290254371033774,0,0.199442285050948,0,0,0,0,0,0.219973598135841,0,0.12319712979453,0,0,0,0,0.248667433117687,0,0,0,0,0,0,0,0,0,0.225290197134018,0,0,0,0,0,0.203778989613056,0,0.116537826664654,0.131903383155148,0.164539650082588,0.299064143374562,0,0
0,0,0,0,0,0.266916634220826,0,0.223694883950094,0,0,0,0,0,0.145662063302902,0,0,0,0,0,0.235140211378892,0,0,0,0,0,0,0,0,0,0.23491491680771,0,0,0,0,0,0.138687992468476,0,0.185153735957362,0,0,0,0,0,0,0,0.276824802160263,0,0,0,0,0,0.29858013689518,0,0.224966133634249,0,0,0,0.226296794742355,0,0.192718617618084,0,0,0.240904523226304,0,0,0,0,0,0,0,0,0,0.206463225185871,0,0,0,0,0,0.308691620826721,0,0.171959539254506,0,0.178525544522302,0,0.220843053962055,0,0
0,0,0,0,0,0,0,0,0,0,0.133466770560105,0,0,0,0.148011633643398,0,0,0,0,0,0,0,0,0,0,0,0,0,0,0,0,0,0,0,0,0,0,0,0,0,0,0,0,0,0,0,0,0,0,0,0,0,0,0,0,0,0.139184788697296,0,0.19782578223066,0,0.168153882026672,0,0,0,0,0,0,0,0,0,0,0,0,0,0,0,0,0,0,0,0,0,0.172082710507754,0.165245955640619,0,0,0
0,0,0,0,0,0,0,0.154791068481772,0,0,0,0.145662063302902,0,0,0,0.127281174063683,0,0,0,0,0,0,0,0,0,0,0,0,0,0,0,0,0,0,0,0,0,0,0,0,0,0,0,0,0,0,0,0,0,0,0,0,0,0,0,0,0,0.150991616770625,0,0.165674965192632,0,0.15577779635787,0,0,0,0,0,0,0,0,0.150304920971394,0,0,0,0,0,0,0,0,0,0,0,0.19403760692852,0,0,0,0
0,0,0,0,0,0,0,0,0.10611529648304,0,0,0,0.148011633643398,0,0,0,0.16872738301754,0,0.275976866483688,0,0,0,0,0,0.155450168997049,0,0,0,0,0,0,0,0,0,0,0,0,0,0,0,0,0,0,0,0,0,0,0,0.188565509186851,0,0.188541432221731,0,0,0,0.19917386273543,0,0.195560073852539,0,0.147791150181244,0,0.205154780573493,0,0,0,0,0,0,0.163909167051315,0,0,0,0,0,0,0,0,0,0,0,0,0,0,0.179663859307766,0,0,0,0
0,0,0,0,0,0,0,0,0,0.134961366653442,0,0,0,0.127281174063683,0,0,0,0.167931042721166,0,0,0,0,0,0,0,0.160164192037762,0,0,0,0,0,0,0,0,0,0,0,0,0,0,0,0,0,0,0,0,0,0,0,0,0,0,0,0,0,0,0,0,0,0,0,0.165987067523279,0,0,0,0,0,0,0.151228837230626,0,0,0,0,0,0,0,0,0,0,0,0,0,0.154149310249421,0,0,0,0
0.313232094049454,0,0,0.313065335154533,0,0,0,0,0.160891850292683,0,0,0,0,0,0.16872738301754,0,0,0.169965314532677,0.333113132570605,0,0.345378264784813,0.143281101290859,0.144938331232404,0.173701441089312,0.172654178347031,0.157052570009885,0.167173953310578,0,0.144709714773026,0,0,0,0,0,0,0,0.372983336448669,0,0,0.338445631946836,0.321419059084012,0.296412659808993,0.276816786266863,0.299286043643951,0.306362048742619,0.30037696659565,0.298258889072082,0,0.280984699726105,0,0,0,0,0,0.143600106239319,0,0,0,0,0,0.175917807966471,0,0.334957254784448,0.336080879966418,0.150036023722755,0.132776266407399,0.168147466503657,0.176405757665634,0.153103034641292,0.156621843655693,0,0,0,0,0,0,0,0,0.341558377851139,0.340987980621567,0.268768399953842,0.357467661301295,0.197261295766678,0.171884555112581,0.317493629199347,0,0.288032697683031
0,0,0,0.290212735533714,0,0,0,0,0.181091862420241,0,0,0,0,0,0,0.167931042721166,0.169965314532677,0,0.30270611538544,0.276515454053879,0.280079424381256,0.149733272928729,0.159491333557237,0.171703603789673,0.16519468740837,0.160840321336803,0.169947763904929,0.104985943392068,0,0,0,0,0,0,0,0,0.359327703714371,0,0,0.309313337139736,0.295483624562621,0.2766906324936,0.253846023509751,0.278710408055264,0.268789170876793,0.28460598886013,0.288031900212878,0,0,0.269064694643021,0,0.266134053468704,0,0,0,0,0,0.28643411397934,0,0,0.208719104528427,0.179603118139009,0.313720126946767,0.311625227636221,0.177922902475685,0.154400281608105,0.170677122824332,0.152754822745919,0.160730861567334,0.185088359392606,0.125329289585352,0,0,0,0,0,0,0,0.315996048564003,0.333501316966682,0,0.329326115548611,0.1664997256277,0.15795936262209,0.291014763635474,0.282010339524435,0.247762906551361
0.324677451575796,0.26648571235793,0.261509478092194,0.286213111012213,0,0.264719799160957,0,0,0.211744114756584,0,0.340899385511875,0,0,0,0.275976866483688,0,0.333113132570605,0.30270611538544,0,0.266206334034602,0.338416897588306,0.237830511108041,0.234306102318148,0.219782284954015,0.22807127609849,0.232596694050651,0.233270197498555,0,0,0,0,0,0,0,0,0,0.365158585638836,0,0.253757804632187,0.355859839201017,0.327677445228283,0.253906014436353,0.229832363843279,0.346212833951829,0.28774258852392,0.30319022159901,0.325198064746063,0.180475816130638,0.276678064465523,0.272562008843107,0,0.279595464468002,0,0,0,0,0.365591675043106,0.303130342728562,0,0,0.241734519600868,0,0.340028321213811,0.352711174806719,0.244614394647735,0.241023033857346,0.211541175842285,0.258559785783291,0.222089121216222,0.218536752462387,0,0,0.311195269227028,0,0,0,0,0,0.375586513303981,0.363922743285096,0,0.386229948647694,0.240650696978299,0.212483970448375,0.35029469661305,0.270911475412207,0.239980757084117
0,0,0,0.312610881196128,0,0.178308547187635,0,0.187684285640717,0,0,0,0.235140211378892,0,0,0,0,0,0.276515454053879,0.266206334034602,0,0,0,0,0,0,0,0,0,0,0,0,0,0,0,0,0.136159379869255,0,0.136719231804212,0,0.251388370990753,0,0,0,0,0,0.279407009573802,0,0,0,0.292068853974342,0,0.203139173713597,0,0,0,0,0,0.269827935187256,0,0,0,0,0.171159839078497,0,0,0,0,0,0,0,0,0,0,0,0,0,0,0,0.153531461249332,0,0.163683117181063,0,0.154700177411238,0,0.19820715598206,0,0
0,0,0.316912136971951,0,0.201453029513359,0,0,0,0.273798584938049,0,0.233591181548996,0,0,0,0,0,0.345378264784813,0.280079424381256,0.338416897588306,0,0,0,0,0,0,0,0,0,0,0,0,0,0,0,0,0,0.211787441480141,0,0.185326478423731,0,0.254451014101505,0,0.288823572652681,0,0.332938365638256,0,0.307720573593492,0,0.26925853970978,0,0.238598418636964,0,0,0,0.22070657994066,0,0.243436888912145,0,0,0,0,0,0,0.271826578945082,0,0,0,0,0,0,0,0,0,0,0,0,0,0,0,0.241486752338289,0,0.256877783618679,0.196841767785372,0,0.335729833674657,0,0.403590485453606
0,0,0,0,0,0,0,0,0,0,0,0,0,0,0,0,0.143281101290859,0.149733272928729,0.237830511108041,0,0,0,0.108686694254478,0.174138616137909,0.164280280470848,0.146426898128259,0,0.18763420908224,0,0,0,0,0,0,0,0,0,0.177892426353631,0,0,0,0.226870611310005,0,0,0,0,0,0.38765786588192,0,0.286231425597513,0,0,0,0,0,0,0,0,0,0,0,0,0,0,0.177371143177089,0,0.19389009103179,0,0.140506311840967,0,0.173059997459253,0,0,0,0,0,0,0,0.326578885316849,0,0.257311073972119,0,0.145448274469096,0.145066952101948,0,0,0
0,0,0,0,0,0,0,0,0.17115413248539,0,0,0,0,0,0,0,0.144938331232404,0.159491333557237,0.234306102318148,0,0,0.108686694254478,0,0.147653199732304,0.128873868439442,0.168396070599556,0.151919644579969,0,0,0,0,0,0,0,0,0,0,0,0.131580320676252,0.295078366994858,0,0,0.243366852402687,0,0,0,0.353832811117172,0,0.233020843246153,0,0,0,0,0,0,0,0,0,0,0,0.181936293840408,0,0.29559999704361,0.318285048007965,0.108222220093012,0.185680009667815,0,0.157024208117615,0,0.125670466158125,0,0,0,0,0,0,0,0,0,0.295615136623383,0,0.210482744683076,0.161855856819668,0.164470320526097,0.278311178088188,0,0
0,0.170522804061572,0,0,0,0,0,0,0,0.225875015769686,0,0,0,0,0,0,0.173701441089312,0.171703603789673,0.219782284954015,0,0,0.174138616137909,0.147653199732304,0,0.142155602574348,0.14931312565868,0.1565011292696,0,0,0,0,0,0,0,0,0,0,0.191082333286221,0,0,0,0.343177288770676,0,0,0,0,0,0,0,0.18893903341279,0,0,0,0,0,0.141692923545315,0,0,0,0,0,0,0,0,0.235700233360014,0,0.173425809378305,0,0.164288707574209,0,0,0,0,0,0,0,0,0,0,0.287447869777679,0.192416681492903,0,0.156524568790859,0.154573444277048,0.259896236232349,0,0
0,0,0,0,0,0,0,0,0.209898886084557,0,0,0,0,0,0.155450168997049,0,0.172654178347031,0.16519468740837,0.22807127609849,0,0,0.164280280470848,0.128873868439442,0.142155602574348,0,0,0.16945072216174,0,0,0,0,0,0,0,0,0,0,0,0.132931590184223,0,0,0,0.265548080205917,0,0,0,0,0,0.253912574865601,0,0,0,0,0,0.186971230639352,0,0,0,0,0,0,0,0,0,0,0.0952475741505623,0.155753344297409,0.140028501084695,0,0.157039369146029,0,0,0,0,0,0,0,0,0,0.359707593917847,0,0.111140768778952,0.132768648017633,0.160762056708336,0.235740475474842,0,0
0,0,0,0,0,0,0,0,0,0,0,0,0,0,0,0.160164192037762,0.157052570009885,0.160840321336803,0.232596694050651,0,0,0.146426898128259,0.168396070599556,0.14931312565868,0,0,0.144345670938492,0.145931869804859,0,0,0,0,0,0,0,0,0,0,0,0.324446022510529,0,0,0,0,0,0,0,0,0,0,0,0,0,0,0,0,0,0,0,0,0,0,0,0,0.165919452141493,0.170699000358582,0,0,0.13830323966196,0,0.159905377775431,0,0,0,0,0,0,0,0,0,0,0,0.159820066232176,0.134043134417799,0,0,0
0,0,0,0,0,0,0,0,0.166192144155502,0,0,0,0,0,0,0,0.167173953310578,0.169947763904929,0.233270197498555,0,0,0,0.151919644579969,0.1565011292696,0.16945072216174,0.144345670938492,0,0,0.15258068930019,0,0,0,0,0,0,0,0,0,0,0,0,0,0.262666508555412,0,0.236412912607193,0,0.267142261068026,0,0,0,0,0,0,0,0,0,0,0,0,0,0,0,0.282187730073929,0,0,0.12049091893893,0.157274454832077,0.180080868376112,0.152956008911133,0.135966585441069,0,0,0,0,0,0,0,0,0,0.319924801588058,0,0,0.168337023572513,0.154270651085036,0.306144217650096,0,0
0,0,0,0,0,0,0,0,0,0,0,0,0,0,0,0,0,0.104985943392068,0,0,0,0.18763420908224,0,0,0,0.145931869804859,0,0,0,0,0,0,0,0,0,0,0,0.19222018545401,0,0,0,0,0,0,0,0,0,0,0,0,0,0,0,0,0,0,0,0,0,0.17356715798378,0,0,0,0,0.197930479625509,0,0,0,0.179288876701647,0,0.170020781936253,0,0.212487345933914,0,0,0,0,0,0,0,0.212826741593225,0,0.121956557178727,0.120833983350741,0,0,0
0,0,0,0,0,0,0,0,0,0,0.151504412293434,0,0,0,0,0,0.144709714773026,0,0,0,0,0,0,0,0,0,0.15258068930019,0,0,0,0.149325894056887,0,0,0,0,0,0,0,0,0,0,0,0,0,0,0,0,0,0,0,0,0,0,0,0,0,0,0,0,0,0,0,0,0,0,0,0,0,0,0,0,0.125253119106804,0,0.201575761288404,0,0,0,0,0,0,0,0,0.147994188325746,0,0,0,0
0,0,0,0,0,0,0,0,0,0,0,0.23491491680771,0,0,0,0,0,0,0,0,0,0,0,0,0,0,0,0,0,0,0,0,0,0,0,0,0,0.211087145209312,0,0,0,0,0,0,0,0,0,0,0,0,0,0,0,0,0,0,0,0.173682057276005,0,0,0,0,0,0,0,0,0,0,0,0,0,0,0.191319385606821,0,0,0,0,0,0,0,0.14758266721453,0,0.202778253250006,0,0,0,0
0,0,0,0,0,0,0,0,0,0,0.236614612596376,0,0,0,0,0,0,0,0,0,0,0,0,0,0,0,0,0,0.149325894056887,0,0,0,0,0,0,0,0,0,0.146104185531537,0,0,0,0,0,0,0,0,0,0,0,0,0,0,0,0,0,0.298234531591679,0,0,0,0,0,0,0,0,0,0,0,0,0,0,0.236320000141859,0,0.150759729331261,0,0,0,0,0,0,0,0,0.136661828756332,0,0,0,0
0,0,0,0,0,0,0,0,0,0,0,0,0,0,0,0,0,0,0,0,0,0,0,0,0,0,0,0,0,0,0,0,0.209081001349331,0.216095246642064,0,0.229184115614371,0,0,0,0,0,0,0.436318174004555,0,0,0,0,0.452799948543176,0.43946554582074,0.426432576573011,0,0,0,0,0,0,0,0,0,0,0,0,0,0,0,0,0,0,0,0,0,0,0,0,0.293722568040862,0.324253454200319,0.248921544134617,0,0.267085021263675,0.321093541880449,0,0,0.239623827077228,0,0,0,0
0,0,0,0,0,0,0,0,0,0,0,0,0,0,0,0,0,0,0,0,0,0,0,0,0,0,0,0,0,0,0,0.209081001349331,0,0.191130116581917,0.300042539834976,0.60495662689209,0.159526525065303,0,0,0,0,0,0,0,0,0,0,0.418023138099622,0.587776730457942,0,0,0,0,0,0,0,0,0,0,0,0,0,0,0,0,0,0,0,0,0,0,0,0,0,0.234104700976669,0.294648144511655,0.205681174993515,0.296177199482918,0,0.265322231355755,0,0,0.312145034605045,0,0,0,0
0,0,0,0,0,0,0,0,0,0,0,0,0,0,0,0,0,0,0,0,0,0,0,0,0,0,0,0,0,0,0,0.216095246642064,0.191130116581917,0,0.168356162781763,0.217712384872073,0,0.287232625550828,0.114092665863164,0,0,0,0.383757412433624,0,0,0,0,0.452301428386806,0.446732697884242,0.399893221755822,0,0,0,0,0,0,0,0,0,0,0,0,0,0,0,0,0,0,0,0,0,0,0,0,0.244377434253693,0,0.264114839585854,0.169340615404082,0.306718700686417,0.420689441263676,0.373541456419088,0,0.218858749475156,0,0,0,0
0,0,0,0,0,0,0,0,0.292878061532974,0,0,0,0,0,0,0,0,0,0,0,0,0,0,0,0,0,0,0,0,0,0,0,0.300042539834976,0.168356162781763,0,0,0.125959772150964,0,0.312760201860697,0,0,0,0.268554747104645,0,0,0,0,0.250243744996129,0.403137008349101,0,0,0,0,0,0.280072543770075,0,0,0,0,0,0,0,0,0,0,0,0,0,0,0,0,0,0,0,0,0.248842009902,0.175387977975086,0.223093548358012,0,0.296601864344933,0,0.210056563628756,0.195955695669082,0,0.299994885921478,0,0
0,0,0,0.250154706339041,0,0.231380864977837,0,0.143230631947517,0,0,0,0.138687992468476,0,0,0,0,0,0,0,0.136159379869255,0,0,0,0,0,0,0,0,0,0,0,0.229184115614371,0.60495662689209,0.217712384872073,0,0,0.19274220934936,0.19189111313313,0,0.209328066557646,0,0.277350664138794,0,0,0,0.22168763574645,0,0.331742627546191,0,0.210898995399475,0,0,0,0,0,0,0,0.289887681603432,0,0,0,0,0.163079762152013,0,0,0,0,0,0,0,0,0,0,0,0.245764456222306,0.445736019448801,0.202090207555077,0,0.231940555242732,0.357193261384964,0.208427555729137,0,0.20539622426852,0.209364610972504,0.232327438539666,0,0
0.435033291578293,0,0.207262605428696,0,0.201153468340635,0,0,0,0.213253162801266,0,0.127999668654341,0,0,0,0,0,0.372983336448669,0.359327703714371,0.365158585638836,0,0.211787441480141,0,0,0,0,0,0,0,0,0,0,0,0.159526525065303,0,0.125959772150964,0.19274220934936,0,0,0.214857298940819,0.368168354034424,0.217728495597839,0,0.281205639243126,0,0.3071518689394,0,0.234127030202321,0.229267477989197,0.249789434174697,0,0.252837969197167,0,0,0,0.206839434802532,0,0.231704744425687,0,0,0,0,0,0,0.27191683107596,0,0,0,0,0,0,0,0,0,0,0.257892519235611,0.22089312139612,0,0.182449652868159,0,0.228360423808377,0,0.23239281398054,0.182040960380337,0.170995978142964,0.227991552394012,0,0
0,0,0,0,0,0,0,0,0,0.32043278268699,0,0.185153735957362,0,0,0,0,0,0,0,0.136719231804212,0,0.177892426353631,0,0.191082333286221,0,0,0,0.19222018545401,0,0.211087145209312,0,0,0,0.287232625550828,0,0.19189111313313,0,0,0.145720251968929,0,0,0.191567831418731,0,0,0,0,0,0.384453734216236,0,0.236970551685508,0,0,0,0,0,0.27846096349614,0,0.236388984653685,0,0,0,0,0,0,0.137619970411789,0,0.282374905808917,0,0,0,0.204634537299474,0,0.212886244058609,0,0,0,0.269378206161695,0,0.189526793371707,0,0.187635842415673,0.124584487255882,0.178427711888917,0.173682780409197,0.306052940486519,0.239142030477524,0
0,0,0.314835965633392,0,0,0,0,0,0.294636262945397,0,0.119770438689322,0,0,0,0,0,0,0,0.253757804632187,0,0.185326478423731,0,0.131580320676252,0,0.132931590184223,0,0,0,0,0,0.146104185531537,0,0,0.114092665863164,0.312760201860697,0,0.214857298940819,0.145720251968929,0,0,0.274731129407883,0,0.296496896073222,0,0.275400668382645,0,0.288121079405149,0.395749499782538,0.302779849787854,0,0,0,0,0,0.283413373250163,0,0.116819859732215,0,0,0,0,0,0,0.257547368714383,0,0.235620578993922,0,0.232018624475369,0,0,0,0,0,0.18080376509739,0,0,0.148196592926979,0.333483949610867,0,0.221018899926335,0.149783855304122,0.220266731398866,0.172370892792258,0.15872492600571,0.296876570596284,0,0
0,0,0.27408966422081,0.296330353346738,0,0.250533990561962,0,0,0,0,0,0,0,0,0,0,0.338445631946836,0.309313337139736,0.355859839201017,0.251388370990753,0,0,0.295078366994858,0,0,0.324446022510529,0,0,0,0,0,0,0,0,0,0.209328066557646,0.368168354034424,0,0,0,0.338628746569157,0.32564952992272,0.281651542832454,0.504799852493397,0.342353382706642,0.29190889835984,0.330696277893507,0.305918604135513,0.297977089881897,0.266189305785052,0,0.279529955238104,0,0,0,0,0,0.293128281831741,0,0,0,0,0.318107410707116,0.359061368487098,0,0,0,0,0,0,0,0,0,0,0,0,0,0,0.279955084148411,0.351178192991321,0,0.346849888563156,0.303053167766781,0.297604328393936,0.341387700681941,0.373834310425926,0.245416969060898
0,0,0.255628344085481,0,0.238866344094276,0,0,0,0.238542959094048,0,0.267504513263702,0,0,0,0,0,0.321419059084012,0.295483624562621,0.327677445228283,0,0.254451014101505,0,0,0,0,0,0,0,0,0,0,0,0,0,0,0,0.217728495597839,0,0.274731129407883,0.338628746569157,0,0,0.271548699427534,0.34119588136673,0.330086462482621,0,0.241162693087202,0.405050233006477,0.287869417222968,0,0,0,0,0,0,0,0.283834680914879,0.29008948802948,0,0,0,0,0.386192485690117,0.262790294016822,0,0,0,0,0,0,0,0,0,0.228463800505121,0,0,0,0,0,0.253286476088006,0,0.217949424559871,0.310236063682371,0,0.289376893768045,0,0.337471790652457
0,0.18746893631279,0,0.286651868503868,0,0.251583538018167,0,0,0,0.175331098213792,0,0,0,0,0,0,0.296412659808993,0.2766906324936,0.253906014436353,0,0,0.226870611310005,0,0.343177288770676,0,0,0,0,0,0,0,0,0,0,0,0.277350664138794,0,0.191567831418731,0,0.32564952992272,0,0,0.185998235383759,0.418826913796597,0.239866490165393,0.312591002873294,0.273265440016985,0.256388018890801,0.303896144032478,0.27147307786992,0,0.244649831205606,0,0,0,0,0,0.352563305996185,0,0,0,0,0.36719664081407,0.385552197694778,0,0,0,0,0,0,0,0,0.309771275791255,0,0,0,0,0,0.315822559470437,0.326104973442852,0.34891069928805,0.300017923116684,0.237706292093433,0.312209020989637,0.339494143900944,0.270956549672648,0.272879391908646
0.345285898447037,0,0.292982372197699,0,0.22933941334486,0,0,0,0.215909196270837,0,0.276402105887731,0,0,0,0,0,0.276816786266863,0.253846023509751,0.229832363843279,0,0.288823572652681,0,0.243366852402687,0,0.265548080205917,0,0.262666508555412,0,0,0,0,0.436318174004555,0,0.383757412433624,0.268554747104645,0,0.281205639243126,0,0.296496896073222,0.281651542832454,0.271548699427534,0.185998235383759,0,0.236671378215154,0.208366183891828,0,0.271488742112007,0.423650536495142,0.387071132370688,0.239565417170525,0,0,0,0,0.234500889594738,0,0.388856750887793,0.294109493494034,0,0,0.226833283901215,0,0.261263936758041,0.330404440403933,0,0,0.189634576439857,0.340577393770218,0,0,0,0,0,0,0,0,0,0.289537797371546,0.31128649910291,0.300343222881092,0,0.388327555023894,0.310556175504589,0.222026258707047,0.31629565338925,0.189295860628287,0.220459007827182
0,0,0,0,0,0,0,0,0,0,0,0,0,0,0,0,0.299286043643951,0.278710408055264,0.346212833951829,0,0,0,0,0,0,0,0,0,0,0,0,0,0,0,0,0,0,0,0,0.504799852493397,0.34119588136673,0.418826913796597,0.236671378215154,0,0.276664182543755,0.30529860407114,0.3109100908041,0,0,0.339822540229017,0,0,0,0,0,0,0,0.434547268350919,0,0,0,0,0.361390061676502,0.334223613142967,0,0,0,0,0,0,0,0,0.304691672325134,0,0,0,0,0,0.45434280321002,0.355856341123581,0.327565521001816,0,0.292326700419952,0.333211198449135,0.489163573641767,0.372267293078559,0
0,0,0,0.276944011449814,0,0,0,0,0,0,0.34388134876887,0,0,0,0,0,0.306362048742619,0.268789170876793,0.28774258852392,0,0.332938365638256,0,0,0,0,0,0.236412912607193,0,0,0,0,0,0,0,0,0,0.3071518689394,0,0.275400668382645,0.342353382706642,0.330086462482621,0.239866490165393,0.208366183891828,0.276664182543755,0,0.248681257168452,0.307858425554107,0,0,0.295220345258713,0,0,0,0,0,0,0,0,0,0,0,0,0,0.364256464369556,0,0,0,0,0,0,0,0,0,0,0,0,0,0,0.345316121975581,0.385759546673594,0,0.450160196982324,0.287670097649097,0.217355310916901,0.298629089663391,0.265222072601318,0.270199232480743
0,0,0,0.261071816185452,0,0.213856015886579,0,0,0,0,0,0.276824802160263,0,0,0,0,0.30037696659565,0.28460598886013,0.30319022159901,0.279407009573802,0,0,0,0,0,0,0,0,0,0,0,0,0,0,0,0.22168763574645,0,0,0,0.29190889835984,0,0.312591002873294,0,0.30529860407114,0.248681257168452,0,0.311631798744202,0.243977352976799,0.279321372509003,0.264457893126936,0,0.221115857362747,0,0,0,0,0,0.367474710983192,0,0,0,0,0.257042886432047,0.315065264701843,0,0,0,0,0,0,0,0,0.381787115619296,0,0,0,0,0,0.276656227272734,0.303612262010574,0.238254893909801,0,0.258043539524078,0.258036006242037,0.320680189882663,0.280788339674473,0
0.397383856276671,0.330743700265884,0.222168434192153,0,0.199670788645744,0,0,0,0.209118604660034,0,0.300414986335314,0,0,0,0,0,0.298258889072082,0.288031900212878,0.325198064746063,0,0.307720573593492,0,0.353832811117172,0,0,0,0.267142261068026,0,0,0,0,0,0,0,0,0,0.234127030202321,0,0.288121079405149,0.330696277893507,0.241162693087202,0.273265440016985,0.271488742112007,0.3109100908041,0.307858425554107,0.311631798744202,0,0,0.265008971524926,0,0,0,0,0,0.18507287719033,0,0.255542725324631,0,0,0,0,0,0.32248529791832,0.316106233622425,0,0,0,0,0,0,0,0,0,0,0,0,0,0,0.333204095065594,0.344375421429238,0,0.379851163546574,0.30529358885233,0,0.278586405457473,0,0.272455424070358
0,0,0,0.298735529184341,0,0,0,0,0,0,0,0,0,0,0,0,0,0,0.180475816130638,0,0,0.38765786588192,0,0,0,0,0,0,0,0,0,0.452799948543176,0.418023138099622,0.452301428386806,0.250243744996129,0.331742627546191,0.229267477989197,0.384453734216236,0.395749499782538,0.305918604135513,0.405050233006477,0.256388018890801,0.423650536495142,0,0,0.243977352976799,0,0,0.479724441473105,0.384873126534075,0,0,0,0,0.268922120332718,0,0,0,0,0,0,0,0,0,0,0,0.390903353691101,0,0,0,0,0,0,0,0.468400926244552,0.37082394004603,0.456527668905821,0.330218749077418,0.326661358277003,0.366708589437073,0.430170617413015,0.417133065510769,0.499719923970407,0.329493403434753,0.356344215686505,0,0
0.169491493170267,0,0.215289536584169,0.280816386143367,0.242033535783941,0,0,0,0.207684144238445,0,0.290254371033774,0,0,0,0.188565509186851,0,0.280984699726105,0,0.276678064465523,0,0.26925853970978,0,0.233020843246153,0,0.253912574865601,0,0,0,0,0,0,0.43946554582074,0.587776730457942,0.446732697884242,0.403137008349101,0,0.249789434174697,0,0.302779849787854,0.297977089881897,0.287869417222968,0.303896144032478,0.387071132370688,0,0,0.279321372509003,0.265008971524926,0.479724441473105,0,0.279037677993377,0.260513716510364,0.259782433509827,0,0,0.22352909942468,0,0.225438142738004,0.307622641324997,0.210269979462028,0,0.192053202099421,0,0.291814386844635,0.270239770203745,0,0.242832439342939,0,0.233205025886545,0,0.242484422400594,0,0.280400125372401,0.320757567882538,0.146254569292068,0.47142353231928,0.525638170540333,0,0.344557195901871,0.275071436166763,0.322752242699978,0,0.366361994687212,0.463039851095274,0.263751521706581,0.312695435987902,0,0.283866792917252
0,0.128718459060494,0,0.275313456766207,0,0.247473104503648,0,0,0,0.338481277227402,0,0,0,0,0,0,0,0.269064694643021,0.272562008843107,0.292068853974342,0,0.286231425597513,0,0.18893903341279,0,0,0,0,0,0,0,0.426432576573011,0,0.399893221755822,0,0.210898995399475,0,0.236970551685508,0,0.266189305785052,0,0.27147307786992,0.239565417170525,0.339822540229017,0.295220345258713,0.264457893126936,0,0.384873126534075,0.279037677993377,0,0,0.266770670811335,0,0,0,0.177028611302376,0,0.291049924271166,0,0,0,0,0.313934275414795,0,0.277662798721829,0,0.269136252254248,0,0,0,0.294533522823891,0,0.278317676413627,0,0.444898960401686,0,0.227107028166453,0,0.255971751910038,0.274408638477325,0.30618653510298,0,0.282379982372125,0.286592022205393,0.282194279340575,0.285268260166049,0
0,0,0.211799788553983,0,0.191088579495349,0,0.194084110722113,0,0.18390506235036,0,0.199442285050948,0,0,0,0.188541432221731,0,0,0,0,0,0.238598418636964,0,0,0,0,0,0,0,0,0,0,0,0,0,0,0,0.252837969197167,0,0,0,0,0,0,0,0,0,0,0,0.260513716510364,0,0,0,0.203723920730211,0,0.187306282551665,0,0.301743300249712,0,0.236861199586691,0,0.245692031109397,0,0,0.308635882173593,0,0,0,0,0,0,0,0,0,0,0,0,0,0,0,0.342636838555336,0,0,0.182961463822541,0,0.290661202394666,0,0
0,0,0,0.255870860370564,0,0.251250231614973,0,0.273853950272754,0,0.216959722340107,0,0.29858013689518,0,0,0,0,0,0.266134053468704,0.279595464468002,0.203139173713597,0,0,0,0,0,0,0,0,0,0,0,0,0,0,0,0,0,0,0,0.279529955238104,0,0.244649831205606,0,0,0,0.221115857362747,0,0,0.259782433509827,0.266770670811335,0,0,0,0.24805773794651,0,0.212641686201096,0,0.254308118061586,0,0.230232132332666,0,0,0.196872863918543,0,0,0,0,0,0,0,0,0,0.265625566244125,0,0,0,0,0,0.286920699477196,0,0,0,0.218459841396127,0,0.315926684209934,0,0
0,0,0,0,0.252101306682048,0,0.24851758303368,0,0,0,0,0,0,0,0,0,0,0,0,0,0,0,0,0,0,0,0,0,0,0,0,0,0,0,0,0,0,0,0,0,0,0,0,0,0,0,0,0,0,0,0.203723920730211,0,0,0,0,0,0.163190346211195,0,0.206707802911599,0,0,0,0,0,0,0,0,0,0,0,0,0,0,0,0,0,0,0,0,0,0,0,0.242773049996923,0,0,0,0
0,0,0,0,0,0.285643305629492,0,0.22419577975477,0,0,0,0.224966133634249,0,0,0,0,0,0,0,0,0,0,0,0,0,0,0,0,0,0,0,0,0,0,0,0,0,0,0,0,0,0,0,0,0,0,0,0,0,0,0,0.24805773794651,0,0,0,0,0,0.260104469744499,0,0.251645058393478,0,0,0,0,0,0,0,0,0,0,0,0,0,0,0,0,0,0,0,0,0,0,0.161427944366421,0,0.218972250819206,0,0
0.209577770114275,0,0.153032727708104,0,0.138696014488998,0,0,0,0.269128834045931,0,0,0,0,0,0.19917386273543,0,0.143600106239319,0,0,0,0.22070657994066,0,0,0,0.186971230639352,0,0,0,0,0,0,0,0,0,0.280072543770075,0,0.206839434802532,0,0.283413373250163,0,0,0,0.234500889594738,0,0,0,0.18507287719033,0.268922120332718,0.22352909942468,0,0.187306282551665,0,0,0,0,0,0.194154232740402,0,0.174993932247162,0,0.207300707924502,0,0,0.235885869849611,0,0,0,0,0,0,0,0,0,0,0,0,0,0.268122971057892,0,0.314753651618958,0,0.25044040934279,0.229251563256862,0,0.208147800189477,0,0
0,0.210955028669,0,0.199501737952232,0,0.223428830504417,0,0,0,0.246026063714758,0,0,0,0,0,0,0,0,0,0,0,0,0,0.141692923545315,0,0,0,0,0,0,0,0,0,0,0,0,0,0.27846096349614,0,0,0,0,0,0,0,0,0,0,0,0.177028611302376,0,0.212641686201096,0,0,0,0,0,0,0,0,0,0.180832664171855,0,0,0,0,0.162051011723551,0,0,0,0,0,0,0,0,0,0,0,0,0,0.206751993546883,0,0.208641255704256,0,0,0,0
0,0,0.240725548794636,0,0.290230397135019,0,0.182531522309526,0,0,0,0.219973598135841,0,0.139184788697296,0,0.195560073852539,0,0,0,0.365591675043106,0,0.243436888912145,0,0,0,0,0,0,0,0,0,0.298234531591679,0,0,0,0,0,0.231704744425687,0,0.116819859732215,0,0.283834680914879,0,0.388856750887793,0,0,0,0.255542725324631,0,0.225438142738004,0,0.301743300249712,0,0.163190346211195,0,0.194154232740402,0,0,0,0.263274424140395,0,0.199424346387386,0,0,0.313068493014308,0,0,0,0,0,0,0,0.195509901004178,0,0.224907846229021,0,0,0,0,0,0.289461417921952,0,0.122620773812135,0.169797724201566,0,0.31694430028143,0,0
0,0,0,0.316864125952599,0,0.263152663630468,0,0.241029119422269,0,0,0,0.226296794742355,0,0.150991616770625,0,0,0,0.28643411397934,0.303130342728562,0.269827935187256,0,0,0,0,0,0,0,0,0,0.173682057276005,0,0,0,0,0,0.289887681603432,0,0.236388984653685,0,0.293128281831741,0.29008948802948,0.352563305996185,0.294109493494034,0.434547268350919,0,0.367474710983192,0,0,0.307622641324997,0.291049924271166,0,0.254308118061586,0,0.260104469744499,0,0,0,0,0,0,0,0,0.342555357777517,0,0,0,0,0,0,0,0,0,0.321303288141886,0,0,0,0,0,0.293971319283758,0,0,0,0.19066010106131,0.270121544599533,0.33084899590441,0.351348008798516,0
0,0,0.22419965216669,0,0.199830913463154,0,0.218619110006275,0,0.193575421969096,0,0.12319712979453,0,0.19782578223066,0,0.147791150181244,0,0,0,0,0,0,0,0,0,0,0,0,0,0,0,0,0,0,0,0,0,0,0,0,0,0,0,0,0,0,0,0,0,0.210269979462028,0,0.236861199586691,0,0.206707802911599,0,0.174993932247162,0,0.263274424140395,0,0,0,0.233671755788206,0,0,0.256845951080322,0,0.263893663883209,0,0,0,0.188871897757053,0,0.202284992853207,0,0,0,0,0,0,0,0,0,0,0.170923053968153,0,0.270657253298131,0,0
0,0,0,0.303376212716103,0,0.232468083500862,0,0.19257771782577,0,0,0,0.192718617618084,0,0.165674965192632,0,0,0,0,0,0,0,0,0,0,0,0,0,0.17356715798378,0,0,0,0,0,0,0,0,0,0,0,0,0,0,0,0,0,0,0,0,0,0,0,0.230232132332666,0,0.251645058393478,0,0,0,0,0,0,0,0,0,0,0,0,0,0,0,0,0,0,0,0,0,0,0,0,0,0,0,0,0.201619733124971,0,0.251271180808544,0,0
0.196317501237236,0,0.199027261696756,0,0.205740481615067,0,0,0,0.179852383701425,0,0,0,0.168153882026672,0,0.205154780573493,0,0.175917807966471,0.208719104528427,0.241734519600868,0,0,0,0.181936293840408,0,0,0,0,0,0,0,0,0,0,0,0,0,0,0,0,0,0,0,0.226833283901215,0,0,0,0,0,0.192053202099421,0,0.245692031109397,0,0,0,0.207300707924502,0,0.199424346387386,0,0.233671755788206,0,0,0,0,0,0,0,0,0.21393570676446,0,0.192081321369518,0,0.188798333016726,0,0,0,0,0,0,0,0,0,0,0.18412799090147,0,0.206142055759063,0,0.252954870462418
0,0.168825237405679,0,0.19350003107236,0,0,0,0,0,0.141948204487562,0,0,0,0.15577779635787,0,0.165987067523279,0,0.179603118139009,0,0,0,0,0,0,0,0,0,0,0,0,0,0,0,0,0,0,0,0,0,0,0,0,0,0,0,0,0,0,0,0,0,0,0,0,0,0.180832664171855,0,0,0,0,0,0,0,0,0,0,0,0,0,0,0,0,0,0,0,0,0,0,0,0,0,0,0.164808109402657,0,0.243639498949051,0,0
0,0,0,0.307950435578823,0,0.227214288229894,0,0.190473261746493,0,0,0,0.240904523226304,0,0,0,0,0.334957254784448,0.313720126946767,0.340028321213811,0.171159839078497,0,0,0.29559999704361,0,0,0,0.282187730073929,0,0,0,0,0,0,0,0,0.163079762152013,0,0,0,0.318107410707116,0.386192485690117,0.36719664081407,0.261263936758041,0.361390061676502,0,0.257042886432047,0.32248529791832,0,0.291814386844635,0.313934275414795,0,0.196872863918543,0,0,0,0,0,0.342555357777517,0,0,0,0,0,0.340135852495829,0,0,0,0,0,0,0,0,0.340137481689453,0,0,0,0,0,0.22469040359688,0.353077766795953,0.172980653371084,0.277738094329834,0.170444731622614,0.282807670533657,0.304821838717861,0.389024317264557,0
0,0,0.278151777090756,0,0.237781545600376,0,0,0,0.240989075679528,0,0.248667433117687,0,0,0,0,0,0.336080879966418,0.311625227636221,0.352711174806719,0,0.271826578945082,0,0.318285048007965,0,0,0,0,0,0,0,0,0,0,0,0,0,0.27191683107596,0,0.257547368714383,0.359061368487098,0.262790294016822,0.385552197694778,0.330404440403933,0.334223613142967,0.364256464369556,0.315065264701843,0.316106233622425,0,0.270239770203745,0,0.308635882173593,0,0,0,0.235885869849611,0,0.313068493014308,0,0.256845951080322,0,0,0,0.340135852495829,0,0.329982995986938,0,0,0,0,0,0,0,0,0,0,0,0,0,0.317256200313568,0.301128425011925,0,0.359104781124903,0.317380396379977,0.304793700575829,0.352139482416243,0,0.400946830949151
0,0,0,0,0,0,0,0,0,0,0,0,0,0,0,0,0.150036023722755,0.177922902475685,0.244614394647735,0,0,0.177371143177089,0.108222220093012,0.235700233360014,0,0.165919452141493,0,0.197930479625509,0,0,0,0,0,0,0,0,0,0.137619970411789,0,0,0,0,0,0,0,0,0,0,0,0.277662798721829,0,0,0,0,0,0,0,0,0,0,0,0,0,0.329982995986938,0,0,0.227127942234971,0,0.130751737289959,0.165528699755669,0.247193229019642,0,0,0,0,0,0,0,0,0,0.230389213987759,0,0.139138565995381,0.126907752205928,0,0,0
0,0,0,0,0,0,0,0,0.133287139236927,0,0,0,0,0,0,0,0.132776266407399,0.154400281608105,0.241023033857346,0,0,0,0.185680009667815,0,0.0952475741505623,0.170699000358582,0.12049091893893,0,0,0,0,0,0,0,0,0,0,0,0.235620578993922,0,0,0,0,0,0,0,0,0,0.242832439342939,0,0,0,0,0,0,0,0,0,0.263893663883209,0,0,0,0,0,0,0,0,0.209054684278312,0,0.229069548494676,0,0.314288481049073,0,0,0,0,0,0,0,0,0,0.254190838373119,0.127703112809049,0.144166391342878,0,0,0
0,0,0,0,0,0,0,0,0,0.151611453294754,0,0,0,0,0,0,0.168147466503657,0.170677122824332,0.211541175842285,0,0,0.19389009103179,0,0.173425809378305,0.155753344297409,0,0.157274454832077,0,0,0,0,0,0,0,0,0,0,0.282374905808917,0,0,0,0,0.189634576439857,0,0,0,0,0.390903353691101,0,0.269136252254248,0,0,0,0,0,0.162051011723551,0,0,0,0,0,0,0,0,0.227127942234971,0,0,0,0.126902006566525,0,0.210856492320697,0,0,0,0,0,0,0,0,0,0.231457771331656,0,0.147655983341903,0.126701697707176,0.323107525706291,0,0
0,0,0,0,0,0,0,0,0.14377338173134,0,0,0,0,0,0.163909167051315,0,0.176405757665634,0.152754822745919,0.258559785783291,0,0,0,0.157024208117615,0,0.140028501084695,0,0.180080868376112,0,0,0,0,0,0,0,0,0,0,0,0.232018624475369,0,0,0,0.340577393770218,0,0,0,0,0,0.233205025886545,0,0,0,0,0,0,0,0,0,0,0,0.21393570676446,0,0,0,0,0.209054684278312,0,0,0,0.197580789180238,0,0,0,0,0,0,0,0,0,0,0,0.283610798418522,0.142027554102242,0,0.212546669385012,0,0
0,0,0,0,0,0,0,0,0,0,0,0,0,0,0,0.151228837230626,0.153103034641292,0.160730861567334,0.222089121216222,0,0,0.140506311840967,0,0.164288707574209,0,0.13830323966196,0.152956008911133,0.179288876701647,0,0,0,0,0,0,0,0,0,0,0,0,0,0,0,0,0,0,0,0,0,0,0,0,0,0,0,0,0,0,0,0,0,0,0,0,0.130751737289959,0,0.126902006566525,0,0,0.161014184355736,0.25105314501203,0,0,0,0,0,0,0,0,0.289241075515747,0,0,0.152657902550176,0.140665091182056,0.260372035205364,0,0
0,0,0,0,0,0,0,0,0,0,0,0,0,0,0,0,0.156621843655693,0.185088359392606,0.218536752462387,0,0,0,0.125670466158125,0,0.157039369146029,0,0.135966585441069,0,0,0,0,0,0,0,0,0,0,0,0,0,0,0,0,0,0,0,0,0,0.242484422400594,0,0,0,0,0,0,0,0,0,0.188871897757053,0,0.192081321369518,0,0,0,0.165528699755669,0.229069548494676,0,0.197580789180238,0.161014184355736,0,0,0.300844644886315,0,0,0,0,0,0,0,0,0,0,0.168814477764747,0.159923613071442,0,0,0
0,0,0,0,0,0,0,0,0,0,0,0,0,0.150304920971394,0,0,0,0.125329289585352,0,0,0,0.173059997459253,0,0,0,0.159905377775431,0,0.170020781936253,0,0,0,0,0,0,0,0,0,0.204634537299474,0,0,0,0,0,0,0,0,0,0,0,0.294533522823891,0,0,0,0,0,0,0,0,0,0,0,0,0,0,0.247193229019642,0,0.210856492320697,0,0.25105314501203,0,0,0,0,0,0,0,0,0,0,0,0.234162325816449,0,0.144938897755411,0,0,0,0
0,0,0,0,0,0,0,0,0,0,0,0,0,0,0,0,0,0,0,0,0,0,0,0,0,0,0,0,0.125253119106804,0,0.236320000141859,0,0,0,0,0,0,0,0,0,0,0,0,0,0,0,0,0,0.280400125372401,0,0,0,0,0,0,0,0.195509901004178,0,0.202284992853207,0,0.188798333016726,0,0,0,0,0.314288481049073,0,0,0,0.300844644886315,0,0,0,0.210416504587883,0,0,0,0,0,0,0,0,0,0,0,0,0
0,0,0,0.331050309869978,0,0,0,0,0,0,0,0.206463225185871,0,0,0,0,0,0,0.311195269227028,0,0,0,0,0,0,0,0,0.212487345933914,0,0.191319385606821,0,0,0,0,0,0,0,0.212886244058609,0,0,0,0.309771275791255,0,0.304691672325134,0,0.381787115619296,0,0,0.320757567882538,0.278317676413627,0,0.265625566244125,0,0,0,0,0,0.321303288141886,0,0,0,0,0.340137481689453,0,0,0,0,0,0,0,0,0,0,0,0,0,0,0,0,0,0.201961879782817,0,0.26278950770696,0,0.327125289773576,0.349689369400342,0
0,0,0,0,0,0,0,0,0,0,0.225290197134018,0,0,0,0,0,0,0,0,0,0,0,0,0,0,0,0,0,0.201575761288404,0,0.150759729331261,0,0,0,0,0,0,0,0.18080376509739,0,0.228463800505121,0,0,0,0,0,0,0,0.146254569292068,0,0,0,0,0,0,0,0.224907846229021,0,0,0,0,0,0,0,0,0,0,0,0,0,0,0.210416504587883,0,0,0,0,0,0,0,0.221152131578752,0,0.2244103903877,0.12057672764944,0,0.230256471015951,0,0
0,0,0,0,0,0,0,0,0,0,0,0,0,0,0,0,0,0,0,0,0,0,0,0,0,0,0,0,0,0,0,0.293722568040862,0.234104700976669,0.244377434253693,0,0.245764456222306,0.257892519235611,0,0,0,0,0,0,0,0,0,0,0.468400926244552,0.47142353231928,0.444898960401686,0,0,0,0,0,0,0,0,0,0,0,0,0,0,0,0,0,0,0,0,0,0,0,0,0,0.377556643178386,0.271476046127432,0,0.31397135370338,0.349646046757698,0,0,0.346738494195262,0,0,0,0
0,0,0,0,0,0,0,0,0,0,0,0,0,0,0,0,0,0,0,0,0,0,0,0,0,0,0,0,0,0,0,0.324253454200319,0.294648144511655,0,0.248842009902,0.445736019448801,0.22089312139612,0,0,0,0,0,0,0,0,0,0,0.37082394004603,0.525638170540333,0,0,0,0,0,0,0,0,0,0,0,0,0,0,0,0,0,0,0,0,0,0,0,0,0,0.377556643178386,0,0,0.299135050946666,0,0.310227065962085,0,0,0.349697456318279,0,0,0,0
0,0,0,0,0,0,0,0,0,0,0,0,0,0,0,0,0,0,0,0,0,0,0,0,0,0,0,0,0,0,0,0.248921544134617,0.205681174993515,0.264114839585854,0.175387977975086,0.202090207555077,0,0.269378206161695,0.148196592926979,0,0,0,0,0,0,0,0,0.456527668905821,0,0.227107028166453,0,0,0,0,0,0,0,0,0,0,0,0,0,0,0,0,0,0,0,0,0,0,0,0,0.271476046127432,0,0,0,0.233075596392155,0,0.30740999393084,0,0.168132219014686,0,0,0,0
0,0,0,0,0,0,0,0,0,0,0,0,0,0,0,0,0,0,0,0,0,0,0,0,0,0,0,0,0,0,0,0,0.296177199482918,0.169340615404082,0.223093548358012,0,0.182449652868159,0,0.333483949610867,0,0,0,0.289537797371546,0,0,0,0,0.330218749077418,0.344557195901871,0,0,0,0,0,0.268122971057892,0,0,0,0,0,0,0,0,0,0,0,0,0,0,0,0,0,0,0,0,0.299135050946666,0,0,0,0.270096389870895,0,0.272136019313172,0.164640582984402,0,0,0,0
0,0,0,0.278535010722967,0,0.266707719156617,0,0,0,0,0,0.308691620826721,0,0,0,0,0.341558377851139,0.315996048564003,0.375586513303981,0.153531461249332,0,0.326578885316849,0,0,0,0,0,0,0,0,0,0.267085021263675,0,0.306718700686417,0,0.231940555242732,0,0.189526793371707,0,0.279955084148411,0,0.315822559470437,0.31128649910291,0.45434280321002,0.345316121975581,0.276656227272734,0.333204095065594,0.326661358277003,0.275071436166763,0.255971751910038,0,0.286920699477196,0,0,0,0,0,0.293971319283758,0,0,0,0,0.22469040359688,0.317256200313568,0,0,0,0,0,0,0,0,0,0,0.31397135370338,0,0.233075596392155,0,0,0.360337061186632,0.21851841956377,0,0.242302418128522,0.215143037248742,0.316692550803957,0.3803251338276,0.237507805228233
