0,0,0.216655409274002,0,0,0,0,0,0.313962025037467,0,0,0,0,0,0,0,0.370342182724372,0.326294630765915,0.372006732190764,0,0,0,0,0,0,0,0,0,0,0,0,0,0,0,0,0,0,0,0.322034999728203,0.342889994382858,0.427992389960722,0.320307970046997,0.329970299659931,0,0,0.316060721874237,0.290808538595835,0,0.26264640018074,0,0,0,0,0,0.163448803126812,0,0.295255149489847,0,0.284978479146957,0,0.283979297111368,0,0,0.269951978325844,0,0,0,0,0,0,0,0.304253786802292,0,0.342890092233817,0,0,0,0,0,0.354929854090397,0,0.39330878002303,0.303995616887332,0,0.383370814309318,0,0
0,0,0,0.146535398269242,0,0,0,0,0,0.155615018621372,0,0,0,0,0,0,0.30033141374588,0,0.33092902517981,0,0,0,0,0.261592316627502,0,0,0,0,0,0,0,0,0,0,0,0.381993745382016,0,0.37331560254097,0,0.397869635974207,0,0.401761403471386,0.229515254497528,0,0,0.290070521480897,0,0,0,0.267907326704884,0,0,0,0,0,0.147977765614741,0,0.322287013630072,0,0,0,0.233416125178337,0.249688431620598,0,0,0,0.227783804138501,0,0,0,0.32816356420517,0,0.35483633444227,0,0,0,0,0,0.380622545418712,0.291774928569794,0.43225907717111,0,0.33592264444539,0,0.338165183541726,0.396912336349487,0
0.216655409274002,0,0,0,0.203165233135223,0,0,0,0.242239356040955,0,0,0,0,0,0.21305712325088,0,0,0,0,0,0,0,0,0,0,0,0,0,0,0,0,0,0,0,0,0,0.254699313747031,0,0,0,0.245571469267209,0,0.273025278449059,0,0,0,0.27167601386706,0,0.171230067874779,0,0.251874732343774,0,0,0,0.191772441810636,0,0.279841914772987,0,0.27147890088406,0,0.253301753754347,0,0,0,0,0,0,0,0,0,0,0.241831243038177,0,0.312452179193497,0,0,0,0,0,0.282515328664046,0,0.22380468249321,0.223846433536401,0,0.262692947581571,0,0.235925585031509
0,0.146535398269242,0,0,0,0.184107060197496,0,0,0,0.178031601011753,0,0.183089171846708,0,0,0,0,0.276512041687965,0.285362109541893,0.262596819263238,0.407551601529121,0,0,0,0.245372921228409,0,0,0,0,0,0,0,0,0,0,0,0.216383496671915,0,0.240358352661133,0,0.252385504543781,0,0.278229445652003,0.260625910013914,0.279512315988541,0,0.221663668293219,0,0,0,0.20907101846194,0,0.221370286723742,0,0,0,0.188675311719902,0,0.260149502949993,0,0.2451476380229,0,0.2208653327463,0.34046733379364,0.306024938821793,0,0,0,0,0,0,0.287814497947693,0,0.329443447379505,0.32576510310173,0,0,0,0,0.261380339307444,0.326480627059937,0.331300362160331,0,0.22535208326545,0,0.262698393649184,0,0
0,0,0.203165233135223,0,0,0,0.193048059940338,0,0.171556491404772,0,0,0,0,0,0.230911029384861,0,0,0,0,0,0.146422728896141,0,0,0,0,0,0,0,0,0,0,0,0,0,0,0,0,0,0,0,0,0,0.26325923204422,0,0,0,0,0,0.205934002995491,0,0.224118322552163,0,0,0,0,0,0.127916928380728,0,0,0,0.226983381642236,0,0,0.140212088823318,0,0,0,0,0,0,0,0,0,0,0,0,0,0,0,0.207023799419403,0,0,0.190657010888198,0,0.227583585381508,0,0
0,0,0,0.184107060197496,0,0,0,0,0,0.21633456770929,0,0,0,0,0,0.24617480025405,0,0,0,0,0,0,0,0,0,0,0,0,0,0,0,0,0,0,0,0.179573172082504,0,0,0,0.242961086332798,0,0.263033245291029,0,0.241918578743935,0,0,0,0,0,0,0,0.187998226671936,0,0.175356939435005,0,0.208667806888881,0,0.19205522371663,0,0.172445170581341,0,0.256267099508217,0.128974989056587,0,0,0,0,0,0,0,0,0,0,0,0,0,0,0,0.217311218380928,0,0,0,0.206719825909503,0.145384549643054,0.181373595339911,0,0
0,0,0,0,0.193048059940338,0,0,0,0,0,0.184530634433031,0,0,0,0,0,0,0,0,0,0,0,0,0,0,0,0,0,0,0,0,0,0,0,0,0,0.223314493894577,0,0,0,0,0,0,0,0,0,0,0,0,0,0.232071363429228,0,0.209218013180154,0,0,0,0.226450483295006,0,0,0,0,0,0,0,0,0,0,0,0,0,0,0,0,0,0,0,0,0,0,0,0,0,0.205544903874397,0.145662754774094,0,0,0
0,0,0,0,0,0,0,0,0,0,0,0.24395362787387,0,0.186560532699029,0,0,0,0,0,0,0,0,0,0,0,0,0,0,0,0,0,0,0,0,0,0.188854351858882,0,0,0,0,0,0,0,0,0,0,0,0,0,0,0,0.215744137763977,0,0.204119573897424,0,0,0,0.270897831421259,0,0.194883859317218,0,0,0,0,0,0,0,0,0,0,0,0,0,0,0,0,0,0,0.220220844854008,0,0,0,0.169237639506658,0,0,0,0
0.313962025037467,0,0.242239356040955,0,0.171556491404772,0,0,0,0,0,0,0,0,0,0.201195024895041,0,0.223972774384653,0,0.325505297631025,0,0.154170534440449,0,0,0,0.209356469830664,0,0.180699070294698,0,0,0,0,0,0,0,0,0,0.232172176241875,0,0.219919789658517,0,0.254549592733383,0,0.2433601400265,0,0,0,0.299860766955784,0,0.30196548286168,0,0.132238867382208,0,0,0,0.207706475242512,0,0.316484996098645,0,0,0,0.246450686584348,0,0,0.13113434612751,0,0,0,0.167300475614794,0,0.183801352977753,0,0.345078392940409,0,0.34486123919487,0,0,0,0,0,0.250788480043411,0,0.186248449402896,0.22302875591011,0.23511403799057,0.277241813967813,0,0.263113453984261
0,0.155615018621372,0,0.178031601011753,0,0.21633456770929,0,0,0,0,0,0,0,0,0,0.210397510892815,0,0.198012126816644,0.271800652146339,0,0,0,0,0.190691624739856,0,0,0,0,0,0,0,0,0,0,0,0.171444073319435,0,0.200920974886095,0,0.285996283094088,0,0.245191541267559,0,0,0,0.304378032684326,0.275465697050095,0,0,0.200204220600426,0,0.220182992517948,0,0,0,0.270399413043845,0,0.318610957489823,0,0,0,0.220360139241585,0,0,0,0,0.181694048224017,0,0,0,0.294805288314819,0,0.359971753386564,0,0,0,0,0,0.283197656273842,0,0.211409520357847,0,0.21878733532214,0.223320337633292,0.280448890649355,0.245576053857803,0
0,0,0,0,0,0,0.184530634433031,0,0,0,0,0,0.168975672374169,0,0,0,0,0,0,0,0.171056568622589,0,0,0,0,0,0,0,0.172490943755422,0,0.228454209004457,0,0,0,0,0,0.219942062831762,0,0.184904746664977,0,0,0,0,0,0,0,0,0,0,0,0,0,0,0,0,0,0.213965135223712,0,0.124339637346566,0,0,0,0,0.156882786750793,0,0,0,0,0,0,0,0.175217837095261,0,0.199826650751325,0,0,0,0,0,0.242789141833782,0,0.205303750627012,0.197800200090103,0,0,0,0
0,0,0,0.183089171846708,0,0,0,0.24395362787387,0,0,0,0,0,0.167702153325081,0,0,0,0,0,0.148849907839163,0,0,0,0,0,0,0,0,0,0.222037259700163,0,0,0,0,0,0.186991890649433,0,0.171021950544504,0,0,0,0,0,0,0,0.230234891176224,0,0,0,0,0,0.140514194965363,0,0.20294912904501,0,0,0,0.234649430259347,0,0.160702290577353,0,0,0.190096758479296,0,0,0,0,0,0,0,0.168892924180802,0,0.197880064527835,0,0,0,0,0,0.22788775463899,0,0.194511689275865,0,0.192821332165655,0,0.260292569796244,0,0
0,0,0,0,0,0,0,0,0,0,0.168975672374169,0,0,0,0,0,0,0,0,0,0,0,0,0,0,0,0,0,0.247045696219977,0,0,0,0,0,0,0,0,0,0,0,0,0,0,0,0,0,0,0,0,0,0.210151647031307,0,0,0,0,0,0.196472557261586,0,0.187439636799736,0,0,0,0,0,0,0,0,0,0,0,0,0,0,0,0,0,0,0,0,0,0,0,0.12629568974177,0,0,0,0
0,0,0,0,0,0,0,0.186560532699029,0,0,0,0.167702153325081,0,0,0,0.256550911813974,0,0.162495564669371,0,0,0,0,0,0,0,0.173636365681887,0,0.211736068129539,0,0,0,0,0,0,0,0,0,0,0,0,0,0,0,0,0,0,0,0,0,0,0,0,0,0.187453739345074,0,0,0,0,0,0.229324317008865,0,0.272797957062721,0,0,0,0,0,0,0.168720036745071,0,0.173233211040497,0,0,0,0,0,0,0,0,0,0,0,0.162456583012553,0,0,0,0
0,0,0.21305712325088,0,0.230911029384861,0,0,0,0.201195024895041,0,0,0,0,0,0,0,0,0,0,0,0,0,0,0,0,0,0,0,0,0,0,0,0,0,0,0,0,0,0,0,0,0,0.264063136144118,0,0,0,0,0,0.218943827200768,0,0.23714187635637,0,0,0,0.1932422965765,0,0.26026776432991,0,0,0,0.21682530719166,0,0,0,0,0,0,0,0,0.21512626260519,0,0,0,0,0,0,0,0,0,0,0,0,0.214159119129181,0,0.243534500782306,0,0
0,0,0,0,0,0.24617480025405,0,0,0,0.210397510892815,0,0,0,0.256550911813974,0,0,0,0.159362629055977,0,0,0,0,0,0.200820307708481,0,0.153695981417383,0,0,0,0,0,0,0,0,0,0,0,0,0,0,0,0.295565187931061,0,0,0,0,0,0,0,0.167364075779915,0,0.241258345152202,0,0,0,0.231650751422752,0,0,0,0.182909548282623,0,0.208484597656192,0,0,0,0,0,0,0.155997577309608,0,0,0,0,0,0,0,0,0,0,0,0,0,0.21821195922168,0.196557454764843,0.27237554192543,0,0
0.370342182724372,0.30033141374588,0,0.276512041687965,0,0,0,0,0.223972774384653,0,0,0,0,0,0,0,0,0.185501544619561,0.308000246928381,0,0.347926199436188,0.14913135021925,0.166778601504661,0.183751955628395,0.171308604420209,0.191081562212535,0.153531160205603,0,0,0,0,0,0,0,0,0.342128932476044,0.375025689601898,0,0.448208391666412,0.342151228458651,0.366387180717928,0.279965285550464,0.28405033680824,0,0.287604600191116,0.313846606583822,0.302957618540084,0,0.276706762611866,0.289000391960144,0,0,0,0,0,0,0.347601110736529,0.301432605832815,0,0,0,0,0.314103718847036,0.320862755179405,0,0.14402944346269,0,0,0,0.137620359659195,0,0.285213083028793,0.32624967609133,0.36544971479926,0,0,0,0,0.354922622442245,0.365212186695413,0.351006835699081,0.393872976010921,0.204267731978932,0.186333393270496,0.356530721670231,0.284782369931539,0.273501651252017
0.326294630765915,0,0,0.285362109541893,0,0,0,0,0,0.198012126816644,0,0,0,0.162495564669371,0,0.159362629055977,0.185501544619561,0,0.291632491613042,0,0,0.157655065546887,0,0.170168170698809,0,0.174034622577777,0,0.200121514955345,0,0,0,0,0,0,0,0.35355119407177,0,0.333197593688965,0,0.321576314152412,0.349576773219987,0.27274544021258,0.283447640947998,0,0.27253545820713,0.30880302359473,0.283672280907631,0,0.25991815328598,0.268072217702866,0,0,0,0,0,0.240885321050882,0,0.324974874655406,0,0,0,0,0.291527379304171,0.313445855589474,0.170067899756961,0,0.200097942075064,0,0.170970689546276,0,0,0,0.324127126485109,0.332346054911613,0,0,0,0,0.32483631986029,0.344651922820106,0.345041963458061,0.363922847807407,0.19678373565736,0.172222048909156,0.322963602486111,0.265961328148842,0.256516223152479
0.372006732190764,0.33092902517981,0,0.262596819263238,0,0,0,0,0.325505297631025,0.271800652146339,0,0,0,0,0,0,0.308000246928381,0.291632491613042,0,0,0,0,0,0,0,0.217628728598356,0,0,0,0,0,0,0,0,0,0.363043200273018,0.363894250463037,0.341282612085342,0.420317649841309,0.351313094857713,0.363727293667339,0.189233141247906,0.267971172603756,0.170423407107592,0.243392300079851,0.325429828512003,0.297764001696767,0,0.292361482977867,0.315521727005641,0,0,0,0,0,0.251996365189552,0.338761780320144,0.334801385457488,0,0,0,0.246840983629227,0.319031125865877,0.329699568555389,0,0,0,0,0,0,0.284891724586487,0.331159043312073,0.380043841770717,0.356960486965019,0,0,0,0,0.38006890328973,0.370124081708911,0.414665737162227,0.392935103391561,0.257325477212737,0.280930660921952,0.339249165283131,0.217558969745908,0.236525090586426
0,0,0,0.407551601529121,0,0,0,0,0,0,0,0.148849907839163,0,0,0,0,0,0,0,0,0,0,0,0,0,0,0,0,0,0,0,0,0,0,0,0.208722526852502,0,0.180786702899556,0,0,0,0,0,0,0,0.299192650585758,0,0,0,0,0,0,0,0,0,0,0,0.180310515108807,0,0,0,0,0.207038443174359,0,0,0,0,0,0,0,0,0,0,0,0,0,0,0,0.256292912822503,0,0.303002850575881,0,0.165073868738213,0,0.391059341695574,0,0
0,0,0,0,0.146422728896141,0,0,0,0.154170534440449,0,0.171056568622589,0,0,0,0,0,0.347926199436188,0,0,0,0,0,0,0,0,0,0,0,0,0,0,0,0,0,0,0,0.224625180871514,0,0.18785391440535,0,0,0,0,0,0,0,0.262148668989539,0,0,0,0.260209781968075,0,0,0,0.166328087449074,0,0.210565240294845,0,0.286926691021238,0,0.337434992194176,0,0,0.233874331229749,0,0,0,0,0,0,0,0,0,0,0,0,0,0,0,0.259312680775815,0,0.240368823210398,0.193580653288482,0,0.477315217080201,0,0
0,0,0,0,0,0,0,0,0,0,0,0,0,0,0,0,0.14913135021925,0.157655065546887,0,0,0,0,0.139688262173647,0.177003634183906,0,0.166047072687814,0,0.168737835608996,0,0,0,0,0,0,0,0,0,0.187527043893812,0,0,0,0,0,0,0,0,0,0,0,0.237140833484856,0,0,0,0,0,0,0,0,0,0,0,0,0,0,0.207583985812533,0.147100475584639,0.182865413788118,0,0.242733261281891,0,0.228086893757184,0,0,0,0,0,0,0,0,0,0.238772295877851,0,0.146390867175541,0.184059279375389,0,0,0
0,0,0,0,0,0,0,0,0,0,0,0,0,0,0,0,0.166778601504661,0,0,0,0,0.139688262173647,0,0,0.238750081718638,0,0.148426230800779,0,0,0,0,0,0,0,0,0,0,0,0.237616187914791,0,0,0,0,0,0,0,0,0,0.260679577154164,0,0,0,0,0,0,0,0,0,0,0,0,0,0,0,0,0.223244131360339,0,0.217246560862771,0,0.359710128859003,0,0.282618090212345,0,0,0,0,0,0,0,0,0,0.299029371333504,0.145394623307793,0.154441867219774,0,0,0
0,0.261592316627502,0,0.245372921228409,0,0,0,0,0,0.190691624739856,0,0,0,0,0,0.200820307708481,0.183751955628395,0.170168170698809,0,0,0,0.177003634183906,0,0,0,0.141415164506031,0,0,0,0,0,0,0,0,0,0,0,0.246636929776933,0,0,0,0.219946670532227,0,0,0,0,0,0,0,0.227837182581425,0,0,0,0,0,0.233375989461458,0,0.258962839841843,0,0,0,0,0,0,0.236212384613121,0,0.237217444520426,0,0.16546683469505,0,0,0,0,0,0,0,0,0,0,0,0.273649195256906,0,0.181765546171081,0,0.275592089763709,0,0
0,0,0,0,0,0,0,0,0.209356469830664,0,0,0,0,0,0,0,0.171308604420209,0,0,0,0,0,0.238750081718638,0,0,0,0.18879702873528,0,0,0,0,0,0,0,0,0,0,0,0.278599783716977,0,0,0,0,0,0,0,0,0,0.219836607575417,0,0,0,0,0,0.235675207020452,0,0,0,0,0,0.190967503648538,0,0,0,0,0.254237873274148,0,0.221303307048983,0,0.185394708582988,0,0,0,0,0,0,0,0,0,0,0,0.299623821410665,0.13434248366071,0,0.261133790016174,0,0
0,0,0,0,0,0,0,0,0,0,0,0,0,0.173636365681887,0,0.153695981417383,0.191081562212535,0.174034622577777,0.217628728598356,0,0,0.166047072687814,0,0.141415164506031,0,0,0,0.202910298906912,0,0,0,0,0,0,0,0,0,0,0,0,0,0,0,0,0,0,0,0,0,0,0,0,0,0,0,0,0,0,0,0,0,0.221360310912132,0,0,0.213728755035184,0,0.218900815716812,0,0.190691789275974,0,0.211929634213448,0,0,0,0,0,0,0,0,0,0,0,0.190532882936806,0.187463030219078,0,0,0
0,0,0,0,0,0,0,0,0.180699070294698,0,0,0,0,0,0,0,0.153531160205603,0,0,0,0,0,0.148426230800779,0,0.18879702873528,0,0,0,0.166310788347171,0,0,0,0,0,0,0,0,0,0,0,0,0,0,0,0,0,0,0,0,0,0,0,0,0,0.195378804579377,0,0,0,0,0,0.203117367412363,0,0,0,0,0.275181046941064,0,0.204467559233308,0,0.174354928713965,0,0,0,0,0,0,0,0,0,0,0,0,0.174075334861472,0,0,0,0
0,0,0,0,0,0,0,0,0,0,0,0,0,0.211736068129539,0,0,0,0.200121514955345,0,0,0,0.168737835608996,0,0,0,0.202910298906912,0,0,0,0.143151225591147,0,0,0,0,0,0,0,0.15957728841088,0,0,0,0,0,0,0,0,0,0,0,0,0,0,0,0,0,0,0,0,0,0.167514626468931,0,0,0,0,0.155984804034233,0,0,0,0,0,0.226997344949379,0,0.149195209145546,0,0,0,0,0,0,0,0.250372444443843,0,0.193199139425037,0.182407008974176,0,0,0
0,0,0,0,0,0,0,0,0,0,0.172490943755422,0,0.247045696219977,0,0,0,0,0,0,0,0,0,0,0,0,0,0.166310788347171,0,0,0,0.161558321544102,0,0,0,0,0,0,0,0.170141746600469,0,0,0,0,0,0,0,0,0,0,0,0,0,0,0,0,0,0.208064310252666,0,0.244803329308828,0,0,0,0,0,0,0,0,0,0,0,0,0.189312808050457,0,0,0,0,0,0,0,0,0,0,0,0,0,0,0
0,0,0,0,0,0,0,0,0,0,0,0.222037259700163,0,0,0,0,0,0,0,0,0,0,0,0,0,0,0,0.143151225591147,0,0,0,0,0,0,0,0,0,0.169784477532462,0,0,0,0,0,0,0,0,0,0,0,0,0,0,0,0,0,0,0,0.22852934394397,0,0,0,0,0,0,0,0,0,0,0,0,0.141799422601859,0,0.248325012088415,0,0,0,0,0,0,0,0.198321172134663,0,0.153212237087163,0,0,0,0
0,0,0,0,0,0,0,0,0,0,0.228454209004457,0,0,0,0,0,0,0,0,0,0,0,0,0,0,0,0,0,0.161558321544102,0,0,0,0,0,0,0,0,0,0.16006242595613,0,0,0,0,0,0,0,0,0,0,0,0,0,0,0,0,0,0.222243684304862,0,0,0,0,0,0,0,0,0,0,0,0,0,0,0.136711368827443,0,0.219225370310207,0,0,0,0,0,0,0,0.228657165423353,0.154152130087217,0,0,0,0
0,0,0,0,0,0,0,0,0,0,0,0,0,0,0,0,0,0,0,0,0,0,0,0,0,0,0,0,0,0,0,0,0.148975586134884,0.148881658911705,0,0.2340866725071,0.266097731888294,0,0,0,0,0,0,0,0,0,0,0.279188290756181,0.254548514882724,0.333957595738354,0,0,0,0,0,0,0,0,0,0,0,0,0,0,0,0,0,0,0,0,0,0,0,0,0.183319881444233,0.159082740545273,0.18137195199728,0,0.243421020246176,0,0,0,0.155261087514784,0,0,0,0
0,0,0,0,0,0,0,0,0,0,0,0,0,0,0,0,0,0,0,0,0,0,0,0,0,0,0,0,0,0,0,0.148975586134884,0,0,0.19757141917944,0.20048912614584,0.281647617521392,0,0,0,0,0,0,0,0,0,0,0.299660534005273,0.41177832904984,0,0,0,0,0,0,0,0,0,0,0,0,0,0,0,0,0,0,0,0,0,0,0,0,0,0,0.210311188707586,0,0,0,0.32036448947408,0,0,0.16269444283985,0,0,0,0
0,0,0,0,0,0,0,0,0,0,0,0,0,0,0,0,0,0,0,0,0,0,0,0,0,0,0,0,0,0,0,0.148881658911705,0,0,0.159637507886717,0.177206157585901,0,0.238391324821295,0.404119972671781,0,0,0,0,0,0,0,0,0.424738197792605,0,0,0,0,0,0,0,0,0,0,0,0,0,0,0,0,0,0,0,0,0,0,0,0,0,0,0,0,0.214117538544745,0.167687458427329,0.203749723854612,0,0.21914470959128,0,0.239106361308823,0.490372163554033,0,0,0
0,0,0,0,0,0,0,0,0,0,0,0,0,0,0,0,0,0,0,0,0,0,0,0,0,0,0,0,0,0,0,0,0.19757141917944,0.159637507886717,0,0,0.182096995287631,0.488359749317169,0.260439550876617,0,0,0,0,0,0,0,0,0.302677495892547,0.239066533744335,0,0,0,0,0,0,0,0,0,0,0,0,0,0,0,0,0,0,0,0,0,0,0,0,0,0,0.207568501050656,0.18105489428629,0.219428083995452,0,0.195632229170461,0,0.251263757964142,0.213788067752665,0.197367016226053,0,0,0
0,0.381993745382016,0,0.216383496671915,0,0.179573172082504,0,0.188854351858882,0,0.171444073319435,0,0.186991890649433,0,0,0,0,0.342128932476044,0.35355119407177,0.363043200273018,0.208722526852502,0,0,0,0,0,0,0,0,0,0,0,0.2340866725071,0.20048912614584,0.177206157585901,0,0,0.225513082479032,0.161787648647593,0.154968500137329,0.231540987888972,0.337591350078583,0.293694158169356,0.335941180586815,0.240814313292503,0,0.315000355860283,0.354295492172241,0.280930996093215,0,0.321898023287455,0,0.187934628791279,0,0,0,0.190779156982899,0,0.193037652100126,0,0.189614683389664,0,0,0.249261055816467,0.330485850572586,0,0,0,0,0,0,0,0,0.329573637247086,0,0.227248677105274,0,0.14063597129037,0,0.235632104335041,0.266396494565812,0.241664318909662,0,0.200899272410118,0.176044926699931,0.2300828802259,0.314146118031608,0
0,0,0.254699313747031,0,0,0,0.223314493894577,0,0.232172176241875,0,0.219942062831762,0,0,0,0,0,0.375025689601898,0,0.363894250463037,0,0.224625180871514,0,0,0,0,0,0,0,0,0,0,0.266097731888294,0.281647617521392,0,0.182096995287631,0.225513082479032,0,0,0.177943381702699,0.333665624260902,0.337093308568001,0,0.316681691578456,0,0.332818597555161,0.344652652740479,0.294286872446537,0.316531595776024,0.267371269563834,0,0.261433705820569,0,0,0,0.229096004739404,0,0.299498838505575,0,0.283361359916884,0,0.264968808082973,0,0,0.249821651780288,0,0,0,0,0,0,0,0,0.392605245113373,0.31559086839358,0,0.230064473472057,0,0.184481308003639,0.202923452985362,0.239399399255358,0,0.234230315963853,0.205360248670902,0.183086153369264,0.28780766290809,0,0.329352498054504
0,0.37331560254097,0,0.240358352661133,0,0,0,0,0,0.200920974886095,0,0.171021950544504,0,0,0,0,0,0.333197593688965,0.341282612085342,0.180786702899556,0,0.187527043893812,0,0.246636929776933,0,0,0,0.15957728841088,0,0.169784477532462,0,0,0,0.238391324821295,0.488359749317169,0.161787648647593,0,0,0.305017454265538,0.359502251659121,0,0.299829680811275,0.330598965287209,0,0,0.301371425462932,0,0.71276613944894,0,0.303047050017378,0,0,0,0,0,0.229773855523059,0,0.169606999751735,0,0,0,0,0.231772397982853,0,0.213420318445697,0,0.264523776588343,0,0,0,0.195390049368143,0,0.18835663154903,0.37497553229332,0,0,0.188425638354742,0,0.215562552099045,0.321420565247536,0.235961389685493,0.162916946060517,0.36993543392842,0.540316996322,0.451997028878675,0.302033392446382,0
0.322034999728203,0,0,0,0,0,0,0,0.219919789658517,0,0.184904746664977,0,0,0,0,0,0.448208391666412,0,0.420317649841309,0,0.18785391440535,0,0.237616187914791,0,0.278599783716977,0,0,0,0.170141746600469,0,0.16006242595613,0,0,0.404119972671781,0.260439550876617,0.154968500137329,0.177943381702699,0.305017454265538,0,0,0.442278832197189,0,0.261550738631437,0,0,0,0.260200276970863,0.738823709786487,0.239632906461204,0,0,0,0,0,0.307314323406693,0,0.171129957642607,0,0,0,0,0,0,0.253380279235272,0,0.243051446128632,0,0.289182503169147,0,0,0,0.157261610031128,0,0.205182052859964,0,0,0,0.212374122644013,0,0.241623159923009,0.144802599080971,0.231062580268073,0.302706826909452,0.523974672839372,0.328309663780074,0,0
0.342889994382858,0.397869635974207,0,0.252385504543781,0,0.242961086332798,0,0,0,0.285996283094088,0,0,0,0,0,0,0.342151228458651,0.321576314152412,0.351313094857713,0,0,0,0,0,0,0,0,0,0,0,0,0,0,0,0,0.231540987888972,0.333665624260902,0.359502251659121,0,0,0.333746363009725,0.284326745257543,0.310231663700607,0.287460677649664,0.315875914692879,0.309423096750266,0.307146568596363,0.347601681947708,0,0.346567932081139,0,0.24799045920372,0,0,0,0.229104737440745,0,0.297461002300947,0,0,0,0.205594122409821,0.306604015857282,0.346863797307014,0,0,0,0,0,0,0,0,0.318422995217435,0.361630141735077,0,0,0,0,0.311821790650869,0.354553524491399,0.380291838351994,0.34968626499176,0.340010782392692,0.312472850084305,0.274335073873224,0.275016792887903,0.290659159421921
0.427992389960722,0,0.245571469267209,0,0,0,0,0,0.254549592733383,0,0,0,0,0,0,0,0.366387180717928,0.349576773219987,0.363727293667339,0,0,0,0,0,0,0,0,0,0,0,0,0,0,0,0,0.337591350078583,0.337093308568001,0,0.442278832197189,0.333746363009725,0,0.322512065370878,0.281555718122103,0,0.32245287951969,0.347116513384713,0.296749379271893,0.438888392797331,0.533635363758347,0.346185624599457,0,0,0,0,0.244231343269348,0,0,0.323963361978531,0,0,0,0,0.332851514220238,0.326162574347109,0,0,0,0,0,0,0,0.310796052217484,0.408770620822906,0.378675983846188,0,0.388460864623388,0,0,0.35329072283847,0.282718549668789,0.375510060787201,0.380702029334174,0.369747289537805,0.342826902866364,0.285148462791036,0.361560493707657,0.326265477617695
0.320307970046997,0.401761403471386,0,0.278229445652003,0,0.263033245291029,0,0,0,0.245191541267559,0,0,0,0,0,0.295565187931061,0.279965285550464,0.27274544021258,0.189233141247906,0,0,0,0,0.219946670532227,0,0,0,0,0,0,0,0,0,0,0,0.293694158169356,0,0.299829680811275,0,0.284326745257543,0.322512065370878,0,0.269986627133269,0.230742167681456,0.223074331879616,0.332284910635928,0.276292279362679,0.534147334054,0.246929317712784,0.383383032252232,0,0.281724691390991,0,0,0,0.27031062129471,0.27691213786602,0.32185712087236,0,0,0,0.26153493875807,0.348162894033723,0.303026147186756,0,0,0.279310017824173,0,0,0,0.330227614803748,0,0.326795818158996,0,0,0,0,0,0.296864865817033,0.317566283543905,0.341543143561908,0.372020348906517,0.384685075684529,0.300552356615663,0.324151622423093,0.207204131314068,0
0.329970299659931,0.229515254497528,0.273025278449059,0.260625910013914,0.26325923204422,0,0,0,0.2433601400265,0,0,0,0,0,0.264063136144118,0,0.28405033680824,0.283447640947998,0.267971172603756,0,0,0,0,0,0,0,0,0,0,0,0,0,0,0,0,0.335941180586815,0.316681691578456,0.330598965287209,0.261550738631437,0.310231663700607,0.281555718122103,0.269986627133269,0,0,0.261597540956445,0.312236604591211,0.288759013648811,0.5528876545325,0.370980445706399,0.379483465105295,0.254703005154928,0,0,0,0.254261394341787,0,0.340941283403267,0.321781307458878,0.3261442056724,0,0.330376261401744,0,0.315494659272107,0.322968576209886,0,0,0,0.259235620498657,0,0.237641587853432,0,0.341525202585479,0.307753503322601,0.348723993478995,0,0,0,0,0.33320836275816,0.320565286335491,0.355141182740529,0.32743695462423,0.318184615497481,0.294646464288235,0.312696084480944,0.343337088823318,0.229789885656158
0,0,0,0.279512315988541,0,0.241918578743935,0,0,0,0,0,0,0,0,0,0,0,0,0.170423407107592,0,0,0,0,0,0,0,0,0,0,0,0,0,0,0,0,0.240814313292503,0,0,0,0.287460677649664,0,0.230742167681456,0,0,0,0.365373183380474,0,0,0,0,0,0,0,0,0,0.265197426080704,0,0.285315483808517,0,0,0,0,0.34458401799202,0,0,0,0,0,0,0,0,0,0,0,0,0,0,0,0.288296675930421,0,0.345251232385635,0,0.195844620466232,0,0.27463316751851,0.189915162324905,0
0,0,0,0,0,0,0,0,0,0,0,0,0,0,0,0,0.287604600191116,0.27253545820713,0.243392300079851,0,0,0,0,0,0,0,0,0,0,0,0,0,0,0,0,0,0.332818597555161,0,0,0.315875914692879,0.32245287951969,0.223074331879616,0.261597540956445,0,0,0.31746581196785,0.322600517293503,0,0,0,0,0,0,0,0,0,0,0.287467569112778,0,0,0,0,0.299453924099604,0.358173815740479,0,0,0,0,0,0,0,0,0,0,0,0,0,0,0.348176240921021,0.361061325669289,0.358291156589985,0.343035489320755,0.211379739642143,0,0.270449090932236,0.226952329277992,0.261251990993818
0.316060721874237,0.290070521480897,0,0.221663668293219,0,0,0,0,0,0.304378032684326,0,0.230234891176224,0,0,0,0,0.313846606583822,0.30880302359473,0.325429828512003,0.299192650585758,0,0,0,0,0,0,0,0,0,0,0,0,0,0,0,0.315000355860283,0.344652652740479,0.301371425462932,0,0.309423096750266,0.347116513384713,0.332284910635928,0.312236604591211,0.365373183380474,0.31746581196785,0,0.305229653120041,0,0,0.220415831978665,0,0,0,0,0,0.227244878808657,0.307019710540771,0.298286947257379,0,0,0,0,0.294440923475476,0.334164450565974,0,0,0,0,0,0,0,0,0.315765745741756,0.316141496102015,0,0,0,0,0.301385539574562,0.354221985195622,0.361224624048235,0.3531224578619,0.318615812892813,0.298150151968002,0.305332931308519,0.302700747886012,0.312182807922363
0.290808538595835,0,0.27167601386706,0,0,0,0,0,0.299860766955784,0.275465697050095,0,0,0,0,0,0,0.302957618540084,0.283672280907631,0.297764001696767,0,0.262148668989539,0,0,0,0,0,0,0,0,0,0,0,0,0,0,0.354295492172241,0.294286872446537,0,0.260200276970863,0.307146568596363,0.296749379271893,0.276292279362679,0.288759013648811,0,0.322600517293503,0.305229653120041,0,0,0.28760953112082,0,0,0,0,0,0.25046968460083,0,0.288077751564425,0.315040151278178,0,0,0.264323681592941,0,0.320254176855087,0.301316833248574,0,0,0,0,0,0,0,0.274574160575867,0.339700281620026,0.297457555299083,0,0,0,0,0.355242508153121,0.257399412963671,0.3311373218894,0.282706869973077,0.279277379056076,0.295755164697766,0.3126753654778,0,0.253119479119778
0,0,0,0,0,0,0,0,0,0,0,0,0,0,0,0,0,0,0,0,0,0,0,0,0,0,0,0,0,0,0,0.279188290756181,0.299660534005273,0.424738197792605,0.302677495892547,0.280930996093215,0.316531595776024,0.71276613944894,0.738823709786487,0.347601681947708,0.438888392797331,0.534147334054,0.5528876545325,0,0,0,0,0,0.446601015083569,0.437430341317376,0,0,0,0,0,0,0,0,0,0,0,0,0,0,0,0,0,0,0,0,0,0,0,0,0.191628862941076,0.312359375753013,0.187634587683509,0.232531146962884,0.340574541647692,0.324451237790003,0.594523105025291,0.312663606496958,0.541517517004013,0.593843771979727,0.501447826792054,0,0
0.26264640018074,0,0.171230067874779,0,0.205934002995491,0,0,0,0.30196548286168,0,0,0,0,0,0.218943827200768,0,0.276706762611866,0.25991815328598,0.292361482977867,0,0,0,0.260679577154164,0,0.219836607575417,0,0,0,0,0,0,0.254548514882724,0.41177832904984,0,0.239066533744335,0,0.267371269563834,0,0.239632906461204,0,0.533635363758347,0.246929317712784,0.370980445706399,0,0,0,0.28760953112082,0.446601015083569,0,0.525224855668108,0.226412154734135,0,0,0,0.202539000660181,0,0.284432728069552,0,0.271725785273772,0,0.268354136607435,0,0,0.337721716080393,0,0.266574385061638,0,0.244188665239899,0,0.275633114286595,0,0.325876290833249,0,0.331989331591514,0,0.365120282539955,0,0.220293447375298,0,0.328483138311512,0.359248429536819,0.326767018372773,0.392933507769332,0,0.354588279766696,0,0
0,0.267907326704884,0,0.20907101846194,0,0,0,0,0,0.200204220600426,0,0,0,0,0,0.167364075779915,0.289000391960144,0.268072217702866,0.315521727005641,0,0,0.237140833484856,0,0.227837182581425,0,0,0,0,0,0,0,0.333957595738354,0,0,0,0.321898023287455,0,0.303047050017378,0,0.346567932081139,0.346185624599457,0.383383032252232,0.379483465105295,0,0,0.220415831978665,0,0.437430341317376,0.525224855668108,0,0,0,0,0,0,0.173204194754362,0,0.298965608035277,0,0.316974088549614,0,0.224857653258368,0.318828135728836,0,0.257402351691355,0,0.246929357881131,0,0.262055550720177,0,0.303044758563818,0,0.328922817252931,0,0,0,0,0,0.308038079356536,0,0.318054480360279,0.360085964202881,0.437199181212892,0.503488436341286,0.332787867353399,0.304719209671021,0
0,0,0.251874732343774,0,0.224118322552163,0,0.232071363429228,0,0.132238867382208,0,0,0,0.210151647031307,0,0.23714187635637,0,0,0,0,0,0.260209781968075,0,0,0,0,0,0,0,0,0,0,0,0,0,0,0,0.261433705820569,0,0,0,0,0,0.254703005154928,0,0,0,0,0,0.226412154734135,0,0,0,0.252254772517416,0,0,0,0.2289221374826,0,0.181102387607098,0,0.23366695855345,0,0,0.214312122626738,0,0,0,0,0,0,0,0,0,0,0,0,0,0,0,0.288636422267667,0,0,0.201435635347715,0,0.231970700755048,0,0
0,0,0,0.221370286723742,0,0.187998226671936,0,0.215744137763977,0,0.220182992517948,0,0.140514194965363,0,0,0,0.241258345152202,0,0,0,0,0,0,0,0,0,0,0,0,0,0,0,0,0,0,0,0.187934628791279,0,0,0,0.24799045920372,0,0.281724691390991,0,0,0,0,0,0,0,0,0,0,0,0.221446362035028,0,0.170270532369614,0,0.200931153857886,0,0.217564232739401,0,0.237932158634067,0.139822848141193,0,0,0,0,0,0,0,0,0,0,0,0,0,0,0,0,0,0,0,0.197369860606433,0,0.199250941830022,0,0
0,0,0,0,0,0,0.209218013180154,0,0,0,0,0,0,0,0,0,0,0,0,0,0,0,0,0,0,0,0,0,0,0,0,0,0,0,0,0,0,0,0,0,0,0,0,0,0,0,0,0,0,0,0.252254772517416,0,0,0,0,0,0.228624595616891,0,0.189227571090062,0,0,0,0,0,0,0,0,0,0,0,0,0,0,0,0,0,0,0,0,0,0,0,0,0,0.16905502974987,0,0
0,0,0,0,0,0.175356939435005,0,0.204119573897424,0,0,0,0.20294912904501,0,0.187453739345074,0,0,0,0,0,0,0,0,0,0,0,0,0,0,0,0,0,0,0,0,0,0,0,0,0,0,0,0,0,0,0,0,0,0,0,0,0,0.221446362035028,0,0,0,0,0,0.193171965276323,0,0.230385638773441,0,0,0,0,0,0,0,0,0,0,0,0,0,0,0,0,0,0,0,0,0,0,0.174010753631592,0,0,0,0
0.163448803126812,0,0.191772441810636,0,0,0,0,0,0.207706475242512,0,0,0,0,0,0.1932422965765,0,0,0,0,0,0.166328087449074,0,0,0,0.235675207020452,0,0.195378804579377,0,0,0,0,0,0,0,0,0,0.229096004739404,0,0.307314323406693,0,0.244231343269348,0,0.254261394341787,0,0,0,0.25046968460083,0,0.202539000660181,0,0,0,0,0,0,0,0,0,0,0,0.21365213394165,0,0,0.134400770068169,0,0,0,0.179897789019725,0,0.171137921512127,0,0,0,0,0,0,0,0,0,0.24255525569121,0,0.19457237751678,0.254968606974499,0,0.219631351776175,0,0
0,0.147977765614741,0,0.188675311719902,0,0.208667806888881,0,0,0,0.270399413043845,0,0,0,0,0,0.231650751422752,0,0.240885321050882,0.251996365189552,0,0,0,0,0.233375989461458,0,0,0,0,0,0,0,0,0,0,0,0.190779156982899,0,0.229773855523059,0,0.229104737440745,0,0.27031062129471,0,0.265197426080704,0,0.227244878808657,0,0,0,0.173204194754362,0,0.170270532369614,0,0,0,0,0,0.21875136149557,0,0.18273345215453,0,0.202287178859115,0,0,0,0,0.227130939881683,0,0,0,0,0,0.327488005161285,0,0,0,0,0,0.242739968001842,0,0.189047282322859,0,0.246236776763743,0.2654123795884,0.217158253105839,0.279768005013466,0
0.295255149489847,0,0.279841914772987,0,0.127916928380728,0,0.226450483295006,0,0.316484996098645,0,0.213965135223712,0,0.196472557261586,0,0.26026776432991,0,0.347601110736529,0,0.338761780320144,0,0.210565240294845,0,0,0,0,0,0,0,0.208064310252666,0,0.222243684304862,0,0,0,0,0,0.299498838505575,0,0.171129957642607,0,0,0.27691213786602,0.340941283403267,0,0,0.307019710540771,0.288077751564425,0,0.284432728069552,0,0.2289221374826,0,0.228624595616891,0,0,0,0,0,0.267051886246409,0,0.255106018139766,0,0,0.292045325594078,0,0,0,0,0,0,0,0.304860377625415,0,0.314343291963412,0,0,0,0,0,0.312506899237633,0,0.239843857131506,0.305627325830394,0,0.289421411827549,0,0.312913566827774
0,0.322287013630072,0,0.260149502949993,0,0.19205522371663,0,0.270897831421259,0,0.318610957489823,0,0.234649430259347,0,0,0,0,0.301432605832815,0.324974874655406,0.334801385457488,0.180310515108807,0,0,0,0.258962839841843,0,0,0,0,0,0.22852934394397,0,0,0,0,0,0.193037652100126,0,0.169606999751735,0,0.297461002300947,0.323963361978531,0.32185712087236,0.321781307458878,0.285315483808517,0.287467569112778,0.298286947257379,0.315040151278178,0,0,0.298965608035277,0,0.200931153857886,0,0.193171965276323,0,0.21875136149557,0,0,0,0.222417118715552,0,0.25393587026907,0.24468977455304,0.306103189786275,0,0,0.244322881102562,0,0,0,0.356632137490857,0,0.25252503156662,0,0,0,0,0,0.297781600258671,0.357531823217869,0.27382538264448,0,0.342208569261798,0,0.323221235760491,0.392502555380697,0.327451407909393
0.284978479146957,0,0.27147890088406,0,0,0,0,0,0,0,0.124339637346566,0,0.187439636799736,0,0,0,0,0,0,0,0.286926691021238,0,0,0,0,0,0,0,0.244803329308828,0,0,0,0,0,0,0,0.283361359916884,0,0,0,0,0,0.3261442056724,0,0,0,0,0,0.271725785273772,0,0.181102387607098,0,0.189227571090062,0,0,0,0.267051886246409,0,0,0,0.235964942942647,0,0,0.212836443963978,0,0,0,0,0,0,0,0.306447905302048,0,0,0,0,0,0,0,0.32522439956665,0,0,0.244120214666639,0,0.251264919154941,0,0
0,0,0,0.2451476380229,0,0.172445170581341,0,0.194883859317218,0,0,0,0.160702290577353,0,0.229324317008865,0,0.182909548282623,0,0,0,0,0,0,0,0,0,0,0,0.167514626468931,0,0,0,0,0,0,0,0.189614683389664,0,0,0,0,0,0,0,0,0,0,0,0,0,0.316974088549614,0,0.217564232739401,0,0.230385638773441,0,0.18273345215453,0,0.222417118715552,0,0,0,0.253532096743584,0,0,0,0,0,0,0.34536936879158,0,0.213305979967117,0,0.280632679350674,0,0,0,0,0,0,0,0,0,0.144082191828135,0.161489456892014,0.194839362587248,0,0
0.283979297111368,0,0.253301753754347,0,0.226983381642236,0,0,0,0.246450686584348,0,0,0,0,0,0.21682530719166,0,0,0,0,0,0.337434992194176,0,0,0,0.190967503648538,0,0.203117367412363,0,0,0,0,0,0,0,0,0,0.264968808082973,0,0,0,0,0,0.330376261401744,0,0,0,0.264323681592941,0,0.268354136607435,0,0.23366695855345,0,0,0,0.21365213394165,0,0.255106018139766,0,0.235964942942647,0,0,0,0,0,0,0,0,0,0,0.222116888537035,0,0.270204418695267,0,0.278904736042023,0,0,0,0,0,0.29639239013195,0,0,0.218736062398051,0,0.289773640750853,0,0
0,0.233416125178337,0,0.2208653327463,0,0.256267099508217,0,0,0,0.220360139241585,0,0,0,0.272797957062721,0,0.208484597656192,0,0,0.246840983629227,0,0,0,0,0,0,0.221360310912132,0,0,0,0,0,0,0,0,0,0,0,0,0,0.205594122409821,0,0.26153493875807,0,0,0,0,0,0,0,0.224857653258368,0,0.237932158634067,0,0,0,0.202287178859115,0,0.25393587026907,0,0.253532096743584,0,0,0,0,0,0,0,0,0.196156247373087,0,0.34200844168663,0,0,0,0,0,0,0,0,0,0,0,0.217942501604557,0,0.234588689021905,0,0
0,0.249688431620598,0,0.34046733379364,0,0.128974989056587,0,0,0,0,0,0.190096758479296,0,0,0,0,0.314103718847036,0.291527379304171,0.319031125865877,0.207038443174359,0,0,0,0,0,0,0,0,0,0,0,0,0,0,0,0.249261055816467,0,0.231772397982853,0,0.306604015857282,0.332851514220238,0.348162894033723,0.315494659272107,0.34458401799202,0.299453924099604,0.294440923475476,0.320254176855087,0,0,0.318828135728836,0,0.139822848141193,0,0,0,0,0,0.24468977455304,0,0,0,0,0,0.344057843089104,0,0,0,0,0,0,0,0,0.367442073225975,0,0,0,0,0,0.287778126959707,0.353616512738741,0.314142037747484,0.348106861114502,0.289252405451243,0,0.319510424076488,0.28111258149147,0
0.269951978325844,0,0,0.306024938821793,0.140212088823318,0,0,0,0.13113434612751,0,0.156882786750793,0,0,0,0,0,0.320862755179405,0.313445855589474,0.329699568555389,0,0.233874331229749,0,0,0,0,0,0,0,0,0,0,0,0,0,0,0.330485850572586,0.249821651780288,0,0.253380279235272,0.346863797307014,0.326162574347109,0.303026147186756,0.322968576209886,0,0.358173815740479,0.334164450565974,0.301316833248574,0,0.337721716080393,0,0.214312122626738,0,0,0,0.134400770068169,0,0.292045325594078,0.306103189786275,0.212836443963978,0,0,0,0.344057843089104,0,0,0,0,0,0,0,0,0.303226137703115,0.3550805747509,0.308433348489759,0,0,0,0,0.364564853906631,0.278343453388365,0.34283302227656,0.297144434252926,0.315312535102878,0.313165674606959,0.313421904181201,0,0.292347063620885
0,0,0,0,0,0,0,0,0,0,0,0,0,0,0,0,0,0.170067899756961,0,0,0,0.207583985812533,0,0.236212384613121,0,0.213728755035184,0,0.155984804034233,0,0,0,0,0,0,0,0,0,0.213420318445697,0,0,0,0,0,0,0,0,0,0,0,0.257402351691355,0,0,0,0,0,0,0,0,0,0,0,0,0,0,0,0,0.242900944091904,0,0.33377558272332,0,0.28307063200257,0,0,0,0,0,0,0,0,0,0.285429942753277,0,0.156135879011836,0.177423228110586,0.263347923755646,0,0
0,0,0,0,0,0,0,0,0,0,0,0,0,0,0,0,0.14402944346269,0,0,0,0,0.147100475584639,0.223244131360339,0,0.254237873274148,0,0.275181046941064,0,0,0,0,0,0,0,0,0,0,0,0.243051446128632,0,0,0,0,0,0,0,0,0,0.266574385061638,0,0,0,0,0,0,0,0,0,0,0,0,0,0,0,0,0,0,0.250199992256591,0,0.349457693433465,0,0.319502843343052,0,0,0,0,0,0,0,0,0,0.304724441819385,0.137608770078929,0,0.324139808615049,0,0
0,0.227783804138501,0,0,0,0,0,0,0,0.181694048224017,0,0,0,0,0,0,0,0.200097942075064,0,0,0,0.182865413788118,0,0.237217444520426,0,0.218900815716812,0,0,0,0,0,0,0,0,0,0,0,0.264523776588343,0,0,0,0.279310017824173,0,0,0,0,0,0,0,0.246929357881131,0,0,0,0,0,0.227130939881683,0,0.244322881102562,0,0,0,0,0,0,0.242900944091904,0,0,0,0.279190878073374,0,0,0,0,0,0,0,0,0,0,0,0.289831666319332,0,0.304077229454738,0.381201019341295,0.265830489282576,0,0
0,0,0,0,0,0,0,0,0.167300475614794,0,0,0,0,0,0,0,0,0,0,0,0,0,0.217246560862771,0,0.221303307048983,0,0.204467559233308,0,0,0,0,0,0,0,0,0,0,0,0.289182503169147,0,0,0,0.259235620498657,0,0,0,0,0,0.244188665239899,0,0,0,0,0,0.179897789019725,0,0,0,0,0,0,0,0,0,0,0.250199992256591,0,0,0,0.201182618737221,0,0,0,0,0,0,0,0,0,0,0,0.305220116866367,0.160800931065582,0,0.310413445745196,0,0
0,0,0,0,0,0,0,0,0,0,0,0,0,0.168720036745071,0,0.155997577309608,0,0.170970689546276,0,0,0,0.242733261281891,0,0.16546683469505,0,0.190691789275974,0,0,0,0,0,0,0,0,0,0,0,0,0,0,0,0,0,0,0,0,0,0,0,0.262055550720177,0,0,0,0,0,0,0,0,0,0.34536936879158,0,0.196156247373087,0,0,0.33377558272332,0,0.279190878073374,0,0,0,0.320845407838377,0,0,0,0,0,0,0,0,0,0,0,0.167289268757616,0,0.192789971828461,0,0
0,0,0,0,0,0,0,0,0.183801352977753,0,0,0,0,0,0.21512626260519,0,0.137620359659195,0,0,0,0,0,0.359710128859003,0,0.185394708582988,0,0.174354928713965,0,0,0,0,0,0,0,0,0,0,0,0,0,0,0,0.237641587853432,0,0,0,0,0,0.275633114286595,0,0,0,0,0,0.171137921512127,0,0,0,0,0,0.222116888537035,0,0,0,0,0.349457693433465,0,0.201182618737221,0,0,0,0.317665421420878,0,0,0,0,0,0,0,0,0,0,0.137172000580712,0,0.240155053324997,0,0
0,0.32816356420517,0,0.287814497947693,0,0,0,0,0,0.294805288314819,0,0.168892924180802,0,0.173233211040497,0,0,0,0,0.284891724586487,0,0,0.228086893757184,0,0,0,0.211929634213448,0,0.226997344949379,0,0.141799422601859,0,0,0,0,0,0,0,0.195390049368143,0,0,0,0.330227614803748,0,0,0,0,0,0,0,0.303044758563818,0,0,0,0,0,0,0,0.356632137490857,0,0.213305979967117,0,0.34200844168663,0,0,0.28307063200257,0,0,0,0.320845407838377,0,0,0,0.285832383685698,0,0,0,0,0,0,0,0.269206353518325,0,0.222781558449452,0.176698982715607,0.336786507141022,0,0
0.304253786802292,0,0.241831243038177,0,0,0,0,0,0.345078392940409,0,0.175217837095261,0,0,0,0,0,0.285213083028793,0,0.331159043312073,0,0,0,0.282618090212345,0,0,0,0,0,0.189312808050457,0,0.136711368827443,0,0,0,0,0,0,0,0.157261610031128,0,0.310796052217484,0,0.341525202585479,0,0,0,0.274574160575867,0,0.325876290833249,0,0,0,0,0,0,0,0.304860377625415,0,0.306447905302048,0,0.270204418695267,0,0,0.303226137703115,0,0.319502843343052,0,0,0,0.317665421420878,0,0,0,0.340513193979859,0,0,0,0,0,0.274149008095264,0,0.336481112344512,0.32232232058936,0,0.34789738542047,0,0
0,0.35483633444227,0,0.329443447379505,0,0,0,0,0,0.359971753386564,0,0.197880064527835,0,0,0,0,0.32624967609133,0.324127126485109,0.380043841770717,0,0,0,0,0,0,0,0,0.149195209145546,0,0.248325012088415,0,0,0,0,0,0.329573637247086,0.392605245113373,0.18835663154903,0,0.318422995217435,0.408770620822906,0.326795818158996,0.307753503322601,0,0,0.315765745741756,0.339700281620026,0,0,0.328922817252931,0,0,0,0,0,0.327488005161285,0,0.25252503156662,0,0.280632679350674,0,0,0.367442073225975,0.3550805747509,0,0,0,0,0,0,0.285832383685698,0,0,0,0,0,0,0,0.314745931859185,0.346956248084704,0.255630137111647,0,0.385838145264412,0,0.376392439793457,0.400021208432114,0
0.342890092233817,0,0.312452179193497,0.32576510310173,0,0,0,0,0.34486123919487,0,0.199826650751325,0,0,0,0,0,0.36544971479926,0.332346054911613,0.356960486965019,0,0,0,0,0,0,0,0,0,0,0,0.219225370310207,0,0,0,0,0,0.31559086839358,0.37497553229332,0.205182052859964,0.361630141735077,0.378675983846188,0,0.348723993478995,0,0,0.316141496102015,0.297457555299083,0,0.331989331591514,0,0,0,0,0,0,0,0.314343291963412,0,0,0,0.278904736042023,0,0,0.308433348489759,0,0,0,0,0,0,0,0.340513193979859,0,0,0,0,0,0,0.37224885225296,0.334280030440915,0,0.249795684435077,0.3870357664345,0.360985904932022,0.365038597205527,0,0.403082487292779
0,0,0,0,0,0,0,0,0,0,0,0,0,0,0,0,0,0,0,0,0,0,0,0,0,0,0,0,0,0,0,0.183319881444233,0,0,0,0.227248677105274,0,0,0,0,0,0,0,0,0,0,0,0.191628862941076,0,0,0,0,0,0,0,0,0,0,0,0,0,0,0,0,0,0,0,0,0,0,0,0,0,0,0,0,0.245936701848971,0,0.247747272393613,0,0,0,0.188266399006049,0,0,0,0
0,0,0,0,0,0,0,0,0,0,0,0,0,0,0,0,0,0,0,0,0,0,0,0,0,0,0,0,0,0,0,0.159082740545273,0.210311188707586,0,0.207568501050656,0,0.230064473472057,0,0,0,0.388460864623388,0,0,0,0,0,0,0.312359375753013,0.365120282539955,0,0,0,0,0,0,0,0,0,0,0,0,0,0,0,0,0,0,0,0,0,0,0,0,0,0,0,0,0.259015446851651,0,0.265195603523313,0,0,0.191395223140717,0,0,0,0
0,0,0,0,0,0,0,0,0,0,0,0,0,0,0,0,0,0,0,0,0,0,0,0,0,0,0,0,0,0,0,0.18137195199728,0,0.214117538544745,0.18105489428629,0.14063597129037,0,0.188425638354742,0,0,0,0,0,0,0,0,0,0.187634587683509,0,0,0,0,0,0,0,0,0,0,0,0,0,0,0,0,0,0,0,0,0,0,0,0,0,0,0.245936701848971,0,0,0.162716480238097,0.217470549357434,0,0.306572086281247,0,0.177108938992023,0,0,0,0
