0,0,0.0944619687512333,0.0117908472631846,0.00654719053647769,0.000716372274764399,0,0,0.394034289306413,0,0,0.000221287805137794,0,0,0,0,0.000686008991316366,9.21201613801039e-05,0.00431650043865842,0,0,0,0,0,0.0124530801427641,0,0,0,0,0,0,0,0,0,0,0,0.000498669068175538,2.6845454269783e-05,0.00117488867493014,0,0.000435910408025239,0.0023804871195863,0.180449561203747,0.0039430782858013,0.0470579035808523,0.00136512208731927,0.0713126273403105,0,0.00614657224899117,0.00034489368075372,0,0.000997921324059689,0,0,0.157460169603109,0,0,0.000895110232819921,0,0,0.0479238561268552,0.000547645030896226,0.000451594748710631,0,0,0,0,0.00483339320892663,0,0,4.28514978823109e-05,0,8.7964496954078e-05,0,0,0,0,0,0,0,0,0.0021812788182535,0.00610399155077255,0.000482649039543533,0.0841592719244949,0,0.00214829684172545
0,0,0,0.043099938902033,0,0.000176468226967472,0,0,0,0.134863143232624,0,0,0,0,0,0.126702914294589,3.53287320493978e-05,0.000226264568909863,0.000245821734423033,0,0,0,0,0.000111628964338177,0,0,0,0,0,0,0,0,0,0,0,0,0,0.00127719222160331,0,0.00106723508592903,0,0.0206411482467943,0,0.00301441438659827,0,0.0109040024952602,0,0,0,0.0367140627508469,0,0.000527690093507005,0,0,0,0.522791083629598,0,0.00341155175669571,0,0.0122289395290304,0,0.428131919906364,0.0010224231276059,0,0,0,0.0174121243194441,0,0,0,0.00163299278859712,0,0.00408429865156659,0,0,0,0,0,0,0,0.000409026751370726,0,0.00078512402372682,0,0.0273053213248867,0.000336599683710444,0
0.0944619687512333,0,0,0,0.0665430150988981,0,0,0,0.176229712526829,0,0,0,0,0,0,0,1.89571119793227e-05,0,0.000153839902976128,0,0,0,0,0,0.00149097760945905,0,0,0,0,0,0,0,0,0,0,0,0.000619555729868341,0,0.000180024525456774,0,0,0,0.0120636597188998,0,0.00320092625037214,0,0.00248867584310473,0,0.00718724861628984,0,0.0422499077404441,0,0,0,0.232835725502697,0,0.00525298999524492,0,0.00450969177809754,0,0.0939870235456541,0,0,0.000747807141098872,0,0,0,0.000345442798427843,0,0,0,0,0,0,0,0,0,0,0,0,0,3.08651918131628e-05,0.00364672090629975,0.0005284664207593,0.0221690031691165,0,0
0.0117908472631846,0.043099938902033,0,0,0,0.0382498566670933,0,0,0.000821647606743338,0.0486907454302008,0,0.00280841217328885,0,0,0,0,0,5.57591232007684e-05,0.0005421946584989,0,0,0,0,0,0,0,0,0,0,0,0,0,0,0,0,9.74806309119673e-06,0,0.000285351345728375,0,0.000158782910793475,0,0.0356453619974266,0.000286900890134503,0.0356312686067502,0,0.0118914020716639,0,0,5.61634836628837e-05,0.00514040564665012,0,0.0414186635943511,0,0,0,0.00701994305686608,0,0.0382163412655539,0,0.00650332128553655,0,0,0.000185633656434453,0,0,0,0.00547571345070688,0,0,0,0.000663369822075742,0,0.000363035024152924,0,0,0,0,0,0,0,0.000128453959995213,0,0.00167921248435252,1.48489869294431e-05,0.03360011396849,0,0
0.00654719053647769,0,0.0665430150988981,0,0,0,0,0,0.00102861052330876,0,0,0,0.00741122292546904,0,0.0116687816635848,0,0,0,0,0,0.000942618120461702,0,0,0,0,0,0,0,0,0,0,0,0,0,0,0,0,0,0,0,0,0,0,0,0,0,0,0,0.000189564205308913,0,0.193016513531389,0,0,0,0.00283580989214549,0,0.000515539966624255,0,0.00118381804910625,0,0.028267821105021,0,0,0.000202408657060005,0,0,0,0,0,0,0,0,0,0,0,0,0,0,0,0,0,0,0.0043409722503497,0.00168234967467852,0.000189310666755618,0,0
0.000716372274764399,0.000176468226967472,0,0.0382498566670933,0,0,0,0.00438817989510854,0,0.000149466380902741,0,0,0,0,0,0,0,0,0,0,0,0,0,0,0,0,0,0,0,0,0,0,0,0,0,0,0,0,0,0,0,0.000490997262396774,0,0.000433807528106931,0,0,0,0,0,0,0,0.159700661918393,0,0,0,0,0,0.0390399432608275,0,0.00141332193561181,0,0,0,0,0,0,0,0,0,0,0,0,6.88294917376665e-05,0,0,0,0,0,0,0,0,0,0.00458982996265377,0.00165084361039226,0.000361234147316182,0,0
0,0,0,0,0,0,0,0,0,0,0.00143924152402272,0,0,0,0,0,0,0,0,0,0.00026340049225837,0,0,0,0,0,0,0,0,0,0,0,0,0,0,0,0,0,0,0,0,0,0,0,0,0,0,0,0,0,0,0,0,0,0,0,0,0,0,0,0,0,0,0,0,0,0,0,0,0,0,0,0,0,0,0,0,0,0,0,0,0,0.00335942626565018,0,0,0,0
0,0,0,0,0,0.00438817989510854,0,0,0,0,0,0,0,0,0,0,0,0,0,0,0,0,0,0,0,0,0,0,0,0,0,0,0,0,0,0,0,0,0,0,0,0,0,0,0,0,0,0,0,0,0,0,0,0,0,0,0,0.0226547686276399,0,0.0125757857236864,0,0,0,0,0,0,0,0,0,0,0,0,0,0,0,0,0,0,0,0,0,0,0.000267136782675613,0,0,0,0
0.394034289306413,0,0.176229712526829,0.000821647606743338,0.00102861052330876,0,0,0,0,0,0,0,0,0,0.077915686879474,0,0.000610855204586375,2.12311230421701e-05,0.00609536628264592,0,0,0,0,0,0.0553510906221752,0,0.0481817148622534,0,0,0,0,0,0,0,0,0,8.59963012253636e-05,1.31342953543314e-05,0.00836910570024754,0,0.000331533104795338,0.000279445000441754,0.0329130367357471,0.00104824210731555,0.00218637619877281,0.000117282787163611,0.00180664056041843,0.00170170179128876,0.0391773504855254,0,0,0,0,0,0.374609018814788,0,0,0,0,0,0.0309477446397879,0,5.48874832742054e-05,0,0,0,8.109897894331e-05,0.0535734395508111,0,0.012811439721582,0,0,0,0,0,0,0,0,0,0,0,0.00373336290826793,0.00855216783398712,0.000397680247886285,0.0375096955543435,0,0.00406966185977607
0,0.134863143232624,0,0.0486907454302008,0,0.000149466380902741,0,0,0,0,0,0,0,0,0,0.0155634586334709,2.74916397720678e-05,0.00111110654725506,0.00021516594491843,0,0,0,0,0.0457619782301584,0,0.00066726935755032,0,0,0,0,0,0,0,0,0,0,0,0.000529476425391241,0,0.000680801405655211,0,0.0302803004425659,0,0.00169725690161576,0,0.0267271415603372,0,0,0,0.00222939504047651,0,0.000914391999055002,0,0,0,0.153207662658058,0,0,0,0,0,0.00617652555292172,0.000994153373731997,0,0,0,0.020183302765504,0,0,0,0.00267561476563981,0,0.0430148312237158,0,0,0,0,0,0,0,0.000485380835117681,0,0.00244541303663955,0.000708126453925626,0.0293496948035311,0.00047153851001297,0
0,0,0,0,0,0,0.00143924152402272,0,0,0,0,0,0,0,0,0,0,0,0,0,0.054691885365103,0,0,0,0,0,0,0,0,0,0,0,0,0,0,0,0,0,0,0,0,0,0,0,0,0,0.00035631913936829,0,0,0,0,0,0,0,0,0,0.151803133995018,0,0,0,0,0,0,0.0183672277342263,0,0,0,0,0,0,0,0.0185946759549709,0,0.00029004857775186,0,0,0,0,0,0,0,0,0.000115036060494889,0,0.0620226384626722,0,0
0.000221287805137794,0,0,0.00280841217328885,0,0,0,0,0,0,0,0,0,0.00210745643691767,0,0,0,0,0,0.640493612305134,0,0,0,0,0,0,0,0.00567034754986065,0,0.0175568053380481,0,0,0,0,0,0,0,0.00942111190805748,0,0,0,0.00529001439261104,0,0,0,0,0,0,0,0,0,0.00222187947748091,0,0,0,0,0,0.344923452584254,0,0.00304896302260415,0,0,0.000469518995911742,0,0,0,0,0,0,0,0,0,0.0903868146873022,0,0,0,0,0,0,0,0,0,7.43732270277922e-05,0,0.00700728041904321,0,0
0,0,0,0,0.00741122292546904,0,0,0,0,0,0,0,0,0,0,0,0,0,0,0,0,0,0,0,0,0,0,0,0,0,0,0,0,0,0,0,0,0,0,0,0,0,0,0,0,0,0,0,0,0,0.00373723866255904,0,0,0,0,0,0.00415694710782216,0,0.0274710833578934,0,0,0,0,0,0,0,0,0,0,0,0,0.000949451015843034,0,0,0,0,0,0,0,0,0,0,0.00870353482302222,0.0232815585587657,0,0,0
0,0,0,0,0,0,0,0,0,0,0,0.00210745643691767,0,0,0,0,0,0,0,0,0,0,0,0,0,0,0,0.00407116674230696,0,0,0,0,0,0,0,0,0,0,0,0,0,0,0,0,0,0,0,0,0,0,0,0,0,0,0,0,0,0,0,0.378422163412474,0,0,0,0,0,0,0,0,0,0,0.000934677979612065,0,0,0,0,0,0,0,0,0,0,0,1.00188159238376e-05,0.0156730822703877,0,0,0
0,0,0,0,0.0116687816635848,0,0,0,0.077915686879474,0,0,0,0,0,0,0,0.000412026838220229,0,0,0,0,0,0,0,0.0222429162637625,0,0.104317439787419,0,0,0,0,0,0,0,0,0,0,8.66931578672012e-06,0.000160605405600556,0,0,0,0.000954287329775914,0,0,0,0,6.15143026262309e-05,0.00669705117017278,0,0,0,0,0,0.000770363691239437,0,0,0,0,0,0.0129285192708009,0,0,0,0,0,0,0.0115662767414508,0,0.0343087515972268,0,0,0,0,0,0,0,0,0,0,0,0.00013451611727405,0.00148477087652075,8.9334262819652e-05,0.00125972466644493,0,0
0,0.126702914294589,0,0,0,0,0,0,0,0.0155634586334709,0,0,0,0,0,0,0,0.000256163816853457,0,0,0,0,0,0.0384777217423168,0,0.0827889903778625,0,0,0,0,0,0,0,0,0,0,0,0.000260090490583899,0,0,0,0.000427973949507607,0,0.000229792342045258,0,0,0,5.59183495619855e-05,0,0.00091297391217685,0,0,0,0,0,0.021636603152774,0,0.000389232241334919,0,0,0,0.0205596592008922,0,0,0,0,0.020854477960435,0,0,0,0,0,0,0,0,0,0,0,0,0,0.000127929864057304,0,0.00112573359261967,4.87886924850815e-05,0.000371718575864469,0,0
0.000686008991316366,3.53287320493978e-05,1.89571119793227e-05,0,0,0,0,0,0.000610855204586375,2.74916397720678e-05,0,0,0,0,0.000412026838220229,0,0,0.172230483337848,0.120240974720274,0,0,0,0.0233376918881171,5.99377630895554e-05,0.0241791007805908,0,0.00265842725177435,0,0,0,0,0,0,0,0,0,0,0.000239776653643254,0.00067568736804119,0.000628863707749835,0.00127163133111405,0.00957802073845935,0.0259156644552169,0.000719996244841073,0.00408804704929495,0.00123898503879816,0.0073877785753941,0.00128043919067744,0.000555235778398978,0.000192194185798323,0,0,0,0,0.00136649402791469,1.48235939877043e-05,0,0,0,0,0,0,8.05149799051269e-05,0,0,0.00219968971263202,9.90916708974077e-05,0.02110560513332,0,0,0.000121657046893774,0,0.00146221588192174,0,0,0,0,0,0,0,0.000152528495613107,9.89392915587355e-05,0.0418229539216812,0.0136500299285773,0.0210091470278406,0.000686872634522273,0.0102300549004012
9.21201613801039e-05,0.000226264568909863,0,5.57591232007684e-05,0,0,0,0,2.12311230421701e-05,0.00111110654725506,0,0,0,0,0,0.000256163816853457,0.172230483337848,0,0.119566932929772,0,0,0.00163181822392138,0,7.76508806396366e-05,0,0.00940149716842211,0,0,0,0,0,0,0,0,0,0,0,0,2.0221687396296e-05,0.00653471275120953,0.00112349301898533,0.09318492846203,0.00734429806794361,0.00481084139916283,0.000448614108171639,0.0433223018407968,0.00441400402304394,0,5.83902258255753e-05,0.000125132778292159,0,0,0,0,0,0.0011883174273023,0,0.000100191105343181,0,2.9329134667966e-05,0,0,0.0011869358160737,0,0,0,0.000237767996804883,0,0,0,0.000530855904843206,0,0.00865883170247095,0,0,0,0,0,0,0,0.00102060969579544,0,0.0728632352933054,0.0228715154591066,0.0676260923626895,0.00717587978175008,0.00202440469612394
0.00431650043865842,0.000245821734423033,0.000153839902976128,0.0005421946584989,0,0,0,0,0.00609536628264592,0.00021516594491843,0,0,0,0,0,0,0.120240974720274,0.119566932929772,0,0,0,0,0,0,0.00336348421638231,0,0,0,0,0,0,0,0,0,0,0,0,2.32146903713927e-05,0.00103294264121379,0.00649367223155675,0.0139970458090452,0.0503890549402516,0.138936926055596,0.0126896075996068,0.0263043375724488,0.0984384098165906,0.139924279407622,0,0.00707956756913081,0.000464999625133412,0,0.000123876924831191,0,0,0.0111817039042061,0.000269546827441738,0,0.00041921113762642,0,1.0344750211514e-05,0,0,0.00121957615061363,0,0,0,0.00078600640107775,0.00119628966374964,0,0,0.000217690225855198,0,0.000949200811642154,0,0,0,0,0,0,1.24067335904732e-05,0.000569914831676606,0.000389911087285638,0.0344913338187187,0.00554208141126476,0.120144985845719,0.00507319057104055,0.0363835644389552
0,0,0,0,0,0,0,0,0,0,0,0.640493612305134,0,0,0,0,0,0,0,0,0,0,0,0,0,0,0,0,0,0,0,0,0,0,0,0.00139118450617672,0,0.000761336027471181,0,0,0,0,0,0,0,0,0,0,0,0,0,0,0,0,0,0,0,0.141741074513008,0,0,0,0,1.02946504995456,0,0,0,0,0,0,0,0,0,0,0,0,0,0,0,0,0,0,0,0.0035304588353176,0,0.00648731020432547,0,0
0,0,0,0,0.000942618120461702,0,0.00026340049225837,0,0,0,0.054691885365103,0,0,0,0,0,0,0,0,0,0,0,0,0,0,0,0,0,0,0,0,0,0,0,0,0,0.00400256615412038,0,0,0,0,0,0,0,0,0,0.0972145915238048,0,0,0,0,0,0,0,0,0,0.0177931743469951,0,0,0,0,0,0,0.0514067865311256,0,0,0,0,0,0,0,0,0,0,0,0,0,0,0,0,0,0,0.000189488977932219,0,0.0908409928531298,0,0
0,0,0,0,0,0,0,0,0,0,0,0,0,0,0,0,0,0.00163181822392138,0,0,0,0,0.0377594832913356,0.00296163403818956,0,0,0,0,0,0,0,0,0,0.00619143633069384,6.54882979579472e-05,0,0,0.00416993836216021,0.000477380526610302,0,0,0,0,0,0,0,0,0,0,0.0456848240306164,0,0,0,0,0,0,0,0,0,0,0,0,0,0,0.112342401398227,0.000714340600438082,0,0,0,0,0,0,0,0,0,0,0.000607091477833454,0,0,0,0,0.000171271297646005,0.0179995343646215,0.0410611083106662,0,0,0
0,0,0,0,0,0,0,0,0,0,0,0,0,0,0,0,0.0233376918881171,0,0,0,0,0.0377594832913356,0,6.8308794818202e-05,0.0155805290683583,0,0,0,0,0,0,0,0,0.000198367884547433,9.28347574727546e-06,0,0,0.000788079406761692,0.0156522657096739,0,0,0,0,0,0,0,0,0.000887237335585907,0.00102301888953001,0.000449791042501853,0,0,0,0,0,0,0,0,0,0,0,0,0,0,0.00408960307426362,0.074035417145973,0.000235026995969642,0.00117520654664254,0,0,0,0,0,0,0,0,0,0,0,0,0.0016879066038662,0.00445023236729997,0.0169187259369842,0.0341307424826168,0,0,0
0,0.000111628964338177,0,0,0,0,0,0,0,0.0457619782301584,0,0,0,0,0,0.0384777217423168,5.99377630895554e-05,7.76508806396366e-05,0,0,0,0.00296163403818956,6.8308794818202e-05,0,0.000349939211568961,0.0153546869566263,0,0,0,0,0,0,0,0.032491812967604,0,0,0,0.0133271890312162,0.000832723976447761,0,0,0.000195813858767241,0,0,0,0,0,0.000351611818630588,0,0.0246006188151033,0,0,0,0,0,0.0022334096560491,0,0,0,0,0,0.00197095627068964,0,0,0.00117483801285263,0.000104823157164606,0.325891115081506,0.000269879501893458,0,0,0,0,0.000165182315345611,0,0,0,0,0,0,0,0.00300317247606958,0.000145303685498216,0.00446248926301378,8.88243175375739e-05,0.0010920703930906,0,0
0.0124530801427641,0,0.00149097760945905,0,0,0,0,0,0.0553510906221752,0,0,0,0,0,0.0222429162637625,0,0.0241791007805908,0,0.00336348421638231,0,0,0,0.0155805290683583,0.000349939211568961,0,0,0.00432129754576406,0,0,0,0,0,0,6.25875751793393e-05,0,0,5.15299323462369e-06,0.00158434302640717,0.00594279641635904,0,0.000268081839545934,0,0.0139852447914729,0,0.000221502954699686,0,0.000704990455755825,0.0101748545492188,0.00826041356232717,0.00176218458909761,0,0,0,0,0.0580548620262419,0,0,0,0,0,0.0177372935113865,0,0,0,0,0.0167310626945029,0.00258269733091689,0.183692156688768,0,0.00492910847478581,0,0,0,0,0,0,0,0,0,0,0.000816425020574908,0.000620107861671227,0.0049159243626069,0.00110795751713321,0.00790365608853532,0,0
0,0,0,0,0,0,0,0,0,0.00066726935755032,0,0,0,0,0,0.0827889903778625,0,0.00940149716842211,0,0,0,0,0,0.0153546869566263,0,0,0,0,0,0,0,0,0,0,0,0,0,7.36244521658677e-05,0,0,0,0,0,0,0,0,0,0,0,0,0,0,0,0,0,0,0,0,0,0.000370300182092522,0,0.0064277398578802,0,0,0,0,0.00785913573827679,0,0,0,0,0,0,0,0,0,0,0,0,0,3.19874291871742e-05,0,0.000817292502224124,2.00622737816166e-05,0,0,0
0,0,0,0,0,0,0,0,0.0481817148622534,0,0,0,0,0,0.104317439787419,0,0.00265842725177435,0,0,0,0,0,0,0,0.00432129754576406,0,0,0,0,0,0,0,0,0,0,0,0,0,2.67758811761923e-05,0,0,0,0.00140303303609315,0,0,0,0,0,0.0044026682194382,0,0,0,0,0,0.0056964427208974,0,0,0,0,0,0.010920779392497,0,0,0,0,0,0,0.000166172060425998,0,0.000176726193580938,0,0,0,0,0,0,0,0,0,0,0,1.70263077529193e-05,0.0018598210008538,0,0.00115716764410509,0,0
0,0,0,0,0,0,0,0,0,0,0,0.00567034754986065,0,0.00407116674230696,0,0,0,0,0,0,0,0,0,0,0,0,0,0,0,0.00349602435464602,0,0,0,0,0,0,0,0.00742835613526634,0,0,0,0,0,0,0,0,0,0,0,0,0,0,0,0,0,0,0,0,0,0,0,0,0,0,0,0,0,0,0,0,0.0918114983748259,0,0,0,0,0,0,0,0,0,0,0,0.00594113879479552,0.086443226158657,0,0,0
0,0,0,0,0,0,0,0,0,0,0,0,0,0,0,0,0,0,0,0,0,0,0,0,0,0,0,0,0,0,0.00791149492440434,0,0,0,0,0,0,0,0,0,0,0,0,0,0,0,0,0,0,0,0,0,0,0,0,0,0,0,0.00201770629561748,0,0,0,0,0,0,0,0,0,0,0,0,0.709966178332508,0,0.097670374176142,0,0,0,0,0,0,0,0.00018769410118092,0.00794836953645357,0.0653670239024864,0,0,0
0,0,0,0,0,0,0,0,0,0,0,0.0175568053380481,0,0,0,0,0,0,0,0,0,0,0,0,0,0,0,0.00349602435464602,0,0,0,0,0,0,0,0,0,0.00342470711982194,0,0,0,0,0,0,0,0,0,0,0,0,0,0,0,0,0,0,0,0.00645264252600935,0,0,0,0,0,0,0,0,0,0,0,0,0,0,0.376289407065023,0,0,0,0,0,0,0,0,0,0.00160574486462123,6.41286725033138e-05,0,0,0
0,0,0,0,0,0,0,0,0,0,0,0,0,0,0,0,0,0,0,0,0,0,0,0,0,0,0,0,0.00791149492440434,0,0,0,0,0,0,0,0,0,0,0,0,0,0,0,0,0,0,0,0,0,0,0,0,0,0,0,0.000184826891343387,0,0,0,0,0,0,0,0,0,0,0,0,0,0,0.0653238807437518,0,0.846920760046889,0,0,0,0,0,0,0,0,2.42303583862616e-05,0,0,0,0
0,0,0,0,0,0,0,0,0,0,0,0,0,0,0,0,0,0,0,0,0,0,0,0,0,0,0,0,0,0,0,0,0.961431905578972,0,0.0148452548321666,0.00175963975743152,0.0184647195821326,0,0,0,0,0,0,0,0,0,0,0.102289635565235,6.07314677434656e-05,0,0,0,0,0,0,0,0,0,0,0,0,0,0,0,0,0,0,0,0,0,0,0,0,0,0.46305418888803,0.355852001095111,0,0,0.00316864827374949,0.00956042303072477,0,0,4.59754220039673e-05,0,0,0,0
0,0,0,0,0,0,0,0,0,0,0,0,0,0,0,0,0,0,0,0,0,0,0,0,0,0,0,0,0,0,0,0.961431905578972,0,0,8.44822252488984e-05,0.00975936192281944,0.000727655240858153,0,0,0,0,0,0,0,0,0,0,0.0811972133064902,0.000225664824197859,0.000466385842713385,0,0,0,0,0,0,0,0,0,0,0,0,0,0,0,0,0,0,0,0,0,0,0,0,0.492425341625383,0.183943428567159,0,0,0.00014826307970584,0.00175771546141724,0,0,0.0136420543460655,0,0,0,0
0,0,0,0,0,0,0,0,0,0,0,0,0,0,0,0,0,0,0,0,0,0.00619143633069384,0.000198367884547433,0.032491812967604,6.25875751793393e-05,0,0,0,0,0,0,0,0,0,0.594054283503842,0,0,0.00324725787240328,0.0120797331466906,0,0,0,0,0,0,0,0,0.0480868594167492,2.03452103854284e-05,0.000552850555448343,0,0,0,0,0,0,0,0,0,0,0,0,0,0,0.000369002847263379,5.63828407268317e-05,0.0146576984773369,6.91948824765561e-05,0,0,0,0,0,0,0.000769005020745873,0,0.293717552658361,0.0448421873161096,0,0,0.00154010593253188,0.012280539217833,0.000561950749252053,0.00067532702383354,0,0,0
0,0,0,0,0,0,0,0,0,0,0,0,0,0,0,0,0,0,0,0,0,6.54882979579472e-05,9.28347574727546e-06,0,0,0,0,0,0,0,0,0.0148452548321666,8.44822252488984e-05,0.594054283503842,0,0,0.000167786945633325,0.00178703339841902,0.00530205583323408,0,0,0,2.05178993074992e-05,0,0,0,0,0.254091034924218,8.77969460607536e-05,0.00685000828518291,0,0,0,0,0,0,0,0,0,0,0,0,0,0,0,0,0.000377010928148517,0,0,0,0,0,0,0,0.00463488370195669,0,0.60819404021746,0.0311113262649181,0,0.000112937240471158,0.00164236814766498,0.0195536839880539,0.00350773039382321,8.06799456760646e-05,0,0,0
0,0,0,9.74806309119673e-06,0,0,0,0,0,0,0,0,0,0,0,0,0,0,0,0.00139118450617672,0,0,0,0,0,0,0,0,0,0,0,0.00175963975743152,0.00975936192281944,0,0,0,0.246129694775354,0.000384465329472667,0,0.00348017177018268,0.00235416224831589,6.79768820009002e-06,0,0,0,5.38880337814509e-05,0,0.0108040259835889,0.00133265677441589,0.00334625375923859,0,0,0,0,0,0,0,0,0,0,0,0,0.010811669802827,0,0,0,0,0,0,0,0,0,0,0,4.9276930384475e-05,0.00843250380535623,0,0,0.292577022879878,0.134224683829354,0.0143682572054182,0,0.0156254949930042,0.00433433097304614,0.000958205295369796,0,0
0.000498669068175538,0,0.000619555729868341,0,0,0,0,0,8.59963012253636e-05,0,0,0,0,0,0,0,0,0,0,0,0.00400256615412038,0,0,0,5.15299323462369e-06,0,0,0,0,0,0,0.0184647195821326,0.000727655240858153,0,0.000167786945633325,0.246129694775354,0,0,0.00373566760006569,1.67601483345937e-05,0.00105468073462127,0,5.04911959629192e-05,0,0,0,0.00583091002868199,0.00389658300290423,2.60194895952192e-05,2.75363720970299e-05,0,0,0,0,3.49432741302144e-05,0,0,0,0,0,0,0,0,0,0,0,0,0,0,0,0,0,0,0,0,0.00193717507886923,0,0,0.1064666080622,0.1720445936908,0,0.0013190331744779,0.0497862082720209,0.0110846777459388,0.0021334275081413,0,0
2.6845454269783e-05,0.00127719222160331,0,0.000285351345728375,0,0,0,0,1.31342953543314e-05,0.000529476425391241,0,0.00942111190805748,0,0,8.66931578672012e-06,0.000260090490583899,0.000239776653643254,0,2.32146903713927e-05,0.000761336027471181,0,0.00416993836216021,0.000788079406761692,0.0133271890312162,0.00158434302640717,7.36244521658677e-05,0,0.00742835613526634,0,0.00342470711982194,0,0,0,0.00324725787240328,0.00178703339841902,0.000384465329472667,0,0,0.0765841143853127,0,0,0.000451772553756044,4.20534764211178e-06,1.39722527048987e-05,0,5.29540619800806e-05,0,0.000515405572650693,0,0.0749193546380845,0,0,0,0,0,0.00080435364410572,0,0.00127909304081619,0,0.000294084527309504,0,0.00164913491741877,0.000106467962824992,0,0.00391689848464638,0.000981969428493371,0.0238872198170004,0.000855583085567924,7.57267052494987e-05,0,0.000226035529810846,0,0.0714155720134381,0,0,0,0,0.000110134315654121,0.00179094192463212,0,0.200456078761853,0.0428588259043106,0.029166973859948,0.0667981686467071,0.00200302467996118,0,0
0.00117488867493014,0,0.000180024525456774,0,0,0,0,0,0.00836910570024754,0,0,0,0,0,0.000160605405600556,0,0.00067568736804119,2.0221687396296e-05,0.00103294264121379,0,0,0.000477380526610302,0.0156522657096739,0.000832723976447761,0.00594279641635904,0,2.67758811761923e-05,0,0,0,0,0,0,0.0120797331466906,0.00530205583323408,0,0.00373566760006569,0.0765841143853127,0,0,0,0,0.000442856003733914,0,3.44663192633338e-05,0,7.66579565478743e-05,0.0132884060068145,2.21186625126441e-05,0.00262369094876876,0,0,0,0,0.00605781987891713,1.06448278036151e-05,0,0,0,0,1.56097787971351e-05,0,0,0,0,0.0100424625000141,0.00090178145747198,0.00512170161736301,0,0,0,0.000264506012636383,0,0.000738228614074318,0,0,0.00571143393493773,4.0001257913135e-05,0,0.000935190942032014,0.0291581319831857,0.17312349802873,0.0297715134830517,0.00622408037856615,0.000283996308670132,0,0
0,0.00106723508592903,0,0.000158782910793475,0,0,0,0,0,0.000680801405655211,0,0,0,0,0,0,0.000628863707749835,0.00653471275120953,0.00649367223155675,0,0,0,0,0,0,0,0,0,0,0,0,0,0,0,0,0.00348017177018268,1.67601483345937e-05,0,0,0,0.00247490889434598,0.0621358266773737,3.04886835795575e-05,0.00780749573891231,8.17638480283605e-05,0.0796402247141479,4.96256392762873e-05,0.000950408191730685,0.00188726257666365,0.00790613322644776,0,0,0,0,0,0.000130678706118505,0,0.00189371904664407,0,8.57197971570467e-05,0,3.86243259556862e-05,0.000126835243299671,0,0,0,0.000682069367376688,0,0,0,1.37419565289738e-05,0,0.000584558757669297,0,0,0,0,0,0.00686413221452108,7.12044242549498e-05,4.47788969421101e-06,0,0.00159260831367118,0.000190609979339274,0.0244068928291075,0.000600798978778069,0
0.000435910408025239,0,0,0,0,0,0,0,0.000331533104795338,0,0,0,0,0,0,0,0.00127163133111405,0.00112349301898533,0.0139970458090452,0,0,0,0,0,0.000268081839545934,0,0,0,0,0,0,0,0,0,0,0.00235416224831589,0.00105468073462127,0,0,0.00247490889434598,0,0.000356268327929404,0.0140573494637036,0,0.00288650132181166,0.000142166956460785,0.00897666814468067,0.0133099461069317,0.110716424825837,0.0787062647004136,0,0,0,0,6.38569279816092e-05,0,0,0,0,0,0,0,0,0,0,0,0,6.43518355219292e-05,0,0,0,0,3.46390693943942e-05,0,0,0,0,0,0.00319374624393417,0.00284946096164741,4.17131246196182e-06,7.29058529125651e-06,0.000659777188225824,7.05125125498053e-05,0.0404600003380826,0,0.00629507876222891
0.0023804871195863,0.0206411482467943,0,0.0356453619974266,0,0.000490997262396774,0,0,0.000279445000441754,0.0302803004425659,0,0.00529001439261104,0,0,0,0.000427973949507607,0.00957802073845935,0.09318492846203,0.0503890549402516,0,0,0,0,0.000195813858767241,0,0,0,0,0,0,0,0,0,0,0,6.79768820009002e-06,0,0.000451772553756044,0,0.0621358266773737,0.000356268327929404,0,0.0194173635427201,0.0852338472833426,0.000224546627549488,0.0631447464770908,0.000983679755257849,0,0.00105379684745463,0.0607965319709689,0,0.000542061171933806,0,0,0,0.0215346462391298,0,0.0365256819545259,0,0.00477141216098574,0,0.0104158855850344,0.00625356417695979,0,0,0,0.00506363837021682,0,0,0,0.00806545067587826,0,0.0595315377646334,0,0,0,0,0,3.35451201935403e-06,0,0.00157964750113487,3.95555048161335e-06,0.0180307345790167,0.00237773581433095,0.208159408749183,0.0498664368166889,0.000593169622140057
0.180449561203747,0,0.0120636597188998,0.000286900890134503,0,0,0,0,0.0329130367357471,0,0,0,0,0,0.000954287329775914,0,0.0259156644552169,0.00734429806794361,0.138936926055596,0,0,0,0,0,0.0139852447914729,0,0.00140303303609315,0,0,0,0,0,0,0,2.05178993074992e-05,0,5.04911959629192e-05,4.20534764211178e-06,0.000442856003733914,3.04886835795575e-05,0.0140573494637036,0.0194173635427201,0,0.00170207205251754,0.0290210263172238,0.00102351867746062,0.0812556223575782,0.00825247460796951,0.0664204168058813,0.010771441230521,0,0,0,0,0.0123840074287748,0,0,5.79318808016961e-05,0,0,0.000660710454664646,0,0.000116859792661543,0.000126095290871849,0,0,0.000173514422865959,0.00571001851479015,0,0.00281347058602571,2.43967856196764e-05,0,0.000628240613773867,0.00102173992936975,0,0,0,0,0,2.09772972952536e-05,5.96503330027325e-05,0.000520656562923004,0.0276348111786405,0.000517701370432209,0.157884290341181,0.00105408623852428,0.0558140706759797
0.0039430782858013,0.00301441438659827,0,0.0356312686067502,0,0.000433807528106931,0,0,0.00104824210731555,0.00169725690161576,0,0,0,0,0,0.000229792342045258,0.000719996244841073,0.00481084139916283,0.0126896075996068,0,0,0,0,0,0,0,0,0,0,0,0,0,0,0,0,0,0,1.39722527048987e-05,0,0.00780749573891231,0,0.0852338472833426,0.00170207205251754,0,0,0.0418706816225325,0.000621294236271643,0,1.73275725325957e-05,0.00132175108082367,0,0.00143142056816635,0,0,0,0.00435247373488282,0,0.00366132357245809,0,5.67785383547457e-05,0,0.000319278033731923,0.00183122907386574,0,0,0,0.00179011915313219,0,0,0,0.000317761366277178,0,0.000553408247426115,0,0,0,0,0,0,0,0.000134823834058142,1.2334086196738e-05,0.00163778906957574,0.000113480083843027,0.0213985906773841,0.000463030668004004,0.000803078556511861
0.0470579035808523,0,0.00320092625037214,0,0,0,0,0,0.00218637619877281,0,0,0,0,0,0,0,0.00408804704929495,0.000448614108171639,0.0263043375724488,0,0,0,0,0,0.000221502954699686,0,0,0,0,0,0,0,0,0,0,0,0,0,3.44663192633338e-05,8.17638480283605e-05,0.00288650132181166,0.000224546627549488,0.0290210263172238,0,0,0.000300512604553206,0.0556404197060436,0,0.000400668180084073,0,0,0,0,0,0,0,0,0,0,0,0,0,8.14751180290207e-05,0,0,0,0,0,0,0,0,0,0,0,0,0,0,0,0,0,0,4.39052602608942e-06,0.000761820332071747,2.60556687880341e-05,0.0156554704174575,0,0.0421179114972269
0.00136512208731927,0.0109040024952602,0,0.0118914020716639,0,0,0,0,0.000117282787163611,0.0267271415603372,0,0,0,0,0,0,0.00123898503879816,0.0433223018407968,0.0984384098165906,0,0,0,0,0,0,0,0,0,0,0,0,0,0,0,0,5.38880337814509e-05,0,5.29540619800806e-05,0,0.0796402247141479,0.000142166956460785,0.0631447464770908,0.00102351867746062,0.0418706816225325,0.000300512604553206,0,0.000937460663865716,0,7.55985858100238e-05,0.00317256176598562,0,0.000237122116747499,0,0,0,0.0141692901373133,0,0.00421218596964562,0,0.00032767857315286,0,0.000730038153104701,0.010276010126672,0,0,0,0.000987101450981714,0,0,0,0.000465857689898133,0,0.00154293915597204,0,0,0,0,0,0.000471254651492182,0,0.000458704802267783,0,0.0105476752382177,0.00133529444740661,0.0980131207498344,0.00117618927579733,0.000263881492064711
0.0713126273403105,0,0.00248867584310473,0,0,0,0,0,0.00180664056041843,0,0.00035631913936829,0,0,0,0,0,0.0073877785753941,0.00441400402304394,0.139924279407622,0,0.0972145915238048,0,0,0,0.000704990455755825,0,0,0,0,0,0,0,0,0,0,0,0.00583091002868199,0,7.66579565478743e-05,4.96256392762873e-05,0.00897666814468067,0.000983679755257849,0.0812556223575782,0.000621294236271643,0.0556404197060436,0.000937460663865716,0,0,0.000455843997605265,0,0,0,0,0,0.000934629474269462,0,0.00190511081986358,0.00017537513997604,0,0,0,0,1.21566121761223e-05,0.0993591888643222,0,0,0,3.56739159200143e-05,0,0,2.25626494143322e-05,0,4.12413086323929e-05,0,0,0,0,0,0,4.34473098453615e-05,1.81333518946126e-05,8.9786103733299e-05,0.00396432918041782,0.000653589296159768,0.0579740497738443,0.000142594699998784,0.0282756327902162
0,0,0,0,0,0,0,0,0.00170170179128876,0,0,0,0,0,6.15143026262309e-05,5.59183495619855e-05,0.00128043919067744,0,0,0,0,0,0.000887237335585907,0.000351611818630588,0.0101748545492188,0,0,0,0,0,0,0.102289635565235,0.0811972133064902,0.0480868594167492,0.254091034924218,0.0108040259835889,0.00389658300290423,0.000515405572650693,0.0132884060068145,0.000950408191730685,0.0133099461069317,0,0.00825247460796951,0,0,0,0,0,0.246727732264066,0.154666179362742,0,0,0,0,0.000612878832777373,0,0,0,0,0,0,8.77457653254221e-05,0,0,0,0.000611728267363636,0.000892029450990207,0.00301109022736918,0,0,0,0,0,0,0.0554878396827403,0.241489568598621,0.0277163689935299,0.00267724666639856,0.0160258918647153,0.0209879682990063,0.00159101321946869,0.0105600468729956,0.00978436685469794,3.3064372822025e-06,0.000155112034976469,0,0
0.00614657224899117,0,0.00718724861628984,5.61634836628837e-05,0.000189564205308913,0,0,0,0.0391773504855254,0,0,0,0,0,0.00669705117017278,0,0.000555235778398978,5.83902258255753e-05,0.00707956756913081,0,0,0,0.00102301888953001,0,0.00826041356232717,0,0.0044026682194382,0,0,0,0,6.07314677434656e-05,0.000225664824197859,2.03452103854284e-05,8.77969460607536e-05,0.00133265677441589,2.60194895952192e-05,0,2.21186625126441e-05,0.00188726257666365,0.110716424825837,0.00105379684745463,0.0664204168058813,1.73275725325957e-05,0.000400668180084073,7.55985858100238e-05,0.000455843997605265,0.246727732264066,0,0.577987653082584,0,0,0,0,0.00875129222984192,0,0,2.89230810288542e-05,0,0,0.0137364608603817,0,0,0,0,0.00209313748937476,0,0.00613743044283944,0,0.0927090752307873,0,0.000396468909231642,0,0,0,0.000219543514886848,3.44803411760856e-05,0,0.00281181603594645,0.00369090847044825,5.36136430777216e-06,0.00179273831109143,0.0171558557914926,6.67624306556677e-05,0.080737534400685,0,0.000255932802109441
0.00034489368075372,0.0367140627508469,0,0.00514040564665012,0,0,0,0,0,0.00222939504047651,0,0,0,0,0,0.00091297391217685,0.000192194185798323,0.000125132778292159,0.000464999625133412,0,0,0.0456848240306164,0.000449791042501853,0.0246006188151033,0.00176218458909761,0,0,0,0,0,0,0,0.000466385842713385,0.000552850555448343,0.00685000828518291,0.00334625375923859,2.75363720970299e-05,0.0749193546380845,0.00262369094876876,0.00790613322644776,0.0787062647004136,0.0607965319709689,0.010771441230521,0.00132175108082367,0,0.00317256176598562,0,0.154666179362742,0.577987653082584,0,0,0.00032507752098768,0,0,0,0.00959937858200165,0,0.0254697260772646,0,0.0221036393772842,0,0.0164045422388621,0.00207432701538472,0,0.0353212048545719,0.000483238043253662,0.00904796726959157,0.000724032570276165,0.000426354691570395,0,0.0123211561828137,0,0.0176579616444406,0,0,0,0,0,0.00114088951632185,0.00284657824126777,0.00837753012285145,0.000756969284707025,0.0415687396606449,0.00010465416628858,0.0515666806179054,0,0
0,0,0.0422499077404441,0,0.193016513531389,0,0,0,0,0,0,0,0.00373723866255904,0,0,0,0,0,0,0,0,0,0,0,0,0,0,0,0,0,0,0,0,0,0,0,0,0,0,0,0,0,0,0,0,0,0,0,0,0,0,0,0,0,0,0,0.0423771140833137,0,0.00143531195439293,0,0.00310128954444576,0,0,0,0,0,0,0,0,0,0,0,0,0,0,0,0,0,0,0,0,0,0.00706821484012112,0.000100770586923027,0,0,0
0.000997921324059689,0.000527690093507005,0,0.0414186635943511,0,0.159700661918393,0,0,0,0.000914391999055002,0,0.00222187947748091,0,0,0,0,0,0,0.000123876924831191,0,0,0,0,0,0,0,0,0,0,0,0,0,0,0,0,0,0,0,0,0,0,0.000542061171933806,0,0.00143142056816635,0,0.000237122116747499,0,0,0,0.00032507752098768,0,0,0,0,0,0,0,0.0122794655472498,0,0.000560699229369957,0,0,0,0,0,0,0.000670427601417091,0,0,0,3.3836734984617e-05,0,4.13796255548321e-05,0,0,0,0,0,0,0,0,0,0.0037425367642924,0,0.00686602750458688,0,0
0,0,0,0,0,0,0,0,0,0,0,0,0,0,0,0,0,0,0,0,0,0,0,0,0,0,0,0,0,0,0,0,0,0,0,0,0,0,0,0,0,0,0,0,0,0,0,0,0,0,0,0,0,0,0,0,0,0,0.000733496330212802,0,0,0,0,0,0,0,0,0,0,0,0,0,0,0,0,0,0,0,0,0,0,0,0,0,0,0,0
0,0,0,0,0,0,0,0,0,0,0,0,0,0,0,0,0,0,0,0,0,0,0,0,0,0,0,0,0,0,0,0,0,0,0,0,0,0,0,0,0,0,0,0,0,0,0,0,0,0,0,0,0,0,0,0,0,0,0,0,0,0,0,0,0,0,0,0,0,0,0,0,0,0,0,0,0,0,0,0,0,0,0,0,0,0,0
0.157460169603109,0,0.232835725502697,0,0.00283580989214549,0,0,0,0.374609018814788,0,0,0,0,0,0.000770363691239437,0,0.00136649402791469,0,0.0111817039042061,0,0,0,0,0,0.0580548620262419,0,0.0056964427208974,0,0,0,0,0,0,0,0,0,3.49432741302144e-05,0,0.00605781987891713,0,6.38569279816092e-05,0,0.0123840074287748,0,0,0,0.000934629474269462,0.000612878832777373,0.00875129222984192,0,0,0,0,0,0,0,0,0,0,0,0.000185040552874481,0,0,0,0,0,0,0.0484109940271462,0,0.000263910679180136,0,0,0,0,0,0,0,0,0,0,0,0.00252532617716881,0.00378523827363935,0.000260974537740782,0.0153917163617162,0,0.00123518693763397
0,0.522791083629598,0,0.00701994305686608,0,0,0,0,0,0.153207662658058,0,0,0,0,0,0.021636603152774,1.48235939877043e-05,0.0011883174273023,0.000269546827441738,0,0,0,0,0.0022334096560491,0,0,0,0,0,0,0,0,0,0,0,0,0,0.00080435364410572,1.06448278036151e-05,0.000130678706118505,0,0.0215346462391298,0,0.00435247373488282,0,0.0141692901373133,0,0,0,0.00959937858200165,0,0,0,0,0,0,0,0.000310616596342228,0,0.000101262590834518,0,0.0253511765332107,0.00180059052755331,0,0,0,0.0291528213645478,0,0,0,0.0053106965327122,0,0.0346608869169292,0,0,0,0,0,0,0,0.000513791130236842,0,0.00146729184637247,0,0.0222827750961761,0.000515849238640273,0
0,0,0.00525298999524492,0,0.000515539966624255,0,0,0,0,0,0.151803133995018,0,0.00415694710782216,0,0,0,0,0,0,0,0.0177931743469951,0,0,0,0,0,0,0,0,0,0.000184826891343387,0,0,0,0,0,0,0,0,0,0,0,0,0,0,0,0.00190511081986358,0,0,0,0.0423771140833137,0,0,0,0,0,0,0,0.0873953906661627,0,0.00162032109826002,0,0,0.1882356981963,0,0,0,0,0,0,0,0.002692607429745,0,0.141651866777689,0,0,0,0,0,0,0,0,0,0,0.149230965022957,0,0
0.000895110232819921,0.00341155175669571,0,0.0382163412655539,0,0.0390399432608275,0,0.0226547686276399,0,0,0,0.344923452584254,0,0,0,0.000389232241334919,0,0.000100191105343181,0.00041921113762642,0.141741074513008,0,0,0,0,0,0,0,0,0,0.00645264252600935,0,0,0,0,0,0,0,0.00127909304081619,0,0.00189371904664407,0,0.0365256819545259,5.79318808016961e-05,0.00366132357245809,0,0.00421218596964562,0.00017537513997604,0,2.89230810288542e-05,0.0254697260772646,0,0.0122794655472498,0,0,0,0.000310616596342228,0,0,0,0.11967031122467,0,0.0650411700545693,0.0122547554733273,0,0,0,0.00134147843927882,0,0,0,0.0442171250354207,0,0.0272682316138359,0,0,0,0,0,0,0,0.00017489250105232,0,6.57721698708108e-05,5.59397541205832e-06,0.0320413068211113,0,6.29897964661143e-05
0,0,0.00450969177809754,0,0.00118381804910625,0,0,0,0,0,0,0,0.0274710833578934,0,0,0,0,0,0,0,0,0,0,0,0,0,0,0,0.00201770629561748,0,0,0,0,0,0,0,0,0,0,0,0,0,0,0,0,0,0,0,0,0,0.00143531195439293,0,0.000733496330212802,0,0,0,0.0873953906661627,0,0,0,0,0,0,0.0017030793591909,0,0,0,0,0,0,0,0.0210784204639214,0,0,0,0,0,0,0,0,0,0,0.0177039955593241,0.0126052372851786,0.00500785763682512,0,0
0,0.0122289395290304,0,0.00650332128553655,0,0.00141332193561181,0,0.0125757857236864,0,0,0,0.00304896302260415,0,0.378422163412474,0,0,0,2.9329134667966e-05,1.0344750211514e-05,0,0,0,0,0,0,0.000370300182092522,0,0,0,0,0,0,0,0,0,0,0,0.000294084527309504,0,8.57197971570467e-05,0,0.00477141216098574,0,5.67785383547457e-05,0,0.00032767857315286,0,0,0,0.0221036393772842,0,0.000560699229369957,0,0,0,0.000101262590834518,0,0.11967031122467,0,0,0,0.0142346595254255,0.00222568288759131,0,0,0,0.00200286349580681,0,0.000557001500419298,0,0.00986381779883482,0,0.000357043426678345,0,0,0,0,0,0,0,0.00020125127378263,0,4.74012991359202e-06,9.54443540965785e-05,0.0166140449332243,0,0
0.0479238561268552,0,0.0939870235456541,0,0.028267821105021,0,0,0,0.0309477446397879,0,0,0,0,0,0.0129285192708009,0,0,0,0,0,0,0,0,0,0.0177372935113865,0,0.010920779392497,0,0,0,0,0,0,0,0,0,0,0,1.56097787971351e-05,0,0,0,0.000660710454664646,0,0,0,0,0,0.0137364608603817,0,0.00310128954444576,0,0,0,0.000185040552874481,0,0.00162032109826002,0,0,0,0,0,0,0.00069803871155894,0,0,0,0.00820637970512485,0,0.0665238752112254,0,0,0,0,0,0,0,0,0,0,0,0,0.000372779077694368,5.92117599777786e-06,0.00453617742368646,0,0
0.000547645030896226,0.428131919906364,0,0,0,0,0,0,0,0.00617652555292172,0,0,0,0,0,0.0205596592008922,0,0,0,0,0,0,0,0.00197095627068964,0,0.0064277398578802,0,0,0,0,0,0,0,0,0,0,0,0.00164913491741877,0,3.86243259556862e-05,0,0.0104158855850344,0,0.000319278033731923,0,0.000730038153104701,0,8.77457653254221e-05,0,0.0164045422388621,0,0,0,0,0,0.0253511765332107,0,0.0650411700545693,0,0.0142346595254255,0,0,0.000177044575289934,0,0,0,0.00567268386861204,0,0,0,0.000541110649113621,0,0.000275966935392824,0,0,0,0,0,0,0,0.000464856275857407,0,3.5620646667346e-05,0,0.0160505527487955,0,0
0.000451594748710631,0.0010224231276059,0,0.000185633656434453,0,0,0,0,5.48874832742054e-05,0.000994153373731997,0,0.000469518995911742,0,0,0,0,8.05149799051269e-05,0.0011869358160737,0.00121957615061363,1.02946504995456,0,0,0,0,0,0,0,0,0,0,0,0,0,0,0,0.010811669802827,0,0.000106467962824992,0,0.000126835243299671,0,0.00625356417695979,0.000116859792661543,0.00183122907386574,8.14751180290207e-05,0.010276010126672,1.21566121761223e-05,0,0,0.00207432701538472,0,0,0,0,0,0.00180059052755331,0,0.0122547554733273,0,0.00222568288759131,0,0.000177044575289934,0,0,0,0,0.0006765922118675,0,0,0,2.49599412056429e-05,0,3.08033214519669e-05,0,0,0,0,0,0,0,0.000217153974557004,0,0.0246323026082745,5.29246872201203e-05,0.0173728108188287,0,5.00167113449616e-05
0,0,0.000747807141098872,0,0.000202408657060005,0,0,0,0,0,0.0183672277342263,0,0,0,0,0,0,0,0,0,0.0514067865311256,0,0,0,0,0,0,0,0,0,0,0,0,0,0,0,0,0,0,0,0,0,0.000126095290871849,0,0,0,0.0993591888643222,0,0,0,0,0,0,0,0,0,0.1882356981963,0,0.0017030793591909,0,0.00069803871155894,0,0,0,0,0,0,0,0,0,0,0,0,0,0,0,0,0,0,0,0,0,0,0,0.011006776471746,0,0
0,0,0,0,0,0,0,0,0,0,0,0,0,0,0,0,0,0,0,0,0,0.112342401398227,0.00408960307426362,0.00117483801285263,0,0,0,0,0,0,0,0,0,0.000369002847263379,0,0,0,0.00391689848464638,0,0,0,0,0,0,0,0,0,0,0,0.0353212048545719,0,0,0,0,0,0,0,0,0,0,0,0,0,0,0,0,0.000576055332203396,0,0,0,0,0,0,0,0,0,0,0,0,0,8.31535188438029e-05,0,0.00189392815346528,0.00290127764399116,0,0,0
0,0,0,0,0,0,0,0,0,0,0,0,0,0,0,0,0.00219968971263202,0,0,0,0,0.000714340600438082,0.074035417145973,0.000104823157164606,0.0167310626945029,0,0,0,0,0,0,0,0,5.63828407268317e-05,0,0,0,0.000981969428493371,0.0100424625000141,0,0,0,0,0,0,0,0,0.000611728267363636,0.00209313748937476,0.000483238043253662,0,0,0,0,0,0,0,0,0,0,0,0,0,0,0,0,0.00014026160618229,0.0291852794779565,0,0,0,0,0,0,0,0,0,0,0,0,0.00187569487692592,0.00133862573857178,0.00845561083695072,0.00777224989379998,0,0,0
0,0.0174121243194441,0,0.00547571345070688,0,0,0,0,8.109897894331e-05,0.020183302765504,0,0,0,0,0,0.020854477960435,9.90916708974077e-05,0.000237767996804883,0.00078600640107775,0,0,0,0.000235026995969642,0.325891115081506,0.00258269733091689,0.00785913573827679,0,0,0,0,0,0,0,0.0146576984773369,0.000377010928148517,0,0,0.0238872198170004,0.00090178145747198,0.000682069367376688,0,0.00506363837021682,0.000173514422865959,0.00179011915313219,0,0.000987101450981714,0,0.000892029450990207,0,0.00904796726959157,0,0.000670427601417091,0,0,0,0.0291528213645478,0,0.00134147843927882,0,0.00200286349580681,0,0.00567268386861204,0.0006765922118675,0,0.000576055332203396,0.00014026160618229,0,0.00147813317106602,0,0,0.00477822978589682,0,0.0309673500200813,0,0,0,0,0,0,0,0.00537304111230343,0.000119707560470991,0.00263645679593319,4.50824021291876e-05,0.010489219241332,0.000196965439480364,0
0.00483339320892663,0,0.000345442798427843,0,0,0,0,0,0.0535734395508111,0,0,0,0,0,0.0115662767414508,0,0.02110560513332,0,0.00119628966374964,0,0,0,0.00117520654664254,0.000269879501893458,0.183692156688768,0,0.000166172060425998,0,0,0,0,0,0,6.91948824765561e-05,0,0,0,0.000855583085567924,0.00512170161736301,0,6.43518355219292e-05,0,0.00571001851479015,0,0,0,3.56739159200143e-05,0.00301109022736918,0.00613743044283944,0.000724032570276165,0,0,0,0,0.0484109940271462,0,0,0,0,0,0.00820637970512485,0,0,0,0,0.0291852794779565,0.00147813317106602,0,0,0.0251585032171573,0,0,0,0,0,0,0,0,0,0,0.000412320017151832,0.000633640142226097,0.00141088989976538,0.000295709040612696,0.00234922288386798,0,0
0,0,0,0,0,0,0,0,0,0,0,0,0,0,0,0,0,0,0,0,0,0,0,0,0,0,0,0,0,0,0,0,0,0,0,0,0,7.57267052494987e-05,0,0,0,0,0,0,0,0,0,0,0,0.000426354691570395,0,0,0,0,0,0,0,0,0,0.000557001500419298,0,0,0,0,0,0,0,0,0,0,0.00195314248006707,0,0,0,0,0,0,0,0,0,3.0868659386944e-05,0,1.75305569249465e-06,0,0.000218800314015668,0,0
0,0,0,0,0,0,0,0,0.012811439721582,0,0,0,0,0,0.0343087515972268,0,0,0,0,0,0,0,0,0,0.00492910847478581,0,0.000176726193580938,0,0,0,0,0,0,0,0,0,0,0,0,0,0,0,0.00281347058602571,0,0,0,0,0,0.0927090752307873,0,0,0,0,0,0.000263910679180136,0,0,0,0,0,0.0665238752112254,0,0,0,0,0,0,0.0251585032171573,0,0,0,0,0,0,0,0,0,0,0,0,0,0,0.000122490258006424,0,0.00134156364730447,0,0
