0,0,289.27558927238,0,5.71347883343697,0,0,0,237.092114806175,0,0,0,0,0,0,0,18.8363220691681,5.44997762143612,60.1146177053452,0,0,0,0,0,0.704334124922752,0,0.523519098758698,0,0.311483442783356,0,0,0,0,0,0,0,0.755880534648895,0,0.503156691789627,0,1.98428630828857,0,6.03665441274643,0,0,0,0.529387354850769,0,47.0593864321709,0,2.09552231431007,0,0,0,51.3113251775503,0,0,0,0,0,1.95601189136505,0,0,0,0,0,0,0,0,0,0,1.41254985332489,0,0,0,0,0,0,0,15.6287476420403,0,0,381.725833952427,0.796296566724777,100.902490869164,0,1.00214505195618
0,0,0,283.368916586041,0,3.11043763160706,0,0,0,203.105926454067,0,0,0,0,0,0,0,0,14.6511209011078,0,0,0.215285167098045,0,4.46531917154789,0,0,0,0,0,0,0,0,0,0,0,0,0,0,0,0,0,2.33753448724747,0,0,0,0,0,0,0,178.267893195152,0,8.23751065135002,0,0,0,120.37352322042,0,73.2974160164595,0,0.357054114341736,0,1.09444412589073,0.24341693520546,0,0.235531717538834,0,0.747341051697731,0,0,0,0.383917689323425,0,0,0,0,0,0,0,0,0,0,0,448.930906280875,0,274.797537013888,0,0
289.27558927238,0,0,0,101.420976787806,0,0,0,22.6871936321259,0,0,0,0,0,0,0,0,0,0,0,0,0,0,0,0,0,0,0,0,0,0,0,0,0,0,0,0,0,0,0,0,0,0.432907223701477,0,0,0,140.664161801338,0,112.974437654018,0,14.24123904109,0,0,0,11.3566969931126,0,0.930672451853752,0,0,0,0,0,0,1.46315968036652,0,0,0,0,0,0,0,0,0,0.75877258181572,0,0,0,0,0,0,0,0,69.5285943001509,0,707.510972931981,0,0.310027211904526
0,283.368916586041,0,0,0,89.2127788811922,0,0,0,53.196555942297,0,0,0,0,0,0,0,0,0.945621401071548,0,0,0,0,0,0,0,0,0,0,0,0,0,0,0,0,0,0,0,0,0,0,13.2785510122776,0,0,0,2.6365405023098,0,0,0,9.09325331449509,0,0,0,0,0,14.906338006258,0,0,0,0,0,0,0,0,0,0,0,0,0,0,0,0,0,0,0,0,0,0,0,0,0,0,101.751284226775,0,608.078947648406,0,0
5.71347883343697,0,101.420976787806,0,0,0,53.326461493969,0,2.6485738158226,0,0.918369442224503,0,0,0,0,0,0,0,0,0,56.6116602569818,0,0,0,0,0,0,0,0,0,0,0,0,0,0,0,0.290440738201141,0,0.586055085062981,0,9.31864702701569,0,6.52803196012974,0,0,0,118.105173826218,7.42810727655888,32.5252708792686,0,632.54002828896,0,0,0,4.00243347883224,0,15.8327708244324,0,0,0,0,0,0,387.85179464519,0,0,0,0,0,0,0,0,0,12.2257944792509,0,0,0,0,0,7.37106896936893,0,4.54972629249096,332.972406059504,0,212.568300247192,0,0.893762916326523
0,3.11043763160706,0,89.2127788811922,0,0,0,127.352861821651,0,12.151686668396,0,0,0,0,0,0,0,0,1.10889776051044,0,0,0,0,0,0,0,0,0,0,0,0,0,0,1.23748245835304,0,0.376277655363083,0,0,0,0,0,11.1172762662172,2.14720711112022,0,0,59.0066958516836,0,6.63757248222828,0.262464135885239,1.47291016578674,0,331.610198915005,0,101.089777797461,0,8.63293713331223,0,7.53533272445202,0,1.02812099456787,0,0,0.17007352411747,0,0.942823529243469,0,0,0,0,0,0.324756175279617,0,8.38089317083359,0.627596497535706,1.94604861736298,0,1.97843746840954,0,7.31288678944111,0,11.7146498262882,0,526.376242727041,36.7103620767593,143.292928367853,2.07444834709167,0
0,0,0,0,53.326461493969,0,0,0,0,0,3.12300455570221,0,46.2177523374557,0,0,0,0,0,0,0,0.678214341402054,0,0,0,0,0,0,0,0,0,0,0,0,0,0,0,0,0,0,0,0,0,0,0,0,0,0,0,0,0,0,0,384.337739288807,0,0,0,0,0,184.263595223427,0,0,0,0,2.78660315275192,0,0,0,0,0,0,0,0,0,0,0,0,0,0,0,0,0,0,234.446760833263,1.66496765613556,0,0,0
0,0,0,0,0,127.352861821651,0,0,0,0,0,5.68475466966629,0,8.48147749900818,0,0,0,0,0,1.78043103218079,0,0,0,0,0,0,0,0,0,0,0,0,0,0,0,0,0,0,0,0,0,0,0,0,0,0,0,0,0,0,0,28.3195858597755,0,12.8659619092941,0,0,0,0,0,105.870631337166,0,0,0,0,0,0,0,0,0,0,0,0,0,0,0,0,0,0,0,0,0,0,322.023810327053,15.7282166182995,0,0,0
237.092114806175,0,22.6871936321259,0,2.6485738158226,0,0,0,0,0.357380479574203,0,0,12.4682287573814,0,131.755729690194,0,805.628483057022,39.6410211324692,60.387297719717,0,0,0,0,0,107.977719128132,0,106.921276673675,0,1.15488773584366,0,0,0,0,0,0,0,0,0,206.116487681866,0.777413427829742,0,0.269211113452911,3.02856433391571,0.172189757227898,0,0,0,0,18.8108434975147,0,0,0,0,0,296.40859054029,0,0,0,0.252557098865509,0,43.1743063777685,0,0,0,0,0,0,9.45189788937569,0,87.0425669848919,0,0,0,0,0,0,0,0,2.4879831969738,4.72813722491264,2.63906908035278,57.3676748871803,788.975665792823,3.955721616745,177.214466333389,0,0
0,203.105926454067,0,53.196555942297,0,12.151686668396,0,0,0.357380479574203,0,0,0,0,0,0,115.004718765616,58.8787578195333,689.652761131525,63.916689991951,0,0,2.94617024064064,0,101.16521243751,0,77.4238692075014,0,0,0,0,0,0,0,0,0,0.166927084326744,0.983146667480469,16.1412238478661,0,0,0,5.52103206515312,1.08580470085144,0,0,0,0,0,0,0.615216493606567,0,0,0,0,3.91783118247986,213.531118497252,0,0,0,0,0,45.6390033364296,0,0,0,0,71.0465628951788,0.648205935955048,25.8859196454287,0,0,0,0,0,0,0,0,0,0.964526474475861,1.21545016765594,5.81230425834656,2.57377874851227,1061.99631385505,2.7453818321228,39.2527644336224,0,0
0,0,0,0,0.918369442224503,0,3.12300455570221,0,0,0,0,0,9.49383848905563,0,0,0,0.27115187048912,0,5.06458368897438,0,135.38613063097,0,0,0,0,0,0,0,28.3245612680912,0,59.0138822942972,0,0,0,0,0,8.31481999158859,0,295.882854118943,0,0.397237509489059,0,17.2827525287867,0,0,0,4.13452091813087,0.238052085042,4.79022936522961,0,0,0,2.53988683223724,0,0,0,1168.98441585898,0,16.7885490953922,0,1.91342258453369,0,0,248.158987909555,0,0,0,0,0,0.33395779132843,0,83.031886190176,0,136.150906771421,0,0,0.163581043481827,0,0,32.3505402058363,0,245.806985035539,332.551526412368,78.6809244453907,18.678034722805,0,0.485407620668411
0,0,0,0,0,0,0,5.68475466966629,0,0,0,0,0,34.1251193881035,0,0,0,0,0,272.561284400523,0,0,0,0,0,0,0,0,0,64.3322618603706,0,0,0,0,0,12.0714494585991,0,599.772674158216,0,0,0,0,0,0,0,4.60877293348312,0,0,0,0,0,0,0,0,0,0,0,895.135965697467,0,31.3138564825058,0,0,32.5475216805935,0,0,0,0,0,0,0,0,0,146.748744174838,0,0,0,0,0,0,0,482.654841244221,0,451.743193887174,0,1.82973092794418,0,0
0,0,0,0,0,0,46.2177523374557,0,12.4682287573814,0,9.49383848905563,0,0,0,5.11349326372147,0,535.865121006966,3.18570590019226,2.39341449737549,0,0,0,0,0,2.52892598509789,0.302590101957321,17.4061861932278,0,89.7661081254482,0,0,0,0,0,0,0,0,0,0,0,0,0,0,0.241902202367783,0,0,0,0,0,0,0,0,6.94490814208984,0,0,0,9.61248376965523,0,45.8301071226597,0,1,0,0,0,0,0,0,0,0,5.92827945947647,0,7.62016308307648,0,0,0,0,0,0,0.188450753688812,0,0,0,291.083778068423,41.3919516503811,0,0,0
0,0,0,0,0,0,0,8.48147749900818,0,0,0,34.1251193881035,0,0,0,1.52679443359375,0,66.952441573143,0.314394921064377,0,0,0,0,0,0,61.4655457884073,0,27.553890734911,0,0,0,0,0,0,0,0,0,0,0,0,0,0,0,0,0,0,0,0,0,0,0,46.5661407709122,0,0,0,0,0,0,0,767.38778167963,0,2.70566070079803,0,0,0,0,0,0,9.82447329163551,0,0,0,0,0,0,0,0,0,0,0,0,0,43.9555639922619,0,0,0,0
0,0,0,0,0,0,0,0,131.755729690194,0,0,0,5.11349326372147,0,0,0,518.441407307982,13.7025408893824,21.409945756197,0,0,0,0,0,16.2793648540974,0,33.3353687524796,0,0.757192641496658,0,0,0,0,0,0,0,0,0,0,0,0,0,0.953993797302246,0,0,0,0,0,1.74308717250824,0,2.10217452049255,0,0,0,92.7477996051311,0,0,0,0,0,81.0037315189838,0,0,0,0,0,0,0,0.928478062152863,19.87820571661,0,0,0,0,0,0,0,0,0,0,0,0.997469782829285,294.552944675088,38.156793281436,0,0,0
0,0,0,0,0,0,0,0,0,115.004718765616,0,0,0,1.52679443359375,0,0,5.86966809630394,557.589074924588,19.0880638062954,0,0,0.762912184000015,0,2.16541254520416,0,240.814322173595,0,1.53860116004944,0,0,0,0,0,0,0,0,0,0,0,0,0,0,0,0,0,0,0,0,0,0,0,0,0,0,0,18.1260911375284,0,0,0,6.84451103210449,0,93.3811767399311,0,0,1.86545610427856,0,0,0,148.021809458733,0,0,0,0,0,0,0,0,0,0,0,0,0,291.18346580863,0.872402191162109,0,0,0
18.8363220691681,0,0,0,0,0,0,0,805.628483057022,58.8787578195333,0.27115187048912,0,535.865121006966,0,518.441407307982,5.86966809630394,0,7953.76154321432,3799.38090622425,0,0,22.6285198628902,222.18903824687,21.3965200409293,533.800380438566,66.6315958127379,1349.44224151969,0,391.144965171814,0,0.631274960935116,0,0,0,0,4.61634328961372,20.4774648249149,0,3.55096784234047,16.8621840029955,8.9954449236393,44.9000458940864,159.713173404336,14.8916524201632,4.04840584099293,3.22954976558685,16.1337435245514,3.05371461808681,4.95575998723507,4.63080543279648,0,0,0,0,248.269866421819,24.4537828862667,2.86816966533661,0,20.4276873767376,0,405.852797165513,0.233471050858498,0.823027610778809,1.24781900644302,2.09990644454956,0,0,36.9128900170326,24.4578488469124,764.006674900651,0,0,1.40020030736923,8.27260461449623,0,0,4.46690857410431,0,61.3590980470181,158.04934822768,5.69628559052944,76.9606927484274,13490.108060129,607.153489470482,74.0253652632236,1.03903949260712,7.93115226924419
5.44997762143612,0,0,0,0,0,0,0,39.6410211324692,689.652761131525,0,0,3.18570590019226,66.952441573143,13.7025408893824,557.589074924588,7953.76154321432,0,5667.16141654551,0,0,432.115206792951,0,129.479998201132,58.6349835470319,2993.05650147796,40.7532235383987,205.493574589491,1.21241164207458,0,0.19780145585537,0,0,0,0,3.38872788846493,10.5539449006319,0,1.38301053643227,8.92238683998585,3.07703268527985,23.5179332941771,42.4615119025111,8.24642406404018,1.29942312836647,1.80757574737072,5.54988726973534,2.79140140116215,1.17451295256615,2.03588534891605,0,0,0,0,30.9484102576971,129.164212018251,0,0,0.36295673251152,4.80355218052864,21.6754912734032,150.955926448107,0,1.29715314507484,10.586238026619,0,1.45089173316956,4.74540735036135,897.66053161025,28.1846685782075,1.7191064953804,0,0,3.46505969762802,0,0,2.43701499700546,0,67.0847045332193,113.261213324964,7.99207925796509,19.2551786154509,14207.7325762808,716.973808243871,30.3009524941444,0,0
60.1146177053452,14.6511209011078,0,0.945621401071548,0,1.10889776051044,0,0,60.387297719717,63.916689991951,5.06458368897438,0,2.39341449737549,0.314394921064377,21.409945756197,19.0880638062954,3799.38090622425,5667.16141654551,0,0,4.09496137499809,11.6275475025177,0.40011665225029,31.5583139061928,55.3197329640388,84.364230260253,33.2904762774706,0,4.90922448039055,0,8.17626298964024,0,0,13.3822589069605,0,76.6098961681128,120.345661297441,0,13.4277954101562,165.698703318834,79.0031890720129,955.05764721334,1652.06841887534,154.305483326316,29.144755885005,113.595347717404,98.5840524360538,71.2337730303407,36.774502068758,58.5095995664597,0,0,0,0,19.2083050906658,21.0853970050812,6.40846616029739,0,0,0,21.0994792282581,7.91758751869202,10.1941543370485,6.13677226752043,0,0,0.945948600769043,7.02775943279266,40.8781467974186,18.3928048014641,0,0,19.6893526166677,36.1418487876654,2.96909713745117,0,72.0987973064184,0,1349.82685439289,1062.27208968252,244.913321912289,548.32786655426,6899.15905928612,120.926663815975,622.333134241402,11.7001860290766,66.6316247135401
0,0,0,0,0,0,0,1.78043103218079,0,0,0,272.561284400523,0,0,0,0,0,0,0,0,0,0,0,0,0,0,0,0,0,0,0,0,0,0,0,459.895570844412,0,184.976007699966,0,3.28387430310249,0,0,0,0,0,91.532565638423,0,0.226048842072487,0.508717656135559,0,0,0,0,0,0,0,0,61.7535406947136,0,0,0,0,946.287549093366,0,0,0,0,0,0,0,0,0,6.93591237068176,0,0,0,0,0,668.151139445603,0,202.889518424869,0,243.219345003366,0,23.6508956849575,0,0
0,0,0,0,56.6116602569818,0,0.678214341402054,0,0,0,135.38613063097,0,0,0,0,0,0,0,4.09496137499809,0,0,0,0,0,0,0,0,0,0,0,24.1194383203983,0,0,0,0,0,435.689649581909,0,116.16956076771,0,7.1036613881588,0,77.8517038226128,0,0.232867062091827,0,14.193694293499,4.58295331895351,25.0785136222839,0,4.3812215924263,0,0,0,0,0,179.863051176071,0,0,0,0,0,0,1504.19359992445,0,0,0,0,0,0,0,1.8083056807518,0,60.2501738518476,0,0,0,0,0,793.258910752833,0,517.246046580374,384.119852423668,1.49248719215393,101.255952045321,0,4.67047867178917
0,0.215285167098045,0,0,0,0,0,0,0,2.94617024064064,0,0,0,0,0,0.762912184000015,22.6285198628902,432.115206792951,11.6275475025177,0,0,0,231.895699977875,179.87495829165,0,279.514559343457,0,64.6160534918308,0,0,0,0,0,0,0,0,0,1224.57317665219,0,0,0,0,0,0,0,0,0,4.43600857257843,0,160.628894686699,0,0,0,0,0,0.341197729110718,0,14.6840652227402,0,0,0,0,4.30748529732227,0,4678.8097576499,0,98.6183785051107,0,51.8095116168261,0.441918253898621,176.156461432576,0,1.61742800474167,0,0,0,11.3249980211258,0,0,0,422.87756857276,33.6568789482117,1339.41239625216,14.350371837616,17.4838002324104,0,0
0,0,0,0,0,0,0,0,0,0,0,0,0,0,0,0,222.18903824687,0,0.40011665225029,0,0,231.895699977875,0,0,14.5835592746735,0,103.601433873177,0,3.08250784873962,0,0,0,0,0,0,0,0,0,311.187463879585,0,0,0,0,0,0,0,0,0,115.12074264884,0,0,0,0,0,0,0,0,0,0,0,0,0,0,0,95.6706830859184,3121.97722235322,0,2.05633735656738,0,220.307263255119,0,0,0,0,0,0,0,0,0,0,0,48.5073522627354,439.332803100348,28.1365764141083,0,0,0
0,4.46531917154789,0,0,0,0,0,0,0,101.16521243751,0,0,0,0,0,2.16541254520416,21.3965200409293,129.479998201132,31.5583139061928,0,0,179.87495829165,0,0,3.4840977191925,333.723898380995,0,0,0,0,0,0,0,0,0,0,0,146.887869954109,0,0,0,0,0,0,0,0,0,0,0,15.5271362662315,0,0,0,0,0,11.1133844256401,0,0.241021975874901,0,0,0,34.1807311326265,0,0,93.1922150552273,0,652.931022539735,0,69.7752252668142,0,4.78831544518471,0,0,0,0,0,8.97105073928833,0,2.67257905006409,3.01560878753662,111.818790733814,0,946.43053252995,0,114.951671689749,0,0
0.704334124922752,0,0,0,0,0,0,0,107.977719128132,0,0,0,2.52892598509789,0,16.2793648540974,0,533.800380438566,58.6349835470319,55.3197329640388,0,0,0,14.5835592746735,3.4840977191925,0,0,276.416752099991,0,0,0,0,0,0,0,0,0,0,0,133.629362687469,0,0,0,2.77104496955872,0,0,0,0,0,32.2623554766178,0,0,0,0,0,60.1888743340969,2.37435483932495,0,0,0,0,14.7287426888943,0,0,0,0,0,0,195.389488697052,0.359890401363373,217.934470146894,0,0,0,0,0,0,0,0,0,1.54202008247375,0,66.6786457300186,336.403332173824,0.383460491895676,26.4145683646202,0,0
0,0,0,0,0,0,0,0,0,77.4238692075014,0,0,0.302590101957321,61.4655457884073,0,240.814322173595,66.6315958127379,2993.05650147796,84.364230260253,0,0,279.514559343457,0,333.723898380995,0,0,0,63.5180276930332,0,0,0,0,0,0,0,0,0.446948289871216,0,0,0,0,2.78514838218689,0,0,0,0,0,0,0,11.6699712574482,0,0,0,0,0,8.56418587267399,0,0,0,0,0,109.1321464926,0,0,73.3097500801086,0,254.080149874091,0,555.971709311008,0,13.5387438237667,0,0,0,0,0,0,0,0,0.738003194332123,0,0,1066.95811489224,1.87312388420105,0,0,0
0.523519098758698,0,0,0,0,0,0,0,106.921276673675,0,0,0,17.4061861932278,0,33.3353687524796,0,1349.44224151969,40.7532235383987,33.2904762774706,0,0,0,103.601433873177,0,276.416752099991,0,0,0,48.7843480110168,0,0,0,0,0,0,0,0,0,0,0,0,0.903698980808258,0,0,0,0,0,0,0,0,0,0,0,0,18.3876830935478,2.18790245056152,0,0,0,0,38.7685180604458,0,0,0,0,1.94537657499313,0,11.4359704852104,0,271.461891710758,0,0,0,0,0,0,0,0,0,0,0,0,580.962791010737,33.2609310746193,0,0,0
0,0,0,0,0,0,0,0,0,0,0,0,0,27.553890734911,0,1.53860116004944,0,205.493574589491,0,0,0,64.6160534918308,0,0,0,63.5180276930332,0,0,0,78.8755652308464,0,0,0,0,0,0,0,70.3120310753584,0,0,0,0,0,0,0,0,0,0,0,0,0,0,0,0,0,0,0,0,0,30.1218357086182,0,0,0,0,124.465767070651,0,0,0,63.3569120466709,0,416.510416314006,0,117.623232990503,0,0,0,0,0,0,0.750430583953857,164.972026154399,0,66.5971407145262,3.19249975681305,0,0,0
0.311483442783356,0,0,0,0,0,0,0,1.15488773584366,0,28.3245612680912,0,89.7661081254482,0,0.757192641496658,0,391.144965171814,1.21241164207458,4.90922448039055,0,0,0,3.08250784873962,0,0,0,48.7843480110168,0,0,0,4.09508603811264,0,0,0,0,0,0,0,0,0,0,3.18568921089172,0,0,0,0,0,0,0,0,0,0,0,0,0,0,29.1695157289505,0,22.5510839819908,0,1.59518277645111,0,0,0,0,0,0,0,0,14.4515420198441,0,486.754186525941,0,2.4520211815834,0,0,0,0,0.246054992079735,0,0,0,190.792171999812,5.2085879445076,0,0,0
0,0,0,0,0,0,0,0,0,0,0,64.3322618603706,0,0,0,0,0,0,0,0,0,0,0,0,0,0,0,78.8755652308464,0,0,0,0,0,0,0,0,0,236.348874479532,0,0,0,0,0,0,0,0,0,0,0,0,0,0,0,0,0,0,0,38.4987014383078,0,0,0,0,0,0,0,0,0,0,0,0,0.259519934654236,0,397.532908558846,0,0,0,0,0,0,0,270.702262863517,0,9.61249709129333,0,0,0,0
0,0,0,0,0,0,0,0,0,0,59.0138822942972,0,0,0,0,0,0.631274960935116,0.19780145585537,8.17626298964024,0,24.1194383203983,0,0,0,0,0,0,0,4.09508603811264,0,0,0,0,0,0,0,5.69818620383739,0,23.4402650892735,0,2.04948019981384,0,23.5238805860281,0,0,0,19.1729549393058,0.829252958297729,12.0042303949594,0,0,0,0,0,0,0,36.2622694149613,0,0,0,0,0,0,78.1224104464054,0,0,0,0,0,0,0,60.3042683303356,0,335.650517135859,0,0,0,0,0,21.7258731871843,0,59.3561366647482,2.55458986759186,0,14.8428604751825,0,11.7356579899788
0,0,0,0,0,0,0,0,0,0,0,0,0,0,0,0,0,0,0,0,0,0,0,0,0,0,0,0,0,0,0,0,1325.43009567261,95.4432621598244,33.7985143959522,314.78919634223,39.6532228589058,0,0,1.42619170248508,0,0.600910052657127,0.157384231686592,0,0,4.05818259716034,0,186.862354129553,3.9770245552063,0,0,0,0,0,0,0,0,0,0,0,0,0,0.38216994702816,0,0,0,0,0,0,0,0,0,0.227731555700302,0,2414.35951600969,1081.61523976922,32.2268071174622,15.4369840025902,372.834029316902,57.3906614780426,0.551684841513634,0,972.115439221263,0,9.20281602442265,0,0
0,0,0,0,0,0,0,0,0,0,0,0,0,0,0,0,0,0,0,0,0,0,0,0,0,0,0,0,0,0,0,1325.43009567261,0,39.2727175652981,50.3835896104574,8.88190689682961,428.578253239393,0,0,0,0,0,0,0,0,0,1.18221113085747,430.040263369679,45.1678554564714,0,0,0,0,0,0,0,0,0,0,0,0,0,0,0,0,0,0,0,0,0,0,0,0,0,1403.53908526897,1232.95554342866,44.8593090474606,101.420922458172,13.6768577098846,701.562238387764,0,0,666.389021098614,0,0,0,0
0,0,0,0,0,1.23748245835304,0,0,0,0,0,0,0,0,0,0,0,0,13.3822589069605,0,0,0,0,0,0,0,0,0,0,0,0,95.4432621598244,39.2727175652981,0,1581.57756839693,275.47032225132,2.26240667700768,117.012188911438,0.272113382816315,38.4539944678545,0,62.0196631550789,50.5673867315054,0,0,45.9802549928427,0.327325463294983,1492.10765011609,50.8304554820061,75.5588510036469,0,0,0,0,0,0,0,0,0,0,0,0,1.53765162825584,0,0,0,0,0,0,0,0,0,3.48778359591961,0,244.529856681824,2.85928237438202,874.911737084389,921.287678465247,227.536408409476,17.3327434659004,364.330468729138,83.4754691272974,245.72051756084,0,58.0811948925257,0,0
0,0,0,0,0,0,0,0,0,0,0,0,0,0,0,0,0,0,0,0,0,0,0,0,0,0,0,0,0,0,0,33.7985143959522,50.3835896104574,1581.57756839693,0,17.269247174263,323.713773518801,0,6.19659161567688,0,0,0,0.466405808925629,0,0,0.784394443035126,0,570.682221263647,138.241146072745,0,0,0,0,0,0,0,0,0,0,0,0,0,0,0,0,0,0,0,0,0,0,0,0,0,54.6809314787388,14.0140253454447,2161.74609616399,2190.44020369649,0,633.653383389115,0,1456.1794833988,193.747757136822,0,3.25485974550247,0,0.231972441077232
0,0,0,0,0,0.376277655363083,0,0,0,0.166927084326744,0,12.0714494585991,0,0,0,0,4.61634328961372,3.38872788846493,76.6098961681128,459.895570844412,0,0,0,0,0,0,0,0,0,0,0,314.78919634223,8.88190689682961,275.47032225132,17.269247174263,0,363.695428311825,1550.08552333713,29.201643705368,44.3946604281664,0,139.064759030938,11.2539389580488,59.0067981183529,0,80.2456347197294,0,205.560477122664,31.2501517385244,20.1242995262146,0,0,0,0,0,0,0,2.13477444648743,0,0,0,0,387.654067032039,0,0,0,0,0,0,0,0,0,3.19076722860336,0,221.015370666981,0,60.5252183377743,1.83104825019836,22141.2181749269,268.198703438044,412.987615384161,0,4361.44734323025,454.725361943245,95.345357015729,3.3753045797348,0
0.755880534648895,0,0,0,0.290440738201141,0,0,0,0,0.983146667480469,8.31481999158859,0,0,0,0,0,20.4774648249149,10.5539449006319,120.345661297441,0,435.689649581909,0,0,0,0,0.446948289871216,0,0,0,0,5.69818620383739,39.6532228589058,428.578253239393,2.26240667700768,323.713773518801,363.695428311825,0,0,2226.1776259616,0.288202583789825,18.0407078117132,0.802740752696991,157.734950810671,0,10.598098307848,0.632557675242424,100.377801313996,273.405035242438,74.7369919121265,0,0,0,0,0,0,0,3.65604351460934,0,0,0,0,0,0,332.679804392159,0,0,0,0,0,0,0,0,0,18.2732235938311,32.8016449809074,112.531336396933,7.69457298517227,101.594097033143,248.138257071376,20629.6103043407,0,1599.28985522687,5495.31418087333,577.344771251082,114.314137563109,0,3.38796617090702
0,0,0,0,0,0,0,0,0,16.1412238478661,0,599.772674158216,0,0,0,0,0,0,0,184.976007699966,0,1224.57317665219,0,146.887869954109,0,0,0,70.3120310753584,0,236.348874479532,0,0,0,117.012188911438,0,1550.08552333713,0,0,39.5537310242653,0.235611543059349,0,326.991811364889,0,0.415755182504654,0,0.644845694303513,0,182.350160419941,0.191423714160919,105.171599343419,0,0,0,0,0,0.567901909351349,0,28.8904793411493,0,0,0,0,155.994216352701,0,484.411660298705,0,11.3737927675247,0,0.219114735722542,0,50.7125304043293,0,24.0665932893753,0,2.07066518068314,0,144.007719755173,0,611.005630120635,0,9737.01234702021,2,2070.62500965595,599.920325487852,143.738229990005,0,0
0.503156691789627,0,0,0,0.586055085062981,0,0,0,206.116487681866,0,295.882854118943,0,0,0,0,0,3.55096784234047,1.38301053643227,13.4277954101562,0,116.16956076771,0,311.187463879585,0,133.629362687469,0,0,0,0,0,23.4402650892735,0,0,0.272113382816315,6.19659161567688,29.201643705368,2226.1776259616,39.5537310242653,0,0,3.11958020925522,0,71.6467830985785,0,0,0,8.62173035740852,4.56597682833672,405.963946864009,0,0,0,0,0,9.49495548009872,0,15.9546119272709,0,0,0,0,0,0,46.946060359478,0,437.507722228765,0,51.2638263702393,0,0,0,0,0,7.84199410676956,0,0,0,46.7891704440117,35.0557212233543,408.911059238017,21.9583698511124,8585.74936839938,1892.80986517668,214.175555199385,122.512035503983,0,0.774287700653076
0,0,0,0,0,0,0,0,0.777413427829742,0,0,0,0,0,0,0,16.8621840029955,8.92238683998585,165.698703318834,3.28387430310249,0,0,0,0,0,0,0,0,0,0,0,1.42619170248508,0,38.4539944678545,0,44.3946604281664,0.288202583789825,0.235611543059349,0,0,0,334.14193226397,45.7000774145126,1.49000310897827,0,659.392278656363,0.126101136207581,404.825320623815,8.49835979938507,28.1315469145775,0,0,0,0,1.56228888034821,0,0,1.35330072045326,0,0,0,0,222.637600794435,0,0,0,0,0,0,0,0,0,5.93367585539818,0,25.1560142114758,0,94.321545548737,0,1030.68540585786,3.46166729927063,54.0801077634096,0,108.822749197483,2.53540587425232,141.412186592817,2.18350863456726,0
1.98428630828857,0,0,0,9.31864702701569,0,0,0,0,0,0.397237509489059,0,0,0,0,0,8.9954449236393,3.07703268527985,79.0031890720129,0,7.1036613881588,0,0,0,0,0,0,0,0,0,2.04948019981384,0,0,0,0,0,18.0407078117132,0,3.11958020925522,0,0,0,244.191635161638,3.18730974197388,4.64647263288498,0,259.074675343931,54.3516423404217,263.653707638383,0,0,0,0,0,0,0,6.2078643143177,0,0,0,0,0,0,84.8062467947602,0,0,0,0,0,1.40442228317261,0,0,0,10.5798518955708,0,1.49086058139801,0,0.740790843963623,5.6012919396162,324.951294660568,0,68.7780790328979,48.3489147424698,1.58077967166901,90.4430185258389,0,4.3474400639534
0,2.33753448724747,0,13.2785510122776,0,11.1172762662172,0,0,0.269211113452911,5.52103206515312,0,0,0,0,0,0,44.9000458940864,23.5179332941771,955.05764721334,0,0,0,0,0,0,2.78514838218689,0.903698980808258,0,3.18568921089172,0,0,0.600910052657127,0,62.0196631550789,0,139.064759030938,0.802740752696991,326.991811364889,0,334.14193226397,0,0,290.227188885212,95.0608990192413,0,859.998515427113,0.229899764060974,413.999462515116,5.96565838158131,950.523753225803,0,0,0,0,0,0.324593394994736,0,16.9877092838287,0,0,0,0,655.069157063961,0.190850436687469,7.61371138691902,0,0,0,0,0,6.48459833860397,0,607.588411003351,0,7.76070336997509,0,157.615895241499,0,2985.20302388072,14.8902843743563,1880.53524674475,5.66746687889099,1435.32832424343,8.06032015383244,2281.2765634805,678.400476112962,2.23705792427063
6.03665441274643,0,0.432907223701477,0,6.52803196012974,2.14720711112022,0,0,3.02856433391571,1.08580470085144,17.2827525287867,0,0,0,0.953993797302246,0,159.713173404336,42.4615119025111,1652.06841887534,0,77.8517038226128,0,0,0,2.77104496955872,0,0,0,0,0,23.5238805860281,0.157384231686592,0,50.5673867315054,0.466405808925629,11.2539389580488,157.734950810671,0,71.6467830985785,45.7000774145126,244.191635161638,290.227188885212,0,2.57877354323864,93.2225722521544,49.9312301278114,507.091816976666,315.443498462439,582.730986535549,15.4968301355839,0,0,0,0,0,0,230.368323624134,0.203401491045952,0,0,2.17414307594299,0,1.08040234446526,552.92298592627,0,0,0,0,0,0,0,0,2.33071364462376,816.762819156051,0.594830483198166,0,45.32438339293,2.68677163124084,176.787105306983,2997.56078516692,29.3629786968231,1462.2719893977,618.500390559435,13.8734269440174,2898.81966112554,0,780.961394816637
0,0,0,0,0,0,0,0,0.172189757227898,0,0,0,0.241902202367783,0,0,0,14.8916524201632,8.24642406404018,154.305483326316,0,0,0,0,0,0,0,0,0,0,0,0,0,0,0,0,59.0067981183529,0,0.415755182504654,0,1.49000310897827,3.18730974197388,95.0608990192413,2.57877354323864,0,0,17.9110620617867,0,8.90358620882034,0,41.7499898672104,0,0,0,0,0,0.94170218706131,0,0,0,0,0,0,0,0,0,0,0,0,0,0,0,0,12.5984312146902,0,0,0,23.5454972982407,0,455.846112430096,6.99805720150471,109.493035554886,3.51731187105179,76.3316604197025,2.17036575078964,37.4395175129175,0.906327277421951,0
0,0,0,0,0,0,0,0,0,0,0,0,0,0,0,0,4.04840584099293,1.29942312836647,29.144755885005,0,0.232867062091827,0,0,0,0,0,0,0,0,0,0,0,0,0,0,0,10.598098307848,0,0,0,4.64647263288498,0,93.2225722521544,0,0,0,1.93999832123518,0,0.320726871490479,0,0,0,0,0,0,0,0.84699559211731,0,0,0,0,0,0,0.250900208950043,0,0,0,0,0,0,0,0,0,0,0,0,0,0,1.96554234623909,44.0925236046314,0,28.7021078467369,2.56738294661045,1.20146472752094,7.53242643177509,0,3.63207876682281
0,0,0,2.6365405023098,0,59.0066958516836,0,0,0,0,0,4.60877293348312,0,0,0,0,3.22954976558685,1.80757574737072,113.595347717404,91.532565638423,0,0,0,0,0,0,0,0,0,0,0,4.05818259716034,0,45.9802549928427,0.784394443035126,80.2456347197294,0.632557675242424,0.644845694303513,0,659.392278656363,0,859.998515427113,49.9312301278114,17.9110620617867,0,0,0,268.645788565278,61.5502945780754,64.5728528946638,0,0,0,0,0,0,0,23.9320922940969,0,0,0,0,1398.0402469933,0,1.51287086308002,0,0,0,0,0,3.04186619818211,0,295.877936795354,0,30.2521016597748,0,62.1569125056267,0,2573.04916990548,2.22768102586269,1284.7741426006,0.28725454211235,385.555076040328,0,2244.18762740493,34.4558659493923,0
0.529387354850769,0,140.664161801338,0,118.105173826218,0,0,0,0,0,4.13452091813087,0,0,0,0,0,16.1337435245514,5.54988726973534,98.5840524360538,0,14.193694293499,0,0,0,0,0,0,0,0,0,19.1729549393058,0,1.18221113085747,0.327325463294983,0,0,100.377801313996,0,8.62173035740852,0.126101136207581,259.074675343931,0.229899764060974,507.091816976666,0,1.93999832123518,0,0,75.9433687850833,270.680205330253,0,0.747552931308746,0,0,0,0,0,42.0497098714113,0,0,0,0,0,0,350.249322198331,0,0,0,0,0,0,0,0,0,109.786335997283,0,0,0.380403846502304,4.9525203704834,2.0857672020793,520.937803417444,0.119801342487335,199.436059139669,222.528647586703,3.27189803123474,625.055008016527,0,74.9371545612812
0,0,0,0,7.42810727655888,6.63757248222828,0,0,0,0,0.238052085042,0,0,0,0,0,3.05371461808681,2.79140140116215,71.2337730303407,0.226048842072487,4.58295331895351,4.43600857257843,0,0,0,0,0,0,0,0,0.829252958297729,186.862354129553,430.040263369679,1492.10765011609,570.682221263647,205.560477122664,273.405035242438,182.350160419941,4.56597682833672,404.825320623815,54.3516423404217,413.999462515116,315.443498462439,8.90358620882034,0,268.645788565278,75.9433687850833,0,2780.53643451631,182.085793241858,0.747918009757996,0,0,0,0,0,2.27421747148037,0.413444384932518,0,0,0,0,17.0938656032085,29.9935369417071,9.53617422282696,0,0,0.481022387742996,0,0,0,0,8.86158564686775,5.72472834587097,440.190117627382,49.0956225693226,1007.36728553474,462.593202456832,1135.86378963292,521.191306427121,168.931556552649,1551.70014642179,938.808219507337,3.00698551535606,500.558667354286,0.786352813243866,3.08187453448772
47.0593864321709,0,112.974437654018,0,32.5252708792686,0.262464135885239,0,0,18.8108434975147,0,4.79022936522961,0,0,0,1.74308717250824,0,4.95575998723507,1.17451295256615,36.774502068758,0.508717656135559,25.0785136222839,0,115.12074264884,0,32.2623554766178,0,0,0,0,0,12.0042303949594,3.9770245552063,45.1678554564714,50.8304554820061,138.241146072745,31.2501517385244,74.7369919121265,0.191423714160919,405.963946864009,8.49835979938507,263.653707638383,5.96565838158131,582.730986535549,0,0.320726871490479,61.5502945780754,270.680205330253,2780.53643451631,0,0,2.80753256380558,0,0,0,23.5422496795654,0,86.9744286090136,0,1.68528366088867,0,11.8368354737759,0,2.13840498030186,236.077044337988,0,220.084573730826,0,188.371353760362,0,20.7202297598124,0,147.242812797427,0.481350868940353,38.8829416781664,2.45847272872925,200.270485989749,30.1723515689373,22.0461863875389,33.9219612181187,898.174855202436,0.500153198838234,739.83446931839,366.293565824628,0.306749045848846,1036.44904474914,0,18.005973637104
0,178.267893195152,0,9.09325331449509,0,1.47291016578674,0,0,0,0.615216493606567,0,0,0,0,0,0,4.63080543279648,2.03588534891605,58.5095995664597,0,0,160.628894686699,0,15.5271362662315,0,11.6699712574482,0,0,0,0,0,0,0,75.5588510036469,0,20.1242995262146,0,105.171599343419,0,28.1315469145775,0,950.523753225803,15.4968301355839,41.7499898672104,0,64.5728528946638,0,182.085793241858,0,0,0,2.57104803621769,0,0,0,1.02607989311218,0,222.678427562118,0,2.0007745474577,0,0,52.4604094624519,0,212.604284107685,0,44.5316467136145,0,118.035919085145,0,150.045640572906,0,238.038189277053,0,7.04259338974953,0,130.05499137938,0,310.138808235526,0,709.253581315279,0,88.1905708163977,0,609.229767531157,66.3090527653694,0
2.09552231431007,0,14.24123904109,0,632.54002828896,0,0,0,0,0,0,0,0,0,2.10217452049255,0,0,0,0,0,4.3812215924263,0,0,0,0,0,0,0,0,0,0,0,0,0,0,0,0,0,0,0,0,0,0,0,0,0,0.747552931308746,0.747918009757996,2.80753256380558,0,0,0,0,0,14.5661677122116,0,13.7266315221786,0,0,0,2.52387857437134,0,0,76.8444159924984,0,0,0,0,0,0,0,0,0,0,0,0,0,0,0,0,0,0,133.073202699423,0,22.9820777475834,0,0
0,8.23751065135002,0,0,0,331.610198915005,0,28.3195858597755,0,0,0,0,0,46.5661407709122,0,0,0,0,0,0,0,0,0,0,0,0,0,0,0,0,0,0,0,0,0,0,0,0,0,0,0,0,0,0,0,0,0,0,0,2.57104803621769,0,0,0,16.1223449707031,0,0,0,323.253811836243,0,3.45125985145569,0,1.15867066383362,0,0,0,0,0,0,0,0,0,0,0,0,0,0,0,0,0,0,0,0,73.4783971905708,0,0,0,0
0,0,0,0,0,0,384.337739288807,0,0,0,2.53988683223724,0,6.94490814208984,0,0,0,0,0,0,0,0,0,0,0,0,0,0,0,0,0,0,0,0,0,0,0,0,0,0,0,0,0,0,0,0,0,0,0,0,0,0,0,0,0,0,0,0,0,3.02322661876678,0,0,0,0,0,0,0,0,0,0,0,0,0,0,0,0,0,0,0,0,0,0,0,0,0,0,0,0
0,0,0,0,0,101.089777797461,0,12.8659619092941,0,0,0,0,0,0,0,0,0,0,0,0,0,0,0,0,0,0,0,0,0,0,0,0,0,0,0,0,0,0,0,0,0,0,0,0,0,0,0,0,0,0,0,16.1223449707031,0,0,0,0,0,0,0,0,0,0,0,0,0,0,0,0,0,0,0,0,0,0,0,0,0,0,0,0,0,0,15.3629849851131,0,0,0,0
51.3113251775503,0,11.3566969931126,0,4.00243347883224,0,0,0,296.40859054029,3.91783118247986,0,0,0,0,92.7477996051311,0,248.269866421819,30.9484102576971,19.2083050906658,0,0,0,0,0,60.1888743340969,0,18.3876830935478,0,0,0,0,0,0,0,0,0,0,0,9.49495548009872,1.56228888034821,0,0,0,0,0,0,0,0,23.5422496795654,0,14.5661677122116,0,0,0,0,0,0,0,0,0,130.116486430168,0,0,0,0,0,0,5.82243871688843,0,29.2184029817581,0,0,0,0,0,0,0,0,0,6.41636617481709,0,17.275990486145,223.966530039907,2.4412202835083,0.56087863445282,0,0
0,120.37352322042,0,14.906338006258,0,8.63293713331223,0,0,0,213.531118497252,0,0,0,0,0,18.1260911375284,24.4537828862667,129.164212018251,21.0853970050812,0,0,0.341197729110718,0,11.1133844256401,2.37435483932495,8.56418587267399,2.18790245056152,0,0,0,0,0,0,0,0,0,0,0.567901909351349,0,0,0,0.324593394994736,0,0.94170218706131,0,0,0,0,0,1.02607989311218,0,0,0,0,0,0,0,0,0,0,0,0.334391325712204,0,0,0,0,38.8738779127598,0,9.69332325458527,0.952546298503876,0,0,0,0,0,0,0,0,0,0,1.85966774821281,0,239.791046828032,0,0.713107198476791,0,0
0,0,0.930672451853752,0,15.8327708244324,0,0,0,0,0,1168.98441585898,0,9.61248376965523,0,0,0,2.86816966533661,0,6.40846616029739,0,179.863051176071,0,0,0,0,0,0,0,29.1695157289505,0,36.2622694149613,0,0,0,0,0,3.65604351460934,0,15.9546119272709,0,6.2078643143177,0,230.368323624134,0,0.84699559211731,0,42.0497098714113,2.27421747148037,86.9744286090136,0,13.7266315221786,0,0,0,0,0,0,0,98.4025268554688,0,2.35139235854149,0,0,346.938012048602,0,0.322553843259811,0,0,0,4.54363828897476,0,409.84847676754,0,929.824899427593,0,0,0,0,0,20.3714888244867,0,78.111750036478,25.4123914390802,0.24878953397274,529.210454791784,0,23.3651497066021
0,73.2974160164595,0,0,0,7.53533272445202,0,0,0,0,0,895.135965697467,0,0,0,0,0,0,0,61.7535406947136,0,14.6840652227402,0,0.241021975874901,0,0,0,0,0,38.4987014383078,0,0,0,0,0,2.13477444648743,0,28.8904793411493,0,1.35330072045326,0,16.9877092838287,0.203401491045952,0,0,23.9320922940969,0,0.413444384932518,0,222.678427562118,0,323.253811836243,0,0,0,0,0,0,0,26.7440298944712,0,11.0018284618855,144.282133594155,0,11.8342332839966,0,4.46346734464169,0,22.6514427363873,0,309.588736370206,0,410.369246065617,0,0.382297158241272,0,0.847314238548279,0,0,0,174.874598905444,0,122.244376465678,0,247.791756510735,0.46283233165741,0
0,0,0,0,0,0,184.263595223427,0,0.252557098865509,0,16.7885490953922,0,45.8301071226597,0,0,0,20.4276873767376,0.36295673251152,0,0,0,0,0,0,0,0,0,0,22.5510839819908,0,0,0,0,0,0,0,0,0,0,0,0,0,0,0,0,0,0,0,1.68528366088867,0,0,0,3.02322661876678,0,0,0,98.4025268554688,0,0,0,2.19260516762733,0,0,0,0,0,0,0,0,3.29693180322647,0,226.347899377346,0,0,0,0,0,0,0,0,0,0,36.4181562662125,17.1695381402969,0.712387949228287,0,0
0,0.357054114341736,0,0,0,1.02812099456787,0,105.870631337166,0,0,0,31.3138564825058,0,767.38778167963,0,6.84451103210449,0,4.80355218052864,0,0,0,0,0,0,0,0,0,30.1218357086182,0,0,0,0,0,0,0,0,0,0,0,0,0,0,0,0,0,0,0,0,0,2.0007745474577,0,3.45125985145569,0,0,0,0,0,26.7440298944712,0,0,0,29.0523133277893,0,0,0,0,0,0,98.7638595700264,0,205.274849295616,0,0,0,0,0,0,0,0,0,0,0,1.40543201565742,0,0,0,0
1.95601189136505,0,0,0,0,0,0,0,43.1743063777685,0,1.91342258453369,0,1,0,81.0037315189838,0,405.852797165513,21.6754912734032,21.0994792282581,0,0,0,0,0,14.7287426888943,0,38.7685180604458,0,1.59518277645111,0,0,0,0,0,0,0,0,0,0,0,0,0,2.17414307594299,0,0,0,0,0,11.8368354737759,0,2.52387857437134,0,0,0,130.116486430168,0,2.35139235854149,0,2.19260516762733,0,0,0,0,0,0,0,0,0,0,19.910002887249,0,2.69994643330574,0,0,0,0,0,0,0,0.555463194847107,0,0,207.347126618028,8.16924153268337,0,0,0
0,1.09444412589073,0,0,0,0,0,0,0,45.6390033364296,0,0,0,2.70566070079803,0,93.3811767399311,0.233471050858498,150.955926448107,7.91758751869202,0,0,0,0,34.1807311326265,0,109.1321464926,0,0,0,0,0,0,0,0,0,0,0,0,0,0,0,0,0,0,0,0,0,0,0,0,0,1.15867066383362,0,0,0,0.334391325712204,0,11.0018284618855,0,29.0523133277893,0,0,0,0,0,0,0,0,121.501395478845,0,0,0,0,0,0,0,0,0,0,0,0,0,44.5574566870928,0,0,0,0
0,0.24341693520546,0,0,0,0.17007352411747,0,0,0,0,0,32.5475216805935,0,0,0,0,0.823027610778809,0,10.1941543370485,946.287549093366,0,4.30748529732227,0,0,0,0,0,0,0,0,0,0.38216994702816,0,1.53765162825584,0,387.654067032039,0,155.994216352701,0,222.637600794435,0,655.069157063961,1.08040234446526,0,0,1398.0402469933,0,17.0938656032085,2.13840498030186,52.4604094624519,0,0,0,0,0,0,0,144.282133594155,0,0,0,0,0,0,1.95104166865349,0,0.447546511888504,0,1.17564530670643,0,30.3547886312008,0,94.2777995914221,0,1.49958968162537,0,6.68586879968643,0,1583.33205326647,0,433.445820622146,0,197.365743465722,0,610.46717852354,7.22877925634384,0
0,0,1.46315968036652,0,387.85179464519,0,2.78660315275192,0,0,0,248.158987909555,0,0,0,0,0,1.24781900644302,1.29715314507484,6.13677226752043,0,1504.19359992445,0,0,0,0,0,0,0,0,0,78.1224104464054,0,0,0,0,0,332.679804392159,0,46.946060359478,0,84.8062467947602,0.190850436687469,552.92298592627,0,0.250900208950043,0,350.249322198331,29.9935369417071,236.077044337988,0,76.8444159924984,0,0,0,0,0,346.938012048602,0,0,0,0,0,0,0,0,0,0,0,0,0,0,5.90050707757473,0,370.80424529314,0,0,0,0,0,1689.3760522902,0,638.413356468081,625.981404185295,6.66628730297089,484.967494294047,0,57.2378773242235
0,0.235531717538834,0,0,0,0.942823529243469,0,0,0,0,0,0,0,0,0,1.86545610427856,2.09990644454956,10.586238026619,0,0,0,4678.8097576499,95.6706830859184,93.1922150552273,0,73.3097500801086,0,124.465767070651,0,0,0,0,0,0,0,0,0,484.411660298705,0,0,0,7.61371138691902,0,0,0,1.51287086308002,0,9.53617422282696,0,212.604284107685,0,0,0,0,0,0,0,11.8342332839966,0,0,0,0,1.95104166865349,0,0,0,225.643019810319,0,44.0467424988747,0,384.533455982804,0,30.2538140416145,0,0,0,0,0,0,0,730.293184652925,0,142.13414272666,0,7.52772228419781,1.48951196670532,0
0,0,0,0,0,0,0,0,0,0,0,0,0,0,0,0,0,0,0,0,0,0,3121.97722235322,0,0,0,1.94537657499313,0,0,0,0,0,0,0,0,0,0,0,437.507722228765,0,0,0,0,0,0,0,0,0,220.084573730826,0,0,0,0,0,0,0,0.322553843259811,0,0,0,0,0,0,0,0,0,0,12.4029844254255,0,229.101460322738,0,385.40674713254,0,0,0,0,0,0,0,0,0,297.244943469763,55.5021616518497,0,0,0,0
0,0.747341051697731,0,0,0,0,0,0,0,71.0465628951788,0,0,0,0,0,0,0,1.45089173316956,0.945948600769043,0,0,98.6183785051107,0,652.931022539735,0,254.080149874091,0,0,0,0,0,0,0,0,0,0,0,11.3737927675247,0,0,0,0,0,0,0,0,0,0,0,44.5316467136145,0,0,0,0,0,38.8738779127598,0,4.46346734464169,0,0,0,0,0.447546511888504,0,225.643019810319,0,0,0,250.919576659799,0,173.05125169456,0,0.231825932860374,0,0,0,0,0,0,0,71.1916660070419,0,245.497885420918,0,29.3556558638811,0,0
0,0,0,0,0,0,0,0,9.45189788937569,0.648205935955048,0,0,0,0,0,0,36.9128900170326,4.74540735036135,7.02775943279266,0,0,0,2.05633735656738,0,195.389488697052,0,11.4359704852104,0,0,0,0,0,0,0,0,0,0,0,51.2638263702393,0,0,0,0,0,0,0,0,0.481022387742996,188.371353760362,0,0,0,0,0,5.82243871688843,0,0,0,0,0,0,0,0,0,0,12.4029844254255,0,0,0,24.9817227870226,0,0,0,0,0,0,0,0,0,0,0,59.1919214576483,30.9343277961016,1.75141036510468,10.9544097185135,0,0
0,0,0,0,0,0,0,0,0,25.8859196454287,0,0,0,9.82447329163551,0.928478062152863,148.021809458733,24.4578488469124,897.66053161025,40.8781467974186,0,0,51.8095116168261,0,69.7752252668142,0.359890401363373,555.971709311008,0,63.3569120466709,0,0,0,0,0,0,0,0,0,0.219114735722542,0,0,0,0,0,0,0,0,0,0,0,118.035919085145,0,0,0,0,0,9.69332325458527,0,22.6514427363873,0,98.7638595700264,0,121.501395478845,1.17564530670643,0,44.0467424988747,0,250.919576659799,0,0,0.235152378678322,42.6364386379719,0,0,0,0,0,0,0,0,0,0,0.444186240434647,283.297104045749,0.386324524879456,6.01946878433228,0,0
0,0,0,0,0,0,0,0,87.0425669848919,0,0.33395779132843,0,5.92827945947647,0,19.87820571661,0,764.006674900651,28.1846685782075,18.3928048014641,0,0,0.441918253898621,220.307263255119,0,217.934470146894,0,271.461891710758,0,14.4515420198441,0,0,0,0,0,0,0,0,0,0,0,1.40442228317261,0,0,0,0,0,0,0,20.7202297598124,0,0,0,0,0,29.2184029817581,0.952546298503876,4.54363828897476,0,3.29693180322647,0,19.910002887249,0,0,0,0,229.101460322738,0,24.9817227870226,0.235152378678322,0,0,375.994709312916,0,0,0,0,0,0,0,1.92236256599426,0,0.29539892077446,421.932736009359,5.53111477196217,0,0,0
0,0.383917689323425,0,0,0,0.324756175279617,0,0,0,0,0,0,0,0,0,0,0,1.7191064953804,0,0,0,176.156461432576,0,4.78831544518471,0,13.5387438237667,0,416.510416314006,0,0.259519934654236,0,0,0,0,0,0,0,50.7125304043293,0,0,0,6.48459833860397,0,0,0,3.04186619818211,0,0,0,150.045640572906,0,0,0,0,0,0,0,309.588736370206,0,205.274849295616,0,0,30.3547886312008,0,384.533455982804,0,173.05125169456,0,42.6364386379719,0,0,0,69.0383529812098,0,0,0,0,0,0,0,477.588553883135,0,1.59895479679108,0,80.4650334268808,0,0
1.41254985332489,0,0,0,0,0,0,0,0,0,83.031886190176,0,7.62016308307648,0,0,0,0,0,0,0,1.8083056807518,0,0,0,0,0,0,0,486.754186525941,0,60.3042683303356,0,0,0,0,0,0,0,0,0,0,0,0,0,0,0,0,0,147.242812797427,0,0,0,0,0,0,0,409.84847676754,0,226.347899377346,0,2.69994643330574,0,0,5.90050707757473,0,385.40674713254,0,0,0,375.994709312916,0,0,0,493.426385074854,0,0,0,0,0,0.121005713939667,0,36.7594655752182,0,0,0.299445450305939,0,0
0,0,0,0,0,8.38089317083359,0,0,0,0,0,146.748744174838,0,0,0,0,1.40020030736923,0,19.6893526166677,6.93591237068176,0,1.61742800474167,0,0,0,0,0,117.623232990503,0,397.532908558846,0,0.227731555700302,0,3.48778359591961,0,3.19076722860336,0,24.0665932893753,0,5.93367585539818,0,607.588411003351,2.33071364462376,12.5984312146902,0,295.877936795354,0,8.86158564686775,0.481350868940353,238.038189277053,0,0,0,0,0,0,0,410.369246065617,0,0,0,0,94.2777995914221,0,30.2538140416145,0,0.231825932860374,0,0,0,69.0383529812098,0,0,0,0.205134317278862,0,5.2981836348772,0,43.1460514962673,0.179126992821693,1106.69413910061,0,29.4450479596853,1.01851160824299,326.389947682619,109.037538021803,0
