0,0,119.166547000408,0,0,0,0,0,18.9645797759295,0,0,0,0,0,0,0,2.49521386623383,0,18.4101769328117,0,0,0,0,0,0,0,0,0,0,0,0,0,0,0,0,0,0,0,0,0,48.3634355217218,0,44.9980039000511,0,0,0,40.2327802181244,0.246789947152138,75.4768470674753,0,0,0,0,0,60.6561928093433,0,1.63617464900017,0,0,0,166.957808226347,0,0,7.90563155710697,0,0,0,0,0,0,0,0,0,1.91828402876854,0,0,0,0,0,209.161205798388,0,18.2145345360041,94.1361507624388,0,374.435276791453,0,5.70145608484745
0,0,0,75.9594367742538,0,0,0,0,0,289.08893750608,0,0,0,0,0,0,0,0.29791671037674,5.18863371014595,0,0,0,0,1.10369142889977,0,0,0,0,0,0,0,0,0,0,0,0,0,5.85147178173065,0,1.13476745784283,0,100.112130433321,0,0.367082446813583,0,0,0,1.20934796333313,0,319.882961273193,0,0,0,0,0,76.2315881848335,0,0,0,0,0,2.2279959321022,0,0,0,0,0.444120734930038,0,0,0,0,0,0.22165459394455,0,0,0,0,0,17.0447405874729,0,0.315000981092453,0,116.001717969775,0,582.733968801796,1.20441634953022,0
119.166547000408,0,0,0.244098231196404,52.3588131666183,0,0,0,9.69942390918732,0,0,0,0,0,0,0,1.70486432313919,0,8.94409295916557,0,0,0,0,0,0,0,0,0,0,0,0,0,0,0,0,0,0.304563492536545,0,0,0,30.1473291516304,0,136.73751282692,0,0,0,14.4094571173191,0,113.048391714692,0,27.4651744961739,0,0,0,0,0,38.9683475494385,0,4.93919083476067,0,0,0,0,11.4969391226768,0,0,0,0,0,0,0,0,0,14.9677257761359,0,0,0,0,0,22.8185418695211,0,5.2490561157465,130.616225615144,0,371.923574060202,0,0.987250789999962
0,75.9594367742538,0.244098231196404,0,0,155.447124391794,0,0,0,11.6880935430527,0,0,0,0,0,0,0.774105668067932,0.0966733396053314,3.62216793000698,6.92715057730675,0,0,0,0,0,0,0,0,0,0,0,0,0,0,0,21.5942366719246,0,0,0,44.9450967907906,1.0644953250885,166.873573869467,0.793815240263939,0,0,14.4441716223955,0,0,1.53170898556709,185.241237521172,0,92.4348165839911,0,0,0,74.1667577177286,0,16.2528087794781,0,47.4782535731792,0,79.3396608680487,0.786285132169724,0,0,0,0,0,0,0,0,0,46.8392736464739,0,0,0,0,0,28.6811497360468,0,12.8268278241158,0,200.257623642683,2.5247015953064,986.778384871781,1.35604456067085,0
0,0,52.3588131666183,0,0,0,0,0,26.9364376068115,0,0,0,0,0,0,0,0,0,0,0,137.869729846716,0,0,0,0,0,0,0,0,0,0,0,0,0,0,0,1.11047732830048,0,0,0,1.56956040859222,0,5.28501179814339,0,0,0,0,0,3.4480035752058,0,35.9870246648788,0,0,0,0,0,1.33737370371819,0,0,0,0,0,0,112.480177953839,0,0,0,0,0,0,0,0,0,1.78728015720844,0,0,0,0,0,1.17515695095062,0,0,9.14815483987331,0,22.7527297437191,0,0
0,0,0,155.447124391794,0,0,0,6.6058943271637,0,18.6320358514786,0,9.36016482114792,0,8.78693008422852,0,34.9354617595673,0,0,0,16.148726478219,0,0,0,0,0,0,0,0,0,0,0,0,0,0,0,26.2465686798096,0,0,0,2.22997426986694,0,4.19252534210682,0,0,0,0,0,0,0,3.15368141233921,0,18.6945216655731,0,0,0,1.0015586912632,0,15.7664339542389,0,9.60749495029449,0,0,6.56463365256786,0,0,0,0,0,0,0,0,0,0.876632928848267,0,0,0,0,0,0.577123045921326,0,0,0,35.0321640372276,77.3063558340073,124.234517753124,0,0
0,0,0,0,0,0,0,0,0,0,22.0215345323086,0,0,0,0,0,0,0,0,0,75.7870953977108,0,0,0,0,0,0,0,0,0,0,0,0,0,0,0,0,0,0,0,0,0,0,0,0,0,0,0,0,0,0,0,14.5562205314636,0,0,0,1.39355897903442,0,0,0,0,0,0,27.7591693997383,0,0,0,0,0,0,0,0,0,0,0,0,0,0,0,0,0,0,0,0,0,0,0
0,0,0,0,0,6.6058943271637,0,0,0,0,0,37.86472260952,0,0,0,0,0,0,0,24.1769833564758,0,0,0,0,0,0,0,0,0,0,0,0,0,0,0,0,0,0,0,0,0,0,0,0,0,0,0,0,0,0,0,0,0,19.4841684699059,0,0,0,58.3011729717255,0,0,0,0,20.3940868526697,0,0,0,0,0,0,0,0,0,0,0,0,0,0,0,0,0,0,0,195.150547742844,0,0,0,0
18.9645797759295,0,9.69942390918732,0,26.9364376068115,0,0,0,0,0,0,0,0,0,18.1013938784599,0,96.0300472676754,13.7127574235201,197.757355868816,0,0,0,0,0,101.93674133718,0,75.3455941677094,0,0,0,0,0,0,0,0,0,0,0,67.1962696909904,0,5.53652477264404,0.267043322324753,95.8193057030439,0,0,0,0.594796895980835,0,0,0,0,0,0,0,318.818432331085,0,0.274927586317062,0,0,0,46.1563419103622,0,0,0,0,0,0,71.9541748017073,0,2.17745399475098,0,0,0,0.202017202973366,0,0,0,0,4.51406449079514,9.19290901720524,0,41.4998771548271,1000.83282825351,14.6256873011589,56.5378788560629,0,13.0885951370001
0,289.08893750608,0,11.6880935430527,0,18.6320358514786,0,0,0,0,0,0,0,0,0,123.987437874079,12.8927694261074,423.827124029398,55.6587427258492,0,0,0,0,54.4241236150265,0,9.24869823455811,0,0,0,0,0,0,0,0,0,0,0,116.207547307014,0,0,0,34.5136680901051,0.160977572202682,0,0,0,0,0.160870090126991,0,16.9602810293436,0,0,0,0,0,183.264010503888,0,0,0,0,0,56.8294111192226,0,0,0,0,29.6780136823654,0,0,0,0,0,0,0,0,0,0,0,0.304526895284653,0,192.778843045235,0,902.816961124539,116.872690483928,123.002217128873,5.18661084771156,0
0,0,0,0,0,0,22.0215345323086,0,0,0,0,0,5.98719382286072,0,0,0,0,0,0,0,1721.70775195956,0,0,0,0,0,0,0,93.7306437492371,0,94.8653668165207,0,0,0,0,0,78.8307011425495,0,2473.34888006747,0,0,0,0,0,0,0,0,0,0,0,0,0,13.6949681639671,0,0,0,2410.72341345996,0,0,0,0,0,0,364.012080281973,0,0,0,0,0,0,0,0,0,6.1810530424118,0,0,0,0,0,316.94831174612,0,1321.25202687085,694.932399392128,465.822612643242,12.6664288640022,0,0
0,0,0,0,0,9.36016482114792,0,37.86472260952,0,0,0,0,0,625.381765894592,0,0,0,0,0,1325.68191590905,0,0,0,0,0,0,0,29.8495143949986,0,54.034044355154,0,0,0,0,0,232.0603300035,0,2132.11594457924,0,0,0,0,0,0,0,0,0,0,0,0,0,0,0,0,0,0,0,2663.16271659732,0,553.178364597261,0,0,1163.52072004974,0,0,0,0,0,0,0,187.041337549686,0,228.054184794426,0,0,0,0,0,316.953780025244,0,444.258099883795,0,382.694302409887,7.78346002101898,15.0830970108509,0,0
0,0,0,0,0,0,0,0,0,0,5.98719382286072,0,0,0,193.271857500076,0,0,0,0,0,0,0,0,0,0,0,0,0,38.0701847076416,0,2.34645676612854,0,0,0,0,0,0,0,0,0,0,0,0,0,0,0,0,0,0,0,0,0,0,0,0,0,49.4034326076508,0,406.68265773356,0,5.93949842453003,0,0,0,0,0,0,0,0,0,0,0,0,0,0,0,0,0,0,0,0,0,34.8226379454136,626.953979641199,0,0,0
0,0,0,0,0,8.78693008422852,0,0,0,0,0,625.381765894592,0,0,0,298.733110994101,0,2.6927375793457,0,0,0,0,0,0,0,0,0,230.625312507153,0,1.34951093792915,0,0,0,0,0,0,0,0,0,0,0,0,0,0,0,0,0,0,0,0,0,57.3218921720982,0,0,0,0,0,666.492266908288,0,4048.78781530261,0,351.559285923839,0,0,0,0,0,0,0,0,289.570347964764,0,3.07009276002645,0,0,0,0,0,0,0,0,0,1139.84200355411,716.282688945532,0,0,0
0,0,0,0,0,0,0,0,18.1013938784599,0,0,0,193.271857500076,0,0,0,4.33892822265625,0,0,0,0,0,0,0,0,0,60.2348178625107,0,0,0,0,0,0,0,0,0,0,0,0,0,0,0,0,0,0,0,0,0,0,0,0,0,0,0,164.272671341896,0,0,0,596.349375605583,0,431.433024346828,0,0,0,0,0,0,6.06234532594681,0,80.6160228252411,0,0,0,0,0,0,0,0,0,0,0,0,0,0,0,0,0
0,0,0,0,0,34.9354617595673,0,0,0,123.987437874079,0,0,0,298.733110994101,0,0,0,385.506914913654,0,0,0,0,0,10.4084264039993,0,3.18598660826683,0,0,0,0,0,0,0,0,0,0,0,0,0,0,0,0,0,0,0,0,0,0,0,0,0,26.3581246137619,0,0,0,41.5922744572163,0,0,0,52.6727968752384,0,792.91146287322,0,0,0,0,0,0,3.54484188556671,0,2.13492512702942,0,0,0,0,0,0,0,0,0,0,0,378.28493899107,12.5021624565125,0,0,0
2.49521386623383,0,1.70486432313919,0.774105668067932,0,0,0,0,96.0300472676754,12.8927694261074,0,0,0,0,4.33892822265625,0,0,11711.5596625954,6059.73996517807,0,0,0,801.398592710495,10.747181892395,117.530053794384,0,58.4086945056915,0,0,0,0,0,0,0,0,0,0,0,0,47.1816296428442,159.468556784093,65.0504421964288,208.222620256245,0.267699956893921,1.06805610656738,46.932847365737,53.4161109104753,0,0.14109468460083,3.28440977632999,0,0,0,0,0,1.18303418159485,1.63951493799686,0,0,0,0,0,1.85876005887985,7.27509608864784,0,661.408939838409,0,9.83639287948608,0,282.521436393261,0,0,3.54494535923004,5.1176622658968,0,0,0,0,83.5739580765367,203.250347211957,12.5672936886549,11.4587625414133,5926.88215649128,1739.45871753991,595.652114264667,14.6593986749649,20.2751400619745
0,0.29791671037674,0,0.0966733396053314,0,0,0,0,13.7127574235201,423.827124029398,0,0,0,2.6927375793457,0,385.506914913654,11711.5596625954,0,5715.93260350078,0,0,373.160760760307,4.59348464012146,183.530253887177,8.98417937755585,699.998290866613,0,2.64972484111786,0,0,0,0,0,0,0,0,0,0.212725773453712,0,68.359829030931,37.1437796205282,70.9520567879081,40.1130318269134,0,0,39.2009950652719,24.425869256258,0,0,1.62832912802696,0,0,0,0,0,9.91209298372269,0.175337925553322,0,0,0,0,241.180247962475,0.886251166462898,2.96578375995159,2.22874635457993,0,28.8874428272247,0,293.212591677904,0,6.79715591669083,0,1.99810801446438,2.06887911260128,0,0,0,0,101.500253818929,43.5300453752279,13.4409638047218,4.38088393211365,3476.90194880217,1492.04175360501,285.886649936438,16.5520512610674,9.89616806805134
18.4101769328117,5.18863371014595,8.94409295916557,3.62216793000698,0,0,0,0,197.757355868816,55.6587427258492,0,0,0,0,0,0,6059.73996517807,5715.93260350078,0,0,0,0,0,30.448213160038,0,0,0,0,0,0,0,0,0,0,0,0,0,0,0,622.377275168896,547.78714556247,1248.74723118544,1062.29056105018,1.87349227070808,1.83840478956699,407.435380332172,244.314027011395,0,0.931290417909622,52.0319609194994,0,0,0,0,0,2.05589413642883,12.3989015668631,0.897351861000061,0,0,0,0.401836633682251,12.5200531184673,20.3285468146205,0,0,0,0,2.0959843993187,0,0,0,117.161773234606,20.8315129503608,0,0,0,0,1352.1384138763,728.909757226706,152.755573064089,45.5856659412384,5537.75754784793,188.465406000614,3908.76803831756,372.691661834717,146.342589616776
0,0,0,6.92715057730675,0,16.148726478219,0,24.1769833564758,0,0,0,1325.68191590905,0,0,0,0,0,0,0,0,0,0,0,0,0,0,0,0,0,0,0,0,0,0,0,3055.74296611547,0,1865.91369302571,0,0.81898307800293,0,1.70475335419178,0,0,0,0,0,0,0,1.21609064936638,0,0,0,0,0,0,0,117.061773985624,0,0,0,0,827.306433141232,0,0,0,0,0,0,0,0,0,0,0,0,0,0,0,1217.22582119703,0,235.788954526186,0,30.5910162031651,0,110.643246397376,0,0
0,0,0,0,137.869729846716,0,75.7870953977108,0,0,0,1721.70775195956,0,0,0,0,0,0,0,0,0,0,0,0,0,0,0,0,0,0,0,0,0,0,0,0,0,2077.75747551024,0,1495.08766829967,0,2.67896826565266,0,1.36361506581306,0,0,0,3.18270537257195,0,8.71787297725677,0,2.77543306350708,0,12.6732242107391,0,0,0,196.749314427376,0,0,0,0,0,0,646.561989814043,0,0,0,0,0,0,0,0,0,32.9406515955925,0,0,0,0,0,3075.67946188152,0,1186.32821524143,759.214061319828,0,176.126467004418,0,0
0,0,0,0,0,0,0,0,0,0,0,0,0,0,0,0,0,373.160760760307,0,0,0,0,2306.89944180846,101.134602040052,0,12.9007660150528,0,191.101269602776,0,0,0,0,0,0,0,0,0,2871.70315136015,32.9214451611042,0,0,0,0,0,0,0,0,0,0,734.774409487844,0,0,0,0,0,0,0,0,0,0,0,0,0,0,6019.59238091111,678.667710483074,154.00325730443,0,27.4996154755354,0,206.251773014665,0,7.70396552979946,0,0,0,0,0,0,0,1283.96765369177,0,3722.17456153035,143.803949534893,5.38568828999996,0,0
0,0,0,0,0,0,0,0,0,0,0,0,0,0,0,0,801.398592710495,4.59348464012146,0,0,0,2306.89944180846,0,0,581.683929920197,0,501.015763312578,0,249.704278826714,0,0,0,0,0,0,0,0,363.433889627457,1345.98802793026,0,0,0,0,0,0,0,0,0,188.57231259346,0,0,0,0,0,0,0,0,0,0,0,0,0,0,0,63.2141983807087,13297.6622945368,0,209.764065623283,0,288.591248631477,0,329.494003862143,0,1.71961577236652,0,0,0,0,0,0,5.30176639556885,518.498193055391,3336.44667156041,1491.23716109991,3.2613673210144,0,0
0,1.10369142889977,0,0,0,0,0,0,0,54.4241236150265,0,0,0,0,0,10.4084264039993,10.747181892395,183.530253887177,30.448213160038,0,0,101.134602040052,0,0,0,330.796146690845,0,0,0,0,0,0,0,0,0,0,0,926.987680196762,0,0,0,1.27366638183594,0,0,0,0,0,2.17911452054977,0,38.4457687139511,0,0,0,0,0,12.4712748080492,0,0,0,0,0,0,0,0,55.1510315388441,0,188.535138368607,0,12.1866286993027,0,2.79543349146843,0,0.412516295909882,0,0,0,0,0,0,0,1220.33847716451,0,332.490602046251,0,11.0389997661114,3.20671409368515,0
0,0,0,0,0,0,0,0,101.93674133718,0,0,0,0,0,0,0,117.530053794384,8.98417937755585,0,0,0,0,581.683929920197,0,0,0,212.167813420296,0,0,0,0,0,0,0,0,0,0,0,722.940623134375,0,0,0,11.2646934092045,0,0,0,0,0,343.69282323122,0,0,0,0,0,25.4482432901859,0,0,0,0,0,0,0,0,0,0,213.283310323954,0,722.96457824111,0,631.698779791594,0,0,0,0,0,0,0,0,0,0,0,272.458064123988,598.693649679422,0,34.5635645091534,0,5.04032476246357
0,0,0,0,0,0,0,0,0,9.24869823455811,0,0,0,0,0,3.18598660826683,0,699.998290866613,0,0,0,12.9007660150528,0,330.796146690845,0,0,0,15.8458083868027,0,0,0,0,0,0,0,0,0,0,0,0,0,0,0,0,0,0,0,0,0,0,0,0,0,0,0,3.87412631511688,0,0,0,0,0,0,0,0,70.3169453144073,0,119.310209035873,0,99.3985808491707,0,0,0,0,0,0,0,0,0,0,0,0,0,506.796094924212,0,0,0,0
0,0,0,0,0,0,0,0,75.3455941677094,0,0,0,0,0,60.2348178625107,0,58.4086945056915,0,0,0,0,0,501.015763312578,0,212.167813420296,0,0,0,3,0,0,0,0,0,0,0,0,0,0,0,0,0,0,0,0,0,0,0,0,0,0,0,0,0,5.19952619075775,0,0,0,0,0,40.1227630376816,0,0,0,0,176.706868469715,0,32.6004807949066,0,2362.9761903882,0,2.09664130210876,0,0,0,0,0,0,0,0,0,0,33.478038340807,0,0,0,0
0,0,0,0,0,0,0,0,0,0,0,29.8495143949986,0,230.625312507153,0,0,0,2.64972484111786,0,0,0,191.101269602776,0,0,0,15.8458083868027,0,0,0,176.513185113668,0,0,0,0,0,0,0,289.122745037079,0,0,0,0,0,0,0,0,0,0,0,0,0,0,0,0,0,0,0,7.65208113193512,0,262.213787078857,0,0,0,0,459.055050954223,0,0,0,31.2293898463249,0,6886.02557635307,0,28.2083287239075,0,0,0,0,0,0,0,140.823939800262,0,526.534362882376,179.544650226831,0,0,0
0,0,0,0,0,0,0,0,0,0,93.7306437492371,0,38.0701847076416,0,0,0,0,0,0,0,0,0,249.704278826714,0,0,0,3,0,0,0,1398.56914879382,0,0,0,0,0,0,0,40.3459298610687,0,0,0,0,0,0,0,0,0,0,0,0,0,0,0,0,0,35.0793867111206,0,32.497065782547,0,0,0,0,0,0,18.2109505683184,0,0,0,0,0,1234.35943365097,0,775.489146187901,0,0,0,0,0,0,0,3.11279997229576,856.215093359351,986.817895203829,0,0,0
0,0,0,0,0,0,0,0,0,0,0,54.034044355154,0,1.34951093792915,0,0,0,0,0,0,0,0,0,0,0,0,0,176.513185113668,0,0,0,0,0,0,0,0,0,50.0336809754372,0,0,0,0,0,0,0,0,0,0,0,0,0,0,0,0,0,0,0,3.26255744695663,0,0,0,0,0,0,0,0,0,0,0,0,664.382911920547,0,1344.90230220556,0,0,0,0,0,0,0,82.4431533515453,0,29.7391118705273,0,0,0,0
0,0,0,0,0,0,0,0,0,0,94.8653668165207,0,2.34645676612854,0,0,0,0,0,0,0,0,0,0,0,0,0,0,0,1398.56914879382,0,0,0,0,0,0,0,0,0,799.788104236126,0,0,0,0,0,0,0,0,0,0,0,0,0,0,0,0,0,4.12013101577759,0,0,0,0,0,0,0,0,0,0,0,0,0,0,169.130948185921,0,1047.61530347168,0,0,0,0,0,0,0,968.956521943212,378.920565024018,441.810882151127,0,0,0
0,0,0,0,0,0,0,0,0,0,0,0,0,0,0,0,0,0,0,0,0,0,0,0,0,0,0,0,0,0,0,0,1772.94622248411,150.66108673811,58.8514470160007,628.526676774025,58.8730054199696,0,0,0,0,0,0,0,0,0,0,1166.81564629078,2.9753389954567,0.542686641216278,0,0,0,0,0,0,0,0,0,0,0,0,0,0,0,0,0,0,0,0,0,0,0,0,3609.39597260952,477.354520216584,18.7733013927937,0.580369591712952,556.550672203302,254.367716133595,0,0,254.058639377356,0,0,0,0
0,0,0,0,0,0,0,0,0,0,0,0,0,0,0,0,0,0,0,0,0,0,0,0,0,0,0,0,0,0,0,1772.94622248411,0,37.0968433916569,88.1647442579269,0,456.445806562901,0,0,0,0,0,0,0,0,0,0,561.0541664958,10.4839699268341,0.479452580213547,0,0,0,0,0,0,0,0,0,0,0,0,0,0,0,0,0,0,0,0,0,0,0,0,2935.44025419652,3286.30484502017,0,91.7193424552679,3.23966521024704,68.6259977817535,0,0,39.1631516814232,0,0,0,0
0,0,0,0,0,0,0,0,0,0,0,0,0,0,0,0,0,0,0,0,0,0,0,0,0,0,0,0,0,0,0,150.66108673811,37.0968433916569,0,3056.00305698812,1095.57648171484,43.48163408041,626.725513212383,256.44966891408,0,0,0,0,0,0,0,0,5162.561623469,439.305869795382,22.5387465953827,0,0,0,0,0,0,0,0,0,0,0,0,0,0,0,0,0,0,0,0,0,0,0,0,71.1098019778728,4.08701264858246,996.939799174666,4006.39027906954,322.171387434006,3.47122642397881,79.8067950159311,458.291529864073,1127.0978422612,129.464778974652,23.2583028078079,0,0
0,0,0,0,0,0,0,0,0,0,0,0,0,0,0,0,0,0,0,0,0,0,0,0,0,0,0,0,0,0,0,58.8514470160007,88.1647442579269,3056.00305698812,0,49.3461761474609,1814.17712771893,28.9907663613558,405.474558122456,0,0,0,0,0,0,0,0,3210.08347190917,4.56013920903206,9.41860872507095,0,0,0,0,0,0,0,0,0,0,0,0,0,0,0,0,0,0,0,0,0,0,0,0,11.047315210104,85.4265654683113,552.989440008998,2166.55358916521,14.9130201339722,838.434163220227,12.490719884634,549.373758770525,492.712910629809,24.1252830922604,0,0,0
0,0,0,21.5942366719246,0,26.2465686798096,0,0,0,0,0,232.0603300035,0,0,0,0,0,0,0,3055.74296611547,0,0,0,0,0,0,0,0,0,0,0,628.526676774025,0,1095.57648171484,49.3461761474609,0,379.447206616402,3498.3344270885,436.445183202624,0,0,6.06120344996452,0,0,0,48.1966727226973,0,17.728644490242,3.45908004045486,11.1499955952168,0,0,0,0,0,0,0,15.0120357275009,0,0,0,0,3486.60682733357,0,0,0,0,0,0,0,0,0,0.198720946907997,0,625.076886683702,0,611.502249926329,1.31289577484131,11855.7287004814,330.826738893986,4226.31337141991,8.69609904289246,1364.50828588009,1.79642921686172,169.184371843934,0,0
0,0,0.304563492536545,0,1.11047732830048,0,0,0,0,0,78.8307011425495,0,0,0,0,0,0,0,0,0,2077.75747551024,0,0,0,0,0,0,0,0,0,0,58.8730054199696,456.445806562901,43.48163408041,1814.17712771893,379.447206616402,0,8.70661813020706,5698.10694792867,0,3.87646329402924,0,0,0,0,0,15.3383252024651,23.6589494347572,15.9284583777189,4.2808538377285,0,0,0,0,0,0,0,0,0,0,0,0,0,441.716754034162,0,0,0,0,0,0,0,0,0,0,296.730972766876,91.7202001810074,12.8182438611984,901.520419567823,152.021494686604,8027.14776870608,0,1417.03198885918,1391.56819215417,947.543092340231,197.993875414133,0,0
0,5.85147178173065,0,0,0,0,0,0,0,116.207547307014,0,2132.11594457924,0,0,0,0,0,0.212725773453712,0,1865.91369302571,0,2871.70315136015,363.433889627457,926.987680196762,0,0,0,289.122745037079,0,50.0336809754372,0,0,0,626.725513212383,28.9907663613558,3498.3344270885,8.70661813020706,0,1278.28497180343,0,0,4.33784455060959,4.55283543467522,0,0,0.641116470098495,0,999.953659728169,27.7870529666543,314.986649408937,0,0,0,0,0,34.2774469703436,0,1705.27023272216,0,0,0,0,1193.06580039859,0,1370.69807112217,141.218904197216,243.451378002763,0,0.751271098852158,0,64.5800917446613,0,450.519695311785,0,0,0,70.9782025516033,51.7634554505348,774.570086225867,2.18935561180115,17825.0076187998,2346.50217278302,4032.06139303744,113.264244675636,249.232099741697,8.00760096311569,0
0,0,0,0,0,0,0,0,67.1962696909904,0,2473.34888006747,0,0,0,0,0,0,0,0,0,1495.08766829967,32.9214451611042,1345.98802793026,0,722.940623134375,0,0,0,40.3459298610687,0,799.788104236126,0,0,256.44966891408,405.474558122456,436.445183202624,5698.10694792867,1278.28497180343,0,0,0,0,15.0492374300957,0,0,0,0,97.3880030959845,913.776878863573,0,0,0,0,0,78.7471758574247,0,639.490906365216,0,0,0,0,0,0,119.409260034561,2.08840572834015,2420.61321894825,0,797.617390289903,0,0,0,70.5882656425238,0,250.857221215963,0,0,1.15594875812531,388.237368866801,143.556169182062,1853.13452123106,29.8954814821482,15618.5854103938,6532.52740687132,2232.0972134769,198.566825509071,0,0
0,1.13476745784283,0,44.9450967907906,0,2.22997426986694,0,0,0,0,0,0,0,0,0,0,47.1816296428442,68.359829030931,622.377275168896,0.81898307800293,0,0,0,0,0,0,0,0,0,0,0,0,0,0,0,0,0,0,0,0,2.73451808094978,554.480045683682,16.2735315412283,4.85781697928905,0,514.041976675391,2.08024314045906,13.4596841037273,0,743.48856575042,0,1.18367862701416,0,0,0,0,0.292231857776642,0,0,0,0,0,239.978367045522,0,0,0,0,0,0,0,0,0,17.6774706915021,0,0,0,0,0,921.441612154245,6.93557165563107,50.1666622981429,0,137.270053744316,1.0240320712328,2299.73806069046,91.6567650735378,3.49213945865631
48.3634355217218,0,30.1473291516304,1.0644953250885,1.56956040859222,0,0,0,5.53652477264404,0,0,0,0,0,0,0,159.468556784093,37.1437796205282,547.78714556247,0,2.67896826565266,0,0,0,0,0,0,0,0,0,0,0,0,0,0,0,3.87646329402924,0,0,2.73451808094978,0,10.71803560853,705.986153945327,0,0,2.093196824193,317.868877634406,0,196.25900234282,0,0.539177358150482,0,0,0,0,0,6.17779669910669,0,0,0,0,0,0,295.517200246453,0,0,0,0,0,0,0,0,0.650792509317398,89.9389718398452,0,0,0,0,6.66119945049286,952.993961669505,0.220128357410431,98.1088057160378,274.675354272127,0.162127584218979,2103.06853573024,0.777690589427948,172.442304745317
0,100.112130433321,0,166.873573869467,0,4.19252534210682,0,0,0.267043322324753,34.5136680901051,0,0,0,0,0,0,65.0504421964288,70.9520567879081,1248.74723118544,1.70475335419178,0,0,0,1.27366638183594,0,0,0,0,0,0,0,0,0,0,0,6.06120344996452,0,4.33784455060959,0,554.480045683682,10.71803560853,0,312.629953473806,4.29632523655891,1.54651582241058,135.545828983188,0.282791674137115,0.67789363861084,0,486.076319597661,1.07696783542633,4.37454475462437,0,0,0,10.0525063276291,0.394640654325485,3.09141209721565,0,0.906601309776306,0,2.00044523179531,18.4362772703171,0,0,0,0,0,0,0,4.48105376958847,0,861.977377787232,0.267549157142639,0,0,0,0,468.369677901268,8.98578405380249,241.930484235287,0.652438044548035,1689.00198320299,8.30145087838173,6251.29693182558,543.202733308077,6.02968442440033
44.9980039000511,0,136.73751282692,0.793815240263939,5.28501179814339,0,0,0,95.8193057030439,0.160977572202682,0,0,0,0,0,0,208.222620256245,40.1130318269134,1062.29056105018,0,1.36361506581306,0,0,0,11.2646934092045,0,0,0,0,0,0,0,0,0,0,0,0,4.55283543467522,15.0492374300957,16.2735315412283,705.986153945327,312.629953473806,0,0,5.90387372672558,14.8740820735693,138.658250391483,23.4654538780451,365.077098809183,1.93976595252752,2.96484160423279,0,0,0,31.6967560350895,0.14927875995636,694.094409570098,0,0,0,0,0,0,328.672084234655,0,0,0.20724156498909,0.546364545822144,0,0,0,0,1.52986212074757,315.202288024127,0,0,0,0,7.55958884954453,695.73408728838,2.37801592051983,105.076515853405,968.869350209832,6.82923896610737,5084.61530595273,5.97926411032677,906.501949906349
0,0.367082446813583,0,0,0,0,0,0,0,0,0,0,0,0,0,0,0.267699956893921,0,1.87349227070808,0,0,0,0,0,0,0,0,0,0,0,0,0,0,0,0,0,0,0,0,4.85781697928905,0,4.29632523655891,0,0,0,6.67726184427738,0,0,0,0.850372612476349,0,0,0,0,0,0,0,0,0,0,0,0,0,0,0,0,0,0,0,0,0,0,0.41152361035347,0,0,0,0,0,26.5135410577059,0,3.81858789920807,0,1.31333668529987,0,20.6090637147427,1.59186291694641,0
0,0,0,0,0,0,0,0,0,0,0,0,0,0,0,0,1.06805610656738,0,1.83840478956699,0,0,0,0,0,0,0,0,0,0,0,0,0,0,0,0,0,0,0,0,0,0,1.54651582241058,5.90387372672558,0,0,0,0.252603501081467,0,0,0,0,0,0,0,0,0,0,0,0,0,0,0,0,0,0,0,0,0,0,0,0,0,0,0,0,0,0,0,0,0,0,0,22.4885387122631,0,91.3066627979279,0,0
0,0,0,14.4441716223955,0,0,0,0,0,0,0,0,0,0,0,0,46.932847365737,39.2009950652719,407.435380332172,0,0,0,0,0,0,0,0,0,0,0,0,0,0,0,0,48.1966727226973,0,0.641116470098495,0,514.041976675391,2.093196824193,135.545828983188,14.8740820735693,6.67726184427738,0,0,3.60134433209896,0,0,60.1282768696547,0,0.217674970626831,0,0,0,0,0,0,0,0.879475355148315,0,0,452.536357790232,0,0,0,0,0,0,0,0,0,16.4174394160509,0,0,0,0,0,605.233084328473,1.2423634827137,139.714655697346,0,252.53679793328,0,1716.57291642576,19.2803197205067,0
40.2327802181244,0,14.4094571173191,0,0,0,0,0,0.594796895980835,0,0,0,0,0,0,0,53.4161109104753,24.425869256258,244.314027011395,0,3.18270537257195,0,0,0,0,0,0,0,0,0,0,0,0,0,0,0,15.3383252024651,0,0,2.08024314045906,317.868877634406,0.282791674137115,138.658250391483,0,0.252603501081467,3.60134433209896,0,0,127.270755924284,2.46104025840759,0,0,0,0,0,0,15.0763533115387,0,0,0,0,0,0,455.893226973712,0,0,0,0,0,0,0,0,0,27.317811653018,0,0,0,0,4.46725110709667,779.364174507558,1.51020389795303,104.252247184515,289.439965225756,0,638.833564199507,1.35829001665115,4.58696705102921
0.246789947152138,1.20934796333313,0,0,0,0,0,0,0,0.160870090126991,0,0,0,0,0,0,0,0,0,0,0,0,0,2.17911452054977,0,0,0,0,0,0,0,1166.81564629078,561.0541664958,5162.561623469,3210.08347190917,17.728644490242,23.6589494347572,999.953659728169,97.3880030959845,13.4596841037273,0,0.67789363861084,23.4654538780451,0,0,0,0,0,2222.44427015632,675.107290461659,0,0,0,0,0,0.33135399222374,0,0,0,0,0,0,0,0,0.390248879790306,0,6.15444360673428,0,0,0,0,0,0,0,1921.57969456911,4488.89258891344,395.7806635499,516.947419300675,1765.12637963891,40.9320255815983,67.2577481269836,129.287826031446,959.669175498188,57.7693727314472,709.992665931582,0,0
75.4768470674753,0,113.048391714692,1.53170898556709,3.4480035752058,0,0,0,0,0,0,0,0,0,0,0,0.14109468460083,0,0.931290417909622,0,8.71787297725677,0,188.57231259346,0,343.69282323122,0,0,0,0,0,0,2.9753389954567,10.4839699268341,439.305869795382,4.56013920903206,3.45908004045486,15.9284583777189,27.7870529666543,913.776878863573,0,196.25900234282,0,365.077098809183,0,0,0,127.270755924284,2222.44427015632,0,127.007859453559,1.49787664413452,0.3532934486866,0,0,0,0,2.24523326009512,0,0,0,0,0,0,10.4059498608112,0,101.381090179086,0.464553326368332,175.394104987383,0,11.703175008297,0,198.318898499012,0,72.6735128462315,0,103.66353815794,2.03809583187103,15.2122046798468,0,124.767083585262,4.54729641228914,964.277469903231,718.013109177351,1.2829817533493,1401.16480278224,0,0.749529600143433
0,319.882961273193,0,185.241237521172,0,3.15368141233921,0,0,0,16.9602810293436,0,0,0,0,0,0,3.28440977632999,1.62832912802696,52.0319609194994,1.21609064936638,0,734.774409487844,0,38.4457687139511,0,0,0,0,0,0,0,0.542686641216278,0.479452580213547,22.5387465953827,9.41860872507095,11.1499955952168,4.2808538377285,314.986649408937,0,743.48856575042,0,486.076319597661,1.93976595252752,0.850372612476349,0,60.1282768696547,2.46104025840759,675.107290461659,127.007859453559,0,0,1.66886362433434,0,0,0,4.26985904574394,0,65.2331530898809,0,2.12619705498219,0,2.3970609754324,3.39205676317215,0,72.3738736659288,0,90.0397097766399,0,242.838260293007,0,218.826850950718,0,495.226716324687,0,3.41182833909988,0,0,1.06094294786453,602.471366338432,0,318.558867320418,1.3519686460495,513.266724035144,0.192242562770844,1801.74014541507,47.1872172281146,0
0,0,27.4651744961739,0,35.9870246648788,0,0,0,0,0,0,0,0,0,0,0,0,0,0,0,2.77543306350708,0,0,0,0,0,0,0,0,0,0,0,0,0,0,0,0,0,0,0,0.539177358150482,1.07696783542633,2.96484160423279,0,0,0,0,0,1.49787664413452,0,0,0,0,0,0,0,70.2877281457186,0,0,0,0,0,0,67.5670817792416,0,0,0,0,0,0,0,0,0,0,0,0,0,0,0,0,0,0,0.906163513660431,0,12.0627200454473,0,0
0,0,0,92.4348165839911,0,18.6945216655731,0,0,0,0,0,0,0,57.3218921720982,0,26.3581246137619,0,0,0,0,0,0,0,0,0,0,0,0,0,0,0,0,0,0,0,0,0,0,0,1.18367862701416,0,4.37454475462437,0,0,0,0.217674970626831,0,0,0.3532934486866,1.66886362433434,0,0,0,0,0,0,0,8.08898924291134,0,200.458043321967,0,31.3729502260685,0,0,0,0,0,0,0,0,0,0,0.843392193317413,0,0,0,0,0,1.94676265120506,0,0.478301718831062,0,6.53428412973881,0,64.8604394048452,0,0
0,0,0,0,0,0,14.5562205314636,0,0,0,13.6949681639671,0,0,0,0,0,0,0,0,0,12.6732242107391,0,0,0,0,0,0,0,0,0,0,0,0,0,0,0,0,0,0,0,0,0,0,0,0,0,0,0,0,0,0,0,0,0,0,0,92.6718184947968,0,0,0,0,0,0,1.17782950401306,0,0,0,0,0,0,0,0,0,0,0,0,0,0,0,0,0,0,2.74844598770142,0,0,0,0
0,0,0,0,0,0,0,19.4841684699059,0,0,0,0,0,0,0,0,0,0,0,0,0,0,0,0,0,0,0,0,0,0,0,0,0,0,0,0,0,0,0,0,0,0,0,0,0,0,0,0,0,0,0,0,0,0,0,0,0,0,0,0,0,0,0,0,0,0,0,0,0,0,0,0,0,0,0,0,0,0,0,0,0,0,145.608444690704,0,0,0,0
60.6561928093433,0,0,0,0,0,0,0,318.818432331085,0,0,0,0,0,164.272671341896,0,0,0,0,0,0,0,0,0,25.4482432901859,0,5.19952619075775,0,0,0,0,0,0,0,0,0,0,0,78.7471758574247,0,0,0,31.6967560350895,0,0,0,0,0,0,0,0,0,0,0,0,0,0,0,0,0,660.959742516279,0,0,0,0,0,0,4.83333712816238,0,18.5747069716454,0,0,0,0,0,0,0,0,0,0,0,332.58600012958,3.31909029185772,0,19.1248729526997,0,0.301844418048859
0,76.2315881848335,0,74.1667577177286,0,1.0015586912632,0,0,0,183.264010503888,0,0,0,0,0,41.5922744572163,1.18303418159485,9.91209298372269,2.05589413642883,0,0,0,0,12.4712748080492,0,3.87412631511688,0,0,0,0,0,0,0,0,0,0,0,34.2774469703436,0,0,0,10.0525063276291,0.14927875995636,0,0,0,0,0.33135399222374,0,4.26985904574394,0,0,0,0,0,0,0,0,0,0,0,180.992947354913,0,0,0,0,149.606786102057,0,1.72386205196381,0,0,0,0,0,0,0,0,0,0.7589271068573,0,362.693162828684,0,40.1387598514557,0,68.9278033077717,0,0
1.63617464900017,0,38.9683475494385,0,1.33737370371819,0,1.39355897903442,0,0.274927586317062,0,2410.72341345996,0,49.4034326076508,0,0,0,1.63951493799686,0.175337925553322,12.3989015668631,0,196.749314427376,0,0,0,0,0,0,0,35.0793867111206,0,4.12013101577759,0,0,0,0,0,0,0,639.490906365216,0.292231857776642,6.17779669910669,0.394640654325485,694.094409570098,0,0,0,15.0763533115387,0,2.24523326009512,0,70.2877281457186,0,92.6718184947968,0,0,0,0,0,168.706315338612,0,0,0,0,510.04866412282,0,0,0,0,0,0,0,0,0,919.300404563546,0,0,0,0,0.557922959327698,4.83740372955799,0,211.049710050225,434.47971495986,37.1760772913694,1015.33827685565,0,61.4441161155701
0,0,0,16.2528087794781,0,15.7664339542389,0,58.3011729717255,0,0,0,2663.16271659732,0,666.492266908288,0,0,0,0,0.897351861000061,117.061773985624,0,0,0,0,0,0,0,7.65208113193512,0,3.26255744695663,0,0,0,0,0,15.0120357275009,0,1705.27023272216,0,0,0,3.09141209721565,0,0,0,0,0,0,0,65.2331530898809,0,8.08898924291134,0,0,0,0,0,0,0,356.285088852048,0,0,58.7488954812288,0,0,0,0,0,0,0,31.7988317608833,0,734.123793438077,0,0,0,0,0,0,0,255.393377572298,0,724.189883440733,0,686.408120378852,0,0
0,0,4.93919083476067,0,0,0,0,0,0,0,0,0,406.68265773356,0,596.349375605583,0,0,0,0,0,0,0,0,0,0,0,0,0,32.497065782547,0,0,0,0,0,0,0,0,0,0,0,0,0,0,0,0,0,0,0,0,0,0,0,0,0,0,0,168.706315338612,0,0,0,110.917655110359,0,0,0.17356750369072,0,0,0,0,0,0,0,0,0,0,0,0,0,0,0,0,0,0,119.21355599165,127.908925831318,0.726657688617706,0,0
0,0,0,47.4782535731792,0,9.60749495029449,0,0,0,0,0,553.178364597261,0,4048.78781530261,0,52.6727968752384,0,0,0,0,0,0,0,0,0,0,0,262.213787078857,0,0,0,0,0,0,0,0,0,0,0,0,0,0.906601309776306,0,0,0,0.879475355148315,0,0,0,2.12619705498219,0,200.458043321967,0,0,0,0,0,356.285088852048,0,0,0,157.150244235992,0,0,0,0,0,0,0,0,127.48464563489,0,3.56702408194542,0,0,0,0,0,0.169098705053329,0,0,0,1774.5531885922,353.415145277977,23.5727437585592,0,0
166.957808226347,0,0,0,0,0,0,0,46.1563419103622,0,0,0,5.93949842453003,0,431.433024346828,0,0,0,0,0,0,0,0,0,0,0,40.1227630376816,0,0,0,0,0,0,0,0,0,0,0,0,0,0,0,0,0,0,0,0,0,0,0,0,0,0,0,660.959742516279,0,0,0,110.917655110359,0,0,0,0,0,0,0,0,83.4644502103329,0,14.9509669542313,0,0,0,0,0,0,0,0,0,0,0,0,0,0,0,0,0
0,2.2279959321022,0,79.3396608680487,0,0,0,0,0,56.8294111192226,0,0,0,351.559285923839,0,792.91146287322,0,241.180247962475,0.401836633682251,0,0,0,0,0,0,0,0,0,0,0,0,0,0,0,0,0,0,0,0,0,0,2.00044523179531,0,0,0,0,0,0,0,2.3970609754324,0,31.3729502260685,0,0,0,180.992947354913,0,0,0,157.150244235992,0,0,0,0,0,0,0,0,0,0,0,0,0.567057520151138,0,0,0,0,0,1.42829430103302,0,0,0,140.966036885977,0,20.8876750767231,0,0
0,0,0,0.786285132169724,0,6.56463365256786,0,20.3940868526697,0,0,0,1163.52072004974,0,0,0,0,1.85876005887985,0.886251166462898,12.5200531184673,827.306433141232,0,0,0,0,0,0,0,0,0,0,0,0,0,0,0,3486.60682733357,0,1193.06580039859,0,239.978367045522,0,18.4362772703171,0,0,0,452.536357790232,0,0,0,3.39205676317215,0,0,0,0,0,0,0,58.7488954812288,0,0,0,0,0,0,0,0,0,0,0.726763904094696,0,0.441079437732697,0,35.7585161328316,0,0,0,0,0,1376.17329370975,1.83471024036407,795.928243145347,0,174.081929549575,0,652.994748592377,1.19111359119415,0
7.90563155710697,0,11.4969391226768,0,112.480177953839,0,27.7591693997383,0,0,0,364.012080281973,0,0,0,0,0,7.27509608864784,2.96578375995159,20.3285468146205,0,646.561989814043,0,0,0,0,0,0,0,0,0,0,0,0,0,0,0,441.716754034162,0,119.409260034561,0,295.517200246453,0,328.672084234655,0,0,0,455.893226973712,0,10.4059498608112,0,67.5670817792416,0,1.17782950401306,0,0,0,510.04866412282,0,0.17356750369072,0,0,0,0,0,0,0,0,0,0,0,0,0,0,308.117682591081,0,0,0,0,0.672305047512054,2355.16137396544,0,566.914932131767,567.572258301079,0,1561.46185742319,0,16.2595683038235
0,0,0,0,0,0,0,0,0,0,0,0,0,0,0,0,0,2.22874635457993,0,0,0,6019.59238091111,63.2141983807087,55.1510315388441,0,70.3169453144073,0,459.055050954223,0,0,0,0,0,0,0,0,0,1370.69807112217,2.08840572834015,0,0,0,0,0,0,0,0,0.390248879790306,0,72.3738736659288,0,0,0,0,0,0,0,0,0,0,0,0,0,0,0,2.78929215669632,356.375000581145,0,51.9676959067583,0,96.8288565129042,0,1.06031134724617,0,0,0,0,0,0,0,391.974966049194,0,1016.40334837139,0,2.56326603889465,0.284664362668991,0
0,0,0,0,0,0,0,0,0,0,0,0,0,0,0,0,661.408939838409,0,0,0,0,678.667710483074,13297.6622945368,0,213.283310323954,0,176.706868469715,0,18.2109505683184,0,0,0,0,0,0,0,0,141.218904197216,2420.61321894825,0,0,0,0,0,0,0,0,0,101.381090179086,0,0,0,0,0,0,0,0,0,0,0,0,0,0,0,2.78929215669632,0,0,138.047236382961,0,280.087896198034,0,85.9876216202974,0,4.5479906052351,0,0,0,0,0,0,0,222.876343131065,1528.06298494339,172.481201827526,0,0,0
0,0.444120734930038,0,0,0,0,0,0,0,29.6780136823654,0,0,0,0,0,0,0,28.8874428272247,0,0,0,154.00325730443,0,188.535138368607,0,119.310209035873,0,0,0,0,0,0,0,0,0,0,0,243.451378002763,0,0,0,0,0.20724156498909,0,0,0,0,6.15444360673428,0.464553326368332,90.0397097766399,0,0,0,0,0,149.606786102057,0,0,0,0,0,0,0,0,356.375000581145,0,0,0,68.5715759992599,0,5.04504626989365,0,0,0,0,0,0,0,0,0,704.673961669207,0,49.8390328139067,0,46.8745560646057,0,0
0,0,0,0,0,0,0,0,71.9541748017073,0,0,0,0,0,6.06234532594681,0,9.83639287948608,0,0,0,0,0,209.764065623283,0,722.96457824111,0,32.6004807949066,0,0,0,0,0,0,0,0,0,0,0,797.617390289903,0,0,0,0.546364545822144,0,0,0,0,0,175.394104987383,0,0,0,0,0,4.83333712816238,0,0,0,0,0,83.4644502103329,0,0,0,0,138.047236382961,0,0,0,423.141879588366,0,12.9338061064482,0,0,0,0,0,0,0,0,0,392.862606167793,337.204143822193,0,55.0559740066528,0,0.819927245378494
0,0,0,0,0,0,0,0,0,0,0,0,0,0,0,3.54484188556671,0,293.212591677904,2.0959843993187,0,0,27.4996154755354,0,12.1866286993027,0,99.3985808491707,0,31.2293898463249,0,0,0,0,0,0,0,0,0,0.751271098852158,0,0,0,0,0,0,0,0,0,0,0,242.838260293007,0,0,0,0,0,1.72386205196381,0,0,0,0,0,0,0.726763904094696,0,51.9676959067583,0,68.5715759992599,0,0,0,65.007503002882,0,0,0,0,0,0,0,0,0,0,0,25.1828867793083,0,0,0,0
0,0,0,0,0,0,0,0,2.17745399475098,0,0,0,0,0,80.6160228252411,0,282.521436393261,0,0,0,0,0,288.591248631477,0,631.698779791594,0,2362.9761903882,0,0,0,0,0,0,0,0,0,0,0,0,0,0,0,0,0,0,0,0,0,11.703175008297,0,0,0,0,0,18.5747069716454,0,0,0,0,0,14.9509669542313,0,0,0,0,280.087896198034,0,423.141879588366,0,0,0,223.700251758099,0,0,0,0,0,0,0,0,0,0,50.3903546929359,0,0,0,0
0,0,0,0,0,0,0,0,0,0,0,187.041337549686,0,289.570347964764,0,2.13492512702942,0,6.79715591669083,0,0,0,206.251773014665,0,2.79543349146843,0,0,0,6886.02557635307,0,664.382911920547,0,0,0,0,0,0,0,64.5800917446613,0,0,0,4.48105376958847,0,0,0,0,0,0,0,218.826850950718,0,0,0,0,0,0,0,31.7988317608833,0,127.48464563489,0,0,0.441079437732697,0,96.8288565129042,0,5.04504626989365,0,65.007503002882,0,0,0,120.152164280415,0,0,0,0,0,0,0,22.3400462716818,0,591.440335154533,623.861416339874,189.38976983726,0,0
0,0,0,0,0,0,0,0,0,0,0,0,0,0,0,0,0,0,0,0,0,0,329.494003862143,0,0,0,2.09664130210876,0,1234.35943365097,0,169.130948185921,0,0,0,0,0,0,0,70.5882656425238,0,0,0,0,0,0,0,0,0,198.318898499012,0,0,0,0,0,0,0,0,0,0,0,0,0,0,0,0,85.9876216202974,0,12.9338061064482,0,223.700251758099,0,0,0,294.70663048327,0,0,0,0,0,0,0,446.920494288206,209.613397836685,24.4414901733398,0.261117339134216,0,0
0,0.22165459394455,0,46.8392736464739,0,0.876632928848267,0,0,0,0,0,228.054184794426,0,3.07009276002645,0,0,3.54494535923004,1.99810801446438,117.161773234606,0,0,7.70396552979946,0,0.412516295909882,0,0,0,28.2083287239075,0,1344.90230220556,0,0,0,0,0,0.198720946907997,0,450.519695311785,0,17.6774706915021,0.650792509317398,861.977377787232,1.52986212074757,0.41152361035347,0,16.4174394160509,0,0,0,495.226716324687,0,0.843392193317413,0,0,0,0,0,734.123793438077,0,3.56702408194542,0,0.567057520151138,35.7585161328316,0,1.06031134724617,0,0,0,0,0,120.152164280415,0,0,0,0,0,0,0,27.5200610160828,2.71447336673737,304.870435938239,0,57.4242540597916,0,1950.7228840366,92.6647424250841,0
1.91828402876854,0,14.9677257761359,0,1.78728015720844,0,0,0,0.202017202973366,0,6.1810530424118,0,0,0,0,0,5.1176622658968,2.06887911260128,20.8315129503608,0,32.9406515955925,0,1.71961577236652,0,0,0,0,0,775.489146187901,0,1047.61530347168,0,0,0,0,0,0,0,250.857221215963,0,89.9389718398452,0.267549157142639,315.202288024127,0,0,0,27.317811653018,0,72.6735128462315,0,0,0,0,0,0,0,919.300404563546,0,0,0,0,0,0,308.117682591081,0,4.5479906052351,0,0,0,0,0,294.70663048327,0,0,0,0,0,0,0.517407566308975,6.37850308418274,0,1202.61409118772,64.2401624247432,0,1366.23978699744,0,144.302986636758
0,0,0,0,0,0,0,0,0,0,0,0,0,0,0,0,0,0,0,0,0,0,0,0,0,0,0,0,0,0,0,3609.39597260952,2935.44025419652,71.1098019778728,11.047315210104,625.076886683702,296.730972766876,0,0,0,0,0,0,0,0,0,0,1921.57969456911,0,3.41182833909988,0,0,0,0,0,0,0,0,0,0,0,0,0,0,0,0,0,0,0,0,0,0,0,0,0,289.974373757839,13.2996880114079,0,195.993053257465,328.807329714298,0,0,502.938626468182,0,0,0,0
0,0,0,0,0,0,0,0,0,0,0,0,0,0,0,0,0,0,0,0,0,0,0,0,0,0,0,0,0,0,0,477.354520216584,3286.30484502017,4.08701264858246,85.4265654683113,0,91.7202001810074,0,0,0,0,0,0,0,0,0,0,4488.89258891344,103.66353815794,0,0,0,0,0,0,0,0,0,0,0,0,0,0,0,0,0,0,0,0,0,0,0,0,0,289.974373757839,0,0,116.987948298454,5.60673594474792,629.385497704148,0,0,171.423624783754,0,0,0,0
0,0,0,0,0,0,0,0,0,0,0,0,0,0,0,0,0,0,0,0,0,0,0,0,0,0,0,0,0,0,0,18.7733013927937,0,996.939799174666,552.989440008998,611.502249926329,12.8182438611984,70.9782025516033,1.15594875812531,0,0,0,0,0,0,0,0,395.7806635499,2.03809583187103,0,0,0,0,0,0,0,0,0,0,0,0,0,0,0,0,0,0,0,0,0,0,0,0,0,13.2996880114079,0,0,836.131983667612,328.397401258349,0,130.284197933972,2.43475589156151,1036.75794273615,17.9141791164875,0,0,0
0,0,0,0,0,0,0,0,0,0,0,0,0,0,0,0,0,0,0,0,0,0,0,0,0,0,0,0,0,0,0,0.580369591712952,91.7193424552679,4006.39027906954,2166.55358916521,1.31289577484131,901.520419567823,51.7634554505348,388.237368866801,0,0,0,0,0,0,0,0,516.947419300675,15.2122046798468,1.06094294786453,0,0,0,0,0,0,0,0,0,0,0,0,0,0,0,0,0,0,0,0,0,0,0,0,0,116.987948298454,836.131983667612,0,2.26084804534912,654.414402320981,4.6166427731514,311.218422785401,662.517350316048,2.21478226780891,0,0,0
0,17.0447405874729,0,28.6811497360468,0,0.577123045921326,0,0,4.51406449079514,0.304526895284653,0,316.953780025244,0,0,0,0,83.5739580765367,101.500253818929,1352.1384138763,1217.22582119703,0,0,0,0,0,0,0,0,0,0,0,556.550672203302,3.23966521024704,322.171387434006,14.9130201339722,11855.7287004814,152.021494686604,774.570086225867,143.556169182062,921.441612154245,6.66119945049286,468.369677901268,7.55958884954453,26.5135410577059,0,605.233084328473,4.46725110709667,1765.12637963891,0,602.471366338432,0,1.94676265120506,0,0,0,0.7589271068573,0.557922959327698,0,0,0.169098705053329,0,1.42829430103302,1376.17329370975,0.672305047512054,0,0,0,0,0,0,0,0,27.5200610160828,0.517407566308975,195.993053257465,5.60673594474792,328.397401258349,2.26084804534912,0,96.6134638488293,1788.23765287548,0,2297.35667440295,19.5138298273087,1962.24667072296,61.3117765784264,2.47950208187103
209.161205798388,0,22.8185418695211,0,1.17515695095062,0,0,0,9.19290901720524,0,316.94831174612,0,0,0,0,0,203.250347211957,43.5300453752279,728.909757226706,0,3075.67946188152,0,0,0,0,0,0,0,0,0,0,254.367716133595,68.6259977817535,3.47122642397881,838.434163220227,330.826738893986,8027.14776870608,2.18935561180115,1853.13452123106,6.93557165563107,952.993961669505,8.98578405380249,695.73408728838,0,0,1.2423634827137,779.364174507558,40.9320255815983,124.767083585262,0,0,0,0,0,0,0,4.83740372955799,0,0,0,0,0,1.83471024036407,2355.16137396544,0,0,0,0,0,0,0,0,2.71447336673737,6.37850308418274,328.807329714298,629.385497704148,0,654.414402320981,96.6134638488293,0,0.515894770622253,1620.50024753809,1966.10719646513,939.674421608448,1688.26845644414,1.21981155872345,89.3775264620781
0,0.315000981092453,0,12.8268278241158,0,0,0,0,0,192.778843045235,0,444.258099883795,0,0,0,0,12.5672936886549,13.4409638047218,152.755573064089,235.788954526186,0,1283.96765369177,5.30176639556885,1220.33847716451,0,0,0,140.823939800262,0,82.4431533515453,0,0,0,79.8067950159311,12.490719884634,4226.31337141991,0,17825.0076187998,29.8954814821482,50.1666622981429,0.220128357410431,241.930484235287,2.37801592051983,3.81858789920807,0,139.714655697346,1.51020389795303,67.2577481269836,4.54729641228914,318.558867320418,0,0.478301718831062,0,0,0,362.693162828684,0,255.393377572298,0,0,0,0,795.928243145347,0,391.974966049194,0,704.673961669207,0,0,0,22.3400462716818,0,304.870435938239,0,0,0,130.284197933972,4.6166427731514,1788.23765287548,0.515894770622253,0,19.6156640350819,1610.41239167005,16.1782284080982,813.306106612086,69.070253893733,0
