0,0,0.131143301824729,0,0,0,0,0,0.227697407236751,0,0,0,0,0,0,0,0,0,0.239243311186632,0,0,0,0,0,0,0,0,0,0,0,0,0,0,0,0,0,0,0,0,0,0,0,0.12182313700517,0,0,0,0,0,0.189951680436533,0,0,0,0,0,0.234898628754036,0,0.216925320029259,0,0.184995106779612,0,0.154688596183603,0,0,0,0,0,0,0,0,0,0,0,0,0,0,0,0,0,0,0,0,0.427609175443649,0.194046477330666,0,0.225307901148443,0,0.121696446090937
0,0,0,0.175218863664447,0,0,0,0,0,0.200749674282576,0,0,0,0,0,0,0,0,0.146434957782427,0,0,0,0,0,0,0,0,0,0,0,0,0,0,0,0,0,0,0.199906216426329,0,0,0,0.269938557652327,0,0,0,0,0,0,0,0.181925321164975,0,0,0,0,0,0.190980016230009,0,0.25473924704426,0,0.201204544032254,0,0.210518388562844,0,0,0.247578606009483,0,0,0,0.260969327762723,0,0,0,0,0,0,0,0,0,0,0,0.185572247952223,0,0.146649853678041,0,0.21012448126753,0.183380752801895,0
0.131143301824729,0,0,0,0.137066932129008,0,0,0,0.117454376358252,0,0,0,0,0,0,0,0,0,0,0,0.307794988155365,0,0,0,0,0,0,0,0,0,0,0,0,0,0,0,0.221036285161972,0,0,0,0,0,0.277208764933878,0,0,0,0,0,0.136730172773347,0,0.175269678235054,0,0,0,0.157391593968573,0,0.295581498135955,0,0.16663799683253,0,0,0,0,0.286780734856923,0,0,0,0,0,0,0,0,0,0.328464125593503,0,0,0,0,0,0,0,0,0.116697201471437,0,0.183291974190078,0,0.290505617856979
0,0.175218863664447,0,0,0,0.192634561657906,0,0,0,0,0,0,0,0,0,0,0,0,0.275921414295832,0,0,0,0,0,0,0,0,0,0,0,0,0,0,0,0,0.3343226313591,0,0.271712558468183,0,0.318133299549421,0,0.29014405362584,0,0.307214200496674,0,0.202767685055733,0,0,0,0.21017895570519,0,0.25818990182782,0,0,0,0.225806189576785,0,0.2786015937151,0,0.283708364569715,0,0.226629162828128,0.261037980516752,0,0,0,0,0,0,0,0,0,0.324137396383576,0,0,0,0,0,0.328457494576772,0,0.315420198899049,0,0.194908548456927,0,0.299532510436661,0.253561139391486,0.247774362564087
0,0,0.137066932129008,0,0,0,0.217441107332706,0,0.202016770839691,0,0.293802824616432,0,0.192002363502979,0,0,0,0,0,0,0,0.220171805885103,0,0,0,0,0,0,0,0,0,0,0,0,0,0,0,0.208620572462678,0,0,0,0,0,0.262004770539902,0,0,0,0.189289897680283,0,0.230104038119316,0,0.212305241999658,0,0.218315482139587,0,0.183429842193921,0,0.256055783041399,0,0.215030516896929,0,0,0,0,0.264675712351992,0,0,0,0,0,0,0,0.29959973692894,0,0.304788575224254,0,0,0,0,0,0.266057815551758,0,0.324914261698723,0.207602213915839,0,0.24267578662361,0,0.252717092633247
0,0,0,0.192634561657906,0,0,0,0.172809273004532,0,0,0,0.183380218222737,0,0,0,0,0,0,0,0,0,0,0,0,0,0,0,0,0,0,0,0,0,0,0,0,0,0,0,0,0,0,0,0,0,0,0,0,0,0,0,0.162182426287068,0,0.18714015930891,0,0,0,0.216314911842346,0,0,0,0.172964870929718,0.162121067754924,0,0,0,0,0,0,0,0,0,0,0,0,0,0,0,0,0,0,0,0.238144565297633,0,0.150636794892224,0,0
0,0,0,0,0.217441107332706,0,0,0,0,0,0.184044444804183,0,0.170615062117577,0,0,0,0,0,0,0,0.15990023063944,0,0,0,0,0,0,0,0,0,0,0,0,0,0,0,0,0,0,0,0,0,0,0,0,0,0,0,0,0,0,0,0.186518270815356,0,0,0,0.216748083061208,0,0.154416126104034,0,0,0,0,0.13365859190623,0,0,0,0,0,0,0,0,0,0,0,0,0,0,0,0,0,0,0.162098534006538,0.17330605412523,0,0,0
0,0,0,0,0,0.172809273004532,0,0,0,0,0,0.210683934651969,0,0,0,0,0,0,0,0.128094685574373,0,0,0,0,0,0,0,0,0,0,0,0,0,0,0,0,0,0,0,0,0,0,0,0,0,0,0,0,0,0,0,0.173961863453899,0,0.192315127707857,0,0,0,0.21383684753482,0,0.176157914102077,0,0,0.212780647717398,0,0,0,0,0,0,0,0,0,0,0,0,0,0,0,0,0,0,0,0.294298466456973,0,0.233305777112643,0,0
0.227697407236751,0,0.117454376358252,0,0.202016770839691,0,0,0,0,0,0,0,0,0,0.177993241449197,0,0.317283630038902,0.255402581364501,0.272060448276183,0,0,0.164632052183151,0.183011963963509,0,0.210840488801587,0.215712051838636,0.193166073943887,0,0.186701652904352,0,0,0,0,0,0,0,0,0,0.254414197359536,0.311126410961151,0.319202467799187,0.294438064098358,0.170244970742394,0.328777223825455,0,0,0,0,0.257598948391045,0,0,0,0,0,0.215063700682941,0,0.232086673378944,0,0,0,0.186489551431603,0,0,0,0,0,0,0.233407298723857,0,0.195198755392006,0,0,0,0.312643557786942,0,0,0,0,0.377742758393288,0.354850718608269,0.429333299398422,0.356035053730011,0.223433969841646,0.193314324532236,0.230946271129236,0,0.13985941807429
0,0.200749674282576,0,0,0,0,0,0,0,0,0,0,0,0,0,0.137006733639568,0.188007361359066,0.170134518163424,0.2472855001688,0,0,0,0,0.163356814849641,0,0,0,0,0,0,0,0,0,0.323668546974659,0,0,0,0.256631234943313,0,0,0,0.166344662454534,0,0,0,0,0,0,0,0.189299635561731,0,0,0,0,0,0.209032523302577,0,0,0,0,0.176396399736404,0.150422841310501,0,0,0,0,0.170022037896243,0,0,0,0,0,0,0,0,0,0.239911116659641,0,0,0,0.244821696177773,0,0.195392473066652,0.236337494105101,0.183804286209067,0.21181770041585,0
0,0,0,0,0.293802824616432,0,0.184044444804183,0,0,0,0,0,0.138650277256966,0,0,0,0,0,0.385182704244341,0,0.174013512922411,0,0,0,0,0,0,0,0,0,0.255913574587215,0,0,0,0,0,0.134725710187031,0,0.143991825750305,0,0.281321922938029,0,0.389434076389488,0,0,0,0,0,0.264210388064384,0,0.243360280990601,0,0.201567479409277,0,0,0,0.208443039764975,0,0,0,0,0,0,0.28178790046633,0,0,0,0,0,0,0,0.314667105674744,0,0.21136766175429,0,0,0,0,0,0.265697111302104,0,0.155087077282232,0.157664752078097,0.155995544535343,0.4364546093176,0,0.389652523398399
0,0,0,0,0,0.183380218222737,0,0.210683934651969,0,0,0,0,0,0.155336390337805,0,0,0,0,0,0.141493463708508,0,0,0,0,0,0,0,0,0,0.148003334222838,0,0,0,0,0,0.121403711763295,0,0.140257692529369,0,0,0,0,0,0,0,0,0,0,0,0,0,0.19830877892673,0,0.215788688883185,0,0,0,0.212371428099686,0,0.143710364346151,0,0,0.188140443431726,0,0,0,0,0,0,0,0,0,0.20788093342277,0,0,0,0,0,0.159979028627276,0,0.144774041660539,0,0.145901189828423,0,0.141328083057153,0,0
0,0,0,0,0.192002363502979,0,0.170615062117577,0,0,0,0.138650277256966,0,0,0,0.176159385878306,0,0,0,0,0,0,0,0,0,0,0,0,0,0.188403427600861,0,0,0,0,0,0,0,0,0,0,0,0,0,0,0,0,0,0,0,0,0,0,0,0,0,0,0,0.139822870555023,0,0.149639349205782,0,0.173724845051765,0,0,0,0,0,0,0,0,0,0,0.203730389475822,0,0,0,0,0,0,0,0,0,0,0.193876878433936,0.25121341685991,0,0,0
0,0,0,0,0,0,0,0,0,0,0,0.155336390337805,0,0,0,0.218327103182673,0,0,0,0,0,0,0,0,0,0,0,0,0,0.149917607506116,0,0,0,0,0,0,0,0,0,0,0,0,0,0,0,0,0,0,0,0,0,0,0,0.169048741459846,0,0,0,0.163756537650313,0,0.15182877584644,0,0.187817448750138,0,0,0,0,0,0,0,0,0,0,0,0,0,0,0,0,0,0,0,0,0.281118112101274,0.270161241292953,0,0,0
0,0,0,0,0,0,0,0,0.177993241449197,0,0,0,0.176159385878306,0,0,0,0.168668243893475,0.173830282688141,0.257948165138563,0,0,0,0,0,0.148635528543416,0,0.161462867179432,0,0.158485449850559,0,0,0,0,0,0,0.311733365058899,0,0,0,0,0,0,0,0,0,0,0,0,0,0,0,0,0,0,0.155349645737944,0,0,0,0.166507196897494,0,0.166584789189471,0,0,0,0,0,0,0.175673268735409,0,0.183567998257089,0,0.181769934296608,0,0,0,0,0,0,0,0.308758586645126,0,0,0.155869592981817,0.142769294560597,0,0,0
0,0,0,0,0,0,0,0,0,0.137006733639568,0,0,0,0.218327103182673,0,0,0.180908843874931,0.144150161970876,0.249042302370071,0,0,0,0,0,0,0.124346165494485,0,0,0,0,0,0,0,0,0,0,0,0,0,0,0,0,0,0,0,0,0,0,0,0,0,0,0,0,0,0,0,0,0,0,0,0.194435775279999,0,0,0,0,0,0,0.133271684700792,0,0,0,0,0,0,0,0,0,0,0,0,0,0.138475650123187,0,0,0,0
0,0,0,0,0,0,0,0,0.317283630038902,0.188007361359066,0,0,0,0,0.168668243893475,0.180908843874931,0,0.195796008562238,0.315982709667563,0,0.400569051504135,0.179874607920647,0.157570174044889,0.179108480612437,0.205536018681089,0.186917065528401,0.157725390497508,0,0.14953918580739,0,0,0,0,0,0,0.348794894913832,0.365390554070473,0,0.378509163856506,0.300272902024203,0.306261010113217,0.292677462885254,0.287376837348038,0.339459866285324,0.330326232645247,0,0.340526580810547,0,0,0.375235011180242,0,0,0,0,0.190801320355812,0.201560720801353,0.443339675664902,0.306417256593704,0,0,0.188990526494727,0,0.305688883577074,0.393218619482858,0,0,0,0.194257748313248,0.217771738767624,0.162458968996928,0,0.159840862198574,0.381111204624176,0,0,0,0,0,0.346657099253541,0.361006940657136,0.385454034805298,0.376969715190488,0.193454237435207,0.153314943724083,0.34588731507786,0.27414952814579,0.275606753734442
0,0,0,0,0,0,0,0,0.255402581364501,0.170134518163424,0,0,0,0,0.173830282688141,0.144150161970876,0.195796008562238,0,0.311152156028036,0,0.301548600196838,0.15113265334588,0,0.176224447529891,0.270980432148903,0.153644527165034,0.222690051235259,0.243121206760406,0.232066437602043,0,0,0,0,0,0,0.321215964853764,0.441808491945267,0,0,0.278606636183602,0.287339025735855,0.28055137251654,0.270742778480053,0.296027094125748,0.312371790409088,0,0.328618228435516,0,0,0.337159723043442,0,0,0,0,0.195950574402151,0.170893496450256,0.379970441261927,0,0,0,0.196933576772953,0.157463297247887,0.269859492778778,0.331772148609161,0,0,0.185414765889828,0.275763466954231,0.146098046773864,0.199796985653998,0,0.166491359472275,0,0,0,0,0,0,0.331570730397576,0.35436253812578,0.404437452554703,0.367716054831232,0.185366880031584,0.169290595642123,0.322286180324025,0.255381554365158,0.260469837114215
0.239243311186632,0.146434957782427,0,0.275921414295832,0,0,0,0,0.272060448276183,0.2472855001688,0.385182704244341,0,0,0,0.257948165138563,0.249042302370071,0.315982709667563,0.311152156028036,0,0,0.387016166900766,0.229725226759911,0,0.217907436192036,0.267057951456971,0.264168258756399,0.28442467304308,0,0.286434538662434,0,0,0,0,0.299839625755946,0,0.374528654519981,0.379291393690639,0.248136289417744,0.373550973155282,0.311177188663026,0.293087063488624,0.281165529013122,0.219528863416579,0.344707528031186,0.335416871433457,0.28149938583374,0.293645589922865,0.283692260583242,0.271853245794773,0.422681374398813,0,0,0,0,0.270582855812141,0,0.361536914972883,0.379193690690127,0,0,0.286487244746902,0,0.296459118673901,0.389403888891483,0,0,0,0.249858543276787,0.217982068657875,0.267647577639745,0,0.214884489774704,0.415509889083626,0.405646133422852,0,0,0.301601022481918,0,0.373267446087782,0.365530964617683,0.46950035298889,0.386525157374583,0.23038795152861,0.246593744830882,0.384542763184006,0.253064949765985,0.235252610797232
0,0,0,0,0,0,0,0.128094685574373,0,0,0,0.141493463708508,0,0,0,0,0,0,0,0,0,0,0,0,0,0,0,0,0,0,0,0,0,0,0,0.161994336444574,0,0.143978409469128,0,0,0,0,0,0,0,0,0,0,0,0,0,0,0,0,0,0,0,0.139520365606855,0,0,0,0,0.15805470121815,0,0,0,0,0,0,0,0,0,0.206031707200137,0,0,0,0,0,0.205264244228601,0,0.175289529824504,0,0.171935125763686,0,0.212020803056657,0,0
0,0,0.307794988155365,0,0.220171805885103,0,0.15990023063944,0,0,0,0.174013512922411,0,0,0,0,0,0.400569051504135,0.301548600196838,0.387016166900766,0,0,0,0,0,0,0,0,0,0,0,0,0,0,0,0,0,0.165807127099406,0,0.202131836401734,0,0.306872837818586,0.403263449668884,0.398551453390847,0,0.474026933312416,0,0.32930958767732,0,0.248468324542046,0,0.254077597668296,0,0.235519791642825,0,0,0,0.228645482183479,0,0,0,0,0,0,0.257901863788848,0,0,0,0,0,0,0,0.334719315171242,0,0.309454868237178,0,0,0,0,0,0.246235420827054,0,0.322672432028752,0.178590577263241,0,0.431686986864141,0,0.401987813413143
0,0,0,0,0,0,0,0,0.164632052183151,0,0,0,0,0,0,0,0.179874607920647,0.15113265334588,0.229725226759911,0,0,0,0.135968321505251,0.142363106521467,0,0.177993930876255,0,0.20044336106096,0,0,0,0,0,0.331531379371881,0,0,0,0.220891063781203,0.152547317548333,0,0,0,0,0,0,0,0,0.275419296696782,0,0.277274474041934,0,0,0,0,0,0,0,0.289035089313984,0,0,0,0,0,0,0.202497397872525,0.127436739064398,0.183202360685055,0,0.196179983392358,0,0.245142085285022,0,0,0,0,0,0,0,0,0,0.170072226438764,0,0.164807631076489,0.182032264537153,0.279219377785921,0,0
0,0,0,0,0,0,0,0,0.183011963963509,0,0,0,0,0,0,0,0.157570174044889,0,0,0,0,0.135968321505251,0,0,0.117439140085921,0,0.178907261008308,0,0.257490359246731,0,0,0,0,0,0,0,0,0.1535927665139,0.166164534739987,0,0,0,0,0,0,0,0,0,0.175676451530308,0,0,0,0,0,0.155186519026756,0,0,0,0,0,0,0,0,0,0.155091090684699,0.20694966052215,0,0.132971404120326,0,0.133581591149171,0,0.276485115665348,0,0,0,0,0,0,0,0,0.173560574650764,0.206972368434072,0.147140409249873,0.127315320512828,0,0,0
0,0,0,0,0,0,0,0,0,0.163356814849641,0,0,0,0,0,0,0.179108480612437,0.176224447529891,0.217907436192036,0,0,0.142363106521467,0,0,0,0.181420158456873,0,0,0,0,0,0,0,0.316799273093541,0,0,0,0.241035409445839,0,0,0,0.133851273971445,0,0.228027120232582,0,0,0,0.343442222901753,0,0.26736825850225,0,0,0,0,0.172492623329163,0.185576569821153,0,0.276422416525228,0,0.251946792006493,0,0,0,0,0.156303557966437,0,0.173121025817021,0,0.264010679666643,0,0.292235761880875,0,0,0,0,0,0.272000521421432,0,0,0,0.274518731491071,0,0.171399533483481,0,0.257918923265404,0.148751491946833,0
0,0,0,0,0,0,0,0,0.210840488801587,0,0,0,0,0,0.148635528543416,0,0.205536018681089,0.270980432148903,0.267057951456971,0,0,0,0.117439140085921,0,0,0,0.142728870377896,0,0.158024445176125,0,0,0,0,0,0,0.314938396215439,0,0,0.170776624021665,0.315138727426529,0,0,0.26630038022995,0,0,0,0,0,0.18110001591474,0,0,0,0,0,0.171325754712928,0,0,0,0,0,0.167906306203335,0,0,0,0,0.14511179718478,0,0.15968481269274,0,0.139557815954813,0,0.155891246029309,0,0,0,0,0,0,0.326970458030701,0.35818127989769,0,0.292270546609705,0.191271671854161,0.166307225823402,0.325125955904906,0,0
0,0,0,0,0,0,0,0,0.215712051838636,0,0,0,0,0,0,0.124346165494485,0.186917065528401,0.153644527165034,0.264168258756399,0,0,0.177993930876255,0,0.181420158456873,0,0,0,0,0,0,0,0,0,0,0,0,0,0,0,0,0,0,0,0,0,0,0,0,0,0,0,0,0,0,0,0,0,0,0,0,0,0,0,0,0.160478286837277,0,0.146150558170947,0,0.181511726681933,0,0.149000689387321,0,0,0,0,0,0,0,0,0,0,0,0.174022578598861,0.180400985994457,0,0,0
0,0,0,0,0,0,0,0,0.193166073943887,0,0,0,0,0,0.161462867179432,0,0.157725390497508,0.222690051235259,0.28442467304308,0,0,0,0.178907261008308,0,0.142728870377896,0,0,0,0.14074690925417,0,0,0,0,0,0,0,0,0,0,0.27022323012352,0.288684785366058,0.27512115240097,0.229860484600067,0,0,0,0,0,0,0,0,0,0,0,0.159743526886249,0,0,0,0,0,0.154569572840746,0,0,0,0,0,0,0.149709083139896,0,0.144705680163041,0,0.159195363521576,0,0,0,0,0,0,0.343273228406906,0.314948797225952,0,0.320041790604591,0.155198663736329,0.141754648882708,0.308911956846714,0,0
0,0,0,0,0,0,0,0,0,0,0,0,0,0,0,0,0,0.243121206760406,0,0,0,0.20044336106096,0,0,0,0,0,0,0,0.154675242335316,0,0,0,0,0,0,0,0.183271685671626,0,0,0,0,0,0,0,0,0,0,0,0,0,0,0,0,0,0,0,0,0,0,0,0,0,0,0,0,0,0,0.120522066950798,0,0.167504282279101,0,0.171482067023005,0,0,0,0,0,0,0,0.201454046848678,0,0.299440465867519,0.240510672330856,0,0,0
0,0,0,0,0,0,0,0,0.186701652904352,0,0,0,0.188403427600861,0,0.158485449850559,0,0.14953918580739,0.232066437602043,0.286434538662434,0,0,0,0.257490359246731,0,0.158024445176125,0,0.14074690925417,0,0,0,0.163832067201535,0,0,0,0,0,0,0,0.170150080961841,0,0,0,0,0.3221455514431,0,0,0,0,0,0,0,0,0,0,0.138308256864548,0,0,0,0.163536207456338,0,0.1346315741539,0,0,0,0,0.273703353745597,0,0,0,0.151048751547933,0,0.215366876012986,0,0.187461171107194,0,0,0,0,0,0,0,0.166780515263478,0.154175644835589,0.160390738785888,0,0,0
0,0,0,0,0,0,0,0,0,0,0,0.148003334222838,0,0.149917607506116,0,0,0,0,0,0,0,0,0,0,0,0,0,0.154675242335316,0,0,0,0,0,0,0,0,0,0.168315708762668,0,0,0,0,0,0,0,0,0,0,0,0,0,0,0,0,0,0,0,0.245403646127037,0,0.149241404607892,0,0,0,0,0,0,0,0,0,0,0.155487700226557,0,0.209177577360857,0,0,0,0,0,0,0,0.204665461844466,0,0.144859294661067,0,0,0,0
0,0,0,0,0,0,0,0,0,0,0.255913574587215,0,0,0,0,0,0,0,0,0,0,0,0,0,0,0,0,0,0.163832067201535,0,0,0,0,0,0,0,0,0,0.197618716118629,0,0,0,0,0,0,0,0,0,0,0,0,0,0,0,0,0,0.247181573832357,0,0,0,0,0,0,0,0,0,0,0,0,0,0,0.16716394679887,0,0.205604911224836,0,0,0,0,0,0,0,0.219436050951481,0.136280941267808,0.163490180016219,0,0,0
0,0,0,0,0,0,0,0,0,0,0,0,0,0,0,0,0,0,0,0,0,0,0,0,0,0,0,0,0,0,0,0,0.361593420519002,0.278415267619651,0.395119361187282,0.159054401390096,0.161735584338506,0,0,0.28944855928421,0,0.290278762578964,0,0,0,0,0,0.474470419206385,0.411301711201668,0.248124475777149,0,0,0,0,0,0,0,0,0,0,0,0,0.251599848270416,0,0,0,0,0,0,0,0,0,0,0,0.265234921482854,0.376301182124316,0.234347071592098,0.457589119672775,0.273653224960231,0.545130342245102,0,0,0.277822542995638,0,0.277052134275436,0,0
0,0,0,0,0,0,0,0,0,0,0,0,0,0,0,0,0,0,0,0,0,0,0,0,0,0,0,0,0,0,0,0.361593420519002,0,0.375583233023194,0.470811261662415,0.174723903338114,0.177805551638206,0,0,0,0,0,0,0,0,0,0,0.54044660833142,0.434206635611398,0,0,0,0,0,0,0,0,0,0,0,0,0,0,0,0,0,0,0,0,0,0,0,0,0,0.276593197579496,0.428144937879257,0.292677905667445,0.450456445033734,0.156267948448658,0.480576179508556,0,0,0.338062261231244,0,0,0,0
0,0,0,0,0,0,0,0,0,0.323668546974659,0,0,0,0,0,0,0,0,0.299839625755946,0,0,0.331531379371881,0,0.316799273093541,0,0,0,0,0,0,0,0.278415267619651,0.375583233023194,0,0.291832335687779,0.189589222435986,0,0.331699071014487,0.175606117329814,0.337644352362706,0,0.378589765183509,0.328548300266266,0,0,0,0,0.455095693496475,0.416225112974644,0.349197432398796,0,0,0,0,0,0.254330769181252,0,0,0,0,0,0,0.331253060698509,0,0,0,0,0,0,0,0,0,0,0,0.309376604559663,0.342317866251386,0.287249404917822,0.282458684526349,0.203514827178022,0,0.47255761812301,0.155021116137505,0.194382826924902,0.347275342505712,0.385011843993114,0,0
0,0,0,0,0,0,0,0,0,0,0,0,0,0,0,0,0,0,0,0,0,0,0,0,0,0,0,0,0,0,0,0.395119361187282,0.470811261662415,0.291832335687779,0,0,0.183216086868197,0.141263082623482,0.339007472991943,0,0,0,0.433313935995102,0,0,0,0,0.466856359873178,0.363274375792422,0,0,0,0,0,0,0,0,0,0,0,0,0,0,0,0,0,0,0,0,0,0,0,0,0,0.222139596939087,0.463199622101254,0.292821003553959,0.281329053518767,0,0.247099487604322,0,0.234874994349732,0.194705635677149,0,0.405895070025795,0,0
0,0,0,0.3343226313591,0,0,0,0,0,0,0,0.121403711763295,0,0,0.311733365058899,0,0.348794894913832,0.321215964853764,0.374528654519981,0.161994336444574,0,0,0,0,0.314938396215439,0,0,0,0,0,0,0.159054401390096,0.174723903338114,0.189589222435986,0,0,0.145198050886393,0.168124169420548,0.194867132231593,0.284531379384654,0.341934472322464,0.314159412309527,0.320246264338493,0.390265417098999,0,0.226166727382745,0,0.287981319300672,0.265186609557042,0.252783077034524,0,0,0,0,0,0,0,0.236707074567676,0,0,0,0,0.195415664629909,0,0,0,0,0,0,0.371322005987167,0,0,0.277097710718711,0,0.166669462138498,0,0.284986904984336,0,0.230044045593627,0.180682364774161,0.196649028283626,0,0.180946691212695,0.182786047352898,0.223179351087074,0.348891431731837,0
0,0,0.221036285161972,0,0.208620572462678,0,0,0,0,0,0.134725710187031,0,0,0,0,0,0.365390554070473,0.441808491945267,0.379291393690639,0,0.165807127099406,0,0,0,0,0,0,0,0,0,0,0.161735584338506,0.177805551638206,0,0.183216086868197,0.145198050886393,0,0.236982434988022,0.155871354421767,0,0.249765717983246,0,0.302201641182746,0,0,0,0.22557776119258,0.19806559830904,0.237861662226565,0,0.21001660823822,0,0,0,0,0,0.264189555314538,0,0,0,0,0,0,0.202391945330323,0,0,0,0,0,0,0,0,0,0.306243281154072,0.145582854747772,0.184595512942626,0,0.25693038944155,0.193022574732701,0.219192066415072,0.424309730529785,0.208326142988368,0.166487364055003,0.168647193591534,0.248259188888008,0,0.301082988580068
0,0.199906216426329,0,0.271712558468183,0,0,0,0,0,0.256631234943313,0,0.140257692529369,0,0,0,0,0,0,0.248136289417744,0.143978409469128,0,0.220891063781203,0.1535927665139,0.241035409445839,0,0,0,0.183271685671626,0,0.168315708762668,0,0,0,0.331699071014487,0.141263082623482,0.168124169420548,0.236982434988022,0,0.17385941764499,0.304348006844521,0,0.179587859500405,0,0,0,0,0,0.316099833615206,0,0.268394306434525,0,0,0,0,0,0.263084141546459,0,0.168730894408443,0,0.236894279718399,0,0,0,0,0.227709481195628,0,0.264563577075799,0,0,0,0.166387656331062,0,0.158403438915099,0,0,0,0.276119129593332,0,0.209790927335601,0,0.213532295341726,0.142869272015311,0.182813679126555,0.138538078605374,0.223507251710178,0.250784621426934,0
0,0,0,0,0,0,0,0,0.254414197359536,0,0.143991825750305,0,0,0,0,0,0.378509163856506,0,0.373550973155282,0,0.202131836401734,0.152547317548333,0.166164534739987,0,0.170776624021665,0,0,0,0.170150080961841,0,0.197618716118629,0,0,0.175606117329814,0.339007472991943,0.194867132231593,0.155871354421767,0.17385941764499,0,0,0.305437321464221,0,0.369663316884945,0,0,0,0.37602810561657,0.280337697515885,0.376641732732986,0,0,0,0,0,0.392299398779869,0,0.184021596975149,0,0,0,0,0,0,0.280177839786819,0.159935869897405,0.200956004972766,0,0.351986944675446,0,0,0,0,0,0.226334055998181,0,0,0.187585828716264,0.154798105359077,0.184104740619659,0.21361185897732,0.223952062269475,0.199794659369037,0.143091673970109,0.152107272165302,0.327013601773772,0,0.403891945878665
0,0,0,0.318133299549421,0,0,0,0,0.311126410961151,0,0,0,0,0,0,0,0.300272902024203,0.278606636183602,0.311177188663026,0,0,0,0,0,0.315138727426529,0,0.27022323012352,0,0,0,0,0.28944855928421,0,0.337644352362706,0,0.284531379384654,0,0.304348006844521,0,0,0.291870653629303,0.326722138324841,0.273105735364168,0.515377008252674,0.251965641975403,0.365301998761984,0,0.287360043709825,0.267383247613907,0.215618509130994,0,0,0,0,0,0,0.354542920986811,0.294825702905655,0,0,0.345905065536499,0,0.341303556480191,0.238930260141691,0,0,0,0,0,0.322727918624878,0,0,0.350290928568159,0,0,0,0.269668343663216,0,0.266815467219834,0.345430299639702,0.45435227860104,0.347682165248053,0.293864705755065,0.268256573213471,0.297522035255594,0.441132846739557,0.265520319342613
0,0,0,0,0,0,0,0,0.319202467799187,0,0.281321922938029,0,0,0,0,0,0.306261010113217,0.287339025735855,0.293087063488624,0,0.306872837818586,0,0,0,0,0,0.288684785366058,0,0,0,0,0,0,0,0,0.341934472322464,0.249765717983246,0,0.305437321464221,0.291870653629303,0,0.305685186758637,0.321844782833577,0,0.328240007162094,0,0.410873328232103,0.228011101484299,0.223736937154423,0,0,0,0,0,0,0,0.269043103203006,0,0,0,0,0,0.274382874369621,0.235602260768121,0,0,0,0,0,0.318254292011261,0,0.300391480326653,0,0.291713461279869,0,0,0,0,0.360763970762491,0.279124536664423,0,0.296067231927406,0.325340219773352,0,0.335732240645144,0,0.278058793322713
0,0.269938557652327,0,0.29014405362584,0,0,0,0,0.294438064098358,0.166344662454534,0,0,0,0,0,0,0.292677462885254,0.28055137251654,0.281165529013122,0,0.403263449668884,0,0,0.133851273971445,0,0,0.27512115240097,0,0,0,0,0.290278762578964,0,0.378589765183509,0,0.314159412309527,0,0.179587859500405,0,0.326722138324841,0.305685186758637,0,0.213906787992979,0.347881660507671,0.419085055589676,0.307253114879131,0,0.328651214906915,0.287361681461334,0.358254464601553,0,0,0,0,0.427666425704956,0.196272889773051,0,0.34976151859454,0,0.343281827867031,0,0,0.354547491031034,0.29762265086174,0,0,0.140493512153625,0,0,0,0,0,0.40610339190397,0,0,0,0.297936022281647,0,0.325752216245798,0.362098097801208,0.314697663899925,0.393369828661283,0.218039737379401,0.24999629954497,0.343947060096357,0.308521302279142,0.247321596478715
0.12182313700517,0,0.277208764933878,0,0.262004770539902,0,0,0,0.170244970742394,0,0.389434076389488,0,0,0,0,0,0.287376837348038,0.270742778480053,0.219528863416579,0,0.398551453390847,0,0,0,0.26630038022995,0,0.229860484600067,0,0,0,0,0,0,0.328548300266266,0.433313935995102,0.320246264338493,0.302201641182746,0,0.369663316884945,0.273105735364168,0.321844782833577,0.213906787992979,0,0.35438597202301,0.273233125607173,0,0.298175217776463,0.381023704893607,0.348156955242157,0.283306121826172,0,0,0,0,0.246157294937543,0,0.363898876542293,0,0,0,0,0,0.289028543233871,0.350687247207308,0,0,0,0,0,0.270587801933289,0,0.282725274562836,0,0.41947696654542,0,0,0.259902864694595,0.361127507686615,0.323555940931494,0.321591449182481,0.397160321474075,0.356276314728052,0.280109023342007,0.264916663989425,0.284172228188683,0.227861680090427,0.20576305074328
0,0,0,0.307214200496674,0,0,0,0,0.328777223825455,0,0,0,0,0,0,0,0.339459866285324,0.296027094125748,0.344707528031186,0,0,0,0,0.228027120232582,0,0,0,0,0.3221455514431,0,0,0,0,0,0,0.390265417098999,0,0,0,0.515377008252674,0,0.347881660507671,0.35438597202301,0,0,0,0,0,0,0.425127721258572,0,0,0,0,0,0,0,0.332876417040825,0,0,0,0,0,0,0,0,0,0.280347883701324,0,0,0,0,0.412786728956483,0,0,0,0,0,0.420362635701895,0.358781284093857,0.468920586506526,0,0.331588571391455,0.310887336730957,0.412291334255746,0.334446130260344,0
0,0,0,0,0,0,0,0,0,0,0,0,0,0,0,0,0.330326232645247,0.312371790409088,0.335416871433457,0,0.474026933312416,0,0,0,0,0,0,0,0,0,0,0,0,0,0,0,0,0,0,0.251965641975403,0.328240007162094,0.419085055589676,0.273233125607173,0,0,0,0,0,0,0,0,0,0,0,0,0,0,0,0,0,0,0,0,0.542320847511292,0,0,0,0,0,0,0,0,0,0,0,0,0,0,0.388823628425598,0.461805669324739,0,0.557233349136684,0.361961230635643,0,0.310846402338057,0,0
0,0,0,0.202767685055733,0,0,0,0,0,0,0,0,0,0,0,0,0,0,0.28149938583374,0,0,0,0,0,0,0,0,0,0,0,0,0,0,0,0,0.226166727382745,0,0,0,0.365301998761984,0,0.307253114879131,0,0,0,0,0,0,0,0.34169167367851,0,0,0,0,0,0,0,0.282181290740317,0,0,0,0,0.252116023467033,0,0,0,0,0,0,0,0,0,0.330767655929015,0,0,0,0,0,0.259899932264421,0,0.338066733700563,0,0.243214504172405,0.293545097112656,0.283065798870414,0,0
0,0,0,0,0.189289897680283,0,0,0,0,0,0,0,0,0,0,0,0.340526580810547,0.328618228435516,0.293645589922865,0,0.32930958767732,0,0,0,0,0,0,0,0,0,0,0,0,0,0,0,0.22557776119258,0,0.37602810561657,0,0.410873328232103,0,0.298175217776463,0,0,0,0,0,0.190235793590546,0,0,0,0,0,0,0,0.309267497406556,0,0,0,0,0,0,0.235574519634247,0,0,0,0,0,0,0,0,0,0.382940850087575,0,0,0,0,0,0.298140176704952,0,0.317666959762573,0.275168759650306,0,0.314778948692899,0,0.350310817360878
0,0,0,0,0,0,0,0,0,0,0,0,0,0,0,0,0,0,0.283692260583242,0,0,0.275419296696782,0,0.343442222901753,0,0,0,0,0,0,0,0.474470419206385,0.54044660833142,0.455095693496475,0.466856359873178,0.287981319300672,0.19806559830904,0.316099833615206,0.280337697515885,0.287360043709825,0.228011101484299,0.328651214906915,0.381023704893607,0,0,0,0,0,0.438846314355225,0.324884155589455,0,0,0,0,0,0,0.290722459554672,0,0,0,0,0,0.296779414159911,0,0,0,0.312296479940414,0,0,0,0,0,0,0,0.4284053962659,0.45814767683875,0.308002300919631,0.411177332529373,0.455988516756112,0.344753537087954,0.441308694237318,0.34893913579641,0.333951542339062,0.325876698829234,0.424381543652399,0.328771978616714,0
0.189951680436533,0,0.136730172773347,0,0.230104038119316,0,0,0,0.257598948391045,0,0.264210388064384,0,0,0,0,0,0,0,0.271853245794773,0,0.248468324542046,0,0.175676451530308,0,0.18110001591474,0,0,0,0,0,0,0.411301711201668,0.434206635611398,0.416225112974644,0.363274375792422,0.265186609557042,0.237861662226565,0,0.376641732732986,0.267383247613907,0.223736937154423,0.287361681461334,0.348156955242157,0,0,0,0.190235793590546,0.438846314355225,0,0.345494260913447,0.103902064263821,0,0,0,0.154271845882003,0,0.233400044809793,0,0.200093275008276,0,0.197779293634744,0,0.254813005526861,0.254792485202922,0,0.186100438738913,0,0.192774966138053,0,0.213969760207516,0,0.229683469049633,0,0.281747502585252,0,0.364470317959785,0.408553669850032,0.326493460729898,0.308855339884758,0.298006044745445,0,0.327319703097022,0.340782253860551,0,0.311624285459756,0,0.274941444396973
0,0.181925321164975,0,0.21017895570519,0,0,0,0,0,0.189299635561731,0,0,0,0,0,0,0.375235011180242,0.337159723043442,0.422681374398813,0,0,0.277274474041934,0,0.26736825850225,0,0,0,0,0,0,0,0.248124475777149,0,0.349197432398796,0,0.252783077034524,0,0.268394306434525,0,0.215618509130994,0,0.358254464601553,0.283306121826172,0.425127721258572,0,0.34169167367851,0,0.324884155589455,0.345494260913447,0,0,0,0,0,0.25169375538826,0.199392313957214,0.277267307043076,0.308420544482914,0,0.242808228979508,0,0.23958370251794,0.278916965154084,0,0.29350879044723,0,0.306095161378631,0,0.286454033000129,0,0.301674390280688,0,0.447991879284382,0,0.144742382069429,0,0.277017588416735,0.418527960777283,0.353224699221006,0.394299015402794,0.254997729804941,0.396081954240799,0.237263779483131,0.286966621875763,0.31203961291436,0.379608734572021,0.383447200059891
0,0,0.175269678235054,0,0.212305241999658,0,0,0,0,0,0.243360280990601,0,0,0,0,0,0,0,0,0,0.254077597668296,0,0,0,0,0,0,0,0,0,0,0,0,0,0,0,0.21001660823822,0,0,0,0,0,0,0,0,0,0,0,0.103902064263821,0,0,0,0,0,0.114009161293507,0,0.218688295297096,0,0.187818293527859,0,0.161607302725315,0,0,0.290361109553583,0,0,0,0,0,0,0,0,0,0,0,0,0,0,0,0.299112859699461,0,0,0.212917417006673,0,0.236051406115294,0,0
0,0,0,0.25818990182782,0,0.162182426287068,0,0.173961863453899,0,0,0,0.19830877892673,0,0,0,0,0,0,0,0,0,0,0,0,0,0,0,0,0,0,0,0,0,0,0,0,0,0,0,0,0,0,0,0,0,0,0,0,0,0,0,0,0,0.16950515295778,0,0,0,0.291352273275455,0,0.161965570770777,0,0.222987157603105,0.239031455583043,0,0,0,0,0,0,0,0,0,0,0,0,0,0,0,0,0,0,0,0.153452396392822,0,0.279715041960439,0,0
0,0,0,0,0.218315482139587,0,0.186518270815356,0,0,0,0.201567479409277,0,0,0,0,0,0,0,0,0,0.235519791642825,0,0,0,0,0,0,0,0,0,0,0,0,0,0,0,0,0,0,0,0,0,0,0,0,0,0,0,0,0,0,0,0,0,0,0,0.216370129126769,0,0.142399721675449,0,0,0,0,0,0,0,0,0,0,0,0,0,0,0,0,0,0,0,0,0,0,0,0.207374802106116,0,0,0,0
0,0,0,0,0,0.18714015930891,0,0.192315127707857,0,0,0,0.215788688883185,0,0.169048741459846,0,0,0,0,0,0,0,0,0,0,0,0,0,0,0,0,0,0,0,0,0,0,0,0,0,0,0,0,0,0,0,0,0,0,0,0,0,0.16950515295778,0,0,0,0,0,0.227852811399488,0,0,0,0,0.219087185180602,0,0,0,0,0,0,0,0,0,0,0,0,0,0,0,0,0,0,0,0.166247478872538,0,0.249461059768995,0,0
0.234898628754036,0,0.157391593968573,0,0.183429842193921,0,0,0,0.215063700682941,0,0,0,0,0,0.155349645737944,0,0.190801320355812,0.195950574402151,0.270582855812141,0,0,0,0.155186519026756,0.172492623329163,0.171325754712928,0,0.159743526886249,0,0.138308256864548,0,0,0,0,0,0,0,0,0,0.392299398779869,0,0,0.427666425704956,0.246157294937543,0,0,0,0,0,0.154271845882003,0.25169375538826,0.114009161293507,0,0,0,0,0,0.269698935059401,0,0,0,0.17006797337249,0,0,0,0,0,0,0.176255237725046,0,0.170354618053687,0,0,0,0.300639798243841,0,0,0,0,0,0.35291468501091,0,0.328063661853472,0.184989391147491,0.171210383996367,0.197783498916515,0.262759774923325,0.242407210171223
0,0.190980016230009,0,0.225806189576785,0,0,0,0,0,0.209032523302577,0,0,0,0,0,0,0.201560720801353,0.170893496450256,0,0,0,0,0,0.185576569821153,0,0,0,0,0,0,0,0,0,0.254330769181252,0,0,0,0.263084141546459,0,0,0,0.196272889773051,0,0,0,0,0,0,0,0.199392313957214,0,0,0,0,0,0,0,0.259958412784796,0,0.218967986603578,0,0.207411959767342,0,0,0,0,0.305040776729584,0,0,0,0,0,0,0,0,0,0.292796482642492,0,0,0,0.302441824227571,0,0.203349602267598,0,0.180980290276009,0.18612214922905,0
0.216925320029259,0,0.295581498135955,0,0.256055783041399,0,0.216748083061208,0,0.232086673378944,0,0.208443039764975,0,0.139822870555023,0,0,0,0.443339675664902,0.379970441261927,0.361536914972883,0,0.228645482183479,0,0,0,0,0,0,0,0,0,0.247181573832357,0,0,0,0,0,0.264189555314538,0,0.184021596975149,0.354542920986811,0.269043103203006,0,0.363898876542293,0,0,0,0.309267497406556,0.290722459554672,0.233400044809793,0.277267307043076,0.218688295297096,0,0.216370129126769,0,0.269698935059401,0,0,0,0.25787654821043,0,0.255469605326653,0,0.298427720864614,0.309080139314733,0,0,0,0,0,0,0,0.304816150180129,0.332298338413239,0.26371443370978,0,0,0,0,0,0.301856418395287,0,0.286927572512007,0.198580410456429,0.177215425712024,0.338400254380845,0,0.381460887480931
0,0.25473924704426,0,0.2786015937151,0,0.216314911842346,0,0.21383684753482,0,0,0,0.212371428099686,0,0.163756537650313,0,0,0.306417256593704,0,0.379193690690127,0.139520365606855,0,0.289035089313984,0,0.276422416525228,0,0,0,0,0,0.245403646127037,0,0,0,0,0,0.236707074567676,0,0.168730894408443,0,0.294825702905655,0,0.34976151859454,0,0.332876417040825,0,0.282181290740317,0,0,0,0.308420544482914,0,0.291352273275455,0,0.227852811399488,0,0.259958412784796,0,0,0,0.326290427732863,0,0.300324565315821,0.280075820333148,0,0.283302009105682,0,0.292330552974055,0,0.328359951766638,0,0.432992982678115,0,0.274068186470535,0,0,0,0,0,0.263232448980922,0,0.203595644235611,0.30892351269722,0.264765911318105,0,0.299233444668009,0.340771189663145,0
0.184995106779612,0,0.16663799683253,0,0.215030516896929,0,0.154416126104034,0,0,0,0,0,0.149639349205782,0,0.166507196897494,0,0,0,0,0,0,0,0,0,0,0,0,0,0.163536207456338,0,0,0,0,0,0,0,0,0,0,0,0,0,0,0,0,0,0,0,0.200093275008276,0,0.187818293527859,0,0.142399721675449,0,0,0,0.25787654821043,0,0,0,0.201534722841555,0,0,0.345910906791687,0,0,0,0,0,0.196503639221191,0,0.220448005437498,0,0,0,0,0,0,0,0.320261096954346,0,0,0.145824064241081,0.216942315921187,0.216026569631967,0,0
0,0.201204544032254,0,0.283708364569715,0,0,0,0.176157914102077,0,0,0,0.143710364346151,0,0.15182877584644,0,0,0,0,0,0,0,0,0,0.251946792006493,0,0,0,0,0,0.149241404607892,0,0,0,0,0,0,0,0.236894279718399,0,0,0,0.343281827867031,0,0,0,0,0,0,0,0.242808228979508,0,0.161965570770777,0,0,0,0.218967986603578,0,0.326290427732863,0,0,0,0.246578765308072,0,0,0,0,0.22648573666811,0,0.323979126779657,0,0.233693933486938,0,0,0,0,0,0,0,0,0,0,0,0,0,0.266408207416534,0,0
0.154688596183603,0,0,0,0,0,0,0,0.186489551431603,0.176396399736404,0,0,0.173724845051765,0,0.166584789189471,0,0.188990526494727,0.196933576772953,0.286487244746902,0,0,0,0,0,0.167906306203335,0,0.154569572840746,0,0.1346315741539,0,0,0,0,0,0,0,0,0,0,0.345905065536499,0,0,0,0,0,0,0,0,0.197779293634744,0,0.161607302725315,0,0,0,0.17006797337249,0,0.255469605326653,0,0.201534722841555,0,0,0,0,0,0,0,0,0.165338255465031,0,0.190684003535635,0,0.201635356012144,0,0,0,0,0,0,0.313928544521332,0,0,0.452108830213547,0.180414416498737,0.158249750733376,0.190487265586853,0,0
0,0.210518388562844,0,0.226629162828128,0,0.172964870929718,0,0,0,0.150422841310501,0,0,0,0.187817448750138,0,0.194435775279999,0,0.157463297247887,0,0,0,0,0,0,0,0,0,0,0,0,0,0,0,0,0,0,0,0,0,0,0,0,0,0,0,0,0,0,0,0.23958370251794,0,0.222987157603105,0,0,0,0.207411959767342,0,0.300324565315821,0,0.246578765308072,0,0,0,0,0,0,0,0,0.287306141696478,0,0,0,0,0,0,0,0,0,0,0,0,0,0,0,0.280158585309982,0,0
0,0,0,0.261037980516752,0,0.162121067754924,0,0.212780647717398,0,0,0,0.188140443431726,0,0,0,0,0.305688883577074,0.269859492778778,0.296459118673901,0.15805470121815,0,0,0,0,0,0,0,0,0,0,0,0.251599848270416,0,0.331253060698509,0,0.195415664629909,0,0,0,0.341303556480191,0.274382874369621,0.354547491031034,0.289028543233871,0,0,0.252116023467033,0,0.296779414159911,0.254813005526861,0.278916965154084,0,0.239031455583043,0,0.219087185180602,0,0,0.298427720864614,0.280075820333148,0,0,0,0,0,0.24188905954361,0,0,0,0,0,0,0,0,0.313616881413119,0,0,0,0,0,0.265908600487295,0.305030024051666,0.289761429918664,0.335409268736839,0.23268097207368,0,0.286876728127837,0.333358064293861,0.295261546969414
0,0,0.286780734856923,0,0.264675712351992,0,0.13365859190623,0,0,0,0.28178790046633,0,0,0,0,0,0.393218619482858,0.331772148609161,0.389403888891483,0,0.257901863788848,0,0,0,0,0,0,0,0,0,0,0,0,0,0,0,0.202391945330323,0,0.280177839786819,0.238930260141691,0.235602260768121,0.29762265086174,0.350687247207308,0,0.542320847511292,0,0.235574519634247,0,0.254792485202922,0,0.290361109553583,0,0,0,0,0,0.309080139314733,0,0.345910906791687,0,0,0,0.24188905954361,0,0,0,0,0,0,0,0,0.351915483291333,0,0.379911906771607,0,0,0,0,0.458688497543335,0.262935644175115,0,0.350070927128213,0.231894373696806,0.260307371616364,0.345805362140088,0,0.40238663582307
0,0.247578606009483,0,0,0,0,0,0,0,0,0,0,0,0,0,0,0,0,0,0,0,0.202497397872525,0.155091090684699,0.156303557966437,0,0.160478286837277,0,0,0,0,0,0,0,0,0,0,0,0.227709481195628,0.159935869897405,0,0,0,0,0,0,0,0,0,0,0.29350879044723,0,0,0,0,0,0,0,0.283302009105682,0,0,0,0,0,0,0,0.134080021404753,0.387890749450388,0,0.317511335157665,0,0.259078849573533,0,0,0,0,0,0,0,0,0,0.235452087431453,0,0.199279294762108,0.203999123754709,0.215952277183533,0,0
0,0,0,0,0,0,0,0,0,0,0,0,0,0,0,0,0,0,0,0,0,0.127436739064398,0.20694966052215,0,0.14511179718478,0,0,0,0.273703353745597,0,0,0,0,0,0,0,0,0,0.200956004972766,0,0,0,0,0,0,0,0,0,0.186100438738913,0,0,0,0,0,0,0,0,0,0,0,0,0,0,0,0.134080021404753,0,0,0.182660153785417,0,0.273952536924247,0,0.250480203862701,0,0,0,0,0,0,0,0,0,0.204772625602298,0.182063737735894,0,0,0,0
0,0,0,0,0,0,0,0,0,0.170022037896243,0,0,0,0,0,0,0,0.185414765889828,0,0,0,0.183202360685055,0,0.173121025817021,0,0.146150558170947,0,0,0,0,0,0,0,0,0,0,0,0.264563577075799,0,0,0,0.140493512153625,0,0,0,0,0,0.312296479940414,0,0.306095161378631,0,0,0,0,0,0.305040776729584,0,0.292330552974055,0,0.22648573666811,0,0,0,0,0.387890749450388,0,0,0,0.301196079373051,0,0.294666526218255,0,0,0,0,0,0,0,0,0,0.264660542239686,0,0.152051843975851,0,0.273717642478321,0,0
0,0,0,0,0,0,0,0,0.233407298723857,0,0,0,0,0,0.175673268735409,0,0.194257748313248,0.275763466954231,0.249858543276787,0,0,0,0.132971404120326,0,0.15968481269274,0,0.149709083139896,0,0,0,0,0,0,0,0,0,0,0,0.351986944675446,0,0,0,0,0.280347883701324,0,0,0,0,0.192774966138053,0,0,0,0,0,0.176255237725046,0,0,0,0,0,0.165338255465031,0,0,0,0,0.182660153785417,0,0,0,0.159879361455505,0,0,0,0,0,0,0,0,0,0,0,0.275758137639899,0.170916997182828,0,0.29788938164711,0,0
0,0.260969327762723,0,0,0,0,0,0,0,0,0,0,0,0,0,0.133271684700792,0.217771738767624,0.146098046773864,0.217982068657875,0,0,0.196179983392358,0,0.264010679666643,0,0.181511726681933,0,0.120522066950798,0,0,0,0,0,0,0,0,0,0,0,0,0,0,0,0,0,0,0,0,0,0.286454033000129,0,0,0,0,0,0,0,0.328359951766638,0,0.323979126779657,0,0.287306141696478,0,0,0.317511335157665,0,0.301196079373051,0,0,0,0.297977767492595,0,0,0,0,0,0,0,0,0,0,0,0.177227354720235,0,0.30928819709354,0,0
0,0,0,0,0,0,0,0,0.195198755392006,0,0,0,0,0,0.183567998257089,0,0.162458968996928,0.199796985653998,0.267647577639745,0,0,0,0.133581591149171,0,0.139557815954813,0,0.144705680163041,0,0.151048751547933,0,0,0,0,0,0,0.371322005987167,0,0,0,0.322727918624878,0.318254292011261,0,0.270587801933289,0,0,0,0,0,0.213969760207516,0,0,0,0,0,0.170354618053687,0,0,0,0.196503639221191,0,0.190684003535635,0,0,0,0,0.273952536924247,0,0.159879361455505,0,0,0,0.258926987134177,0.338283479213715,0,0,0,0,0,0.314129024744034,0.349528193473816,0.298111319541931,0,0.167977696194307,0.151304638063585,0.274126574397087,0,0
0,0,0,0,0,0,0,0,0,0,0,0,0,0,0,0,0,0,0,0,0,0.245142085285022,0,0.292235761880875,0,0.149000689387321,0,0.167504282279101,0,0.155487700226557,0,0,0,0,0,0,0,0.166387656331062,0,0,0,0,0,0,0,0,0,0,0,0.301674390280688,0,0,0,0,0,0,0,0.432992982678115,0,0.233693933486938,0,0,0,0,0.259078849573533,0,0.294666526218255,0,0.297977767492595,0,0,0,0.172099682502449,0,0,0,0,0,0,0,0.271187190683534,0,0,0,0.368471086025238,0,0
0,0,0,0,0.29959973692894,0,0,0,0,0,0.314667105674744,0,0.203730389475822,0,0.181769934296608,0,0.159840862198574,0.166491359472275,0.214884489774704,0,0.334719315171242,0,0.276485115665348,0,0.155891246029309,0,0.159195363521576,0,0.215366876012986,0,0.16716394679887,0,0,0,0,0,0,0,0,0,0.300391480326653,0,0.282725274562836,0,0,0,0,0,0.229683469049633,0,0,0,0,0,0,0,0.304816150180129,0,0.220448005437498,0,0.201635356012144,0,0,0.351915483291333,0,0.250480203862701,0,0,0,0.258926987134177,0,0,0,0.34736768352358,0,0,0,0,0,0.334824593578066,0,0,0.160641630567037,0.181031957268715,0.287054806947708,0,0
0,0,0,0.324137396383576,0,0,0,0,0,0,0,0.20788093342277,0,0,0,0,0.381111204624176,0,0.415509889083626,0.206031707200137,0,0,0,0,0,0,0,0.171482067023005,0,0.209177577360857,0,0,0,0,0,0.277097710718711,0,0.158403438915099,0,0.350290928568159,0,0.40610339190397,0,0.412786728956483,0,0.330767655929015,0,0,0,0.447991879284382,0,0,0,0,0,0,0.332298338413239,0.274068186470535,0,0,0,0,0.313616881413119,0,0,0,0,0,0,0.338283479213715,0.172099682502449,0,0,0,0,0,0,0,0.292515944245212,0.391826897859573,0.256283196514776,0,0.291168264323665,0.31167596578598,0.339606252183744,0.410902279661968,0
0,0,0.328464125593503,0,0.304788575224254,0,0,0,0.312643557786942,0,0.21136766175429,0,0,0,0,0,0,0,0.405646133422852,0,0.309454868237178,0,0,0,0,0,0,0,0.187461171107194,0,0.205604911224836,0,0,0,0,0,0.306243281154072,0,0.226334055998181,0,0.291713461279869,0,0.41947696654542,0,0,0,0.382940850087575,0,0.281747502585252,0,0,0,0,0,0.300639798243841,0,0.26371443370978,0,0,0,0,0,0,0.379911906771607,0,0,0,0,0,0,0,0.34736768352358,0,0,0,0,0,0,0,0.310520365923465,0,0.250539471553702,0.229452269042239,0.192375876311515,0.405954306760029,0,0.417374801986358
