0,0,0.0292453318811871,0,0.000145831065251567,0,0,0,0.0584170091666969,0,0,0,0,0,0.0117604423291207,0,0.000502480724267891,4.88209648826345e-06,9.14235985233734e-05,0,0,0,0,0,0.0025817821334375,0,0.0006795907376961,0,0,0,0,0,0,0,0,0,0,0,0,0,1.17638689284319e-05,0,0.000502402438294391,0,0,0,0,0,0.0467750367277361,0,0,0,0,0,0.0263691715774807,0,0.00176545344583687,0,0,0,0.0094610063784371,0,0,0,0,0,0,0.000914700915229024,0,0.000509666759464649,0,0,0,0,0,0,0,0,0,1.78403809289908e-06,0,0,0.0010563318731971,0,0.0138922944474357,0,0.000869260472177568
0,0,0,0.0876466821698979,0,0.000510864948249961,0,0,0,0.078997018297543,0,0,0,0.000445978559962538,0,0.025284864165114,0,0,0.000119018938766243,0,0,0,0,0.000114260025502908,0,0,0,0,0,0,0,0,0,4.29391720362055e-05,0,0,0,8.45100291198955e-05,0,0,0,0.00311923137085548,0,0,0,0,0,0.000111880577498664,0,0.0153489537937817,0,0.00118985362130847,0,0,0,0.0676972776190531,0,0,0,0.000572307068849058,0,0.0209778214341514,0,0,0,0,0,0,0,0,0,0,0,0,0,0,0,0,0,0,7.10383838233601e-05,0,0.000935155110416809,0,0.00534018322724926,0.00160942737540709,0
0.0292453318811871,0,0,0,0.0407968881991452,0,0,0,0.0217976640457837,0,0,0,0,0,0,0,0,0,0,0,0,0,0,0,0,0,0,0,0,0,0,0,0,0,0,0,6.83210000901014e-05,0,0,0,0,0,0,0,0,0,0,0,0.010794224079957,0,0.00172180120315449,0,0,0,0.0283588618938392,0,0.00162768793473575,0,0.00264520271279471,0,7.67721395408018e-05,0,0,8.98381916250952e-05,0,0,0,0,0,0,0,0,0,0,0,0,0,0,0,0,0,0,0.000423352313210386,0,0.011670235125229,0,0
0,0.0876466821698979,0,0,0,0.00069955194113102,0,0,0,0.0158686182951701,0,0,0,0,0,0,0,0,0,0,0,0,0,0,0,0,0,0,0,0,0,0,0,0,0,0,0,3.28855801373257e-05,0,0,0,0.00200972715233375,0,0,0,0.00645996420621004,0,3.6497462024789e-05,0,0.00316220056527735,0,0.0100438919095037,0,0,0,0.00100769946393674,0,0,0,0,0,0.00434435647945874,0.000122060763506893,0,0,0,0,0,0,0,0,0,0,0,0,0,0,0,0,0,2.85960890376044e-06,0,0.000486828611948352,0,0.0288125478235497,0.00243071994468738,0
0.000145831065251567,0,0.0407968881991452,0,0,0,0,0,0.00161030682660808,0,0,0,0,0,0,0,0,0,0,0,0.000339733807433415,0,0,0,0,0,0,0,0,0,0,0,0,0,0,0,0.000260649091322452,0,0,0,0,0,0,0,0,0,0.000154021421245446,0,0.00107618727571773,0,0.00849369531790295,0,0,0,0.0109838474911159,0,0.000404992491410915,0,0,0,0,0,0,0.00648005434415802,0,0,0,0,0,0,0,0,0,0,0,0,0,0,0,0,0,0,0.000638578164021385,2.02581567720759e-05,0.0147406102710689,0,0
0,0.000510864948249961,0,0.00069955194113102,0,0,0,0.00198988055320402,0,0.00346619061977868,0,0,0,0,0,0,0,0,0,3.7678602330702e-05,0,0,0,0,0,0,0,0,0,0,0,0,0,0,0,0,0,2.60203498972198e-06,0,0,0,0,0,0,0,0.000796369311714879,0,0,0,0.000453829916821448,0,0.0182735059666204,0,8.07989875019968e-05,0,0.00316656554798167,0,0,0,0,0,0.000503046838206105,0.00338905863417828,0,0,0,0,0,0,0,0,0,0,0,0,0,0,0,9.47854256686063e-06,0,0,0,0.000636594878722495,0,0.00189706723540202,0,0
0,0,0,0,0,0,0,0,0,0,0.00211875082237394,0,0,0,0,0,0,0,0,0,0,0,0,0,0,0,0,0,0,0,0,0,0,0,0,0,0,0,0,0,0,0,0,0,0,0,0,0,0,0,0,0,0.00258566629938908,0,0,0,0.00488250927045271,0,0,0,0,0,0,0,0,0,0,0,0,0,0,0,0,0,0,0,0,0,0,0,0,0,7.21371541923441e-05,0,0,0,0
0,0,0,0,0,0.00198988055320402,0,0,0,0,0,0.00487417765648136,0,0,0,0,0,0,0,0,0,0,0,0,0,0,0,0,0,0,0,0,0,0,0,0,0,0,0,0,0,0,0,0,0,0,0,0,0,0,0,0.00127944142393113,0,0.102631569095334,0,0,0,0.00775870966757823,0,0,0,0,0,0,0,0,0,0,0,0,0,0,0,0,0,0,0,0,0,0,0,0,0.00243452286359912,0,0,0,0
0.0584170091666969,0,0.0217976640457837,0,0.00161030682660808,0,0,0,0,0.000496688510879886,0,0,0,0,0.036701486964522,0,0.0247737126416099,0.00317902790695121,0.00461729946169489,0,0,0,0,3.99376216862967e-05,0.0174460057956199,0,0.0198877208112114,0,0,0,0,0,0,0,0,0,0,0,0.000540539858931393,0.000202562119557948,0.000321641817905363,0.000128589345740505,0.000247432910812064,0,4.69526899901903e-05,0,0.000300332494153511,0,0.00130411751291783,0,0,0,0,0,0.0439795697828869,0.00072665236719597,0,0,0,0,0.0153282551604347,0,0,5.76145414060608e-05,0,0,0,0.00339818576230775,0,0.0112412065023695,0,0,0,0,0,0,0,0,1.0014022849989e-05,6.01906198955627e-05,2.48219629358051e-05,0.000431678727938825,0.0020873279054944,0,0.00946897075430991,0,0
0,0.078997018297543,0,0.0158686182951701,0,0.00346619061977868,0,0,0.000496688510879886,0,0,0,0,0.00038346857342712,0.000383312905588604,0.00925578098049833,0.00161695238092015,0.00754768814155588,0.0051370840324287,0,0,0,0,0.0032218657742395,0,0.0033519003669161,0.000288224942124024,0,0,0,0,0,0,0,0,0,0,0.000881168623462457,0,4.74002364075441e-05,0,0.000571861619800148,0,0,0,0.00116863248977771,0.000102118384791919,0.000179676657956007,0,0.00310256064258283,0,0,0,0,0.000468486876299763,0.0717701698264559,0,0,0,0,0.000303701338170426,0.00480208363451036,0,0,0,0,0.00418131826236231,0,0.000194643780444974,0,0,0,0,0,0,0,0,0,2.46438109451403e-06,1.10795369737783e-05,0.000767027419799028,0,0.00168085066309261,0,0.00789381808605919,0.000958700939659335,0
0,0,0,0,0,0,0.00211875082237394,0,0,0,0,0,0.0010759076664172,0,0,0,0,0,0,0,0.00435345795187835,0,0,0,0,0,0,0,0,0,0.00988587326825909,0,0,0,0,0,0.0015985724526747,0,0.00438527678194517,0,0,0,0.000108804572364136,0,0,0,9.7032331489162e-05,0,0,0,0,0,0,0,0,0,0.0473294379581703,0,0.000248321059956771,0,0,0,0,0.00161249631141609,0,0,0,0,0,0,0,0,0,0.00396497803294859,0,0,0,0,0,4.44372646149558e-05,0,0.0012796607149467,0.00121763565781943,0,3.01685143587494e-05,0,0
0,0,0,0,0,0,0,0.00487417765648136,0,0,0,0,0,0.0118510666955228,0,0,0,0,0,0.0124011474247422,0,0,0,0,0,0,0,0,0,0.000385451093483249,0,0,0,0,0,0.000319571249398145,0,0.00298723340438776,0,0,0,0,0,0,0,0,0,0,0,0,0,0,0,0.0119403352294165,0,0,0,0.081855139681216,0,0.00494687689013659,0,0,0.000207673865914117,0,0,0,0,0,0,0,0,0,0.00516626381729165,0,0,0,0,0,0,0,0.000626223960164979,0,0.000697779823595733,0,0.000317528710965119,0,0
0,0,0,0,0,0,0,0,0,0,0.0010759076664172,0,0,0,0,0,0,0,0,0,0,0,0,0,0,0,0,0,0,0,0,0,0,0,0,0,0,0,0,0,0,0,0,0,0,0,0,0,0,0,0,0,0,0,0,0,0,0,0.0037908186623342,0,0,0,0,0,0,0,0,0,0,0,0,0,0,0,0,0,0,0,0,0,0,0,0,0,0,0,0
0,0.000445978559962538,0,0,0,0,0,0,0,0.00038346857342712,0,0.0118510666955228,0,0,0,0.00174725890336534,0,0,0,0,0,0,0,0,0,0,0,0,0,0,0,0,0,0,0,0,0,0,0,0,0,0,0,0,0,0,0,0,0,0,0,0,0,0,0,0,0,0.00346056045101585,0,0.0172018404711913,0,0.000148239884312982,0,0,0,0,0,0,0,0,0.00376018526929449,0,0,0,0,0,0,0,0,0,0,0,0.000125146631459464,0,0,0,0
0.0117604423291207,0,0,0,0,0,0,0,0.036701486964522,0.000383312905588604,0,0,0,0,0,0.000553411953218508,0.015715854961237,0.000420393707554505,0.000521922428005171,0,0,0,0,0,0.00391059216777757,0,0.014709549845602,0,0,0,0,0,0,0,0,0,0,0,0,0,0,0,0.000113094949556039,0,0,0,4.73762514206742e-05,0,0,0,0,0,0,0,0.0138371633796118,0,0,0,0,0,0.0289886117452615,0,0,1.82046377343557e-05,0,0,0,0.000344448855268483,0,0.00816947860517464,0,0,0,0,0,0,0,0,0,0,0,0,0.000683228053890018,0,0,0,0
0,0.025284864165114,0,0,0,0,0,0,0,0.00925578098049833,0,0,0,0.00174725890336534,0.000553411953218508,0,0.000142158073720144,0.00924225338922579,0.00130749983203713,0,0,0,0,0.00197091252619234,0,0.0207796372223495,0,0,0,0,0,0,0,0,0,0,0,0,0,0,0,0,0,0,0,0,0,0,0,0.00250888055096184,0,0,0,0,0,0.0283253442887289,0,0,0,6.22849332145925e-05,0,0.0295550372982694,0,0,0,0,0.000250972604087998,0,0.00891624220410932,0,0,0,0,0,0,0,0,0,0,0,0,0,0.000319318886339614,0,0,0,0
0.000502480724267891,0,0,0,0,0,0,0,0.0247737126416099,0.00161695238092015,0,0,0,0,0.015715854961237,0.000142158073720144,0,0.0900882404038343,0.0691061059094256,0,0,6.34884417363457e-05,0.000452981251322834,0.000307306643873673,0.0132103902631875,0.000494341093331646,0.0363572167458254,0,0,0,0,0,0,0,0,0,1.21193744069895e-05,0,0,0.000289552435600415,0.000558469048482045,0.000686230844931655,0.00106500102307515,5.3731609180158e-05,0.000259438670026578,0.000142624651780274,0.00156538636044263,0,0,3.61461421365112e-05,0,0,0,0,0.00475476387507156,0.000169118764509111,0,0,0,0,0.00473516916895623,0,0,0.000300220722821815,0,2.50899877978889e-05,0,0.00258330455752414,2.90365791856164e-05,0.0138568163782704,0,0,0,0,0,0,0,0,0.000275361430213108,0.00105671106429288,0.000158066778817266,0,0.0141314557522617,0.000861778229179551,0.00099579489631286,0,1.0718982782135e-05
4.88209648826345e-06,0,0,0,0,0,0,0,0.00317902790695121,0.00754768814155588,0,0,0,0,0.000420393707554505,0.00924225338922579,0.0900882404038343,0,0.0816205587056584,0,0,0.00896492992159508,0,0.0114714412176884,0.00110523145216796,0.0284393165086717,0.000712859011615871,0,0,0,0,0,0,0,0,4.93537795796623e-06,0,0,0,0.000192515251416961,0.000185705135200886,0.000541607138131704,0.000250151397657993,0.000140710319232331,8.33776628030853e-05,6.81173876314533e-05,0.000902658261364124,0,0,4.13665312539789e-05,0,0,0,0,0.000241892667438963,0.00155849768402255,0,0,0,0,6.43137233183052e-05,0.000829231032914616,0,0.000125768617570551,0.00292284454656001,0,0.0009177325131197,0.00037327053369353,0.00373726138465288,0.00011352645430899,0,0,0,0,0,0,0,0,0.000121767981697559,0.000438670476067161,8.08558372218569e-05,1.82834616039147e-05,0.0200933334401119,0.000585872145267834,0.000404525419877522,6.64436464253753e-06,0
9.14235985233734e-05,0.000119018938766243,0,0,0,0,0,0,0.00461729946169489,0.0051370840324287,0,0,0,0,0.000521922428005171,0.00130749983203713,0.0691061059094256,0.0816205587056584,0,0,7.96061497330545e-06,0,0,0.000947122822324557,0.000808622035403259,0.00136891611985219,0.000516563266771444,0,0,0,0,0,0,0,0,3.87678141009576e-05,0.000113017712532459,9.94647933057763e-07,0,0.0069036767649303,0.00587622740932533,0.0476333537347029,0.0306471634859243,0.00211605614341576,0.00444617291597865,0.002087561251594,0.014499129695427,6.35832596860904e-05,0.000610600923537508,0.00159306941405304,0,0,0,0,0.000143623464029422,0.00144160762878765,0,0,0,0,0.000184500007666733,7.73555182057061e-05,0,0.00273421265791609,0,0,0,0.000230981830035126,0,0.000367523185985854,0,0,4.67288027648072e-06,0,0,0,0,0,0.00431222043627867,0.00681094592825846,0.00247281679723752,0.000132840318590042,0.0148982595827959,0.000284392476541714,0.01542437541087,0.00309287775549285,0.00228163344459016
0,0,0,0,0,3.7678602330702e-05,0,0,0,0,0,0.0124011474247422,0,0,0,0,0,0,0,0,0,0,0,0,0,0,0,0,0,0,0,0,0,0,0,0.00511750246235164,0,0.000525084515951163,0,0,0,0,0,0,0,0.000751107128616323,0,0,0,0,0,0,0,0,0,0,0,0.00156595450271954,0,0,0,0,0.10805534509163,0,0,0,0,0,0,0,0,0,0.000110084497775084,0,0,0,0,0,0.00554980473137779,0,0.00043745249973504,0,0.000493674694637078,0,0,0,0
0,0,0,0,0.000339733807433415,0,0,0,0,0,0.00435345795187835,0,0,0,0,0,0,0,7.96061497330545e-06,0,0,0,0,0,0,0,0,0,0,0,0,0,0,0,0,0,0.00254022871180507,0,0.000192870907222375,0,0.000903153227767695,0,0.013910097994884,0,0,0,0.0247965818368472,0,0.000567007628131547,0,0,0,0,0,0,0,5.16723232502395e-05,0,0,0,0,0,0,0.193141530001065,0,0,0,0,0,0,0,0,0,0,0,0,0,0,0,0.00639763745591549,0,0.00856599037546946,0.00129196479480951,0,0.0251209343041112,0,0.000296344949774312
0,0,0,0,0,0,0,0,0,0,0,0,0,0,0,0,6.34884417363457e-05,0.00896492992159508,0,0,0,0,0.0117551971915369,0.00222277167818938,0,0.00409142959971394,0,0,0,0,0,0,0,0.00132460919126584,0,0,0,0.00977914783742783,0.000227859412072484,0,0,0,0,0,0,0,0,4.81401764825711e-06,0,0.00923010260040035,0,0,0,0,0,0,0,0,0,0,0,0,0,0,0.0846736028955642,0.000362516372722392,0.00379628271509882,0,0,0,0.000335944842348723,0,0,0,0,0,0.000602488594904773,0,0,0,0.00421160707865531,7.06259444386315e-05,0.00326439719229469,0.000639974415504181,0,0,0
0,0,0,0,0,0,0,0,0,0,0,0,0,0,0,0,0.000452981251322834,0,0,0,0,0.0117551971915369,0,0,0.00081493147539828,0,0.00466337894256699,0,0.000145049681483849,0,0,0,0,0,0,0,0,0,0.00489103949708085,0,0,0,0,0,0,0,0,0,0.00300465285642296,0,0,0,0,0,0,0,0,0,0,0,0,0,0,0,0.00168279861034751,0.113053479046708,0,6.28793485893714e-05,0,0.000933068930041085,0,0.00162056439972074,0,0,0,0,0,0,0,0,0,0.00170636188799269,0.00246515146986065,0.000166329715448154,0,0,0
0,0.000114260025502908,0,0,0,0,0,0,3.99376216862967e-05,0.0032218657742395,0,0,0,0,0,0.00197091252619234,0.000307306643873673,0.0114714412176884,0.000947122822324557,0,0,0.00222277167818938,0,0,0,0.0288844356312474,0,0,0,0,0,0,0,0.00145140456599303,0,0,0,0.00472634657384833,0,0,0,4.89204894112785e-05,0,0,0,0,3.91875444031662e-05,0,0,9.25609128608752e-05,0,0,0,0,0,0.0126911232211495,0,0,0,0,0,0.0022475601996957,0,0,0.0059296903360958,0,0.0704739033485888,0,0.00353548963333929,0,0,0,0,0,0,0,0,0,0,0,0.00171005039859263,0,0.000673612192029932,5.23767266713548e-06,0,0,0
0.0025817821334375,0,0,0,0,0,0,0,0.0174460057956199,0,0,0,0,0,0.00391059216777757,0,0.0132103902631875,0.00110523145216796,0.000808622035403259,0,0,0,0.00081493147539828,0,0,0,0.03594644912179,0,0,0,0,0,0,0,0,0,0,0,0.00225536072976668,0,0,0,2.04385480825071e-05,0,0,0,2.89224335674647e-05,0,0.000863608026164119,0,0,0,0,0,0.0146248686393073,0,0,0,0,0,0.00163780352932414,0,0,1.5885688722957e-05,0,0.000542466815646573,0,0.0811565579596837,0,0.0312961467115483,0,4.25092611082774e-05,0,0,0,0,0,0,0,3.24893033998056e-06,0,0.000363023312623631,0.000473924316477148,0,0.00277358306363894,0,0
0,0,0,0,0,0,0,0,0,0.0033519003669161,0,0,0,0,0,0.0207796372223495,0.000494341093331646,0.0284393165086717,0.00136891611985219,0,0,0.00409142959971394,0,0.0288844356312474,0,0,0,0.000100126024095975,0,0,0,0,0,0,0,0,0,0,0,0,0,0,0,0,0,0,0,0,0,0,0,0,0,0,0,0.00053391167365488,0,0,0,0,0,0.021358847594002,0,0,0.00107917044954171,0,0.00438912188972415,0,0.0750250772209316,0,0.000231855744052051,0,0,0,0,0,0,0,0,0,0,0,0.000532039050963532,0,0,0,0
0.0006795907376961,0,0,0,0,0,0,0,0.0198877208112114,0.000288224942124024,0,0,0,0,0.014709549845602,0,0.0363572167458254,0.000712859011615871,0.000516563266771444,0,0,0,0.00466337894256699,0,0.03594644912179,0,0,0,0.00371446130071329,0,0,0,0,0,0,0,0,0,0,2.21836280604594e-05,3.72736053681601e-05,0,2.8268172818828e-05,0,0,0,8.38480250155982e-05,0,0,0,0,0,0,0,0.00426896240489433,0,0,0,0,0,0.0172117609718043,0,0,0,0,0.00209075495823525,0,0.00120365310913234,0,0.129433868952167,0,0.000616761570099277,0,0,0,0,0,0,6.28472509127658e-06,0,0,0,0.00119741811918721,0,7.31247356985833e-05,0,0
0,0,0,0,0,0,0,0,0,0,0,0,0,0,0,0,0,0,0,0,0,0,0,0,0,0.000100126024095975,0,0,0,0.00143513190748686,0,0,0,0,0,0,0,0.0014907959260217,0,0,0,0,0,0,0,0,0,0,0,0,0,0,0,0,0,0,0,0,0,0.00262339478240976,0,0,0,0,0,0,0,0,0.00426671002021757,0,0.0227674006947311,0,0,0,0,0,0,0,0,0,0.000194570282458125,0,4.39599203109138e-05,0,0,0,0
0,0,0,0,0,0,0,0,0,0,0,0,0,0,0,0,0,0,0,0,0,0,0.000145049681483849,0,0,0,0.00371446130071329,0,0,0,0.000343613707032953,0,0,0,0,0,0,0,9.58927924978828e-05,0,0,0,0,0,0,0,0,0,0,0,0,0,0,0,0,0,0,0,0,0,0,0,0,0,0,0.00154221162815087,0,0,0,0.00527095580167901,0,0.0176221892703599,0,7.83282049018473e-05,0,0,0,0,0,0,0,0,3.93487683157054e-05,0,0,0,0
0,0,0,0,0,0,0,0,0,0,0,0.000385451093483249,0,0,0,0,0,0,0,0,0,0,0,0,0,0,0,0.00143513190748686,0,0,0,0,0,0,0,0,0,0.0061589995194465,0,0,0,0,0,0,0,0,0,0,0,0,0,0,0,0,0,0,0,0.00402525741925531,0,0,0,0,0,0,0,0,0,0,0,0,0,0,0.0388188857882921,0,0,0,0,0,0,0,0.00277468506933131,0,0.000121100446219082,0,0,0,0
0,0,0,0,0,0,0,0,0,0,0.00988587326825909,0,0,0,0,0,0,0,0,0,0,0,0,0,0,0,0,0,0.000343613707032953,0,0,0,0,0,0,0,0,0,0.00124615645278228,0,0,0,0,0,0,0,0,0,0,0,0,0,0,0,0,0,0.00582172451867215,0,0,0,0,0,0,0,0,0,0,0,0,0,0,0.00471361350053169,0,0.0686705710578498,0,0,0,0,0,0,0,0.00175212599095714,2.73296134809654e-05,0,0,0,0
0,0,0,0,0,0,0,0,0,0,0,0,0,0,0,0,0,0,0,0,0,0,0,0,0,0,0,0,0,0,0,0,0.0183017917629686,0.0131331420771653,0,0.00267117868892062,0,0,0,0,0,0,0,0,0,0,0,0.0283200702170564,0,0.000620652301210317,0,0,0,0,0,0,0,0,0,0,0,0,0,0,0,0,0,0,0,0,0,0,0,0,0.140046907414032,0.0215457211672209,0.00529400980338129,0.000590538171973324,0.0131350347239067,0.000495262905271243,0,0,0.00126131793792878,0,0,0,0
0,0,0,0,0,0,0,0,0,0,0,0,0,0,0,0,0,0,0,0,0,0,0,0,0,0,0,0,0,0,0,0.0183017917629686,0,0.000923342877706562,0.0111445082774269,0,0.0038427048746827,0,0,0,0,0,0,0,0,0,0,0.0199185255788922,3.09421329044777e-05,0,0,0,0,0,0,0,0,0,0,0,0,0,0,0,0,0,0,0,0,0,0,0,0,0,0.00671049722211135,0.109729496818981,0,0.0201521040996467,1.38497741992473e-05,0.00463037587811503,0,2.34954247533168e-05,0.00238776005630086,0,0,0,0
0,4.29391720362055e-05,0,0,0,0,0,0,0,0,0,0,0,0,0,0,0,0,0,0,0,0.00132460919126584,0,0.00145140456599303,0,0,0,0,0,0,0,0.0131331420771653,0.000923342877706562,0,0.0748716727778989,0.00256289875769114,0,0.00832532519308643,0.000385568016577,0,0,1.72952131126103e-05,0,0,0,0,0,0.0428523891372513,0,0.000221919214064671,0,0,0,0,0,0,0,0,0,0,0,0,0,0,0.000363057077875958,0,7.4238031283814e-05,0,0,0,0,0,0,0,0.00812854561460626,0.0133082759177024,0.239296594878743,0.0362095975640456,0.000161251440345257,0.00156593898471809,0.0137967672945938,1.59549736478538e-05,0.00149329857503092,0,0,0,0
0,0,0,0,0,0,0,0,0,0,0,0,0,0,0,0,0,0,0,0,0,0,0,0,0,0,0,0,0,0,0,0,0.0111445082774269,0.0748716727778989,0,3.15317211318465e-05,0.00136322196206652,9.67300223293104e-06,0.00168948247228903,0,0,0,0,0,0,0,0,0.0450281056606142,0.00477146881816048,0,0,0,0,0,0,0,0,0,0,0,0,0,0,0,0,0,0,0,0,0,0,0,0,0,0,0.00737799268724645,0.0475327620312709,0.216186094130176,2.95882160356535e-06,0.00560489623193806,0.000110477563920828,0.00960509588806071,0.00163291013981048,0,0,0,0
0,0,0,0,0,0,0,0,0,0,0,0.000319571249398145,0,0,0,0,0,4.93537795796623e-06,3.87678141009576e-05,0.00511750246235164,0,0,0,0,0,0,0,0,0,0,0,0.00267117868892062,0,0.00256289875769114,3.15317211318465e-05,0,0.000453095571539726,0.00654018514525672,8.61659543244199e-06,2.72241813192038e-05,0,0.000189580060534317,0,7.80704072842801e-05,0,0.000553301632513485,0,0.000908330304569093,3.64802684303127e-06,0.000118723681502769,0,0,0,0,0,0,0,0,0,0,0,0,0.00236251247058054,0,0,0,0,0,0,0,0,0,5.9222279404327e-06,0,0.00183114689971578,8.13756899858736e-06,0.00181204602374325,0,0.0644288299521893,6.32911053642781e-05,0.00428471210941848,0,0.011742702870444,0.000135402975660406,0.000625638393547455,0,0
0,0,6.83210000901014e-05,0,0.000260649091322452,0,0,0,0,0,0.0015985724526747,0,0,0,0,0,1.21193744069895e-05,0,0.000113017712532459,0,0.00254022871180507,0,0,0,0,0,0,0,0,0,0,0,0.0038427048746827,0,0.00136322196206652,0.000453095571539726,0,5.62998201602154e-06,0.00907980310769903,0,0.000180298885669535,0,0.000126104120384987,0,3.83079447981434e-05,6.46458035195077e-06,0.00138595370298893,0.00062993861198739,0.0003455655996087,0,0,0,0,0,0,0,0,0,0,0,0,0,0,0.00139453934610374,0,0,0,0,0,0,0,0,0,0,0,0.00232365696225657,0,0.000536823083416636,2.21572879014322e-06,0.0767673085825181,0,0.00406262911246315,0.0143295117163948,7.52806004850091e-05,0.00224154508871511,0,0
0,8.45100291198955e-05,0,3.28855801373257e-05,0,2.60203498972198e-06,0,0,0,0.000881168623462457,0,0.00298723340438776,0,0,0,0,0,0,9.94647933057763e-07,0.000525084515951163,0,0.00977914783742783,0,0.00472634657384833,0,0,0,0.0014907959260217,0,0.0061589995194465,0,0,0,0.00832532519308643,9.67300223293104e-06,0.00654018514525672,5.62998201602154e-06,0,0.000841786049311207,0,0,0.000148455920275015,0,0,0,4.63620403754915e-06,0,0.00560743640509461,0,0.002078070572935,0,0,0,0,0,7.35569760474666e-05,0,0.000760187131926845,0,0,0,0,5.18473555791457e-05,0,0.0019506301939218,0,0.000566835498592398,0,0,0,0.000497255473648495,0,0.000758225841522045,0,0,0,0.00333627186632748,0,0.0051215222068588,0,0.0977478399670485,0.000105290728183172,0.00504903087355801,0.000122187008682542,0.000686059917537304,2.99463128800336e-05,0
0,0,0,0,0,0,0,0,0.000540539858931393,0,0.00438527678194517,0,0,0,0,0,0,0,0,0,0.000192870907222375,0.000227859412072484,0.00489103949708085,0,0.00225536072976668,0,0,0,9.58927924978828e-05,0,0.00124615645278228,0,0,0.000385568016577,0.00168948247228903,8.61659543244199e-06,0.00907980310769903,0.000841786049311207,0,0,0,0,0.000378560041637884,0,0,0,6.10828294173326e-05,0.00096380025092496,0.0071303239998773,0,0,0,0,0,1.16651379659338e-05,0,0.00144407030921628,0,0,0,0,0,0,4.87695398122799e-05,7.20643878150952e-06,0.000873206201281054,0,0.000566299009353835,0,0,0,2.85147830367591e-06,0,0.000571889837943918,0,0,0,0,1.30476397860693e-05,0.00226094865558927,5.38134410800748e-05,0.0616361907082426,0.0090568953036209,8.06545763781645e-05,0.0010574441075342,0,0
0,0,0,0,0,0,0,0,0.000202562119557948,4.74002364075441e-05,0,0,0,0,0,0,0.000289552435600415,0.000192515251416961,0.0069036767649303,0,0,0,0,0,0,0,2.21836280604594e-05,0,0,0,0,0,0,0,0,2.72241813192038e-05,0,0,0,0,0.000120232941921682,0.0333445872644145,0.00247242521143659,0.0142540736335721,8.21894318505656e-05,0.0488878857479426,0.000327361446643799,0.00441037330690416,0.00172279859181855,0.0504535172739178,0,0,0,0,0,0,0,9.17240875985908e-06,0,0,0,0,0.000627225133215563,1.89046885082632e-05,0,0,0,0,0,0,0,0,1.31060706488988e-05,0,0,0,0,0,0.00449567241731976,4.57567848049305e-05,0.00216538537012303,0,0.000217624614254742,0,0.0127920841189293,0.000481619016661237,3.18250374796419e-05
1.17638689284319e-05,0,0,0,0,0,0,0,0.000321641817905363,0,0,0,0,0,0,0,0.000558469048482045,0.000185705135200886,0.00587622740932533,0,0.000903153227767695,0,0,0,0,0,3.72736053681601e-05,0,0,0,0,0,0,0,0,0,0.000180298885669535,0,0,0.000120232941921682,0,0.000441032004779406,0.0285106216011527,9.7311802073812e-05,0.00683704543907389,1.82564368618497e-05,0.0339257299600975,0.00933185297448574,0.0410192409482409,0.000206442638434494,0,0,0,0,0.000147547449087548,0,0,0,0,0,0,0,0,0.0110902854294566,0,0,0,0,0,0,0,0,0,0,0,0.000338942824160032,0,0,2.60418241531767e-05,0.0103958140438412,2.05513006936624e-05,9.91079552810292e-05,0.000161954784781827,1.06485406612562e-06,0.0181933045528835,0,0.00109902578322985
0,0.00311923137085548,0,0.00200972715233375,0,0,0,0,0.000128589345740505,0.000571861619800148,0,0,0,0,0,0,0.000686230844931655,0.000541607138131704,0.0476333537347029,0,0,0,0,4.89204894112785e-05,0,0,0,0,0,0,0,0,0,1.72952131126103e-05,0,0.000189580060534317,0,0.000148455920275015,0,0.0333445872644145,0.000441032004779406,0,0.0131169576603157,0.0271802299326445,0.000812285110464625,0.031813955830809,0.00149118427630372,0.0106110339290408,0.000313850040345575,0.0860783603947048,0,0,0,0,0,4.38393233918033e-05,0,1.77597244830987e-05,0,0,0,0,0.000281296290499449,0.000236671876494095,0,0,0,0,0,0,0,0,0.00113016812829412,0,0,0,0,0,0.0247806233293249,0.000552326832386538,0.0230298308992895,5.76385398135077e-06,0.00406182363680718,0,0.065148532177088,0.0973071172428311,0.000378393115749015
0.000502402438294391,0,0,0,0,0,0,0,0.000247432910812064,0,0.000108804572364136,0,0,0,0.000113094949556039,0,0.00106500102307515,0.000250151397657993,0.0306471634859243,0,0.013910097994884,0,0,0,2.04385480825071e-05,0,2.8268172818828e-05,0,0,0,0,0,0,0,0,0,0.000126104120384987,0,0.000378560041637884,0.00247242521143659,0.0285106216011527,0.0131169576603157,0,6.37043667290379e-06,0.00347862658483212,0.00128204641507499,0.023650382747883,0.00313627666280107,0.0222156205382584,0.00288975454883298,0,0,0,0,0,0,0.000380524964441204,0,0,0,0,0,0,0.0250202609261204,0,0,0,0,0,0,0,0,0,0,0,0,0,0,0.000574141025449483,0.0184742049502783,0.000303853900189631,0.000195336449409563,0.00252629665522944,0,0.125051022921805,0.000350227004408327,0.0639328099748664
0,0,0,0,0,0,0,0,0,0,0,0,0,0,0,0,5.3731609180158e-05,0.000140710319232331,0.00211605614341576,0,0,0,0,0,0,0,0,0,0,0,0,0,0,0,0,7.80704072842801e-05,0,0,0,0.0142540736335721,9.7311802073812e-05,0.0271802299326445,6.37043667290379e-06,0,0,0.00462134876365287,0.000202576310644564,0.000188328795970289,0,0.000894380109840497,0,0,0,0,0,0,0,0,0,0,0,0,0,0.000115953383108732,0,0,0,0,0,0,0,0,0,0,0,0,0,0,0.00387478790573386,3.03810984825899e-05,0.00080295398752022,1.47298085547799e-06,2.48008169869328e-05,0,0.00167692008168401,0.00393474983265949,0
0,0,0,0,0,0,0,0,4.69526899901903e-05,0,0,0,0,0,0,0,0.000259438670026578,8.33776628030853e-05,0.00444617291597865,0,0,0,0,0,0,0,0,0,0,0,0,0,0,0,0,0,3.83079447981434e-05,0,0,8.21894318505656e-05,0.00683704543907389,0.000812285110464625,0.00347862658483212,0,0,0,0.0131911117191464,0,8.87998104688939e-05,0,0,0,0,0,0,0,0,0,0,0,0,0,0,0.00214919072193984,0,0,0,0,0,0,0,0,0,0,0,0,0,0,9.14669174378704e-06,0.00202613797272559,1.86239854253123e-05,6.14834112877309e-05,4.34325097216559e-05,0,0.00360489656679746,0,0
0,0,0,0.00645996420621004,0,0.000796369311714879,0,0,0,0.00116863248977771,0,0,0,0,0,0,0.000142624651780274,6.81173876314533e-05,0.002087561251594,0.000751107128616323,0,0,0,0,0,0,0,0,0,0,0,0,0,0,0,0.000553301632513485,6.46458035195077e-06,4.63620403754915e-06,0,0.0488878857479426,1.82564368618497e-05,0.031813955830809,0.00128204641507499,0.00462134876365287,0,0,8.10708651488917e-05,0.00358456601911114,0.0011616537461024,0.0391384531864297,0,0,0,0,0,0,0,0.00173338132815697,0,0,0,0,0.0657404594774727,4.19018213078108e-05,0,0,0,0,0,0,0,0,0.0028595383237502,0,0,0,0,0,0.0280028709753914,0.000112989073341813,0.0156059988051991,0,0.000272208482242294,0,0.0630739234942341,0.00352760076268918,0
0,0,0,0,0.000154021421245446,0,0,0,0.000300332494153511,0.000102118384791919,9.7032331489162e-05,0,0,0,4.73762514206742e-05,0,0.00156538636044263,0.000902658261364124,0.014499129695427,0,0.0247965818368472,0,0,3.91875444031662e-05,2.89224335674647e-05,0,8.38480250155982e-05,0,0,0,0,0,0,0,0,0,0.00138595370298893,0,6.10828294173326e-05,0.000327361446643799,0.0339257299600975,0.00149118427630372,0.023650382747883,0.000202576310644564,0.0131911117191464,8.10708651488917e-05,0,0.000162739377776723,0.0310090898729793,3.32371205108775e-05,1.61621492486354e-05,0,0,0,0,0,0.000731672641355965,0,0,0,0,0,0,0.113608282286315,0,0,0,0,0,0,0,0,0,0,0,0,0,0,0.000137991250097863,0.0333438134941631,0.000150693099480885,0.00492083286658533,0.000695661525370486,1.27434649140122e-05,0.0550195924952477,2.19560192020641e-05,0.00449422772966779
0,0.000111880577498664,0,3.6497462024789e-05,0,0,0,0,0,0.000179676657956007,0,0,0,0,0,0,0,0,6.35832596860904e-05,0,0,4.81401764825711e-06,0,0,0,0,0,0,0,0,0,0.0283200702170564,0.0199185255788922,0.0428523891372513,0.0450281056606142,0.000908330304569093,0.00062993861198739,0.00560743640509461,0.00096380025092496,0.00441037330690416,0.00933185297448574,0.0106110339290408,0.00313627666280107,0.000188328795970289,0,0.00358456601911114,0.000162739377776723,0,0.122944386603212,0.0281852496280551,0,0,0,0,0,0,0,0,0,0,0,0,0,0.000110825375056853,0,0,0,0,0,0,0,1.20068190978989e-05,1.35210945841485e-05,0,0.0296636468534616,0.0396701664873731,0.0123296630198066,0.00634850946576154,0.00570257476273324,0.00174250286567945,0.00315726840619753,0.00556220166783008,0.00350972548862499,0.000878793335446727,0.0127316600274427,0.0011591506350559,0
0.0467750367277361,0,0.010794224079957,0,0.00107618727571773,0,0,0,0.00130411751291783,0,0,0,0,0,0,0,0,0,0.000610600923537508,0,0.000567007628131547,0,0.00300465285642296,0,0.000863608026164119,0,0,0,0,0,0,0,3.09421329044777e-05,0,0.00477146881816048,3.64802684303127e-06,0.0003455655996087,0,0.0071303239998773,0.00172279859181855,0.0410192409482409,0.000313850040345575,0.0222156205382584,0,8.87998104688939e-05,0.0011616537461024,0.0310090898729793,0.122944386603212,0,0.00398940241770469,0.00378703487903003,0,0,0,0.00188849955127229,0,0.00813760495698815,0,0.00589869754351748,0,0.00165388875437492,0,0,0.00598051576118346,0,0.0119057620166909,0,0.000923566950499235,0,0.0147147155956721,0,0.0120624252408528,0,0.000122248650495933,0,0,0,0.00123105688295319,3.00099054000667e-05,0.0050998044031659,2.23494009459662e-05,0.0221521917798823,0.0015192236197716,0,0.0787083356685331,0,7.34805325634472e-05
0,0.0153489537937817,0,0.00316220056527735,0,0.000453829916821448,0,0,0,0.00310256064258283,0,0,0,0,0,0.00250888055096184,3.61461421365112e-05,4.13665312539789e-05,0.00159306941405304,0,0,0.00923010260040035,0,9.25609128608752e-05,0,0,0,0,0,0,0,0.000620652301210317,0,0.000221919214064671,0,0.000118723681502769,0,0.002078070572935,0,0.0504535172739178,0.000206442638434494,0.0860783603947048,0.00288975454883298,0.000894380109840497,0,0.0391384531864297,3.32371205108775e-05,0.0281852496280551,0.00398940241770469,0,0,0,0,0,0,1.57332922603139e-05,0,3.15947078148486e-05,0,0.000574216008276819,0,0.00440888279785056,0.00669911644612239,0,0.0183408050339988,0,0.00368440485746347,0,0.000576387413353168,0,0.00366605460830388,0,0.00401887779936257,0,0,0,0,0,0.00905574016395588,1.33370764791751e-05,0.0169094712666661,0,0.000807792994813988,0,0.037410017183731,0.00995433487858228,4.99764926986158e-05
0,0,0.00172180120315449,0,0.00849369531790295,0,0,0,0,0,0,0,0,0,0,0,0,0,0,0,0,0,0,0,0,0,0,0,0,0,0,0,0,0,0,0,0,0,0,0,0,0,0,0,0,0,1.61621492486354e-05,0,0.00378703487903003,0,0,0,0,0,0.033688201623927,0,0.00207704798346145,0,0.00199538398931242,0,0.00240247915381968,0,0,0.00675376878682804,0,0,0,0,0,0,0,0,0,0,0,0,0,0,0,0,0,0,0,0,0.00232477575573292,0,0
0,0.00118985362130847,0,0.0100438919095037,0,0.0182735059666204,0,0.00127944142393113,0,0,0,0,0,0,0,0,0,0,0,0,0,0,0,0,0,0,0,0,0,0,0,0,0,0,0,0,0,0,0,0,0,0,0,0,0,0,0,0,0,0,0,0,0,0.0333704193217245,0,0,0,0.000108852361276298,0,0.00394865940706955,0,0.0103661052111045,0,0,0,0,0,0,0,0,0,0,0,0,0,0,0,0,0,0,0,0,4.99113081921683e-06,0,0,0,0
0,0,0,0,0,0,0.00258566629938908,0,0,0,0,0,0,0,0,0,0,0,0,0,0,0,0,0,0,0,0,0,0,0,0,0,0,0,0,0,0,0,0,0,0,0,0,0,0,0,0,0,0,0,0,0,0,0,0,0,0,0,0,0,0,0,0,0,0,0,0,0,0,0,0,0,0,0,0,0,0,0,0,0,0,0,0,0,0,0,0
0,0,0,0,0,8.07989875019968e-05,0,0.102631569095334,0,0,0,0.0119403352294165,0,0,0,0,0,0,0,0,0,0,0,0,0,0,0,0,0,0,0,0,0,0,0,0,0,0,0,0,0,0,0,0,0,0,0,0,0,0,0,0.0333704193217245,0,0,0,0,0,0.02617815123804,0,0,0,0,0,0,0,0,0,0,0,0,0,0,0,0,0,0,0,0,0,0,0,0,4.83523732574679e-05,0,0,0,0
0.0263691715774807,0,0.0283588618938392,0,0.0109838474911159,0,0,0,0.0439795697828869,0.000468486876299763,0,0,0,0,0.0138371633796118,0,0.00475476387507156,0.000241892667438963,0.000143623464029422,0,0,0,0,0,0.0146248686393073,0,0.00426896240489433,0,0,0,0,0,0,0,0,0,0,0,1.16651379659338e-05,0,0.000147547449087548,0,0,0,0,0,0,0,0.00188849955127229,0,0.033688201623927,0,0,0,0,0,0,0,0.00137492040867852,0,0.00768744930514858,0,0,2.86743508260681e-05,0,0,0,0.00416661361034404,0,0.00253383710478769,0,0,0,0,0,0,0,0,0,3.04858215857595e-06,0,0.000111059160521445,0.000294507251508007,0,0.00187054699489137,0,0
0,0.0676972776190531,0,0.00100769946393674,0,0.00316656554798167,0,0,0.00072665236719597,0.0717701698264559,0,0,0,0,0,0.0283253442887289,0.000169118764509111,0.00155849768402255,0.00144160762878765,0,0,0,0,0.0126911232211495,0,0.00053391167365488,0,0,0,0,0,0,0,0,0,0,0,7.35569760474666e-05,0,0,0,4.38393233918033e-05,0,0,0,0,0,0,0,1.57332922603139e-05,0,0,0,0,0,0,0,0,0,0,0,0.00504085716539942,0,0,0,0,0.0228122743634532,0,0,0,0,0,0,0,0,0,0,0,0,0,4.47101430612932e-05,0,0.000520319080151482,0,0.000832792557970353,0,0
0.00176545344583687,0,0.00162768793473575,0,0.000404992491410915,0,0.00488250927045271,0,0,0,0.0473294379581703,0,0,0,0,0,0,0,0,0,5.16723232502395e-05,0,0,0,0,0,0,0,0,0,0.00582172451867215,0,0,0,0,0,0,0,0.00144407030921628,0,0,0,0.000380524964441204,0,0,0,0.000731672641355965,0,0.00813760495698815,0,0.00207704798346145,0,0,0,0,0,0,0,0.0042622393162931,0,0,0,0,0.00444058326123695,0,0,0,0,0,0,0,0.00616473005785716,0,0.0342672351383329,0,0,0,0,0,0,0,0.000168812533320788,0.000139353649731393,0,0.00194599620695635,0,0
0,0,0,0,0,0,0,0.00775870966757823,0,0,0,0.081855139681216,0,0.00346056045101585,0,0,0,0,0,0.00156595450271954,0,0,0,0,0,0,0,0,0,0.00402525741925531,0,0,0,0,0,0,0,0.000760187131926845,0,9.17240875985908e-06,0,1.77597244830987e-05,0,0,0,0.00173338132815697,0,0,0,3.15947078148486e-05,0,0.000108852361276298,0,0.02617815123804,0,0,0,0,0,0.000461111702070135,0,0,0.00218979526195222,0,0,0,0,0,0,0,0,0,0.0455178247356922,0,0,0,0,0,4.35461570559655e-06,0,9.53025179355968e-05,0,2.07287092613261e-05,0,0.00239155512482856,0,0
0,0,0.00264520271279471,0,0,0,0,0,0,0,0.000248321059956771,0,0.0037908186623342,0,0,0,0,0,0,0,0,0,0,0,0,0,0,0,0,0,0,0,0,0,0,0,0,0,0,0,0,0,0,0,0,0,0,0,0.00589869754351748,0,0.00199538398931242,0,0,0,0.00137492040867852,0,0.0042622393162931,0,0,0,0.000249969094754543,0,0,0,0,0,0,0,0,0.00078344008617405,0,0.0129649951336394,0,0,0,0,0,0,0,0,0,0,0,0,0,0,0
0,0.000572307068849058,0,0,0,0,0,0,0,0,0,0.00494687689013659,0,0.0172018404711913,0,6.22849332145925e-05,0,0,0,0,0,0,0,0,0,0,0,0.00262339478240976,0,0,0,0,0,0,0,0,0,0,0,0,0,0,0,0,0,0,0,0,0,0.000574216008276819,0,0.00394865940706955,0,0,0,0,0,0.000461111702070135,0,0,0,0.00069188768874156,0,0,0,0,0,0,0.000502160390536258,0,0.00772561555128467,0,0,0,0,0,0,0,0,0,0,0,7.85776096620345e-06,0,0,0,0
0.0094610063784371,0,7.67721395408018e-05,0,0,0,0,0,0.0153282551604347,0.000303701338170426,0,0,0,0,0.0289886117452615,0,0.00473516916895623,6.43137233183052e-05,0.000184500007666733,0,0,0,0,0,0.00163780352932414,0,0.0172117609718043,0,0,0,0,0,0,0,0,0,0,0,0,0,0,0,0,0,0,0,0,0,0.00165388875437492,0,0.00240247915381968,0,0,0,0.00768744930514858,0,0,0,0.000249969094754543,0,0,0,0,0,0,0,0,0.000493387987491077,0,0.00558290537661139,0,0.000190377411281285,0,0,0,0,0,0,0,0,0,0,0.000155035002203251,0,0,0,0
0,0.0209778214341514,0,0.00434435647945874,0,0.000503046838206105,0,0,0,0.00480208363451036,0,0,0,0.000148239884312982,0,0.0295550372982694,0,0.000829231032914616,7.73555182057061e-05,0,0,0,0,0.0022475601996957,0,0.021358847594002,0,0,0,0,0,0,0,0,0,0,0,0,0,0,0,0,0,0,0,0,0,0,0,0.00440888279785056,0,0.0103661052111045,0,0,0,0.00504085716539942,0,0,0,0.00069188768874156,0,0,0,0,0,0,0.00488803815073127,0,0.0402365078467198,0,0.000176844450467439,0,0,0,0,0,0,0,0,0,0,0,4.23864411203413e-05,0,0,0,0
0,0,0,0.000122060763506893,0,0.00338905863417828,0,0,0,0,0,0.000207673865914117,0,0,0,0,0,0,0,0.10805534509163,0,0,0,0,0,0,0,0,0,0,0,0,0,0,0,0.00236251247058054,0,5.18473555791457e-05,0,0.000627225133215563,0,0.000281296290499449,0,0,0,0.0657404594774727,0,0,0,0.00669911644612239,0,0,0,0,0,0,0,0.00218979526195222,0,0,0,0,0,0,0,0,0,0,0,0,0,0,0.00524981439739765,0,0,0,0,0,0.00839029359721103,0,0.00753277685811404,0,0.000256213085765579,0,0.0109573806864898,0.000154638771872471,0
0,0,8.98381916250952e-05,0,0.00648005434415802,0,0,0,5.76145414060608e-05,0,0.00161249631141609,0,0,0,1.82046377343557e-05,0,0.000300220722821815,0.000125768617570551,0.00273421265791609,0,0.193141530001065,0,0,0,1.5885688722957e-05,0,0,0,0,0,0,0,0,0,0,0,0.00139453934610374,0,4.87695398122799e-05,1.89046885082632e-05,0.0110902854294566,0.000236671876494095,0.0250202609261204,0.000115953383108732,0.00214919072193984,4.19018213078108e-05,0.113608282286315,0.000110825375056853,0.00598051576118346,0,0.00675376878682804,0,0,0,2.86743508260681e-05,0,0.00444058326123695,0,0,0,0,0,0,0,0,0,0,0,0,0,0,0,0,0,0,0,0,0,3.11113760190972e-06,0.019819657964861,2.53502082073894e-05,0.00425653263387961,0.000825571211427284,0,0.0374005293455335,5.42536546320965e-05,0.00760888720064309
0,0,0,0,0,0,0,0,0,0,0,0,0,0,0,0,0,0.00292284454656001,0,0,0,0.0846736028955642,0.00168279861034751,0.0059296903360958,0,0.00107917044954171,0,0,0,0,0,0,0,0.000363057077875958,0,0,0,0.0019506301939218,7.20643878150952e-06,0,0,0,0,0,0,0,0,0,0,0.0183408050339988,0,0,0,0,0,0,0,0,0,0,0,0,0,0,0,1.54548575280224e-05,0.00754848250907436,0,7.84058380489256e-06,0,0.00556006181078181,0,0,0,0,0,0.000107882452236446,0,0,0,0.00080630457880809,0,0.00116581421834624,0.000434836014389621,0,0,0
0,0,0,0,0,0,0,0,0,0,0,0,0,0,0,0,2.50899877978889e-05,0,0,0,0,0.000362516372722392,0.113053479046708,0,0.000542466815646573,0,0.00209075495823525,0,0.00154221162815087,0,0,0,0,0,0,0,0,0,0.000873206201281054,0,0,0,0,0,0,0,0,0,0.0119057620166909,0,0,0,0,0,0,0,0,0,0,0,0,0,0,0,1.54548575280224e-05,0,0,0.000680971732277863,0,0.000120489848486351,0,0.00569647921107533,0,0,0,0,0,0,0,0,0,0.000927809410847436,0.000615335997059012,5.00558919527713e-05,0,0,0
0,0,0,0,0,0,0,0,0,0.00418131826236231,0,0,0,0,0,0.000250972604087998,0,0.0009177325131197,0,0,0,0.00379628271509882,0,0.0704739033485888,0,0.00438912188972415,0,0,0,0,0,0,0,7.4238031283814e-05,0,0,0,0.000566835498592398,0,0,0,0,0,0,0,0,0,0,0,0.00368440485746347,0,0,0,0,0,0.0228122743634532,0,0,0,0,0,0.00488803815073127,0,0,0.00754848250907436,0,0,0,0.0282114015891383,0,3.32064813595125e-05,0,0,0,0,0,0,0,0,0,0.000249688491507379,0,0.000287732634627834,0,0.000351919945632575,0,0
0.000914700915229024,0,0,0,0,0,0,0,0.00339818576230775,0,0,0,0,0,0.000344448855268483,0,0.00258330455752414,0.00037327053369353,0.000230981830035126,0,0,0,6.28793485893714e-05,0,0.0811565579596837,0,0.00120365310913234,0,0,0,0,0,0,0,0,0,0,0,0.000566299009353835,0,0,0,0,0,0,0,0,0,0.000923566950499235,0,0,0,0,0,0.00416661361034404,0,0,0,0,0,0.000493387987491077,0,0,0,0,0.000680971732277863,0,0,0,0.0325314928756247,0,0.000408063558429748,0,0,0,0,0,0,0,0,0,0.000679950670958055,7.28836711993006e-05,0,0.00182749504161238,0,0
0,0,0,0,0,0,0,0,0,0.000194643780444974,0,0,0,0,0,0.00891624220410932,2.90365791856164e-05,0.00373726138465288,0,0,0,0,0,0.00353548963333929,0,0.0750250772209316,0,0.00426671002021757,0,0,0,0,0,0,0,0,0,0,0,0,0,0,0,0,0,0,0,0,0,0.000576387413353168,0,0,0,0,0,0,0,0,0,0.000502160390536258,0,0.0402365078467198,0,0,7.84058380489256e-06,0,0.0282114015891383,0,0,0,0.00309273400206159,0,0,0,0,0,0,0,0,0,0,0,0.000111454284044126,0,0,0,0
0.000509666759464649,0,0,0,0,0,0,0,0.0112412065023695,0,0,0,0,0,0.00816947860517464,0,0.0138568163782704,0.00011352645430899,0.000367523185985854,0,0,0,0.000933068930041085,0,0.0312961467115483,0,0.129433868952167,0,0.00527095580167901,0,0,0,0,0,0,0,0,0,0,0,0,0,0,0,0,0,0,0,0.0147147155956721,0,0,0,0,0,0.00253383710478769,0,0,0,0.00078344008617405,0,0.00558290537661139,0,0,0,0,0.000120489848486351,0,0.0325314928756247,0,0,0,0.0191925867153646,0,0,0,0,0,0,0,0,0,0,0.00030992227433747,0,0.000892039341600386,0,0
0,0,0,0,0,0,0,0,0,0,0,0,0,0.00376018526929449,0,0,0,0,0,0,0,0.000335944842348723,0,0,0,0.000231855744052051,0,0.0227674006947311,0,0,0,0,0,0,0,0,0,0.000497255473648495,0,0,0,0,0,0,0,0,0,0,0,0.00366605460830388,0,0,0,0,0,0,0,0,0,0.00772561555128467,0,0.000176844450467439,0,0,0.00556006181078181,0,3.32064813595125e-05,0,0.00309273400206159,0,0,0,0.003185742019727,0,0,0,0,0,0,0,0.00658784022522171,0,3.47324542354025e-07,0,0,0,0
0,0,0,0,0,0,0,0,0,0,0,0,0,0,0,0,0,0,0,0,0,0,0.00162056439972074,0,4.25092611082774e-05,0,0.000616761570099277,0,0.0176221892703599,0,0.00471361350053169,0,0,0,0,0,0,0,2.85147830367591e-06,0,0,0,0,0,0,0,0,1.20068190978989e-05,0.0120624252408528,0,0,0,0,0,0,0,0.00616473005785716,0,0.0129649951336394,0,0.000190377411281285,0,0,0,0,0.00569647921107533,0,0.000408063558429748,0,0.0191925867153646,0,0,0,0.00580822206043769,0,0,0,0,0,0,0,0.00571369572313682,1.82046372388277e-06,0,5.61791728909616e-05,0,0
0,0,0,0,0,0,0,0,0,0,0,0.00516626381729165,0,0,0,0,0,0,4.67288027648072e-06,0.000110084497775084,0,0,0,0,0,0,0,0,0,0.0388188857882921,0,0,0,0,0,5.9222279404327e-06,0,0.000758225841522045,0,1.31060706488988e-05,0,0.00113016812829412,0,0,0,0.0028595383237502,0,1.35210945841485e-05,0,0.00401887779936257,0,0,0,0,0,0,0,0.0455178247356922,0,0,0,0,0.00524981439739765,0,0,0,0,0,0,0,0.003185742019727,0,0,0,0,0,0,0,1.84596500214993e-06,0,0.00786534477995268,0,2.55080517722184e-06,0,0.00382073940472476,0.000107008068379995,0
0,0,0,0,0,0,0,0,0,0,0.00396497803294859,0,0,0,0,0,0,0,0,0,0,0,0,0,0,0,0,0,7.83282049018473e-05,0,0.0686705710578498,0,0,0,0,0,0,0,0.000571889837943918,0,0,0,0,0,0,0,0,0,0.000122248650495933,0,0,0,0,0,0,0,0.0342672351383329,0,0,0,0,0,0,0,0,0,0,0,0,0,0,0.00580822206043769,0,0,0,0,0,0,0,0,0,0.00255538335279364,2.06961848226497e-06,0,0.000188868788293193,0,0
0,0,0,0,0,0,0,0,0,0,0,0,0,0,0,0,0,0,0,0,0,0,0,0,0,0,0,0,0,0,0,0.140046907414032,0.00671049722211135,0.00812854561460626,0,0.00183114689971578,0,0,0,0,0,0,0,0,0,0,0,0.0296636468534616,0,0,0,0,0,0,0,0,0,0,0,0,0,0,0,0,0,0,0,0,0,0,0,0,0,0,0,0.00309466521423601,0.00997253189019924,0,0.0158395240352454,0.000124910090023479,0,0,0.000711430508109043,0,0,0,0
0,0,0,0,0,0,0,0,0,0,0,0,0,0,0,0,0,0,0,0,0,0,0,0,0,0,0,0,0,0,0,0.0215457211672209,0.109729496818981,0.0133082759177024,0.00737799268724645,8.13756899858736e-06,0.00232365696225657,0,0,0,0.000338942824160032,0,0,0,0,0,0,0.0396701664873731,0,0,0,0,0,0,0,0,0,0,0,0,0,0,0,0,0,0,0,0,0,0,0,0,0,0,0.00309466521423601,0,0,0.0150057452832903,0,0.0266884754202791,0,9.09948547731358e-06,0.000777434243271919,0,0,0,0
