0,0,4.51495642007566,0,0,0,0,0,7.18903686402287,0,0,0,0,0,0,0,0,0,33.5836902686528,0,26.4293575286865,0,0,0,16.3801856722151,0,0,0,0,0,0,0,0,0,0,0,0,0,20.3373405922784,0,32.325813293457,57.7143020629883,23.6237992014204,0,0,0,22.4473960569927,31.8490631103516,7.39810141271565,0,0,0,0,0,5.71688653931898,0,21.5957032079282,0,0,0,4.40488469600677,0,0,24.7458595752716,0,0,0,12.2378424275742,0,0,0,16.2485542297363,0,25.6477001363581,0,0,0,0,0,30.9886175292769,0,27.8620317336052,8.68061826424521,0,17.7369116524213,0,13.9352168401082
0,0,0,4.72689407853519,0,16.8653793334961,0,0,0,5.18491312435695,0,0,0,0,0,0,0,0,7.98034628629684,0,0,0,0,18.6045104132758,0,0,0,0,0,0,0,0,0,0,0,0,0,26.2299406100542,0,55.1774272918701,0,19.2673288624218,0,0,0,0,0,30.8070930904812,0,10.7387787705601,0,0,0,0,0,4.22470864057541,0,0,0,0,0,0,0,0,0,0,17.7725992202759,0,0,0,0,0,0,0,0,0,0,0,36.9908304214478,0,0,0,6.05888215182944,0,16.0944178248792,9.70279979705811,0
4.51495642007566,0,0,0,9.29679757898504,0,0,0,5.60343893264469,0,0,0,0,0,0,0,57.6000843048096,0,35.584864616394,0,0,0,0,0,23.9180854797363,0,0,0,0,0,0,0,0,0,0,0,18.3686504364014,0,27.0294167445256,0,38.3126955032349,0,29.6000059015611,0,0,0,26.9746920267741,44.5250244140625,5.76024657238971,0,7.71682262420654,0,0,0,14.5421257019043,0,21.0896762237754,0,3.0631787776947,0,0,0,0,29.0360244750977,0,0,0,23.0057367597307,0,0,0,23.8054027557373,0,25.259404695951,0,0,0,0,0,34.9114298290677,0,39.359315599714,13.591001007535,24.8737163543701,11.306802248859,0,18.2796539306641
0,4.72689407853519,0,0,0,6.98989666632886,0,0,0,8.24292504125171,0,0,0,0,0,0,52.1394945780436,57.5230496724447,37.6813133557638,7.89051276445389,0,0,0,21.6168899536133,0,0,0,0,0,0,0,0,0,44.8448104858398,0,5.08009563643357,0,28.9560972849528,0,39.7643061319987,61.2674179077148,26.3582589313237,33.4009433322483,0,0,24.987756729126,69.5900115966797,44.4457101186117,27.3666400909424,11.9286115875457,0,3.59121775627136,0,0,0,12.0946638243539,0,15.1170152425766,0,0,0,0,7.70353389691703,0,0,0,26.2620779673258,0,0,0,0,0,0,0,0,0,0,0,47.8054929971695,51.9424285888672,64.0026191711426,0,10.0391520927561,0,11.6445507171107,22.0133857727051,0
0,0,9.29679757898504,0,0,0,0,0,0,0,4.72344474358992,0,0,0,4.21164766947428,0,0,0,53.4858512878418,0,5.13845454321967,0,0,0,0,0,0,0,0,0,0,0,0,0,0,0,12.0349025726318,0,0,0,0,43.3204078674316,38.8500659942627,0,0,0,43.8353881835938,52.5651817321777,18.9728050231934,0,2.93945812460682,0,2.83143159321376,0,0,0,7.66178739070892,0,4.28059774398804,0,2.75006413459778,0,0,0,0,0,0,0,0,0,0,0,0,34.3510238647461,0,0,0,0,0,0,0,0,24.7669588923454,0,10.6132710571389,0,46.0925636291504
0,16.8653793334961,0,6.98989666632886,0,0,0,0,0,5.62038236856461,0,0,0,0,0,0,0,0,49.0655250549316,4.63387330940792,0,0,0,0,0,0,0,0,0,0,0,0,0,0,0,4.93585861751011,0,0,0,0,0,37.8103202819824,0,0,0,12.4261019229889,0,45.037036895752,33.0591430664062,30.9751081466675,0,2.73809218406677,0,0,0,0,0,0,0,0,0,0,7.85804227420262,0,0,0,0,0,0,0,0,0,0,0,0,0,0,0,35.8965117136637,64.0844039916992,0,0,4.91418295032387,0,7.304329523485,0,0
0,0,0,0,0,0,0,0,0,0,0,0,0,0,0,0,0,0,0,0,3.01995559989429,0,0,0,0,0,0,0,0,0,0,0,0,0,0,0,0,0,0,0,0,0,0,0,0,0,0,0,0,0,0,0,2.84211920403145,0,0,0,2.99265886641837,0,2.75180006027222,0,0,0,0,0,0,0,0,0,0,0,0,0,0,0,0,0,0,0,0,0,0,0,2.83602338367038,0,0,0,0
0,0,0,0,0,0,0,0,0,0,0,4.65052207310994,0,0,0,0,0,0,0,0,0,0,0,0,0,0,0,0,0,0,0,0,0,0,0,0,0,0,0,0,0,0,0,0,0,0,0,0,0,0,0,0,0,2.9004944052015,0,0,0,0,0,0,0,0,0,0,0,0,0,0,0,0,0,0,0,0,0,0,0,0,0,0,0,0,3.03865285408803,0,0,0,0
7.18903686402287,0,5.60343893264469,0,0,0,0,0,0,0,0,0,0,0,4.32066070515177,0,7.39978274932274,0,44.2299169812884,0,0,0,0,0,4.74354404040745,0,7.15705364942551,0,0,0,0,0,0,0,0,0,0,0,14.2392688072645,0,38.5129280090332,59.6012992858887,13.0357094705105,0,0,0,28.2967836380005,31.7851587931315,9.02896222760601,0,5.45556709501478,0,0,0,5.84460901167972,0,15.1475392078098,0,0,0,3.53113283102329,0,0,0,0,0,0,5.69893342053018,0,3.83025443707413,0,35.5353851318359,0,17.0309161364548,0,0,0,0,0,44.4632477760315,0,20.4118305392887,17.1175954396074,0,14.6419141564739,0,6.40816153420342
0,5.18491312435695,0,8.24292504125171,0,5.62038236856461,0,0,0,0,0,0,0,0,0,4.60008705615997,65.7347106933594,12.4997904767161,11.3700094223022,0,0,0,0,11.3965715061535,0,10.0672430992126,0,0,0,0,0,0,0,0,0,0,0,21.5944820795304,0,0,0,8.05270183853239,0,0,0,0,0,27.2100133895874,0,15.4059626872723,0,0,0,0,0,4.03110921186096,0,13.2178859710693,0,0,0,0,0,0,0,0,9.79071332443328,0,0,0,0,0,16.0897884368896,0,0,0,0,0,0,0,29.1844905853271,0,4.25398912423973,5.25685970698084,13.4996668933189,0,0
0,0,0,0,4.72344474358992,0,0,0,0,0,0,0,3.39287336562809,0,0,0,0,0,0,0,3.53172061514985,0,0,0,0,0,0,0,0,0,6.02230423566245,0,0,0,0,0,3.54753029864767,0,4.38764409500701,0,0,0,0,0,0,0,0,0,0,0,4.23231029510498,0,0,0,0,0,4.44018812891441,0,3.2712520748878,0,0,0,0,10.3699337553095,0,0,0,0,0,0,0,0,0,7.78321487226604,0,0,0,0,0,0,0,11.6664323806763,3.70239169465765,3.50123522281647,0,0,0
0,0,0,0,0,0,0,4.65052207310994,0,0,0,0,0,3.16361537489434,0,0,0,0,0,4.11282158692678,0,0,0,0,0,0,0,4.08187351169847,0,6.2661555494581,0,0,0,0,0,3.9591529163631,0,4.61747756248115,0,0,0,0,0,0,0,0,0,0,0,0,0,0,0,0,0,0,0,3.94351915934043,0,3.49903537167443,0,0,5.94774994016147,0,0,0,0,0,0,0,4.80961449433726,0,6.80469417803496,0,0,0,0,0,4.76473244727433,0,8.19951011356209,0,3.50743334183901,0,12.2969387102127,0,0
0,0,0,0,0,0,0,0,0,0,3.39287336562809,0,0,0,0,0,2.81076145172119,0,0,0,0,0,0,0,0,0,0,0,3.51586191356182,0,0,0,0,0,0,0,0,0,0,0,0,0,0,0,0,0,0,0,0,0,0,0,0,0,0,0,0,0,3.37427653325383,0,0,0,0,0,0,0,0,0,0,0,0,3.48833354881832,0,0,0,0,0,0,0,0,0,0,3.07515476550563,2.9107962335859,0,0,0
0,0,0,0,0,0,0,0,0,0,0,3.16361537489434,0,0,0,3.01960639799795,0,8.21819847822189,0,0,0,0,0,0,0,0,0,6.46463454633519,0,3.27430014610291,0,0,0,0,0,0,0,0,0,0,0,0,0,0,0,0,0,0,0,0,0,0,0,0,0,0,0,3.6682361735873,0,3.43554337604911,0,2.9984263420105,0,0,0,0,0,0,0,0,8.9875609988258,0,0,0,0,0,0,0,0,0,0,0,3.81484825252869,5.43632508268451,0,0,0
0,0,0,0,4.21164766947428,0,0,0,4.32066070515177,0,0,0,0,0,0,0,3.11434812585184,0,45.927791595459,0,0,0,0,0,0,0,3.94590775171916,0,0,0,0,0,0,0,0,0,0,0,0,0,0,0,0,0,0,0,0,0,2.74428534507751,0,4.45787686988956,0,0,0,4.92560997742873,0,0,0,0,0,3.61851884780392,0,0,0,0,0,0,0,0,3.79821872477438,0,0,0,0,0,0,0,0,0,0,0,0,3.07152135213216,0,0,0,0
0,0,0,0,0,0,0,0,0,4.60008705615997,0,0,0,3.01960639799795,0,0,0,3.18987408685095,0,0,0,0,0,19.1868133544922,0,8.30972599983215,0,0,0,0,0,0,0,0,0,0,0,0,0,0,0,0,0,0,0,0,0,0,0,0,0,0,0,0,0,3.10591628816393,0,0,0,3.27388286590576,0,3.69099598506401,0,0,0,0,0,0,0,0,0,0,0,0,0,0,0,0,0,0,0,0,3.54155105682317,2.95522499084473,0,0,0
0,0,57.6000843048096,52.1394945780436,0,0,0,0,7.39978274932274,65.7347106933594,0,0,2.81076145172119,0,3.11434812585184,0,0,13.8408460051415,17.8126929105118,0,29.1427764892578,0,3.38177184380248,0,0,0,3.13471708699747,0,3.09533031170185,0,0,0,0,0,0,0,0,0,73.7387847900391,59.0445486903191,54.1667604649321,51.4235485150264,41.1069284555324,0,0,53.6368217468262,50.4014590581258,68.5898183186849,70.3554153442383,62.5921681722005,0,0,0,0,54.2362327575684,0,56.7181757609049,0,0,0,0,0,67.3670775095622,61.9194957878016,0,0,0,0,0,6.12225675582886,0,0,58.7046279907227,56.6806238094966,0,0,65.5015106201172,0,65.9336466595409,57.9447507036143,68.2931645711263,55.8634731329171,10.0770323120652,3.46765214022156,50.2094238105422,47.7736314137777,35.4186363220215
0,0,0,57.5230496724447,0,0,0,0,0,12.4997904767161,0,0,0,8.21819847822189,0,3.18987408685095,13.8408460051415,0,15.8531505834793,0,0,3.2429064652499,0,3.82248417680914,0,4.24844412745182,0,4.43202765782674,0,0,0,0,0,0,0,0,0,0,0,56.6318338404151,60.1740141648513,43.6556493434323,51.3346279217647,0,0,47.4579401883212,59.0143147248488,57.0814743041992,63.6425724029541,57.9625066121419,0,0,0,0,0,15.8187999725342,62.8640327453613,0,0,0,0,12.6584888299306,58.4618781407674,66.5416393280029,4.09309178849925,0,0,73.7326698303223,10.398653878106,0,0,0,63.7320518493652,71.3188815646701,0,0,0,0,61.3256005355992,65.8213818868001,62.2323609246148,66.4425217123593,10.4250960877912,4.70847736022402,51.2436393930754,43.3727223245721,39.4346466064453
33.5836902686528,7.98034628629684,35.584864616394,37.6813133557638,53.4858512878418,49.0655250549316,0,0,44.2299169812884,11.3700094223022,0,0,0,0,45.927791595459,0,17.8126929105118,15.8531505834793,0,47.9933395385742,40.2399215698242,0,0,0,42.0528882344564,0,0,0,0,0,60.7534236907959,0,0,49.2878608703613,0,0,0,0,44.3267254638672,37.5579860182964,42.35792688588,23.3768947770574,25.68282540056,8.72735467222002,30.4986200332642,31.256252817864,36.997444949903,37.8088771482057,54.5642160688128,38.7001533730086,61.6531448364258,0,0,0,43.8582000732422,0,48.2213571959851,23.5032876332601,0,0,0,0,41.1285907245073,46.5968384696887,0,0,0,46.0042518615723,0,0,0,0,24.690178245306,43.8778454093046,0,0,0,0,37.9882029344832,44.0613126911412,37.1772211925021,42.3513962080499,12.6335602329951,27.1021575927734,30.9530814149464,14.7641829217745,24.8489670234151
0,0,0,7.89051276445389,0,4.63387330940792,0,0,0,0,0,4.11282158692678,0,0,0,0,0,0,47.9933395385742,0,0,0,0,0,0,0,0,0,0,0,0,0,0,0,0,3.78807245678571,0,6.18637599432069,0,53.9296086629232,0,36.7570061683655,36.9222192764282,0,0,7.39025405206178,0,45.3663576299494,24.6682643890381,39.7141090393066,0,0,0,0,0,0,0,8.48766271417791,0,0,0,0,3.52464834427667,0,0,0,0,0,0,0,0,0,12.7423389824954,0,0,0,0,0,6.617311655417,0,9.93689697856185,0,6.43079430593385,0,11.1078275179459,0,41.7169570922852
26.4293575286865,0,0,0,5.13845454321967,0,3.01995559989429,0,0,0,3.53172061514985,0,0,0,0,0,29.1427764892578,0,40.2399215698242,0,0,0,0,0,0,0,0,0,0,0,0,0,0,0,0,0,6.24916593946729,0,6.44804835944693,0,0,0,40.8355516953902,0,0,0,29.5000244140625,0,0,0,4.05286767482758,0,0,0,0,0,4.72660904292247,0,0,0,0,0,0,6.12870632280931,0,0,0,0,0,0,0,0,0,9.86471271514893,0,0,0,0,0,7.58628471462997,0,9.7461340158758,4.91600625864034,0,9.1494788651938,0,0
0,0,0,0,0,0,0,0,0,0,0,0,0,0,0,0,0,3.2429064652499,0,0,0,0,5.3062541804721,3.71307826264996,0,3.82805674416678,0,3.83734826154487,0,0,0,0,0,0,0,0,0,5.30165338043101,3.34778330681172,0,0,0,0,0,0,0,0,0,0,5.56393124659856,0,0,0,0,0,0,0,0,0,0,0,0,0,0,4.7369130189948,5.48105044608569,10.1503195404037,0,3.05964326858521,0,7.53594916067999,0,0,0,0,0,0,0,0,0,8.25975004472438,0,5.09998345873917,4.32489322867964,0,0,0
0,0,0,0,0,0,0,0,0,0,0,0,0,0,0,0,3.38177184380248,0,0,0,0,5.3062541804721,0,0,8.4391371846199,0,4.12227654457092,0,3.39529398142123,0,0,0,0,0,0,0,0,3.52582817328604,6.17265562851633,0,0,0,0,0,0,0,0,0,4.77258632236057,0,0,0,0,0,0,0,0,0,0,0,0,0,0,0,5.99614146244095,4.4642115869528,0,4.75945587089096,0,8.59593536484409,0,6.34812785278667,0,0,0,0,0,0,0,0,0,10.5856193170577,4.49592893471661,4.58367970974093,0,0,0
0,18.6045104132758,0,21.6168899536133,0,0,0,0,0,11.3965715061535,0,0,0,0,0,19.1868133544922,0,3.82248417680914,0,0,0,3.71307826264996,0,0,0,5.31855289179002,0,0,0,0,0,0,0,0,0,0,0,5.72122525031721,0,0,0,11.1490682562192,49.0933990478516,0,0,0,0,0,0,16.2936868667603,0,0,0,0,0,4.85515446021777,0,0,0,0,0,0,0,0,3.20814108204197,0,4.36004184940982,0,5.09049270199794,0,0,0,0,0,0,0,0,0,0,0,5.37979387904516,0,6.9347864815167,0,11.5422844816657,0,0
16.3801856722151,0,23.9180854797363,0,0,0,0,0,4.74354404040745,0,0,0,0,0,0,0,0,0,42.0528882344564,0,0,0,8.4391371846199,0,0,0,4.43750798215671,0,0,0,0,0,0,0,0,0,0,0,8.35308157939348,0,0,0,25.2060446285066,0,0,0,33.7406520843506,0,6.7650272364027,0,0,0,0,0,4.11896232723461,0,18.4704107761383,0,0,0,4.39052030018398,0,0,0,0,5.62659720579783,0,3.99123369453746,0,4.26218808174133,0,0,0,0,0,0,0,0,0,58.0166893005371,0,9.44410316654491,7.30411941610922,0,16.2204341686378,0,0
0,0,0,0,0,0,0,0,0,10.0672430992126,0,0,0,0,0,8.30972599983215,0,4.24844412745182,0,0,0,3.82805674416678,0,5.31855289179002,0,0,0,4.67064628795702,0,0,0,0,0,0,0,0,0,0,0,0,0,0,0,0,0,0,0,0,0,0,0,0,0,0,0,0,0,0,0,0,0,0,0,0,3.91990252777382,0,7.15625082651774,0,5.3890352447404,0,4.63358793258667,0,0,0,0,0,0,0,0,0,0,0,6.97732532251449,0,0,0,0
0,0,0,0,0,0,0,0,7.15705364942551,0,0,0,0,0,3.94590775171916,0,3.13471708699747,0,0,0,0,0,4.12227654457092,0,4.43750798215671,0,0,0,3.18032735586166,0,0,0,0,0,0,0,0,0,0,0,0,0,0,0,0,0,0,0,0,0,0,0,0,0,10.2399373054504,0,0,0,0,0,5.70756121837732,0,0,0,0,2.73205828666687,0,0,0,3.62180274959057,0,0,0,0,0,0,0,0,0,0,0,0,4.13841032981873,0,0,0,0
0,0,0,0,0,0,0,0,0,0,0,4.08187351169847,0,6.46463454633519,0,0,0,4.43202765782674,0,0,0,3.83734826154487,0,0,0,4.67064628795702,0,0,0,3.7184211211418,0,0,0,0,0,0,0,5.03624292520376,0,0,0,0,0,0,0,0,0,0,0,0,0,0,0,0,0,0,0,4.21474146842957,0,4.06949319074183,0,0,0,0,5.26467284257861,0,0,0,0,0,5.32389302494581,0,6.19809662473613,0,0,0,0,0,0,0,7.8315026850497,0,3.10945651547009,3.01890824057839,0,0,0
0,0,0,0,0,0,0,0,0,0,0,0,3.51586191356182,0,0,0,3.09533031170185,0,0,0,0,0,3.39529398142123,0,0,0,3.18032735586166,0,0,0,4.90819985774847,0,0,0,0,0,0,0,6.59533454112287,0,0,0,0,0,0,0,0,0,0,0,0,0,0,0,0,0,0,0,4.37302794456482,0,0,0,0,0,0,5.57863787242344,0,0,0,0,0,4.85550067050487,0,5.55253298659074,0,0,0,0,0,0,0,5.66616811548226,3.5216753827201,3.08963266334965,0,0,0
0,0,0,0,0,0,0,0,0,0,0,6.2661555494581,0,3.27430014610291,0,0,0,0,0,0,0,0,0,0,0,0,0,3.7184211211418,0,0,0,0,0,0,0,0,0,4.76156330108643,0,0,0,0,0,0,0,0,0,0,0,0,0,0,0,0,0,0,0,5.38863170339215,0,4.21243810653687,0,0,0,0,0,0,0,0,0,0,4.78697600331875,0,6.57470832780722,0,0,0,0,0,0,0,8.07265968915004,0,7.22195604869298,0,8.82910203933716,0,0
0,0,0,0,0,0,0,0,0,0,6.02230423566245,0,0,0,0,0,0,0,60.7534236907959,0,0,0,0,0,0,0,0,0,4.90819985774847,0,0,0,0,0,0,0,0,0,5.07355699893491,0,0,0,0,0,0,0,32.6101760864258,0,0,0,0,0,0,0,0,0,7.16172731528848,0,0,0,0,0,0,10.3283297402518,0,0,0,0,0,0,0,5.65499634402139,0,4.18329772470044,0,0,0,0,0,0,0,6.22924647066328,4.17632490112668,3.38853879645467,10.1098821163177,0,0
0,0,0,0,0,0,0,0,0,0,0,0,0,0,0,0,0,0,0,0,0,0,0,0,0,0,0,0,0,0,0,0,3.91342307082168,11.4762858104706,5.06830143928528,7.14786598171507,4.11368097861608,0,0,0,0,0,0,0,0,0,0,5.62927478185947,10.1469849745433,0,0,0,0,0,0,0,0,0,0,0,0,0,0,0,0,0,0,0,0,0,0,0,0,0,4.58492020232337,4.57139961534214,14.4270249722709,5.04772853851318,8.62898445435059,16.1196898051671,0,0,3.91411535869273,0,0,0,0
0,0,0,0,0,0,0,0,0,0,0,0,0,0,0,0,0,0,0,0,0,0,0,0,0,0,0,0,0,0,0,3.91342307082168,0,7.80857792555117,4.74347862409889,2.95345783233643,3.64637342621298,0,0,0,20.255916595459,0,0,0,0,0,0,10.6363850291182,11.0745700597763,0,0,0,0,0,0,0,0,0,0,0,0,0,0,0,0,0,0,0,0,0,0,0,0,0,5.62211421080288,4.44572732665322,5.35864696358189,4.99674476959087,0,6.17626639946284,0,0,5.64686064577814,0,0,0,0
0,0,0,44.8448104858398,0,0,0,0,0,0,0,0,0,0,0,0,0,0,49.2878608703613,0,0,0,0,0,0,0,0,0,0,0,0,11.4762858104706,7.80857792555117,0,6.04851056460562,6.9553197333959,0,6.12468482858391,6.95967092778948,29.1208457946777,0,18.8337310155233,15.0119330088298,0,0,41.9152488708496,0,5.91912430459326,15.8939970089839,9.59995261828105,0,0,0,0,0,0,0,0,0,0,0,0,0,0,0,0,0,0,0,0,0,0,0,0,12.8359975039959,4.69311355219947,5.17161933447064,7.10113406056247,46.279946231842,16.4887542724609,5.19362118995353,12.6634786312397,5.24074923165426,3.48012457242826,21.0726583740928,0,0
0,0,0,0,0,0,0,0,0,0,0,0,0,0,0,0,0,0,0,0,0,0,0,0,0,0,0,0,0,0,0,5.06830143928528,4.74347862409889,6.04851056460562,0,10.7744092941284,6.67330364163002,9.3470084130764,5.11833661794662,0,25.2344994544983,0,23.2417013168335,0,0,0,0,5.27133722142872,6.97490949630737,0,0,0,0,0,0,0,0,0,0,0,0,0,0,56.5589408874512,0,0,0,0,0,0,0,0,0,0,6.93171119689941,10.2729597915838,5.29202122621603,5.597028839583,0,11.637930461045,6.73133325576782,5.82551490485484,4.51750254631042,0,21.0259323120117,0,0
0,0,0,5.08009563643357,0,4.93585861751011,0,0,0,0,0,3.9591529163631,0,0,0,0,0,0,0,3.78807245678571,0,0,0,0,0,0,0,0,0,0,0,7.14786598171507,2.95345783233643,6.9553197333959,10.7744092941284,0,3.49856517895408,4.5114080739294,3.53459107875824,5.88111209869385,4.05432866081115,26.7715657097953,0,0,0,5.05256434237019,0,5.29297232071249,6.42326839495513,7.93272198047959,0,0,0,0,0,0,0,4.59402959346771,0,0,0,0,4.68621689760232,0,0,0,0,0,0,0,0,0,0,0,17.2876122195798,0,8.31026568964908,14.5786275863647,4.754192808859,3.81099158627413,6.38576088578488,7.17707633972168,4.16785964262424,6.21511196812918,10.4160735487539,0,0
0,0,18.3686504364014,0,12.0349025726318,0,0,0,0,0,3.54753029864767,0,0,0,0,0,0,0,0,0,6.24916593946729,0,0,0,0,0,0,0,0,0,0,4.11368097861608,3.64637342621298,0,6.67330364163002,3.49856517895408,0,4.69354526813214,6.86031355552184,0,6.36548455861899,0,20.9521817174451,0,0,0,0,11.8019825696945,23.7444156133212,0,0,0,0,0,0,0,6.39732093560068,0,0,0,0,0,0,8.2053862659646,0,0,0,0,0,0,0,0,0,0,4.86005187034607,4.53083528979071,0,8.23271040976802,3.9732667016983,4.41702469757753,0,8.05547410563419,3.79306615016621,5.03865818852219,11.2669982111006,0,0
0,26.2299406100542,0,28.9560972849528,0,0,0,0,0,21.5944820795304,0,4.61747756248115,0,0,0,0,0,0,0,6.18637599432069,0,5.30165338043101,3.52582817328604,5.72122525031721,0,0,0,5.03624292520376,0,4.76156330108643,0,0,0,6.12468482858391,9.3470084130764,4.5114080739294,4.69354526813214,0,4.84551174706594,51.8807411193848,0,9.47077416722685,14.9821243286133,0,0,14.2233670098441,0,8.3663760896652,32.8739862442017,7.66938904551573,0,0,0,0,0,20.4810297120478,0,4.77402086414115,0,0,0,0,10.8815899714828,0,5.21101376225677,0,6.64453983435412,0,0,0,4.15590896277592,0,4.05460138776603,0,0,0,6.71849461294272,11.0412579642402,7.86328782443004,0,5.37811166820591,4.83107352099576,5.46505318806023,4.36238769743584,11.6454620183323,12.168625831604,0
20.3373405922784,0,27.0294167445256,0,0,0,0,0,14.2392688072645,0,4.38764409500701,0,0,0,0,0,73.7387847900391,0,44.3267254638672,0,6.44804835944693,3.34778330681172,6.17265562851633,0,8.35308157939348,0,0,0,6.59533454112287,0,5.07355699893491,0,0,6.95967092778948,5.11833661794662,3.53459107875824,6.86031355552184,4.84551174706594,0,76.2448120117188,45.3466598510742,58.9774322509766,15.0994429604537,0,0,0,32.6373405986362,7.0122461602274,11.971452097386,0,0,0,0,0,9.24266917454569,48.9266471862793,7.49911365525363,0,0,0,0,0,0,9.2012375249,0,7.09485518743976,0,7.31802049969718,0,8.42408513029416,0,5.8026804213292,0,6.53721024050857,0,0,0,5.99619877091087,66.1967544555664,8.56386233750036,8.93224443594615,5.26809743958518,5.29919075068521,4.14988288005193,13.7755899602717,0,27.8358359336853
0,55.1774272918701,0,39.7643061319987,0,0,0,0,0,0,0,0,0,0,0,0,59.0445486903191,56.6318338404151,37.5579860182964,53.9296086629232,0,0,0,0,0,0,0,0,0,0,0,0,0,29.1208457946777,0,5.88111209869385,0,51.8807411193848,76.2448120117188,0,80.0927810668945,19.5169111916314,46.4905199700213,32.3322321084829,0,11.9206004904718,66.7143468856812,11.2909635791451,0,7.73458036744327,0,0,0,0,0,0,84.9867401123047,47.2426385879517,0,0,0,0,12.0240526749538,77.2389322916667,0,0,0,0,0,0,0,0,51.1997764988949,71.8547401428223,0,0,27.9147510528564,0,19.2183405956778,79.9878155101429,55.6560561875908,74.2885967890422,38.191756408281,0,14.7766147830683,34.2897946804385,69.0233167012533
32.325813293457,0,38.3126955032349,61.2674179077148,0,0,0,0,38.5129280090332,0,0,0,0,0,0,0,54.1667604649321,60.1740141648513,42.35792688588,0,0,0,0,0,0,0,0,0,0,0,0,0,20.255916595459,0,25.2344994544983,4.05432866081115,6.36548455861899,0,45.3466598510742,80.0927810668945,0,63.800591982328,21.3492430230875,0,24.1796174049377,0,9.5270119920189,5.53054265568896,6.24620431028443,0,0,0,0,0,59.6256217956543,0,37.5480261484782,0,0,0,0,0,0,11.9745351949208,0,0,0,0,0,0,0,41.9874839782715,0,42.4444955096525,0,23.1552712009067,0,22.19362616539,70.3366012573242,8.04274286129404,71.4723993937175,15.1122731595552,38.9952926469016,31.873649597168,11.0021015480551,44.3462944030762,31.7248707684604
57.7143020629883,19.2673288624218,0,26.3582589313237,43.3204078674316,37.8103202819824,0,0,59.6012992858887,8.05270183853239,0,0,0,0,0,0,51.4235485150264,43.6556493434323,23.3768947770574,36.7570061683655,0,0,0,11.1490682562192,0,0,0,0,0,0,0,0,0,18.8337310155233,0,26.7715657097953,0,9.47077416722685,58.9774322509766,19.5169111916314,63.800591982328,0,12.2594285389716,8.87159090042114,0,26.8547351932229,42.2414320707321,10.6468524599505,28.1638125010899,12.2575086141793,0,0,0,0,43.4467391967773,13.0277195391448,47.1890034675598,13.4562971081053,0,0,0,0,29.7057480069692,51.7085612370418,0,0,11.4602071067034,64.0080280303955,0,0,0,0,14.0920729454201,57.1488537788391,0,0,20.5069557825724,0,27.6939849437196,60.7522207561292,28.3151395179899,59.853343237014,14.9900111475398,14.0937390327454,16.5518358192535,12.9033181444107,37.6481202443441
23.6237992014204,0,29.6000059015611,33.4009433322483,38.8500659942627,0,0,0,13.0357094705105,0,0,0,0,0,0,0,41.1069284555324,51.3346279217647,25.68282540056,36.9222192764282,40.8355516953902,0,0,49.0933990478516,25.2060446285066,0,0,0,0,0,0,0,0,15.0119330088298,23.2417013168335,0,20.9521817174451,14.9821243286133,15.0994429604537,46.4905199700213,21.3492430230875,12.2594285389716,0,0,13.2493436751158,31.0196375449498,22.836483897687,11.206262106667,14.5319280173892,38.8441980802096,37.3299268086751,0,0,0,26.3715781920995,52.5860061645508,21.1728668356052,0,0,0,0,0,43.771920522054,30.7375987678766,0,0,0,43.5443958441416,0,0,0,28.6438304957222,42.1818008422852,17.9973363287326,0,0,0,13.5894838043406,55.0771471786499,23.2187072103831,58.0816657454879,24.0953147226538,18.0851010987455,17.8991145428858,18.5187188488483,27.4832049012184,11.2506281409945
0,0,0,0,0,0,0,0,0,0,0,0,0,0,0,0,0,0,8.72735467222002,0,0,0,0,0,0,0,0,0,0,0,0,0,0,0,0,0,0,0,0,32.3322321084829,0,8.87159090042114,0,0,0,0,0,0,0,0,0,0,0,0,0,0,0,0,0,0,0,0,34.4336910247803,0,0,0,0,0,0,0,0,0,18.7146937052409,0,0,0,0,0,28.834766787152,0,26.1411882747303,0,17.0012288623386,0,17.3088924151201,0,0
0,0,0,0,0,0,0,0,0,0,0,0,0,0,0,0,0,0,30.4986200332642,0,0,0,0,0,0,0,0,0,0,0,0,0,0,0,0,0,0,0,0,0,24.1796174049377,0,13.2493436751158,0,0,0,24.3696660995483,25.6808795928955,27.3866505622864,0,0,0,0,0,0,0,0,0,0,0,0,0,0,30.1778588976179,0,0,0,0,0,0,0,0,0,0,0,0,0,0,0,30.5034839993431,0,56.961784362793,8.29405538241068,0,8.94892284177965,0,0
0,0,0,24.987756729126,0,12.4261019229889,0,0,0,0,0,0,0,0,0,0,53.6368217468262,47.4579401883212,31.256252817864,7.39025405206178,0,0,0,0,0,0,0,0,0,0,0,0,0,41.9152488708496,0,5.05256434237019,0,14.2233670098441,0,11.9206004904718,0,26.8547351932229,31.0196375449498,0,0,0,87.6923065185547,38.29966480701,23.1043319702148,25.6411817536425,0,0,0,0,0,0,68.5682144165039,9.49969577789307,0,0,0,0,5.70971453999644,50.1197700500488,0,0,0,0,0,0,0,0,18.9993178049723,0,0,0,36.2187767028809,0,15.7190649590925,0,23.2054194739471,70.6632690429688,30.1460148454444,0,11.6387121638638,26.2487511634827,35.3144626617432
22.4473960569927,0,26.9746920267741,69.5900115966797,43.8353881835938,0,0,0,28.2967836380005,0,0,0,0,0,0,0,50.4014590581258,59.0143147248488,36.997444949903,0,29.5000244140625,0,0,0,33.7406520843506,0,0,0,0,0,32.6101760864258,0,0,0,0,0,0,0,32.6373405986362,66.7143468856812,9.5270119920189,42.2414320707321,22.836483897687,0,24.3696660995483,87.6923065185547,0,34.2749156951904,25.9143615563711,0,0,0,0,0,45.843391418457,0,27.905476034974,0,0,0,0,0,81.3077697753906,10.1665677462456,0,0,0,37.8829644521077,0,0,0,32.8155959447225,0,33.5606903681939,0,0,0,39.6980400085449,75.7095937728882,21.0419279538795,72.0323365529378,33.6761069688155,36.0471950076762,27.4128484725952,21.0655894289988,41.8076596941267,32.1141521608507
31.8490631103516,30.8070930904812,44.5250244140625,44.4457101186117,52.5651817321777,45.037036895752,0,0,31.7851587931315,27.2100133895874,0,0,0,0,0,0,68.5898183186849,57.0814743041992,37.8088771482057,45.3663576299494,0,0,0,0,0,0,0,0,0,0,0,5.62927478185947,10.6363850291182,5.91912430459326,5.27133722142872,5.29297232071249,11.8019825696945,8.3663760896652,7.0122461602274,11.2909635791451,5.53054265568896,10.6468524599505,11.206262106667,0,25.6808795928955,38.29966480701,34.2749156951904,0,6.75797545182693,5.67171766581359,0,0,0,0,0,25.0848438956521,42.4557459214154,0,0,0,0,0,46.962994257609,46.0360339482625,0,0,20.6479358673096,52.7241592407227,0,0,0,0,66.7361240386963,59.2614612579346,7.53031626610848,8.7407386963415,9.33692821517803,5.83917830689681,5.667472861934,5.33814332799394,10.5113015732595,9.35146069730449,12.2911780303271,3.5343199968338,16.8425620739259,20.7883118523492,8.33719062805176
7.39810141271565,0,5.76024657238971,27.3666400909424,18.9728050231934,33.0591430664062,0,0,9.02896222760601,0,0,0,0,0,2.74428534507751,0,70.3554153442383,63.6425724029541,54.5642160688128,24.6682643890381,0,0,4.77258632236057,0,6.7650272364027,0,0,0,0,0,0,10.1469849745433,11.0745700597763,15.8939970089839,6.97490949630737,6.42326839495513,23.7444156133212,32.8739862442017,11.971452097386,0,6.24620431028443,28.1638125010899,14.5319280173892,0,27.3866505622864,23.1043319702148,25.9143615563711,6.75797545182693,0,3.82146663232283,40.5166854858398,0,0,0,20.2398874759674,0,29.7400834030575,0,0,0,8.27689092892867,0,34.5344505310059,41.0297483114832,0,6.09601155721425,0,13.9335438225367,0,3.4725660259525,0,6.30989558517034,0,13.5942904098124,12.0437983104161,17.2255665461222,17.9607043266296,13.3881435998729,43.9804534912109,12.8421582368415,0,9.87520400636336,15.6037487265026,33.706215540568,13.2294058551444,0,12.6551025708516
0,10.7387787705601,0,11.9286115875457,0,30.9751081466675,0,0,0,15.4059626872723,0,0,0,0,0,0,62.5921681722005,57.9625066121419,38.7001533730086,39.7141090393066,0,5.56393124659856,0,16.2936868667603,0,0,0,0,0,0,0,0,0,9.59995261828105,0,7.93272198047959,0,7.66938904551573,0,7.73458036744327,0,12.2575086141793,38.8441980802096,0,0,25.6411817536425,0,5.67171766581359,3.82146663232283,0,0,0,0,0,0,9.10417184829712,0,22.3280849456787,0,0,0,0,42.2380162477493,68.572868347168,6.74676132202148,0,4.6428198454515,0,2.89225165049235,0,3.09143662452698,0,3.78423490524292,75.5984916687012,3.69613438844681,0,0,0,7.36359403246925,65.4069442749023,5.35785572897663,72.8286437988281,19.6210897306707,0,13.9521115767348,19.1037462552388,60.3924217224121
0,0,7.71682262420654,0,2.93945812460682,0,0,0,5.45556709501478,0,4.23231029510498,0,0,0,4.45787686988956,0,0,0,61.6531448364258,0,4.05286767482758,0,0,0,0,0,0,0,0,0,0,0,0,0,0,0,0,0,0,0,0,0,37.3299268086751,0,0,0,0,0,40.5166854858398,0,0,0,0,0,2.96586513519287,0,5.77011124134064,0,4.14740395545959,0,3.7837304835226,0,0,0,0,0,0,0,0,0,0,0,0,0,0,0,0,0,0,0,0,0,12.6615153153737,0,7.39517171715581,0,0
0,0,0,3.59121775627136,0,2.73809218406677,0,0,0,0,0,0,0,0,0,0,0,0,0,0,0,0,0,0,0,0,0,0,0,0,0,0,0,0,0,0,0,0,0,0,0,0,0,0,0,0,0,0,0,0,0,0,0,0,0,0,0,0,0,0,0,0,0,0,0,0,0,0,0,0,0,0,0,0,0,0,0,0,0,0,0,0,7.37015223503113,0,6.75075674057007,0,0
0,0,0,0,2.83143159321376,0,2.84211920403145,0,0,0,0,0,0,0,0,0,0,0,0,0,0,0,0,0,0,0,0,0,0,0,0,0,0,0,0,0,0,0,0,0,0,0,0,0,0,0,0,0,0,0,0,0,0,0,0,0,0,0,0,0,0,0,0,0,0,0,0,0,0,0,0,0,0,0,0,0,0,0,0,0,0,0,0,0,0,0,0
0,0,0,0,0,0,0,2.9004944052015,0,0,0,0,0,0,0,0,0,0,0,0,0,0,0,0,0,0,0,0,0,0,0,0,0,0,0,0,0,0,0,0,0,0,0,0,0,0,0,0,0,0,0,0,0,0,0,0,0,0,0,0,0,0,0,0,0,0,0,0,0,0,0,0,0,0,0,0,0,0,0,0,0,0,0,0,0,0,0
5.71688653931898,0,14.5421257019043,0,0,0,0,0,5.84460901167972,0,0,0,0,0,4.92560997742873,0,54.2362327575684,0,43.8582000732422,0,0,0,0,0,4.11896232723461,0,10.2399373054504,0,0,0,0,0,0,0,0,0,0,0,9.24266917454569,0,59.6256217956543,43.4467391967773,26.3715781920995,0,0,0,45.843391418457,0,20.2398874759674,0,2.96586513519287,0,0,0,0,0,22.7745813926061,0,0,0,3.80567921608758,0,0,17.7379302978516,0,0,0,4.74565879492351,0,6.84055690765381,0,20.3224396083666,0,27.5612499237061,0,0,0,0,0,65.7867755889893,0,8.19794101715088,20.9147432738659,0,19.7318352575888,0,4.7383759021759
0,4.22470864057541,0,12.0946638243539,0,0,0,0,0,4.03110921186096,0,0,0,0,0,3.10591628816393,0,15.8187999725342,0,0,0,0,0,4.85515446021777,0,0,0,0,0,0,0,0,0,0,0,0,0,20.4810297120478,48.9266471862793,0,0,13.0277195391448,52.5860061645508,0,0,0,0,25.0848438956521,0,9.10417184829712,0,0,0,0,0,0,0,0,0,0,0,3.7126303811868,0,0,0,0,4.78079821968574,0,0,0,0,0,0,0,0,0,0,0,0,0,12.3357909838359,0,8.18376009729174,0,15.5017994721731,10.9475698471069,0
21.5957032079282,0,21.0896762237754,0,7.66178739070892,0,2.99265886641837,0,15.1475392078098,0,4.44018812891441,0,0,0,0,0,56.7181757609049,62.8640327453613,48.2213571959851,0,4.72660904292247,0,0,0,18.4704107761383,0,0,0,0,0,7.16172731528848,0,0,0,0,0,6.39732093560068,0,7.49911365525363,84.9867401123047,37.5480261484782,47.1890034675598,21.1728668356052,0,0,68.5682144165039,27.905476034974,42.4557459214154,29.7400834030575,0,5.77011124134064,0,0,0,22.7745813926061,0,0,0,3.14557103943406,0,0,0,0,7.10891354739859,0,0,0,18.8221179246902,0,0,0,8.92341749247383,0,5.85695029029646,0,0,0,52.5595664978027,75.5468877156575,45.5158101128943,77.5893363952637,42.3183287196689,10.905957456245,33.8478507995605,12.4261742874391,0,11.3844190685228
0,0,0,15.1170152425766,0,0,0,0,0,13.2178859710693,0,3.94351915934043,0,3.6682361735873,0,0,0,0,23.5032876332601,8.48766271417791,0,0,0,0,0,0,0,4.21474146842957,0,5.38863170339215,0,0,0,0,0,4.59402959346771,0,4.77402086414115,0,47.2426385879517,0,13.4562971081053,0,0,0,9.49969577789307,0,0,0,22.3280849456787,0,0,0,0,0,0,0,0,0,5.24452227475692,0,0,7.11599429629066,0,0,0,0,0,0,0,7.62960373560588,0,4.98166730971563,0,0,0,0,0,7.72247595787048,0,7.97252169739116,0,4.97128583690313,0,4.82965936609494,14.2706682682037,0
0,0,3.0631787776947,0,4.28059774398804,0,2.75180006027222,0,0,0,3.2712520748878,0,3.37427653325383,0,0,0,0,0,0,0,0,0,0,0,0,0,0,0,4.37302794456482,0,0,0,0,0,0,0,0,0,0,0,0,0,0,0,0,0,0,0,0,0,4.14740395545959,0,0,0,0,0,3.14557103943406,0,0,0,0,0,0,0,0,0,0,0,0,0,0,4.53032943606377,0,0,0,0,0,0,0,0,0,0,3.18222626825658,3.33459415435791,4.32223701477051,0,0
0,0,0,0,0,0,0,0,0,0,0,3.49903537167443,0,3.43554337604911,0,3.27388286590576,0,0,0,0,0,0,0,0,0,0,0,4.06949319074183,0,4.21243810653687,0,0,0,0,0,0,0,0,0,0,0,0,0,0,0,0,0,0,0,0,0,0,0,0,0,0,0,5.24452227475692,0,0,0,2.99377808968226,0,0,0,0,0,0,0,0,8.73191445014056,0,0,0,0,0,0,0,0,0,0,0,3.12289983502935,3.7253565958568,0,0,0
4.40488469600677,0,0,0,2.75006413459778,0,0,0,3.53113283102329,0,0,0,0,0,3.61851884780392,0,0,0,0,0,0,0,0,0,4.39052030018398,0,5.70756121837732,0,0,0,0,0,0,0,0,0,0,0,0,0,0,0,0,0,0,0,0,0,8.27689092892867,0,3.7837304835226,0,0,0,3.80567921608758,0,0,0,0,0,0,0,0,0,0,0,0,7.56978559494019,0,6.1385993307287,0,7.78024082183838,0,0,0,0,0,0,0,0,0,0,3.09062990775475,0,14.6863986651103,0,0
0,0,0,0,0,0,0,0,0,0,0,0,0,2.9984263420105,0,3.69099598506401,0,12.6584888299306,0,0,0,0,0,0,0,0,0,0,0,0,0,0,0,0,0,0,0,0,0,0,0,0,0,0,0,0,0,0,0,0,0,0,0,0,0,3.7126303811868,0,0,0,2.99377808968226,0,0,0,0,0,0,0,0,0,0,0,0,0,0,0,0,0,0,0,0,0,0,4.0664330124855,0,0,0,0
0,0,0,7.70353389691703,0,7.85804227420262,0,0,0,0,0,5.94774994016147,0,0,0,0,67.3670775095622,58.4618781407674,41.1285907245073,3.52464834427667,0,0,0,0,0,0,0,0,0,0,0,0,0,0,0,4.68621689760232,0,10.8815899714828,0,12.0240526749538,0,29.7057480069692,43.771920522054,34.4336910247803,0,5.70971453999644,81.3077697753906,46.962994257609,34.5344505310059,42.2380162477493,0,0,0,0,0,0,0,7.11599429629066,0,0,0,0,0,0,0,0,0,0,0,0,0,0,10.6024283689294,72.183708190918,0,0,0,0,7.30770267433857,93.6421394348145,9.85915969153062,0,19.5912554247219,31.4781494140625,11.9756122198553,52.878794670105,0
24.7458595752716,0,29.0360244750977,0,0,0,0,0,0,0,10.3699337553095,0,0,0,0,0,61.9194957878016,66.5416393280029,46.5968384696887,0,6.12870632280931,0,0,0,0,0,0,0,0,0,10.3283297402518,0,0,0,56.5589408874512,0,8.2053862659646,0,9.2012375249,77.2389322916667,11.9745351949208,51.7085612370418,30.7375987678766,0,30.1778588976179,50.1197700500488,10.1665677462456,46.0360339482625,41.0297483114832,68.572868347168,0,0,0,0,17.7379302978516,0,7.10891354739859,0,0,0,0,0,0,0,0,0,0,0,0,0,0,11.7267336315579,0,10.3775236509085,0,0,0,52.5953402519226,78.3816057840983,10.6271893034578,78.4321022033691,15.5185226653964,38.4176130053456,0,18.747508002817,79.0694122314453,46.0943989320235
0,0,0,0,0,0,0,0,0,0,0,0,0,0,0,0,0,4.09309178849925,0,0,0,4.7369130189948,5.99614146244095,3.20814108204197,0,3.91990252777382,0,5.26467284257861,0,0,0,0,0,0,0,0,0,5.21101376225677,0,0,0,0,0,0,0,0,0,0,0,6.74676132202148,0,0,0,0,0,0,0,0,0,0,0,0,0,0,0,0,5.20903068400444,0,3.41157825787862,0,4.6674614895837,0,0,0,0,0,0,0,0,0,7.96970677375793,0,5.75910479862597,4.57617514928182,0,0,0
0,0,0,0,0,0,0,0,0,0,0,0,0,0,0,0,0,0,0,0,0,5.48105044608569,4.4642115869528,0,5.62659720579783,0,2.73205828666687,0,5.57863787242344,0,0,0,0,0,0,0,0,0,7.09485518743976,0,0,0,0,0,0,0,0,0,6.09601155721425,0,0,0,0,0,0,0,0,0,0,0,0,0,0,0,0,0,0,3.37383815736482,0,3.74724225901269,0,5.07030524918527,0,0,0,0,0,0,0,0,0,7.47785648399235,5.35954317442823,4.80156614627541,0,0,0
0,17.7725992202759,0,26.2620779673258,0,0,0,0,0,9.79071332443328,0,0,0,0,0,0,0,0,0,0,0,10.1503195404037,0,4.36004184940982,0,7.15625082651774,0,0,0,0,0,0,0,0,0,0,0,6.64453983435412,0,0,0,11.4602071067034,0,0,0,0,0,20.6479358673096,0,4.6428198454515,0,0,0,0,0,4.78079821968574,0,0,0,0,0,0,0,0,5.20903068400444,0,0,0,4.24597917000453,0,0,0,0,0,0,0,0,0,0,0,5.57684446434948,0,8.07510008710496,16.2295989990234,9.30568553661478,0,0
12.2378424275742,0,23.0057367597307,0,0,0,0,0,5.69893342053018,0,0,0,0,0,0,0,0,73.7326698303223,46.0042518615723,0,0,0,4.75945587089096,0,3.99123369453746,0,0,0,0,0,0,0,0,0,0,0,0,0,7.31802049969718,0,0,64.0080280303955,43.5443958441416,0,0,0,37.8829644521077,52.7241592407227,13.9335438225367,0,0,0,0,0,4.74565879492351,0,18.8221179246902,0,0,0,7.56978559494019,0,0,0,0,3.37383815736482,0,0,0,4.19957330352382,0,5.48684883117676,0,74.3333129882812,0,0,0,0,0,55.7781133651733,0,8.27654966718352,18.7263093411204,0,15.0653951802811,0,0
0,0,0,0,0,0,0,0,0,0,0,0,0,0,0,0,0,10.398653878106,0,0,0,3.05964326858521,0,5.09049270199794,0,5.3890352447404,0,0,0,0,0,0,0,0,0,0,0,0,0,0,0,0,0,0,0,0,0,0,0,2.89225165049235,0,0,0,0,0,0,0,0,0,0,0,0,0,0,3.41157825787862,0,4.24597917000453,0,0,0,3.3352462933177,0,0,0,0,0,0,0,0,0,0,0,8.81795630546717,0,0,0,0
0,0,0,0,0,0,0,0,3.83025443707413,0,0,0,0,0,3.79821872477438,0,6.12225675582886,0,0,0,0,0,8.59593536484409,0,4.26218808174133,0,3.62180274959057,0,0,0,0,0,0,0,0,0,0,0,8.42408513029416,0,0,0,0,0,0,0,0,0,3.4725660259525,0,0,0,0,0,6.84055690765381,0,0,0,0,0,6.1385993307287,0,0,0,0,3.74724225901269,0,4.19957330352382,0,0,0,2.90850152752616,0,0,0,0,0,0,0,0,0,12.9426143819636,7.54435733365424,0,0,0,0
0,0,0,0,0,0,0,0,0,0,0,4.80961449433726,0,8.9875609988258,0,0,0,0,0,0,0,7.53594916067999,0,0,0,4.63358793258667,0,5.32389302494581,0,4.78697600331875,0,0,0,0,0,0,0,4.15590896277592,0,0,0,0,0,0,0,0,0,0,0,3.09143662452698,0,0,0,0,0,0,0,7.62960373560588,0,8.73191445014056,0,0,0,0,4.6674614895837,0,0,0,3.3352462933177,0,0,0,4.57593619823456,0,0,0,0,0,0,0,8.84425753927301,0,3.49099974010302,3.17691047532218,3.36340470314026,0,0
16.2485542297363,0,23.8054027557373,0,0,0,0,0,35.5353851318359,0,0,0,3.48833354881832,0,0,0,0,0,0,0,0,0,6.34812785278667,0,0,0,0,0,4.85550067050487,0,5.65499634402139,0,0,0,0,0,0,0,5.8026804213292,0,41.9874839782715,0,28.6438304957222,0,0,0,32.8155959447225,0,6.30989558517034,0,0,0,0,0,20.3224396083666,0,8.92341749247383,0,4.53032943606377,0,7.78024082183838,0,0,11.7267336315579,0,5.07030524918527,0,5.48684883117676,0,2.90850152752616,0,0,0,3.97067548610546,0,0,0,0,0,0,0,5.02424911482661,8.38911265002357,6.84818169474602,11.0997048508037,0,0
0,0,0,0,0,0,0,0,0,16.0897884368896,0,6.80469417803496,0,0,0,0,58.7046279907227,63.7320518493652,24.690178245306,12.7423389824954,0,0,0,0,0,0,0,6.19809662473613,0,6.57470832780722,0,0,0,0,0,0,0,4.05460138776603,0,51.1997764988949,0,14.0920729454201,42.1818008422852,18.7146937052409,0,18.9993178049723,0,66.7361240386963,0,3.78423490524292,0,0,0,0,0,0,0,4.98166730971563,0,0,0,0,10.6024283689294,0,0,0,0,0,0,0,4.57593619823456,0,0,86.0828018188477,0,0,0,0,46.9164957318987,66.6384963989258,5.40164784874235,0,13.3487701917949,0,7.70058236691042,16.1129850100165,0
25.6477001363581,0,25.259404695951,0,34.3510238647461,0,0,0,17.0309161364548,0,7.78321487226604,0,0,0,0,0,56.6806238094966,71.3188815646701,43.8778454093046,0,9.86471271514893,0,0,0,0,0,0,0,5.55253298659074,0,4.18329772470044,0,0,0,0,0,0,0,6.53721024050857,71.8547401428223,42.4444955096525,57.1488537788391,17.9973363287326,0,0,0,33.5606903681939,59.2614612579346,13.5942904098124,75.5984916687012,0,0,0,0,27.5612499237061,0,5.85695029029646,0,0,0,0,0,72.183708190918,10.3775236509085,0,0,0,74.3333129882812,0,0,0,3.97067548610546,86.0828018188477,0,0,0,0,67.0689468383789,68.769287109375,48.9195671762739,70.4001897176107,12.2811029787614,22.1023135051727,39.2631149291992,10.8266007390442,61.2641754150391,15.2276874723281
0,0,0,0,0,0,0,0,0,0,0,0,0,0,0,0,0,0,0,0,0,0,0,0,0,0,0,0,0,0,0,4.58492020232337,5.62211421080288,12.8359975039959,6.93171119689941,17.2876122195798,4.86005187034607,0,0,0,0,0,0,0,0,0,0,7.53031626610848,12.0437983104161,3.69613438844681,0,0,0,0,0,0,0,0,0,0,0,0,0,0,0,0,0,0,0,0,0,0,0,0,0,13.759281539917,5.61451929155885,0,16.2299438954408,11.8839507102966,0,0,4.82775742477841,0,0,0,0
0,0,0,0,0,0,0,0,0,0,0,0,0,0,0,0,0,0,0,0,0,0,0,0,0,0,0,0,0,0,0,4.57139961534214,4.44572732665322,4.69311355219947,10.2729597915838,0,4.53083528979071,0,0,0,23.1552712009067,0,0,0,0,0,0,8.7407386963415,17.2255665461222,0,0,0,0,0,0,0,0,0,0,0,0,0,0,0,0,0,0,0,0,0,0,0,0,0,13.759281539917,0,0,5.64198223918317,0,13.7517448367033,0,0,7.74524825811386,0,14.0445555051168,0,0
0,0,0,0,0,0,0,0,0,0,0,0,0,0,0,0,65.5015106201172,0,0,0,0,0,0,0,0,0,0,0,0,0,0,14.4270249722709,5.35864696358189,5.17161933447064,5.29202122621603,8.31026568964908,0,6.71849461294272,0,27.9147510528564,0,20.5069557825724,0,0,0,36.2187767028809,0,9.33692821517803,17.9607043266296,0,0,0,0,0,0,0,0,0,0,0,0,0,0,0,0,0,0,0,0,0,0,0,0,0,5.61451929155885,0,0,10.6529089212418,15.7337405204773,0,8.39339182525873,0,5.69968196043034,5.36057188931633,22.6006677884322,0,0
0,0,0,0,0,0,0,0,0,0,0,0,0,0,0,0,0,0,0,0,0,0,0,0,0,0,0,0,0,0,0,5.04772853851318,4.99674476959087,7.10113406056247,5.597028839583,14.5786275863647,8.23271040976802,11.0412579642402,5.99619877091087,0,22.19362616539,0,13.5894838043406,0,0,0,39.6980400085449,5.83917830689681,13.3881435998729,0,0,0,0,0,0,0,52.5595664978027,0,0,0,0,0,0,52.5953402519226,0,0,0,0,0,0,0,0,0,67.0689468383789,0,5.64198223918317,10.6529089212418,0,0,8.15351909937733,0,5.75526353251189,9.08276854908985,9.85181164741516,21.3978714766326,0,0
0,36.9908304214478,0,47.8054929971695,0,35.8965117136637,0,0,0,0,0,4.76473244727433,0,0,0,0,65.9336466595409,61.3256005355992,37.9882029344832,6.617311655417,0,0,0,0,0,0,0,0,0,0,0,8.62898445435059,0,46.279946231842,0,4.754192808859,3.9732667016983,7.86328782443004,66.1967544555664,19.2183405956778,70.3366012573242,27.6939849437196,55.0771471786499,28.834766787152,0,15.7190649590925,75.7095937728882,5.667472861934,43.9804534912109,7.36359403246925,0,0,0,0,0,0,75.5468877156575,7.72247595787048,0,0,0,0,7.30770267433857,78.3816057840983,0,0,0,0,0,0,0,0,46.9164957318987,68.769287109375,16.2299438954408,0,15.7337405204773,0,0,53.9016480316987,12.1026987305532,81.1915168762207,35.3163791854873,12.1710206137763,28.0542425475123,30.6694218266395,61.6418838500977
30.9886175292769,0,34.9114298290677,51.9424285888672,0,64.0844039916992,0,0,44.4632477760315,0,0,0,0,0,0,0,57.9447507036143,65.8213818868001,44.0613126911412,0,7.58628471462997,0,0,0,58.0166893005371,0,0,0,0,0,0,16.1196898051671,6.17626639946284,16.4887542724609,11.637930461045,3.81099158627413,4.41702469757753,0,8.56386233750036,79.9878155101429,8.04274286129404,60.7522207561292,23.2187072103831,0,30.5034839993431,0,21.0419279538795,5.33814332799394,12.8421582368415,65.4069442749023,0,0,0,0,65.7867755889893,0,45.5158101128943,0,0,0,0,0,93.6421394348145,10.6271893034578,0,0,0,55.7781133651733,0,0,0,0,66.6384963989258,48.9195671762739,11.8839507102966,13.7517448367033,0,8.15351909937733,53.9016480316987,0,81.1443014705882,11.7444912075652,25.8727840153465,7.38162259586522,23.5392796386758,55.5032920837402,37.1173070197882
