0,0,143.728003576398,0,10.8596930205822,0,0,0,124.85741391778,0,0,0,0,0,0,0,11.0141443312168,0.849415332078934,24.4637775942683,0,0,0,0,0,3.94345682859421,0,0,0,0,0,0,0,0,0,0,0,0,6.52604761719704,0,0,1.49663379788399,0,33.9175264239311,0,0,1.08723473548889,0.37210550904274,2.43253928422928,165.881661444902,0,2.30940316617489,0,0,0,35.5420516431332,0,128.942493185401,0,0,0,4.82629232108593,0,0,2.72101339697838,0,0,0,0,0,0,0,0.410448521375656,0,4.34798802435398,0,0,0,0,0,8.76085339486599,4.74801599979401,13.7139061242342,68.0930145010352,1.14209755510092,704.972095146775,0,0.207751929759979
0,0,0,28.6582749634981,0,0,0,0,0,92.1571138948202,0,0,0,0,0,0,1.9683171659708,1.30248615145683,17.6410883143544,0,0,0,0,0,0,0,0,0,0,0,0,0,0,0,0,0,0,0,0,7.71252328157425,0,22.8082067668438,0.280792728066444,0,0,8.33481314778328,0.122524276375771,0,0,25.9754291921854,0,0,0,0,0,497.648442953825,0,0.919310480356216,0,0,0,25.5422042608261,0,0,0,0,15.0994508564472,0,0,0,0,0,1.35337108373642,0,0,0,0,0,4.01109084486961,0,4.86705881357193,0,47.0981131717563,0.219948619604111,180.841377645731,0,0
143.728003576398,0,0,0,55.1259851455688,0,0,0,73.5325105935335,0,0,0,0,0,0,0,0,0,1.20068910717964,0,0.155258059501648,0,0,0,0.568485349416733,0,0,0,0,0,0,0,0,0,0,0,0,0,0,0,5.54112210869789,0,78.8541040495038,0,0,0,8.2894295156002,0,19.3302438557148,0,52.7060230523348,0,0,0,0,0,40.1571290344,0,13.0713752657175,0,0,0,0,0.542158290743828,0,0,0,0,0,0,0,0.381089627742767,0,21.123226955533,0,0,0,0,0,0.498599797487259,0,0.979543045163155,34.8922491818666,0,291.475348182023,0,1.38994751870632
0,28.6582749634981,0,0,0,34.3813367187977,0,0,0,105.230686932802,0,0,0,0,0,0,0,0,12.253391303122,0,0,0,0,0,0,0,0,0,0,0,0,0,0,0,0,0,0,2.66785436868668,0.47394871711731,17.440304890275,0,334.51370792836,4.09014014899731,0,0,25.3333016932011,0.303414933383465,0.654182702302933,0.463698640465736,45.7403749972582,0,161.311888158321,0,0,0,263.754834830761,0,166.987346127629,0,45.3951488733292,0,1.37043052911758,1.7706373333931,0,0,0,0,0,0,0,0,0,27.4208435118198,0,0,0,0,0,8.49119952321053,0,11.2139404565096,0.517510250210762,241.964456357062,3.25625627487898,592.236584320664,14.9694492816925,0
10.8596930205822,0,55.1259851455688,0,0,0,10.4134125709534,0,68.9802141189575,0,0,0,65.7031025290489,0,0,0,0,0,0,0,0,0,0,0,0,0,0,0,0,0,0,0,0,0,0,0,0,0,0,0,0,0,0,0,0,0,0,0,0,0,423.712982267141,0,48.4205918312073,0,0,0,0,0,0.812828421592712,0,0,0,0,0,0,0,0,0,0,0,0,0,0,0,0,0,0,0,0,0,0,0,368.940447449684,0,0,0,0
0,0,0,34.3813367187977,0,0,0,36.278778553009,0,0,0,0,0,0,0,0,0,0,0,2.50057134032249,0,0,0,0,0,0,0,0,0,0,0,0,0,0,0,13.6189886182547,0,0,0,0,0,3.5308163613081,0,0,0,0,0,0,0,0,0,653.373825728893,0,0,0,0,0,21.4496915340424,0,0,0,0,17.5707022845745,0,0,0,0,0,0,0,0,0,0,0,0,0,0,0,12.8936168551445,0,0.136268734931946,0,1072.00469705462,256.496135532856,245.319365426898,0,0
0,0,0,0,10.4134125709534,0,0,0,0,0,0,0,51.4776713252068,0,0,0,0,0,0,0,0,0,0,0,0,0,0,0,0,0,0,0,0,0,0,0,0,0,0,0,0,0,0,0,0,0,0,0,0,0,16.6427822113037,0,20.7395702600479,0,0,0,21.6596527099609,0,0,0,0,0,0,0,0,0,0,0,0,0,0,0,0,0,0,0,0,0,0,0,0,0,7.33974742889404,0,0,0,0
0,0,0,0,0,36.278778553009,0,0,0,0,0,194.357803225517,0,47.7901664376259,0,0,0,0,0,0,0,0,0,0,0,0,0,0,0,0,0,0,0,0,0,0,0,0,0,0,0,0,0,0,0,0,0,0,0,0,0,43.5993343889713,0,389.05227163434,0,0,0,65.6251096725464,0,3.88895124197006,0,0,0,0,0,0,0,0,0,0,0,0,0,0,0,0,0,0,0,0,0,0,196.348899304867,2.8584156036377,0,0,0
124.85741391778,0,73.5325105935335,0,68.9802141189575,0,0,0,0,0,0,0,0,0,69.13473919034,0,0,0,5.67407386004925,0,0,0,0,0,129.788220584393,0,167.082738399506,0,0,0,0,0,0,0,0,0,0,0,0.420219585299492,0,0,0,11.7048151642084,0,0,0,0.870686426758766,0,2.20150750875473,0,1.30663260817528,0,0,0,807.05864174664,0,9.71333305537701,0,0,0,214.043683961034,0,0,0,0,0,0,166.258357048035,0,176.297899484634,0,1.29198849201202,0,2.49820828437805,0,0,0,0,0,0,0,5.94776096940041,571.010806187987,15.9253680855036,32.2973077595234,0,2.65051698684692
0,92.1571138948202,0,105.230686932802,0,0,0,0,0,0,0,0,0,0,0,387.361385047436,0,0,0,0,0,0,0,9.4504217505455,0.30057430267334,0,0,0,0,0,0,0,0,0,0,0,0,62.4497516006231,0,0,0,4.30284380912781,0,0,0,0,0,0,1.53276467323303,0,0,0,0,0,0,569.134584501386,0,0,0,0,0,341.739910155535,0,0,0,0,8.89254100620747,0,0,0,0,0,0,0,0,0,0,0,0,0,160.473585613072,0,2054.90463735163,61.3531990796328,33.1999902278185,0,0
0,0,0,0,0,0,0,0,0,0,0,0,243.311073720455,0,0,0,0,0,0,0,204.630309194326,0,0,0,0,0,0,0,8.38819831609726,0,163.521913468838,0,0,0,0,0,129.376473546028,0,798.161295473576,0,0,0,0,0,0,0,0,0,0,0,0,0,0,0,0,0,2141.72026138008,0,295.954020023346,0,0,0,0,8.99125894904137,0,0,0,0,0,0,0,5.51119947433472,0,123.415193974972,0,0,0,0,0,3.63343894481659,0,15.6350685805082,289.317601010203,43.6495147645473,0,0,0
0,0,0,0,0,0,0,194.357803225517,0,0,0,0,0,923.24667096138,0,0,0,0,0,179.121521830559,0,0,0,0,0,0,0,312.704731583595,0,48.2273724079132,0,0,0,0,0,825.541207492352,0,395.233680844307,0,0,0,0,0,0,0,0,0,0,0,0,0,0,0,0,0,0,0,2081.34123918414,0,498.462662339211,0,0,474.694410026073,0,0,0,0,0,0,0,66.6399668455124,0,165.059568747878,0,0,0,0,0,389.575004160404,0,45.9862184524536,0,499.942762970924,0,8.14997985959053,0,0
0,0,0,0,65.7031025290489,0,51.4776713252068,0,0,0,243.311073720455,0,0,0,0,0,17.596048116684,0,0,0,0,0,0,0,0,0,0,0,2.81072837114334,0,0,0,0,0,0,0,0,0,0,0,0,0,0,0,0,0,0,0,0,0,6.32447159290314,0,3.65536546707153,0,0,0,0,0,128.512185871601,0,0,0,0,0,0,0,0,0,0,0,0,2,0,0,0,0,0,0,0,0,0,0,184.15275901556,172.779701471329,0,0,0
0,0,0,0,0,0,0,47.7901664376259,0,0,0,923.24667096138,0,0,0,40.7712005376816,0,0,0,0,0,0,0,0,0,0,0,12.1110112965107,0,7.3272078037262,0,0,0,0,0,0,0,0,0,0,0,0,0,0,0,0,0,0,0,0,0,0,0,55.3062654137611,0,0,0,596.86906966567,0,392.257566124201,0,4.10981607437134,0,0,0,0,0,0,0,0,0,0,0,0,0,0,0,0,0,0,0,0,183.926398664713,290.390172898769,0,0,0
0,0,0,0,0,0,0,0,69.13473919034,0,0,0,0,0,0,0,43.5598623752594,0,0,0,0,0,0,0,1.05567669868469,0,4.37580782175064,0,0,0,0,0,0,0,0,0,0,0,0,0,0,0,0,0,0,0,0,0,0,0,0,0,0,0,5.6281902641058,0,0,0,0,0,21.2946908175945,0,0,0,0,0,0,0,0,0,0,0,0,0,0,0,0,0,0,0,0,0,4.00659561157227,83.1593508720398,0,0,0
0,0,0,0,0,0,0,0,0,387.361385047436,0,0,0,40.7712005376816,0,0,0,16.4550732970238,0.347312539815903,0,0,0,0,0.645602166652679,0,0,0,0,0,0,0,0,0,0,0,0,0,0,0,0,0,0,0,0,0,0,0,0,0,0,0,0,0,0,0,51.4936990439892,0,0,0,0,0,773.562745422125,0,0,0,0,2.10351413488388,0,0,0,0,0,0,0,0,0,0,0,0,0,0,0,193.523040831089,153.030965864658,0,0,0
11.0141443312168,1.9683171659708,0,0,0,0,0,0,0,0,0,0,17.596048116684,0,43.5598623752594,0,0,10862.7922501415,3507.07304888964,0,0.573342263698578,0,30.7303396463394,0,2.18109261989594,0,593.459587007761,0,191.71725910902,0,0,0,0,0,0,0,0.821259737014771,0,1.82772660255432,190.630395531654,20.9276963993907,33.0691448450089,52.7624551877379,5.5002221763134,0,53.6359855607152,106.685157164931,0,0,0.423196464776993,0,0,0,0,0,0,7.78496453166008,2.19981150329113,0,0,0,0,0,23.7265940606594,0,0,0,0,0,14.3014941215515,0,0.324662558734417,0.356209173798561,31.60781147331,0,0,0,0,102.212453596294,147.22468239814,44.3187298774719,43.8396977186203,13031.6683941483,6661.0380044803,429.782735645771,5.38570186495781,16.2573879286647
0.849415332078934,1.30248615145683,0,0,0,0,0,0,0,0,0,0,0,0,0,16.4550732970238,10862.7922501415,0,3041.82582158595,0,0,127.870027422905,0,32.7551746964455,0,247.946306407452,0,23.9073243141174,0,0,0,0,0,0,0,0,1.04193663597107,0,0,56.4548926874995,22.5121063515544,20.1131391078234,19.0734439268708,0.651351392269135,0.225996479392052,27.1785953640938,91.6874647587538,0,0,0,0,0,0,0,0,0,3.77384859323502,1.04621048271656,0,0,0,0,0,8.30003103613853,0,0,0,0,0,0,0,0,1.26303207874298,3.59110874682665,0,0,0,0,30.7937514856458,73.9382801875472,13.7684103697538,11.7543064132333,14182.7221703902,4097.36906157434,142.943407230079,0.707035139203072,2.92208360880613
24.4637775942683,17.6410883143544,1.20068910717964,12.253391303122,0,0,0,0,5.67407386004925,0,0,0,0,0,0,0.347312539815903,3507.07304888964,3041.82582158595,0,0,6.04807341098785,0,0,0,0,0,0,0,0,0,0,0,0,0,0,0,1.70145862549543,0,2.76460438966751,1180.41761224717,198.513329334557,1090.03430531919,524.338369876146,19.7225671857595,0.489677846431732,321.934214785695,1133.33053939044,0.866855412721634,5.55589666962624,6.25139428675175,4.80814498662949,0,0,0,0,0,53.9245093241334,168.061581216753,0,0,0,0,1.08495803177357,133.251251079142,0,0,0,0,0,0,0,1.11128866672516,123.042109407485,74.85756816715,0,0,0,0,476.939982444048,772.8512622118,462.067360572517,155.41718981415,3566.0145746097,64.1316929757595,3049.21200943738,98.8022826090455,128.538316585124
0,0,0,0,0,2.50057134032249,0,0,0,0,0,179.121521830559,0,0,0,0,0,0,0,0,0,0,0,0,0,0,0,0,0,0,0,0,0,0,0,815.337455540895,0,182.956677854061,0,0,0,0,0,0,0,1.0728984773159,0,0,0,0,0,0,0,0,0,0,0,3,0,0,0,0,1462.76213642955,0,0,0,0,0,0,0,0,0,8.2434253692627,0,0,0,0,0,85.801060795784,0,47.653463691473,0,167.929887235165,1.18904635310173,129.069292232394,0,0
0,0,0.155258059501648,0,0,0,0,0,0,0,204.630309194326,0,0,0,0,0,0.573342263698578,0,6.04807341098785,0,0,0,0,0,0,0,0,0,0,0,0,0,0,0,0,0,779.833726197481,0,556.143445640802,0.172797635197639,0.18417826294899,0,1.88383667171001,0,0,0,17.1846680566669,0,0,0,46.1900754123926,0,0,0,0,0,1107.49831788242,0,0,0,0,0,0,1351.59173927456,0,0,0,0,0,0,0,0,0,3.06824764609337,0,0,0,0,0,757.33473893255,0,338.474874332547,319.399842888117,0.560559898614883,49.5554477870464,0,0.738828420639038
0,0,0,0,0,0,0,0,0,0,0,0,0,0,0,0,0,127.870027422905,0,0,0,0,222.434013843536,175.810161933303,0,127.051027685404,0,70.4381623268127,0,0,0,0,0,0,0,0,0,570.644396394491,0.232700243592262,0,0,0,0,0,0,0,0,1.2873682975769,0,10.9993690252304,0,0,0,0,0,0,0,0,0,0,0,0,0,0,3651.46997451782,1,194.521374642849,0.197653070092201,133.9024938941,0,252.593753248453,0,0,0,0,0,0,0,0,0,64.9617275893688,0.32808181643486,1597.36311839521,62.2998850792646,0,0,0
0,0,0,0,0,0,0,0,0,0,0,0,0,0,0,0,30.7303396463394,0,0,0,0,222.434013843536,0,0,43.7374539971352,0,0,0,89.0257239341736,0,0,0,0,0,0,0,0,1.02705579996109,476.124373421073,0,0,0,0,0,0,0,0,4.4658637791872,804.040183782578,0,0,0,0,0,0,0,0,0,0,0,0,0,0,0,24.9386283755302,3840.35945278406,0,51.9875907897949,0,1,0,0,0,0,0,0,0,0,0,0,0,55.9411443918943,1353.14384092391,186.060426801443,0,0,0
0,0,0,0,0,0,0,0,0,9.4504217505455,0,0,0,0,0,0.645602166652679,0,32.7551746964455,0,0,0,175.810161933303,0,0,0.221845030784607,76.4773077070713,0,0,0,0,0,0,0,0,0,0,0,158.574745640159,1.06018409132957,0,0,0,0,0,0,0,0,0.985156118869781,0,0.871007055044174,0,0,0,0,0,38.763372823596,0,0,0,0,0,0,0,0,62.4506569057703,0,391.082662269473,0,13.9293273091316,0,0,0,0,0,0,0,0,0,0,0,95.3127819448709,0.288293123245239,134.726769030094,0.253710895776749,0.461032867431641,0,0
3.94345682859421,0,0.568485349416733,0,0,0,0,0,129.788220584393,0.30057430267334,0,0,0,0,1.05567669868469,0,2.18109261989594,0,0,0,0,0,43.7374539971352,0.221845030784607,0,0,90.8929715156555,0,0,0,0,0,0,0,0,0,0,2.89232215285301,160.963984489441,0,0,0,0.613700568675995,0,0,0,0,2.40706965327263,3.9638397693634,0,0,0,0,0,159.772796347737,0,0,0,0,0,0,0,0,0,0,44.6638382673264,0,427.656852245331,0,325.629202872515,0,0,0,0,0,0,0,0,0,0,0.31348904967308,37.4580896347761,84.0368726849556,0,2.47525024414062,0,0
0,0,0,0,0,0,0,0,0,0,0,0,0,0,0,0,0,247.946306407452,0,0,0,127.051027685404,0,76.4773077070713,0,0,0,0,0,0,0,0,0,0,0,0,0,0,0,0,0,0,0,0,0,0,0,0,0,0,0,0,0,0,0,0,0,0,0,0,0,0,0,0,134.318249225616,0,3.02736689150333,0,169.631152898073,0,0,0,0,0,0,0,0,0,0,0,0,0,15.3164567947388,0,0,0,0
0,0,0,0,0,0,0,0,167.082738399506,0,0,0,0,0,4.37580782175064,0,593.459587007761,0,0,0,0,0,0,0,90.8929715156555,0,0,0,147.260377287865,0,0,0,0,0,0,0,0,0,0,0,0,0,0,0,0,0,0,0,0,0,0,0,0,0,0,0,0,0,0,0,0,0,0,0,0,0,0,51.5903443396091,0,426.344383895397,0,0,0,0,0,0,0,0,0,0,0,1.62965536117554,79.5043144822121,0,0,0,0
0,0,0,0,0,0,0,0,0,0,0,312.704731583595,0,12.1110112965107,0,0,0,23.9073243141174,0,0,0,70.4381623268127,0,0,0,0,0,0,0,81.6054047346115,0,0,0,0,0,0,0,0,0,0,0,0,0,0,0,0,0,0,0,0,0,0,0,0,0,0,0,29.020597577095,0,0,0,0,0,0,0.868779361248016,0,0,0,0,0,628.903634339571,0,0,0,0,0,0,0,0,0,0,0,263.552603006363,533.375822037458,0,0,0
0,0,0,0,0,0,0,0,0,0,8.38819831609726,0,2.81072837114334,0,0,0,191.71725910902,0,0,0,0,0,89.0257239341736,0,0,0,147.260377287865,0,0,0,32.6414192914963,0,0,0,0,0,0,0,33.7354275584221,0,0,0,0,0,0,0,0,0,0,0,0,0,0,0,0,0,0,0,0,0,0,0,0,0,0,28.213166475296,0,0,0,9.34774565696716,0,795.683419346809,0,0,0,0,0,0,0,0,0,67.1229876875877,327.354988217354,70.6961057186127,0,0,0
0,0,0,0,0,0,0,0,0,0,0,48.2273724079132,0,7.3272078037262,0,0,0,0,0,0,0,0,0,0,0,0,0,81.6054047346115,0,0,0,0,0,0,0,0,0,411.420374423265,0,0,0,0,0,0,0,0,0,0,0,0,0,0,0,0,0,0,0,26.0623550415039,0,0,0,0,0,0,0,0,0,0,0,0,436.103731036186,0,709.859619498253,0,0,0,0,0,0,0,4.48874461650848,0,266.237686663866,0,0,0,0
0,0,0,0,0,0,0,0,0,0,163.521913468838,0,0,0,0,0,0,0,0,0,0,0,0,0,0,0,0,0,32.6414192914963,0,0,0,0,0,0,0,0,0,317.936170846224,0,0,0,0,0,0,0,0,0,0,0,0,0,0,0,0,0,22.151696562767,0,0,0,0,0,0,0,0,0,0,0,0,0,0,94.4535043239594,0,479.138325229287,0,0,0,0,0,0,0,0,280.535700559616,169.999957382679,0,0,0
0,0,0,0,0,0,0,0,0,0,0,0,0,0,0,0,0,0,0,0,0,0,0,0,0,0,0,0,0,0,0,0,1484.91113500297,38.4128088951111,0,411.392240509391,5.50446617603302,0,0,0,0,0,0,0,0,0,0,7245.96684269607,37.460591763258,3.33687871694565,0,0,0,0,0,0,0,0,0,0,0,0,0,0,0,0,0,0,0,0,0,0,0,0,718.464321106672,624.620083242655,67.4771085083485,0,29.5845767408609,202.815660178661,0,0,98.0165109634399,0,0,0,0
0,0,0,0,0,0,0,0,0,0,0,0,0,0,0,0,0,0,0,0,0,0,0,0,0,0,0,0,0,0,0,1484.91113500297,0,44.5004368424416,0,142.14665594697,47.6754967272282,0,0,0,0,0,0,0,0,0,0,910.908818766475,2.15605139732361,0,0,0,0,0,0,0,0,0,0,0,0,0,0,0,0,0,0,0,0,0,0,0,0,0,36.1599413901567,1131.85105913877,0,0,1.02793109416962,278.405759453773,0,0,171.224132299423,0,0,0,0
0,0,0,0,0,0,0,0,0,0,0,0,0,0,0,0,0,0,0,0,0,0,0,0,0,0,0,0,0,0,0,38.4128088951111,44.5004368424416,0,5253.696884498,75.5625485479832,0,203.073199212551,390.159343957901,0,0,0,0,0,0,0,0,2605.83329126239,65.2818818390369,0,0,0,0,0,0,0,0,0,0,0,0,0,0,0,0,0,0,0,0,0,0,0,0,0,4.29696518182755,0,1189.3942617178,804.512164652348,11.0586043894291,0,10.3429696559906,4.49034932255745,416.386380374432,0,7.01739919185638,0,0
0,0,0,0,0,0,0,0,0,0,0,0,0,0,0,0,0,0,0,0,0,0,0,0,0,0,0,0,0,0,0,0,0,5253.696884498,0,0,1018.77625787258,330.466543570161,549.492001563311,0,0,0,0,0,0,0,0,2009.34347130358,6.64596861600876,0,0,0,0,0,0,0,0,0,0,0,0,0,0,0,0,0,0,0,0,0,0,0,0,0,0,0,123.526962846518,1660.29827779531,0,15.5763501524925,14.2422938942909,261.220001727343,530.080497309566,0,0,0,0
0,0,0,0,0,13.6189886182547,0,0,0,0,0,825.541207492352,0,0,0,0,0,0,0,815.337455540895,0,0,0,0,0,0,0,0,0,0,0,411.392240509391,142.14665594697,75.5625485479832,0,0,1350.92428600788,1656.20794251561,42.0445758253336,0,0,0.16593961417675,0,0,0,60.7022255063057,0,228.370507419109,0,29.650354668498,0,0.32162818312645,0,0,0,0,0,43.1731313467026,0,0,0,0,1057.16082917154,0,0,0,0,0,0,0,0,0,0,0,129.471019297838,5.28029817342758,185.081498600543,0,19532.4520953745,553.309191346169,2164.99276456237,0.951299428939819,2348.3651818186,55.4999482631683,195.231727078557,0,0
0,0,0,0,0,0,0,0,0,0,129.376473546028,0,0,0,0,0,0.821259737014771,1.04193663597107,1.70145862549543,0,779.833726197481,0,0,0,0,0,0,0,0,0,0,5.50446617603302,47.6754967272282,0,1018.77625787258,1350.92428600788,0,0,1794.06068764627,0,0.313197702169418,0,4.68604356050491,0,0,0,14.1625663265586,59.6919929236174,2.30240778625011,0,5.66958637535572,0,0,0,0,0,10.8509603366256,0,0,0,0,0,0,800.992650330067,0,0,0,0,0,0,0,0,0,0,0.243731409311295,158.462869629264,0,410.466549813747,274.090355485678,12341.0765259489,0,2625.75833337009,3546.6959977001,909.361575186253,244.185644939542,0,0.384422913193703
6.52604761719704,0,0,2.66785436868668,0,0,0,0,0,62.4497516006231,0,395.233680844307,0,0,0,0,0,0,0,182.956677854061,0,570.644396394491,1.02705579996109,158.574745640159,2.89232215285301,0,0,0,0,411.420374423265,0,0,0,203.073199212551,330.466543570161,1656.20794251561,0,0,856.236595243216,0,0,21.3870580643415,0,0,0,0,0,962.444164425135,28.3505308032036,16.1026273816824,0,0,0,0,0,30.6450458616018,0,397.307197138667,0,0,0,0,44.6822459250689,0,379.105582550168,3.46599078178406,497.067902207375,15.517407849431,0,0,149.16850733757,0,823.745878823102,0,0,0,101.434272795916,0.966944575309753,921.948646359146,2.11844444274902,14737.2830907255,175.386536121368,1708.21527010202,14.3751322627068,126.225323706865,0,0
0,0,0,0.47394871711731,0,0,0,0,0.420219585299492,0,798.161295473576,0,0,0,0,0,1.82772660255432,0,2.76460438966751,0,556.143445640802,0.232700243592262,476.124373421073,1.06018409132957,160.963984489441,0,0,0,33.7354275584221,0,317.936170846224,0,0,390.159343957901,549.492001563311,42.0445758253336,1794.06068764627,856.236595243216,0,0,0.13707023859024,0.269741266965866,2.93798147141933,0,0,0,8.18718734383583,1147.07656253874,174.672881066799,0.44208188354969,0,0,0,0,20.0278330892324,0,143.353305563331,0,0,0,0,0,0,274.643871299922,0.752196207642555,204.658734276891,0,195.13806463778,0,42.5663553476334,0,0.455934792757034,0,423.381521940231,0,0,0.990425258874893,95.5639294087887,48.8317376673222,699.289727516472,94.4483086913824,12734.4958046228,2159.29596634209,212.477165937424,5.29084220528603,0,0.166256353259087
0,7.71252328157425,0,17.440304890275,0,0,0,0,0,0,0,0,0,0,0,0,190.630395531654,56.4548926874995,1180.41761224717,0,0.172797635197639,0,0,0,0,0,0,0,0,0,0,0,0,0,0,0,0,0,0,0,10.2212291136384,2089.84786497802,20.7020448669791,21.8801624774933,0,618.617582723498,72.4436559304595,0.392458826303482,0,111.990196570754,0.149467572569847,0,0,0,0,0,4.35428912192583,13.7826865911484,0,0,0,0,5.12689084559679,7.05827029794455,0,0,0,0,0,0,0,0,11.2394155263901,4.15802210569382,0,0,0,0,82.9733936712146,23.8203717544675,78.5810194760561,6.88044898211956,622.524022832513,5.62825471907854,2098.30293782055,56.3834678605199,3.64752617478371
1.49663379788399,0,5.54112210869789,0,0,0,0,0,0,0,0,0,0,0,0,0,20.9276963993907,22.5121063515544,198.513329334557,0,0.18417826294899,0,0,0,0,0,0,0,0,0,0,0,0,0,0,0,0.313197702169418,0,0.13707023859024,10.2212291136384,0,2.72053036093712,410.868979416788,0,4.76576394587755,5.15037874877453,442.738837346435,0,196.708602815866,0.527365654706955,12.8833600133657,0,0,0,0,0,35.4490472748876,0.10244619846344,0.842817783355713,0,0,0,0,91.9975554794073,0,0,0,0,0,0,0,0,0.590307056903839,8.33097022026777,0,0,0,0,2.26127135753632,162.68313164264,0.108489692211151,13.0024594962597,108.249109447002,5.29731646925211,533.670852161944,0,44.6672017499804
0,22.8082067668438,0,334.51370792836,0,3.5308163613081,0,0,0,4.30284380912781,0,0,0,0,0,0,33.0691448450089,20.1131391078234,1090.03430531919,0,0,0,0,0,0,0,0,0,0,0,0,0,0,0,0,0.16593961417675,0,21.3870580643415,0.269741266965866,2089.84786497802,2.72053036093712,0,263.991163685918,0.640249997377396,0,238.322346203029,13.4133738279343,60.3800220638514,10.6235142052174,294.930636376143,0,6.1408799290657,0,0,0,3.22997012734413,0.230251267552376,457.058116041124,0,0,0,0,6.09957295656204,1.17225432395935,0,0,0,0,0,0,0,0,372.308226794004,1.74393077194691,0,0,0,0,449.201734438539,8.71796225011349,198.669517301023,1.0625701546669,1966.02388026565,16.6261740624905,4706.1200325489,130.012737393379,1.20452804863453
33.9175264239311,0.280792728066444,78.8541040495038,4.09014014899731,0,0,0,0,11.7048151642084,0,0,0,0,0,0,0,52.7624551877379,19.0734439268708,524.338369876146,0,1.88383667171001,0,0,0,0.613700568675995,0,0,0,0,0,0,0,0,0,0,0,4.68604356050491,0,2.93798147141933,20.7020448669791,410.868979416788,263.991163685918,0,0,31.5194886997342,9.77118611335754,972.764301382005,2.06913417577744,515.278348729014,1.39007087051868,60.1677837371826,0,0,0,0,0,667.223241344094,1.02597864717245,4.11676746606827,0,0,0,0,272.620529748499,0,0,0,0,0,0,0,140.656437560916,0.891123831272125,669.28973210603,0,0,0,0,5.48216436803341,1448.66309265047,3.27268446981907,118.440910287201,1605.05428732932,58.7384601682425,2915.81711621583,0.690294995903969,367.476942650974
0,0,0,0,0,0,0,0,0,0,0,0,0,0,0,0,5.5002221763134,0.651351392269135,19.7225671857595,0,0,0,0,0,0,0,0,0,0,0,0,0,0,0,0,0,0,0,0,21.8801624774933,0,0.640249997377396,0,0,0,3.88068562746048,1.3017954826355,0,0,0,0,0,0,0,0,0,0,0,0,0,0,0,0,0,0,0,0,0,0,0,0,0,0,0,0,0,0,0,16.2480544894934,0,0.151337519288063,0,11.4818879887462,0,21.9974361807108,0,0
0,0,0,0,0,0,0,0,0,0,0,0,0,0,0,0,0,0.225996479392052,0.489677846431732,0,0,0,0,0,0,0,0,0,0,0,0,0,0,0,0,0,0,0,0,0,4.76576394587755,0,31.5194886997342,0,0,0,36.0264261364937,0,0,0,0,0,0,0,0,0,0,0,0,0,0,0,0,4.81792430579662,0,0,0,0,0,0,0,0,0,0,0,0,0,0,0,50.7151760458946,0,1.15047121047974,2.69253578782082,0,30.9523769468069,0,4.44030890613794
1.08723473548889,8.33481314778328,0,25.3333016932011,0,0,0,0,0,0,0,0,0,0,0,0,53.6359855607152,27.1785953640938,321.934214785695,1.0728984773159,0,0,0,0,0,0,0,0,0,0,0,0,0,0,0,60.7022255063057,0,0,0,618.617582723498,5.15037874877453,238.322346203029,9.77118611335754,3.88068562746048,0,0,31.9998459368944,0,0,4.24535623937845,0,0,0,0,0,0,0.319821134209633,35.9032520055771,0,0,0,0,1478.22510778904,3.27000373601913,0,0,0,0,0,0,0,0,15.9320478513837,0.25389851629734,0,0,0,0,1637.3930926919,20.0686869546771,802.433613404632,1.83898434787989,347.342195421457,5.47232240438461,1708.84496825933,0,0
0.37210550904274,0.122524276375771,8.2894295156002,0.303414933383465,0,0,0,0,0.870686426758766,0,0,0,0,0,0,0,106.685157164931,91.6874647587538,1133.33053939044,0,17.1846680566669,0,0,0,0,0,0,0,0,0,0,0,0,0,0,0,14.1625663265586,0,8.18718734383583,72.4436559304595,442.738837346435,13.4133738279343,972.764301382005,1.3017954826355,36.0264261364937,31.9998459368944,0,0,8.07163447141647,0,8.96696916222572,0,0,0,0,0,349.139489680529,1.32415655255318,1.19119264185429,0,0,0,0,1136.21493875235,0,0,0,0,0,0,0,1.28062689304352,3.68983881175518,72.490248285234,0,0,0,0,17.8565915450454,1752.13173782825,8.31493498384953,361.08478577435,551.013330429792,12.0484604910016,1329.17974929512,2.30358699709177,24.0902011170983
2.43253928422928,0,0,0.654182702302933,0,0,0,0,0,0,0,0,0,0,0,0,0,0,0.866855412721634,0,0,1.2873682975769,4.4658637791872,0.985156118869781,2.40706965327263,0,0,0,0,0,0,7245.96684269607,910.908818766475,2605.83329126239,2009.34347130358,228.370507419109,59.6919929236174,962.444164425135,1147.07656253874,0.392458826303482,0,60.3800220638514,2.06913417577744,0,0,0,0,0,5791.82965113223,683.52515411377,0,0,0,0,0,0,0,0,0,0,0,0,0,0,0,16.5813272297382,0,6.28306865692139,0,0,0,0,0,0,843.296194791794,1231.29977837205,12.8979170918465,184.036620393395,373.92718744278,5174.18485213816,242.640991777182,156.820097222924,2059.57167477906,0.173844322562218,210.729929894209,0,0
165.881661444902,0,19.3302438557148,0.463698640465736,0,0,0,0,2.20150750875473,1.53276467323303,0,0,0,0,0,0,0,0,5.55589666962624,0,0,0,804.040183782578,0,3.9638397693634,0,0,0,0,0,0,37.460591763258,2.15605139732361,65.2818818390369,6.64596861600876,0,2.30240778625011,28.3505308032036,174.672881066799,0,196.708602815866,10.6235142052174,515.278348729014,0,0,0,8.07163447141647,5791.82965113223,0,512.188731685281,7.34673237800598,0,0,0,0,0,82.1406415179372,0,0.382641464471817,0,17.9488106966019,0,0,0,0,515.399528175592,0,0,0,0,0,14.4792982041836,2.02434110641479,8.37643255293369,0,50.6272034645081,1.52364081144333,0,3.73886871337891,678.558232188225,2.08179378509521,140.299408823252,1091.22422257066,0.959938764572144,388.435905069113,0,0.697418630123138
0,25.9754291921854,0,45.7403749972582,0,0,0,0,0,0,0,0,0,0,0,0,0.423196464776993,0,6.25139428675175,0,0,10.9993690252304,0,0.871007055044174,0,0,0,0,0,0,0,3.33687871694565,0,0,0,29.650354668498,0,16.1026273816824,0.44208188354969,111.990196570754,0.527365654706955,294.930636376143,1.39007087051868,0,0,4.24535623937845,0,683.52515411377,512.188731685281,0,0,0,0,0,0,75.1981319189072,0,5.24936437606812,0,0,0,0,0,0,33.9657634496689,0,36.4362730681896,0,0,0,0,0,1.01910780370235,0,0,0.566778600215912,0,0,200.213580653071,0.552918285131454,4.85512942075729,0,183.86824080348,1.06830643862486,472.956638872623,8.0377368927002,0
2.30940316617489,0,52.7060230523348,0,423.712982267141,0,16.6427822113037,0,1.30663260817528,0,0,0,6.32447159290314,0,0,0,0,0,4.80814498662949,0,46.1900754123926,0,0,0,0,0,0,0,0,0,0,0,0,0,0,0,5.66958637535572,0,0,0.149467572569847,12.8833600133657,0,60.1677837371826,0,0,0,8.96696916222572,0,7.34673237800598,0,0,0,53.5255092978477,0,0,0,132.088158726692,0,55.4041589945555,0,0,0,0,105.870439186692,0,0,0,0,0,0,0,0,0,2.13918958604336,0,0,0,0,0,1.89525589346886,0,1.67329061031342,265.755026817322,0,397.381273671985,0,0
0,0,0,161.311888158321,0,653.373825728893,0,43.5993343889713,0,0,0,0,0,0,0,0,0,0,0,0,0,0,0,0,0,0,0,0,0,0,0,0,0,0,0,0.32162818312645,0,0,0,0,0,6.1408799290657,0,0,0,0,0,0,0,0,0,0,0,0,0,0,0,37.9757315218449,0,37.0394235551357,0,0,2.12352812290192,0,0,0,0,0,0,0,0,0,0,0,0,0,0,0,0.167604491114616,0,0,0,375.964936569333,50.1132254898548,84.8497928082943,0,0
0,0,0,0,48.4205918312073,0,20.7395702600479,0,0,0,0,0,3.65536546707153,0,0,0,0,0,0,0,0,0,0,0,0,0,0,0,0,0,0,0,0,0,0,0,0,0,0,0,0,0,0,0,0,0,0,0,0,0,53.5255092978477,0,0,0,0,0,108.780852079391,0,0,0,0,0,0,0,0,0,0,0,0,0,0,0,0,0,0,0,0,0,0,0,0,0,2,0,0,0,0
0,0,0,0,0,0,0,389.05227163434,0,0,0,0,0,55.3062654137611,0,0,0,0,0,0,0,0,0,0,0,0,0,0,0,0,0,0,0,0,0,0,0,0,0,0,0,0,0,0,0,0,0,0,0,0,0,0,0,0,0,0,0,3.90319168567657,0,0,0,0,0,0,0,0,0,0,0,0,0,0,0,0,0,0,0,0,0,0,0,0,93.720255613327,0,0,0,0
35.5420516431332,0,0,0,0,0,0,0,807.05864174664,0,0,0,0,0,5.6281902641058,0,0,0,0,0,0,0,0,0,159.772796347737,0,0,0,0,0,0,0,0,0,0,0,0,0,20.0278330892324,0,0,0,0,0,0,0,0,0,0,0,0,0,0,0,0,0,0,0,0,0,240.713817000389,0,0,0,0,0,0,412.140015155077,0,0,0,0,0,0,0,0,0,0,0,0,0,254.937574461102,11.6747623085976,0,0,0,0
0,497.648442953825,0,263.754834830761,0,0,0,0,0,569.134584501386,0,0,0,0,0,51.4936990439892,0,0,0,0,0,0,0,38.763372823596,0,0,0,0,0,0,0,0,0,0,0,0,0,30.6450458616018,0,0,0,3.22997012734413,0,0,0,0,0,0,0,75.1981319189072,0,0,0,0,0,0,0,0,0,0,0,415.442406386137,0,0,0,0,288.513755142689,0,0,0,0,0,0,0,0,0,0,0,0,0,250.46112935245,0,55.4622419774532,0,60.2181506603956,0,0
128.942493185401,0,40.1571290344,0,0,0,21.6596527099609,0,9.71333305537701,0,2141.72026138008,0,0,0,0,0,7.78496453166008,3.77384859323502,53.9245093241334,0,1107.49831788242,0,0,0,0,0,0,0,0,0,22.151696562767,0,0,0,0,0,10.8509603366256,0,143.353305563331,4.35428912192583,35.4490472748876,0.230251267552376,667.223241344094,0,0,0.319821134209633,349.139489680529,0,82.1406415179372,0,132.088158726692,0,108.780852079391,0,0,0,0,0,31.5898733884096,0,0,0,0,1207.35365175456,0,0,0,0,0,0,0,49.3264664560556,0,365.584995999932,0,0,0,0,0.267382860183716,151.474852710962,0,14.7384667694569,811.873897023499,15.6201835349202,1659.02151017636,0,56.0872030705214
0,0.919310480356216,0,166.987346127629,0,21.4496915340424,0,65.6251096725464,0,0,0,2081.34123918414,0,596.86906966567,0,0,2.19981150329113,1.04621048271656,168.061581216753,3,0,0,0,0,0,0,0,29.020597577095,0,26.0623550415039,0,0,0,0,0,43.1731313467026,0,397.307197138667,0,13.7826865911484,0.10244619846344,457.058116041124,1.02597864717245,0,0,35.9032520055771,1.32415655255318,0,0,5.24936437606812,0,37.9757315218449,0,3.90319168567657,0,0,0,0,0,155.309256613255,0,0,232.800981387496,0.596184074878693,0,0,0,0,0,0,71.4730328917503,0,526.620460480452,0.611047923564911,0,0,0,0,66.6772411465645,1.45179945230484,12.8639310449362,0,1109.47585564852,0.863578788936138,694.493091113865,0.869507431983948,0
0,0,13.0713752657175,0,0.812828421592712,0,0,0,0,0,295.954020023346,0,128.512185871601,0,0,0,0,0,0,0,0,0,0,0,0,0,0,0,0,0,0,0,0,0,0,0,0,0,0,0,0.842817783355713,0,4.11676746606827,0,0,0,1.19119264185429,0,0.382641464471817,0,55.4041589945555,0,0,0,0,0,31.5898733884096,0,0,0,0,0,0,5.29705028235912,0,0,0,0,0,0,0,0,0,0,0,0,0,0,0,0,0,0,91.0701042413712,77.6699032783508,64.6066231355071,0,0
0,0,0,45.3951488733292,0,0,0,3.88895124197006,0,0,0,498.462662339211,0,392.257566124201,0,0,0,0,0,0,0,0,0,0,0,0,0,0,0,0,0,0,0,0,0,0,0,0,0,0,0,0,0,0,0,0,0,0,0,0,0,37.0394235551357,0,0,0,0,0,155.309256613255,0,0,0,0,0,0,0,0,0,0,0,0,8.44889211654663,0,0,0,0,0,0,0,0,0,0,0,248.066799521446,0,0,0,0
4.82629232108593,0,0,0,0,0,0,0,214.043683961034,0,0,0,0,0,21.2946908175945,0,0,0,0,0,0,0,0,0,0,0,0,0,0,0,0,0,0,0,0,0,0,0,0,0,0,0,0,0,0,0,0,0,17.9488106966019,0,0,0,0,0,240.713817000389,0,0,0,0,0,0,0,0,0,0,0,0,0,0,0,0,0,0,0,0,0,0,0,0,0,0,0,0,0,0,0,0
0,25.5422042608261,0,1.37043052911758,0,0,0,0,0,341.739910155535,0,0,0,4.10981607437134,0,773.562745422125,0,0,0,0,0,0,0,0,0,0,0,0,0,0,0,0,0,0,0,0,0,0,0,0,0,0,0,0,0,0,0,0,0,0,0,0,0,0,0,415.442406386137,0,0,0,0,0,0,0,0,0,0,0,0,0,0,0,0,0,0,0,0,0,0,0,0,0,0,226.663103759289,325.312964081764,0.587447106838226,0,0
0,0,0,1.7706373333931,0,17.5707022845745,0,0,0,0,0,474.694410026073,0,0,0,0,0,0,1.08495803177357,1462.76213642955,0,0,0,0,0,0,0,0,0,0,0,0,0,0,0,1057.16082917154,0,44.6822459250689,0,5.12689084559679,0,6.09957295656204,0,0,0,1478.22510778904,0,0,0,0,0,2.12352812290192,0,0,0,0,0,232.800981387496,0,0,0,0,0,0,0,0,0,0,0,0,0,0,9.77972038090229,0,0,0,0,0,742.014662981033,0,188.347260728478,0,95.0246988385916,0.491550430655479,1106.74386453629,0,0
2.72101339697838,0,0.542158290743828,0,0,0,0,0,0,0,8.99125894904137,0,0,0,0,0,23.7265940606594,8.30003103613853,133.251251079142,0,1351.59173927456,0,0,0,0,0,0,0,0,0,0,0,0,0,0,0,800.992650330067,0,274.643871299922,7.05827029794455,91.9975554794073,1.17225432395935,272.620529748499,0,4.81792430579662,3.27000373601913,1136.21493875235,0,0,0,105.870439186692,0,0,0,0,0,1207.35365175456,0.596184074878693,5.29705028235912,0,0,0,0,0,0,0,0,0,0,0,0,0.146482914686203,0,35.7260757535696,0,0,0,0,2.23360097408295,937.86134442687,0,622.9249484092,248.95936229825,4.5255027115345,748.138782501221,0,14.980364382267
0,0,0,0,0,0,0,0,0,0,0,0,0,0,0,0,0,0,0,0,0,3651.46997451782,24.9386283755302,62.4506569057703,0,134.318249225616,0,0.868779361248016,0,0,0,0,0,0,0,0,0,379.105582550168,0.752196207642555,0,0,0,0,0,0,0,0,0,0,33.9657634496689,0,0,0,0,0,0,0,0,0,0,0,0,0,0,0,0,236.188675433397,0,159.671397715807,0,87.4678175151348,0,0,0,0,0,0,0,0,0,77.9977946728468,0.458983033895493,231.676511332393,42.2532822042704,0,0,0
0,0,0,0,0,0,0,0,0,0,0,0,0,0,0,0,0,0,0,0,0,1,3840.35945278406,0,44.6638382673264,0,0,0,28.213166475296,0,0,0,0,0,0,0,0,3.46599078178406,204.658734276891,0,0,0,0,0,0,0,0,16.5813272297382,515.399528175592,0,0,0,0,0,0,0,0,0,0,0,0,0,0,0,0,0,0,55.0660413354635,0,0,0,0,0,0,0,0,0,0,0,0,0,104.308061152697,582.590710878372,28.1716671735048,0,0,0
0,15.0994508564472,0,0,0,0,0,0,0,8.89254100620747,0,0,0,0,0,2.10351413488388,0,0,0,0,0,194.521374642849,0,391.082662269473,0,3.02736689150333,0,0,0,0,0,0,0,0,0,0,0,497.067902207375,0,0,0,0,0,0,0,0,0,0,0,36.4362730681896,0,0,0,0,0,288.513755142689,0,0,0,0,0,0,0,0,236.188675433397,0,0,0,53.4848363399506,0,0,0,0,0,0,0,0,0,0,0,351.788876369596,2.71965745091438,59.5664167702198,0.788618698716164,0,0,0
0,0,0,0,0,0,0,0,166.258357048035,0,0,0,0,0,0,0,0,0,0,0,0,0.197653070092201,51.9875907897949,0,427.656852245331,0,51.5903443396091,0,0,0,0,0,0,0,0,0,0,15.517407849431,195.13806463778,0,0,0,0,0,0,0,0,6.28306865692139,0,0,0,0,0,0,412.140015155077,0,0,0,0,0,0,0,0,0,0,55.0660413354635,0,0,0,213.490999281406,0,0,0,0,0,0,0,0,0,0,3.81320354342461,113.594191029668,98.5211646854877,0,0.296556979417801,0,0
0,0,0,0,0,0,0,0,0,0,0,0,0,0,0,0,0,0,0,0,0,133.9024938941,0,13.9293273091316,0,169.631152898073,0,0,0,0,0,0,0,0,0,0,0,0,0,0,0,0,0,0,0,0,0,0,0,0,0,0,0,0,0,0,0,0,0,0,0,0,0,0,159.671397715807,0,53.4848363399506,0,0,0,126.05413877964,0,0,0,0,0,0,0,0,0,0,0,4.47479867935181,0,0,0,0
0,0,0,0,0,0,0,0,176.297899484634,0,0,0,0,0,0,0,14.3014941215515,0,0,0,0,0,1,0,325.629202872515,0,426.344383895397,0,9.34774565696716,0,0,0,0,0,0,0,0,0,42.5663553476334,0,0,0,0,0,0,0,0,0,0,0,0,0,0,0,0,0,0,0,0,0,0,0,0,0,0,0,0,213.490999281406,0,0,0,0,0,0,0,0,0,0,0,0,0.320388346910477,6.2999073266983,54.9960487484932,0,0,0,0
0,0,0,0,0,0,0,0,0,0,0,66.6399668455124,0,0,0,0,0,0,0,0,0,252.593753248453,0,0,0,0,0,628.903634339571,0,436.103731036186,0,0,0,0,0,0,0,149.16850733757,0,0,0,0,0,0,0,0,0,0,0,0,0,0,0,0,0,0,0,71.4730328917503,0,8.44889211654663,0,0,0,0,87.4678175151348,0,0,0,126.05413877964,0,0,0,0,0,0,0,0,0,0,0,196.643786653876,0,57.4749093651772,34.2356398105621,0,0,0
0.410448521375656,0,0.381089627742767,0,0,0,0,0,1.29198849201202,0,5.51119947433472,0,2,0,0,0,0.324662558734417,0,1.11128866672516,0,0,0,0,0,0,0,0,0,795.683419346809,0,94.4535043239594,0,0,0,0,0,0,0,0.455934792757034,0,0,0,140.656437560916,0,0,0,1.28062689304352,0,14.4792982041836,0,0,0,0,0,0,0,49.3264664560556,0,0,0,0,0,0,0.146482914686203,0,0,0,0,0,0,0,0,0,2.5657057762146,0,0,0,0,0,0,0,35.7086453735828,70.3333511501551,0.727688997983932,111.305820375681,0,21.7170679420233
0,1.35337108373642,0,27.4208435118198,0,0,0,0,0,0,0,165.059568747878,0,0,0,0,0.356209173798561,1.26303207874298,123.042109407485,8.2434253692627,0,0,0,0,0,0,0,0,0,709.859619498253,0,0,0,0,0,0,0,823.745878823102,0,11.2394155263901,0.590307056903839,372.308226794004,0.891123831272125,0,0,15.9320478513837,3.68983881175518,0,2.02434110641479,1.01910780370235,0,0,0,0,0,0,0,526.620460480452,0,0,0,0,9.77972038090229,0,0,0,0,0,0,0,0,0,0,0,0,0,0,0,5.8336459249258,0,3.12825503945351,0.382101982831955,273.442054077983,0.350888252258301,133.742731884122,0.284790426492691,0
4.34798802435398,0,21.123226955533,0,0,0,0,0,2.49820828437805,0,123.415193974972,0,0,0,0,0,31.60781147331,3.59110874682665,74.85756816715,0,3.06824764609337,0,0,0,0,0,0,0,0,0,479.138325229287,0,0,0,0,0,0,0,423.381521940231,4.15802210569382,8.33097022026777,1.74393077194691,669.28973210603,0,0,0.25389851629734,72.490248285234,0,8.37643255293369,0,2.13918958604336,0,0,0,0,0,365.584995999932,0.611047923564911,0,0,0,0,0,35.7260757535696,0,0,0,0,0,0,0,2.5657057762146,0,0,0,0,0,0,1.05759511888027,21.6698416694999,0.993780493736267,1.48385146260262,512.997605055571,4.10522292554379,435.330112367868,0,96.5195632725954
0,0,0,0,0,0,0,0,0,0,0,0,0,0,0,0,0,0,0,0,0,0,0,0,0,0,0,0,0,0,0,718.464321106672,36.1599413901567,4.29696518182755,0,129.471019297838,0.243731409311295,0,0,0,0,0,0,0,0,0,0,843.296194791794,0,0,0,0,0,0,0,0,0,0,0,0,0,0,0,0,0,0,0,0,0,0,0,0,0,0,0,0,7.42928576469421,0,47.5919555872679,137.818341553211,0,0,43.6436862647533,0,0,0,0
0,0,0,0,0,0,0,0,0,0,0,0,0,0,0,0,0,0,0,0,0,0,0,0,0,0,0,0,0,0,0,624.620083242655,1131.85105913877,0,0,5.28029817342758,158.462869629264,0,0,0,0,0,0,0,0,0,0,1231.29977837205,50.6272034645081,0.566778600215912,0,0,0,0,0,0,0,0,0,0,0,0,0,0,0,0,0,0,0,0,0,0,0,0,0,0,0,157.876551032066,0,437.257189959288,0,0,204.508383750916,0,0,0,0
0,0,0,0,0,0,0,0,0,0,0,0,0,0,0,0,0,0,0,0,0,0,0,0,0,0,0,0,0,0,0,67.4771085083485,0,1189.3942617178,123.526962846518,185.081498600543,0,101.434272795916,0.990425258874893,0,0,0,0,0,0,0,0,12.8979170918465,1.52364081144333,0,0,0,0,0,0,0,0,0,0,0,0,0,0,0,0,0,0,0,0,0,0,0,0,0,7.42928576469421,0,0,0,135.286666348577,0,100.046661362052,0,306.601400509477,0,0,0,0
0,0,0,0,0,0,0,0,0,0,0,0,0,0,0,0,0,0,0,0,0,0,0,0,0,0,0,0,0,0,0,0,0,804.512164652348,1660.29827779531,0,410.466549813747,0.966944575309753,95.5639294087887,0,0,0,0,0,0,0,0,184.036620393395,0,0,0,0,0,0,0,0,0,0,0,0,0,0,0,0,0,0,0,0,0,0,0,0,0,0,0,157.876551032066,0,0,0,517.570018067956,0,569.527175977826,285.161403864622,0,0,0,0
0,4.01109084486961,0,8.49119952321053,0,12.8936168551445,0,0,0,0,0,389.575004160404,0,0,0,0,102.212453596294,30.7937514856458,476.939982444048,85.801060795784,0,0,0,0,0,0,0,0,0,0,0,29.5845767408609,1.02793109416962,11.0586043894291,0,19532.4520953745,274.090355485678,921.948646359146,48.8317376673222,82.9733936712146,2.26127135753632,449.201734438539,5.48216436803341,16.2480544894934,0,1637.3930926919,17.8565915450454,373.92718744278,3.73886871337891,200.213580653071,0,0.167604491114616,0,0,0,0,0.267382860183716,66.6772411465645,0,0,0,0,742.014662981033,2.23360097408295,0,0,0,0,0,0,0,0,5.8336459249258,1.05759511888027,47.5919555872679,0,135.286666348577,0,0,8.22187557071447,2768.60510784388,3.17613124847412,1394.99060597271,13.5108143389225,472.358099505305,88.3324990868568,0
8.76085339486599,0,0.498599797487259,0,0,0,0,0,0,0,3.63343894481659,0,0,0,0,0,147.22468239814,73.9382801875472,772.8512622118,0,757.33473893255,0,0,0,0,0,0,0,0,0,0,202.815660178661,278.405759453773,0,15.5763501524925,553.309191346169,12341.0765259489,2.11844444274902,699.289727516472,23.8203717544675,162.68313164264,8.71796225011349,1448.66309265047,0,50.7151760458946,20.0686869546771,1752.13173782825,5174.18485213816,678.558232188225,0.552918285131454,1.89525589346886,0,0,0,0,0,151.474852710962,1.45179945230484,0,0,0,0,0,937.86134442687,0,0,0,0,0,0,0,0,0,21.6698416694999,137.818341553211,437.257189959288,0,517.570018067956,8.22187557071447,0,9.24664117395878,2860.82113835216,2615.68859805912,162.079803057015,986.811529628932,0.535895019769669,153.164626643062
4.74801599979401,4.86705881357193,0,11.2139404565096,0,0.136268734931946,0,0,0,160.473585613072,0,45.9862184524536,0,0,0,0,44.3187298774719,13.7684103697538,462.067360572517,47.653463691473,0,64.9617275893688,0,95.3127819448709,0.31348904967308,0,0,0,0,4.48874461650848,0,0,0,10.3429696559906,14.2422938942909,2164.99276456237,0,14737.2830907255,94.4483086913824,78.5810194760561,0.108489692211151,198.669517301023,3.27268446981907,0.151337519288063,0,802.433613404632,8.31493498384953,242.640991777182,2.08179378509521,4.85512942075729,0,0,0,0,0,250.46112935245,0,12.8639310449362,0,0,0,0,188.347260728478,0,77.9977946728468,0,351.788876369596,3.81320354342461,0,0.320388346910477,196.643786653876,0,3.12825503945351,0.993780493736267,0,0,100.046661362052,0,2768.60510784388,9.24664117395878,0,64.499968111515,1449.19713055342,27.3045691549778,360.372129991651,47.0108758360147,0
13.7139061242342,0,0.979543045163155,0.517510250210762,0,0,0,0,5.94776096940041,0,15.6350685805082,0,0,0,0,0,43.8396977186203,11.7543064132333,155.41718981415,0,338.474874332547,0.32808181643486,55.9411443918943,0.288293123245239,37.4580896347761,0,1.62965536117554,0,67.1229876875877,0,0,0,0,4.49034932255745,261.220001727343,0.951299428939819,2625.75833337009,175.386536121368,12734.4958046228,6.88044898211956,13.0024594962597,1.0625701546669,118.440910287201,0,1.15047121047974,1.83898434787989,361.08478577435,156.820097222924,140.299408823252,0,1.67329061031342,0,0,0,254.937574461102,0,14.7384667694569,0,0,0,0,0,0,622.9249484092,0.458983033895493,104.308061152697,2.71965745091438,113.594191029668,0,6.2999073266983,0,35.7086453735828,0.382101982831955,1.48385146260262,0,0,0,569.527175977826,3.17613124847412,2860.82113835216,64.499968111515,0,2099.87156222016,18.4836776852608,101.675216130912,2.76651334762573,39.7276551425457
68.0930145010352,47.0981131717563,34.8922491818666,241.964456357062,368.940447449684,1072.00469705462,7.33974742889404,196.348899304867,571.010806187987,2054.90463735163,289.317601010203,499.942762970924,184.15275901556,183.926398664713,4.00659561157227,193.523040831089,13031.6683941483,14182.7221703902,3566.0145746097,167.929887235165,319.399842888117,1597.36311839521,1353.14384092391,134.726769030094,84.0368726849556,15.3164567947388,79.5043144822121,263.552603006363,327.354988217354,266.237686663866,280.535700559616,98.0165109634399,171.224132299423,416.386380374432,530.080497309566,2348.3651818186,3546.6959977001,1708.21527010202,2159.29596634209,622.524022832513,108.249109447002,1966.02388026565,1605.05428732932,11.4818879887462,2.69253578782082,347.342195421457,551.013330429792,2059.57167477906,1091.22422257066,183.86824080348,265.755026817322,375.964936569333,2,93.720255613327,11.6747623085976,55.4622419774532,811.873897023499,1109.47585564852,91.0701042413712,248.066799521446,0,226.663103759289,95.0246988385916,248.95936229825,231.676511332393,582.590710878372,59.5664167702198,98.5211646854877,4.47479867935181,54.9960487484932,57.4749093651772,70.3333511501551,273.442054077983,512.997605055571,43.6436862647533,204.508383750916,306.601400509477,285.161403864622,1394.99060597271,2615.68859805912,1449.19713055342,2099.87156222016,0,5296.38032661378,4107.55441459268,34.3575669005513,189.50392203778
