0,0,0.0287830301236425,0,0,0,0,0,0.0255169901604342,0,0,0,0,0,0,0,2.98458546511664e-06,0,0.000693593903477661,0,0,0,0,0,0,0,0,0,0,0,0,0,0,0,0,0,2.26280483034308e-05,0,0,0,0.00043471713825519,0,0.00271102193451793,0,0,0,0.00184977787435334,4.76179299242242e-05,0.0126344514913032,0,0,0,0,0,0.0131363621983654,0,0.000405205085281847,0,0,0,0.000445933102067629,0,0,0.000519801223867244,0,0,0,0,0,0,0,0,0,0.00318274733230601,0,0,0,0,0,0.000348174162713915,0,4.45375284793739e-05,0.000173980908137877,0,0.00387206652590009,0,7.70592630604762e-05
0,0,0,0.0357707072548792,0,0,0,0,0,0.0836046861694309,0,0,0,0,0,0.0110624349278202,0,0,8.2026745132635e-05,0,0,8.72309017269744e-06,0,0,0,0,0,0,0,0,0,0,0,0,0,1.57207147366042e-05,0,0.000272786105212361,0,0.000221621065762586,0,0.0302871391386305,0,0,0,0.00020338199637932,6.29688272686332e-06,2.15268553636818e-05,0,0.02345955699137,0,0,0,0,0,0.057961676141545,0,0.00054057983588125,0,2.77842763091165e-05,0,0.00223555957062684,8.40520105691446e-06,0,3.3420109837059e-05,0,0,0,3.50091841924583e-05,0,0.00166978945523248,0,0.00528815542807531,0,0,0,0,0,1.00111316737568e-05,0,5.6857394716389e-05,0,0.000780540072285355,0,0.0185553402665697,0.000179901332096249,0
0.0287830301236425,0,0,0,0.00039616545240307,0,0,0,0.0102093597917384,0,0,0,0,0,0,0,4.66232092525941e-06,0,0.000144529025444796,0,0.00261762771533777,0,0,0,0,0,0,0,0,0,0,0,0,0,0,0,1.1337108860517e-05,0,0,0,0.000384546595144984,0,0.00216712097133631,0,0,0,0.000253355082361873,0.000168673581083439,0.00958173985158315,0,0.0107568165622949,0,0,0,0.0417020490617661,0,0.00283006138928567,0,0.000922987621921515,0,0.0158911210108545,0,0,0.000295648393775021,0,0,0,0,0,0,0,0,0,0.00249777078427102,0,0,0,0,0,3.78538933459953e-05,0,4.35294544085305e-05,0.000221610722217832,3.27821938054082e-05,0.00680195278532196,0,6.75729416906544e-05
0,0.0357707072548792,0,0,0,0.00186721636326325,0,0,0,0.0207821482628017,0,0.0014885855350974,0,0,0,0.00426533875910411,4.42711394747113e-06,1.39761675264453e-05,0.000241744643841844,0.000943698455482984,0,3.56954888820196e-06,0,0,0,0,0,0,0,0,0,0,0,0,0,0.000421677818656732,4.03214503222945e-06,8.67320857469236e-06,0,0.00173952867744426,1.15591584977414e-05,0.00244084481018308,2.81959657799603e-05,0,0,0.00132196785043615,7.10535974766469e-06,0.00230680607449764,0,0.0188514501904197,0,0.00617765325929055,0,0,0,0.0477889885468729,0,0.000867395491784982,0,0.00127287233039583,0,0.0369849154353574,0.00383474276988044,0,7.51243064809747e-06,0,5.44740667075415e-05,0,0,0,0.000452200931106246,0,0.00556783845984484,7.29993673296639e-05,0,0,0,0,0.00118993989456411,2.02789607448245e-05,0.000134530711116766,6.02109497183129e-06,0.000678945971465867,2.23082561151615e-06,0.016429397994348,0.000340243051498053,2.36104516151919e-05
0,0,0.00039616545240307,0,0,0,0,0,0.0025714728290905,0,0,0,0,0,0.00657757935768274,0,0,0,0,0,0.000153117769352172,0,0,0,0,0,0,0,0,0,0,0,0,0,0,0,0.000467007846068458,0,0,0,0,0,8.47612804171584e-06,0,0,0,0,0,0,0,0.0100790400725843,0,0,0,0.00137386947957777,0,0.000275928038486686,0,1.84608290252864e-05,0,0.00675830961399089,0,0,0,0,0,0,0,0,0,0,0,0,0,0,0,0,0,0,5.79276112154935e-05,0,0,0.000118804558006892,0,7.85994287254544e-05,0,0
0,0,0,0.00186721636326325,0,0,0,0,0,0.00320381106667668,0,0,0,0.00145919783603333,0,0.00968937313412499,0,0,0,0,0,0,0,0,0,0,0,0,0,0,0,0,0,0,0,1.24989876179497e-05,0,0,0,4.71952469252362e-05,0,3.69289966328508e-05,0,0,0,0,0,0,0,0,0,0.00918080668209575,0,0,0,0.000165604040375911,0,0,0,0.00124366020106637,0,0,0,0,0,0,0,0,0,0,0,0,0,0,0,0,0,0,8.09877946484228e-06,0,0,0,0.00104155819390992,2.64660089077337e-05,0.000232309226321412,0,0
0,0,0,0,0,0,0,0,0,0,0.000171247542311903,0,0.00107407853172442,0,0,0,0,0,0,0,0.000840047130085415,0,0,0,0,0,0,0,0,0,0,0,0,0,0,0,0,0,0,0,0,0,0,0,0,0,0,0,0,0,0,0,0.0053100209486432,0,0,0,0.00031603605002533,0,0,0,0,0,0,0,0,0,0,0,0,0,0,0,0,0,0,0,0,0,0,0,0,0,0.000121946884938977,0,0,0,0
0,0,0,0,0,0,0,0,0,0,0,0,0,0,0,0,0,0,0,0,0,0,0,0,0,0,0,0,0,0,0,0,0,0,0,0.000455777293919055,0,0,0,0,0,0,0,0,0,0,0,0,0,0,0,0,0,0.0177039784692814,0,0,0,0.00178777257478473,0,0.0012628280982145,0,0,0,0,0,0,0,0,0,0,0,0,0,0,0,0,0,0,0.000136580314607662,0,0,0,0.000103257471255072,0,0,0,0
0.0255169901604342,0,0.0102093597917384,0,0.0025714728290905,0,0,0,0,0,0,0,0,0,0.028285010179266,0,4.43849678898641e-05,0,0.00171943178672254,0,0,0,0,0,0.00325333499586116,0,0,0,0,0,0,0,0,0,0,0,3.24968539774532e-05,0,0.000406162112090931,0,0,0,0.000107092104006686,0,0,0,0,1.86169997746129e-05,0.0032007039160572,0,0.000379292707706668,0,0,0,0.0991019750873922,0,0.000148015740195391,0,0,0,0.014063146945118,0,0,1.96589016546078e-05,0,0,0,0.00131411936328218,0,0,0,0,0,0,0,0,0,0,0,2.46155541146325e-05,0,0.000115653845162521,0.000433159321283916,1.72163785512606e-06,0.00436706168773152,0,0
0,0.0836046861694309,0,0.0207821482628017,0,0.00320381106667668,0,0,0,0,0,0,0,0,0,0.014241283743343,0,0.00167868261822973,1.8639358909041e-05,0,0,0,0,0.00763030069894128,0,0.000465994528540282,0,0,0,0,0,0,0,0,0,5.78947341070264e-05,4.83896512567823e-06,0.00066783392488907,0,0.000544905267943508,0,0.00169966405943395,9.37270129429565e-05,0,0,0.000396769078584523,6.53242564190341e-06,0.000811836841966112,0,0.000870870789082241,0,0,0,0,0,0.0759782110576817,0,3.80318301733493e-05,0,0,0,0.0228926101978368,2.96174456483307e-05,6.0130778690437e-06,0,0,0.00185763353169504,0,0.0103321099752057,0,1.10757790552999e-05,0,0.000165211709994725,0,0,0,0,0,0.000158022369433376,0,0.000145367365770271,0,0.00605486276091491,0.000160130226710858,0.00203787343626845,6.18014076373969e-05,1.76394596519599e-05
0,0,0,0,0,0,0.000171247542311903,0,0,0,0,0,0.00462043288984437,0,0,0,0,0,0,0,0.0188454891581927,0,0,0,0,0,0,0,0.000665412049246004,0,0.00434836507919131,0,0,0,0,0,0.00264070008178421,0,0.00730435254155385,0,0,0,1.52324315847962e-05,0,0,0,3.36500414507352e-05,0,0,0,0,0,0,0,0,0,0.051105629250034,0,0.00385816159643344,0,0,0,0,0.0183458446850927,0,0,0,0,0,0,0,0,0,0.000357446845311171,0,0,0,0,0,7.11564611094691e-06,0,0.00385646356391285,0.000829568548878445,0,0.000268926789342769,0,0
0,0,0,0.0014885855350974,0,0,0,0,0,0,0,0,0,0.0180798803694331,0,0,0,0,0,0.0481343280923422,0,0,0,0,0,0,0,0,0,0.00601104216101335,0,0,0,0,0,0.00234242838386236,0,0.00790211791710962,0,0,0,0,0,0,0,5.95323839029018e-05,0,0,0,0,0,0,0,0,0,0,0,0.0978874571274776,0,0.00549562675353383,0,0,0.00204271979968795,0,0,0,0,0,0,0,0.000129446822146869,0,0.000828031052046078,0,0,0,0,0,0.00121335918661527,0,0.00117247423735822,0,0.00058987564905796,0,8.20504941796501e-06,0,0
0,0,0,0,0,0,0.00107407853172442,0,0,0,0.00462043288984437,0,0,0,0.00679826757070349,0,0,0,0,0,0,0,0,0,0,0,0,0,0.00187153522851199,0,0,0,0,0,0,0,0,0,0,0,0,0,0,0,0,0,0,0,0,0,0,0,0,0,0,0,0.00895554991316633,0,0.02702188114855,0,0,0,0,0,0,0,0,0,0,0,0,0,0,0,0,0,0,0,0,0,0,0,0.000264709692193581,4.06691120305672e-05,0,0,0
0,0,0,0,0,0.00145919783603333,0,0,0,0,0,0.0180798803694331,0,0,0,0.00487641813103864,0,2.81212869595038e-05,0,0,0,0,0,0,0,0.00340764368095607,0,0.00224689179722992,0,0,0,0,0,0,0,0,0,0,0,0,0,0,0,0,0,0,0,0,0,0,0,0,0,0,0,0,0,0.000489358199075671,0,0.0348085095562584,0,0.000101776124973116,0,0,0,0,0,0,0.000290485195239595,0,1.27912134422641e-05,0,0,0,0,0,0,0,0,0,0,0,0.000286415584167298,0,0,0,0
0,0,0,0,0.00657757935768274,0,0,0,0.028285010179266,0,0,0,0.00679826757070349,0,0,0,0,0,0,0,0,0,0,0,0,0,0,0,0,0,0,0,0,0,0,0,0,0,0,0,0,0,6.21526423076073e-05,0,0,0,0,0,0.000352512848896515,0,0.00668212868260918,0,0,0,0.00524087915925071,0,0,0,0.00389462568915186,0,0.053828808427221,0,0,2.54560688376284e-05,0,0,0,6.10616380916197e-05,0,0,0,0,0,0,0,0,0,0,0,0,0,0,3.88365778774577e-05,0,0,0,0
0,0.0110624349278202,0,0.00426533875910411,0,0.00968937313412499,0,0,0,0.014241283743343,0,0,0,0.00487641813103864,0,0,0,0.00113325959250317,0,0,0,0,0,0,0,0.00172548937374223,0,0.000167071015104436,0,0,0,0,0,0,0,8.69177219239556e-06,0,0,0,0,0,6.21095318978772e-05,7.39149785948111e-06,0,0,3.0163607085172e-05,0,0,0,3.38882655060444e-05,0,0,0,0,0,0.0060809914412255,0,0,0,0.00244495377364708,0,0.0355114537685435,0,0,0,0,0.000296524845242952,0,0.000385870673434603,0,0,0,8.7884998421311e-05,0,0,0,0,0,5.81032190955511e-05,0,0,0,0.000958861316824457,0.000620482071118603,0.00021564089343786,0,0
2.98458546511664e-06,0,4.66232092525941e-06,4.42711394747113e-06,0,0,0,0,4.43849678898641e-05,0,0,0,0,0,0,0,0,0.0964461392051982,0.0405948165329755,0,0,2.22911560917276e-05,0.0102960658757884,0,0.00161464134300841,8.23124862610515e-05,0.0114983780665506,0,8.72054854760439e-05,0,0,0,0,0,0,4.72529292153883e-05,0.000355259188822393,0,0,0.000534770330263858,0.000318579935247782,0.00018849307439217,0.000641244374907015,2.40918616049965e-06,0,0.000506903078713877,0.000836923318789174,0,3.11637799672968e-06,1.50423460700508e-05,0,0,0,0,1.0255181168618e-05,0,2.34942306263257e-05,0,0,0,0,0,2.86572794057071e-05,0.000369888013784233,0,0.00039475999634336,0,0,7.36468203460202e-06,0,0,0,2.0051402053346e-05,0.000340586729780849,0,0,0,0,0.000113175068940192,0.0011212613164271,0.000119573310352312,0.000757689010078764,0.0214313514251907,0.000911531031977231,0.000824045797402233,8.42202106590537e-05,0.000189033191734215
0,0,0,1.39761675264453e-05,0,0,0,0,0,0.00167868261822973,0,0,0,2.81212869595038e-05,0,0.00113325959250317,0.0964461392051982,0,0.0297131439910143,0,0,0.00906050144839184,0.000376691791314918,0,2.69107440279342e-05,0.00385374192332397,0.00017918985319593,0,0,0,0,0,0,0,0,0.000144422184092392,6.75792512692402e-05,8.79021275760921e-07,0,0.000701585780400101,8.56929517636284e-05,0.000273917659844632,0.000202676535011796,0,0,0.000289883609140328,0.000226297688125613,0,0,1.21357342673232e-05,0,0,0,0,0,5.94106090752762e-05,1.82353276110278e-05,0,0,0,0,0,5.05751549564198e-05,0.000101771380001073,0.00142868333690169,9.65805826007185e-06,0,0,0.00369738718104729,0,2.72930935020959e-06,0,4.83114810060376e-05,3.29511168516327e-05,0,0,0,0,0.00020934347138092,0.000239239689714325,0.000151341296206942,0.000110631257182403,0.0253788179623821,0.00187650844344368,0.00037194066783787,0.000116233729112586,4.0282012939817e-05
0.000693593903477661,8.2026745132635e-05,0.000144529025444796,0.000241744643841844,0,0,0,0,0.00171943178672254,1.8639358909041e-05,0,0,0,0,0,0,0.0405948165329755,0.0297131439910143,0,0,0,1.93999027271416e-05,4.07956009800939e-05,0,0,0,2.03980301974626e-05,0,0,0,0,0,0,0,0,0.00345960114015269,0.00284710516147335,5.31917164566175e-05,2.18553319093106e-05,0.0369535689544484,0.00711150913709269,0.0143362470889547,0.00778230325794459,0.000324704272126682,0,0.0181557393223611,0.0177237021265302,0,0.000100263521548621,0.000213562779658906,0,0,0,0,0,0.000212713308918729,0.000607204333389371,6.53517351717795e-05,2.95768408982016e-06,0,1.58273782287011e-05,3.09637391022987e-05,0.00270978386227245,0.00581730287730402,3.45634119710672e-05,0,0,0,4.69051918916717e-05,0,0.000575312796144376,0,0.00596257854904924,0.0031209531635125,0,0,0,0,0.00791026755255917,0.0113191332444444,0.00719738935059433,0.00568796444833421,0.0055607816649383,3.16704739476021e-05,0.0171830312114863,0.00666369094135482,0.00389263709582793
0,0,0,0.000943698455482984,0,0,0,0,0,0,0,0.0481343280923422,0,0,0,0,0,0,0,0,0,0,0,0,0,0,0,0,0,0,0,0,0,0,0,0.0129902776322667,0,0.00475117252507025,0,0,0,0,0,0,0,0.000117776169829787,0,0,0,0,0,0,0,0,0,0,0,0.0147238766522961,0,0,0,0.000262782464319039,0.119776639501962,0,0,0,0,0,0,0,0,0,0,0,0,0,0,0,0.00159538262496403,0,0.000165690777822182,0,0.00176829861722117,0,0.000272105867679329,0,0
0,0,0.00261762771533777,0,0.000153117769352172,0,0.000840047130085415,0,0,0,0.0188454891581927,0,0,0,0,0,0,0,0,0,0,0,0,0,0,0,0,0,0,0,0,0,0,0,0,0,0.0112416920114628,0,0.00752202344882023,0,0,0,0,0,0,0,9.45988735915487e-06,0,0,0,0,0,0,0,0.0020108234005945,0,0.0316887947392568,0,0.000205715433468531,0,0.000198113670336506,0,0,0.0438941797545631,0,0,0,0,0,0,0,0,0,0.0004082039781782,0,0,0,0,0,0.00432851554845373,0,0.0015861865523465,0.00218778983020094,0,0.00156268662843605,0,0
0,8.72309017269744e-06,0,3.56954888820196e-06,0,0,0,0,0,0,0,0,0,0,0,0,2.22911560917276e-05,0.00906050144839184,1.93999027271416e-05,0,0,0,0.000206814595220133,0.00120166716405506,0,0.00950281490692514,0,1.78451689307054e-05,0,0,0,0,0,0,0,0,0,0.00788506482815558,0,0,0,0.000144104907954751,0,0,0,1.34316693519906e-05,0,0,0,0.00559590659774024,0,0,0,0,0,4.77982929079679e-06,0,3.46954518008194e-05,0,2.05157384419428e-05,0,0,3.83260860722283e-06,0,0.0879697697079747,0,0.000529523934390892,0,0.000601004124023084,0,0.00395244788310169,0,0.000307928002949891,0,0,0,0,0,1.0995450262775e-06,0,0.00769213597698106,0,0.00395346492153134,0.00126144086465212,6.61431402009855e-05,1.55181007286055e-05,0
0,0,0,0,0,0,0,0,0,0,0,0,0,0,0,0,0.0102960658757884,0.000376691791314918,4.07956009800939e-05,0,0,0.000206814595220133,0,0,0.000821360568345015,0,0.00666455818848007,0,0.000789884362205764,0,0,0,0,0,0,0,0,0,0.00333166830052575,0,0,0,4.67625940330223e-06,0,0,0,0,0,0.00109442562708387,0,0,0,0,0,0,0,0,0,0,0,0,0,0,0,0,0.0663431764500068,0,0.000913636255606524,0,0.000944741917446092,0,0.00202102664419271,0,0,0,0,0,0,8.25573850215616e-07,0,0,0.00277459244526871,0.00427993580359308,0.00130344737179621,0,0,0
0,0,0,0,0,0,0,0,0,0.00763030069894128,0,0,0,0,0,0,0,0,0,0,0,0.00120166716405506,0,0,0,0.0221621529530508,0,0,0,0,0,0,0,0,0,0,0,0.00186659240160789,0,0,0,0,0,0,0,0,0,0,0,0.00221616006702561,0,0,0,0,0,0.0113880638158471,0,0,0,0,0,0,0,0,0.00142582929129974,0,0.0541724888202941,0,0.0139615726499407,0,0,0,0,0,0,0,0,0,0,0,0.0024970920991888,0,9.92784436996169e-05,0,0.000710791904330259,0,0
0,0,0,0,0,0,0,0,0.00325333499586116,0,0,0,0,0,0,0,0.00161464134300841,2.69107440279342e-05,0,0,0,0,0.000821360568345015,0,0,0,0,0,0,0,0,0,0,0,0,0,0,0,0.000560292922766703,0,0,0,0,0,0,0,0,0,0.00305164290824014,0,0,0,0,0,0.00176154491337221,0,0,0,0,0,0.000394340556549043,0,0,0,0,0.00020443641568395,0,0.0267977630328509,0,0.0106620910260354,0,0,0,0,0,0,0,0,0,0,0,0.00011034827589992,0.000171992266566037,0,0.00309082905034658,0,0
0,0,0,0,0,0,0,0,0,0.000465994528540282,0,0,0,0.00340764368095607,0,0.00172548937374223,8.23124862610515e-05,0.00385374192332397,0,0,0,0.00950281490692514,0,0.0221621529530508,0,0,0,0.00445512767544545,0,0,0,0,0,0,0,0,0,0,0,0,0,0,0,0,0,0,0,0,0,1.83124797874515e-05,0,0,0,0,0,0.000221735907089569,0,0,0,0.000170485155075943,0,0.00181511847656371,0,0,0.00336110018555611,0,0.0252550429255558,0,0.0295537124982783,0,7.91978293458782e-05,0,0,0,0,0,0,0,0,0,0,0,0.000844230625317446,0,0,0,0
0,0,0,0,0,0,0,0,0,0,0,0,0,0,0,0,0.0114983780665506,0.00017918985319593,2.03980301974626e-05,0,0,0,0.00666455818848007,0,0,0,0,0,0.00456264029191753,0,0,0,0,0,0,0,0,0,0,0,0,0,0,0,0,0,1.18582764661559e-05,0,0,0,0,0,0,0,0,0,0,0,0,0,0,0,0,0,0,0.00323578922531131,0,0,0,0.0412793802222286,0,1.33677110323305e-05,0,0,0,0,0,0,0,4.41861152267447e-06,0,0,0.00114193561219117,0,0,0,0
0,0,0,0,0,0,0,0,0,0,0,0,0,0.00224689179722992,0,0.000167071015104436,0,0,0,0,0,1.78451689307054e-05,0,0,0,0.00445512767544545,0,0,0,0.000286731505184434,0,0,0,0,0,0,0,0.000108998370008869,0,0,0,0,0,0,0,0,0,0,0,0,0,0,0,0,0,0,0,0,0,0.0023436640702195,0,0,0,0,0.000237341966219475,0,0,0,0.00425671025687823,0,0.0333642287300097,0,0,0,0,0,0,0,0,0,0.000546314013865194,0,0.000268065376994728,0,0,0,0
0,0,0,0,0,0,0,0,0,0,0.000665412049246004,0,0.00187153522851199,0,0,0,8.72054854760439e-05,0,0,0,0,0,0.000789884362205764,0,0,0,0.00456264029191753,0,0,0,0.00129399596907239,0,0,0,0,0,0,0,0.000194154677453578,0,0,0,0,0,0,0,0,0,0,0,0,0,0,0,0,0,0,0,0,0,0,0,0,0,0,0.000297712036418639,0,0,0,0.00061543445135563,0,0.02309494400967,0,0.000884668746100166,0,0,0,0,0,0,0,0.00293356272252261,3.63933301437723e-06,0,0,0,0
0,0,0,0,0,0,0,0,0,0,0,0.00601104216101335,0,0,0,0,0,0,0,0,0,0,0,0,0,0,0,0.000286731505184434,0,0,0,0,0,0,0,0,0,0.00748282094695724,0,0,0,0,0,0,0,0,0,0,0,0,0,0,0,0,0,0,0,0.00297570939785589,0,1.84825390610261e-05,0,0,0,0,0,0,0,0,0,0,0.00310554407715569,0,0.0337530222150817,0,0,0,0,0,0,0,0.00194379060158356,0,4.38302465955458e-05,0,0,0,0
0,0,0,0,0,0,0,0,0,0,0.00434836507919131,0,0,0,0,0,0,0,0,0,0,0,0,0,0,0,0,0,0.00129399596907239,0,0,0,0,0,0,0,0,0,0.00229421502800879,0,0,0,0,0,0,0,0,0,0,0,0,0,0,0,0,0,0.000965553689640047,0,0,0,0,0,0,0,0,0,0,0,0,0,0,0.000515848057875426,0,0.015289773825559,0,0,0,0,0,0,0,0.00267633266173267,0.000229013640406633,0,6.23407566851237e-05,0,0
0,0,0,0,0,0,0,0,0,0,0,0,0,0,0,0,0,0,0,0,0,0,0,0,0,0,0,0,0,0,0,0,0.0312885006747698,0.00370960310509768,0.000541869745531585,0.00701035734997799,0,0,0,0,0,0,0,0,0,0,0,0.0568860446312402,3.3637042598165e-05,0.000149773072694812,0,0,0,0,0,0,0,0,0,0,0,0,0,0,0,0,0,0,0,0,0,0,0,0,0.101627948499699,0.00633163658609626,0.00974191463204665,0,0.00121541727457923,8.56564085273967e-06,0,0,0.00135965100753244,0,2.71388382376003e-05,0,0
0,0,0,0,0,0,0,0,0,0,0,0,0,0,0,0,0,0,0,0,0,0,0,0,0,0,0,0,0,0,0,0.0312885006747698,0,0,0.000229151461659853,0,0.00291077246894237,0,0,0,0,0,0,0,0,0,0,0.014084653130985,0.000130710262230573,7.68685240843292e-05,0,0,0,0,0,0,0,0,0,0,0,0,0,0,0,0,0,0,0,0,0,0,0,0,0.000750162803554883,0.0937638867976245,0,0.000192206500799862,0,0.0046239301901922,0,0,0.000181322592928813,0,0,0,0
0,0,0,0,0,0,0,0,0,0,0,0,0,0,0,0,0,0,0,0,0,0,0,0,0,0,0,0,0,0,0,0.00370960310509768,0,0,0.050153422814653,0.00776835928788468,0,0.000991287972289007,0,0,0,0,0,0,0,0,0,0.0394961160413502,0,0.000264129765806653,0,0,0,0,0,0,0,0,0,0,0,0,0,0,0,0,0,0,0,0,0,0,0,0,0.000304723062074666,0.00154747639985093,0.149092955172132,0.0359814347193123,0.00450569655745407,0,0.000636092832526216,0,0.00044725990292888,0,1.2504580756624e-05,0,0
0,0,0,0,0,0,0,0,0,0,0,0,0,0,0,0,0,0,0,0,0,0,0,0,0,0,0,0,0,0,0,0.000541869745531585,0.000229151461659853,0.050153422814653,0,0,0.005347422508906,0,0.000515196400730228,0,0,0,0,0,0,0,0,0.0279998134978692,0,0,0,0,0,0,0,0,0,0,0,0,0,0,0,0,0,0,0,0,0,0,0,0,0,0,0,0.00955909037154556,0.00800320886106525,0.183892118534388,0,0.00146466439523096,0,9.230168884382e-06,0.000237731393593352,9.23862285713364e-06,0,0,0
0,1.57207147366042e-05,0,0.000421677818656732,0,1.24989876179497e-05,0,0.000455777293919055,0,5.78947341070264e-05,0,0.00234242838386236,0,0,0,8.69177219239556e-06,4.72529292153883e-05,0.000144422184092392,0.00345960114015269,0.0129902776322667,0,0,0,0,0,0,0,0,0,0,0,0.00701035734997799,0,0.00776835928788468,0,0,0.00687435878015727,0.00637376442335296,0,0.000489969409823486,1.9476186374283e-05,0.00151018048191588,7.06695383762586e-05,0.000171431735437243,0,0.00359159977684138,6.29312717894531e-05,0.00286164287497859,0,0.000163806040250121,0,2.64490566611869e-05,0,0,0,3.38991345709471e-05,0,0.000984777519029463,0,9.24649931088796e-06,0,0.000151331245438877,0.00698928880993296,1.43189892101076e-05,1.56157244920847e-06,0,0,0,0,0,2.94832578922062e-06,0,4.79949146908408e-05,3.74682583940748e-05,0.00507292316291916,9.17371081128084e-06,0.00380033741934816,0,0.1251268024238,0.00191571300157825,0.00343836837123231,1.8351924688877e-05,0.0148614863218517,0.0029087730620257,0.00275527079185061,0.000632780376342643,1.82369546089522e-05
2.26280483034308e-05,0,1.1337108860517e-05,4.03214503222945e-06,0.000467007846068458,0,0,0,3.24968539774532e-05,4.83896512567823e-06,0.00264070008178421,0,0,0,0,0,0.000355259188822393,6.75792512692402e-05,0.00284710516147335,0,0.0112416920114628,0,0,0,0,0,0,0,0,0,0,0,0.00291077246894237,0,0.005347422508906,0.00687435878015727,0,0.000221862940505605,0.00823990562295944,7.98132502323645e-05,0.000313211990204193,3.25869903122336e-05,0.00154776447019228,0,0,5.94883415783446e-05,0.00268616012143911,0.000825258997639518,2.54888056300953e-05,3.49436536122772e-06,0,0,0,0,5.7705702393785e-05,1.78002277061849e-05,0.00141481967475802,0,0.000132861309096573,0,0.000122127666677777,4.15380807323003e-06,1.34443715539126e-05,0.00559603724106088,0,0,0,0,0,0,5.78496508573734e-06,0,1.66760325090903e-05,8.87345539693293e-05,7.32035291250142e-06,0.00894330190345939,0,0.00444482193815204,0.00308274290104281,0.102046268964295,1.99596166159455e-05,0.00256397199226759,0.0141931382658685,0.00116858015733108,0.002571184003528,5.86214350771299e-06,0.000808379429409298
0,0.000272786105212361,0,8.67320857469236e-06,0,0,0,0,0,0.00066783392488907,0,0.00790211791710962,0,0,0,0,0,8.79021275760921e-07,5.31917164566175e-05,0.00475117252507025,0,0.00788506482815558,0,0.00186659240160789,0,0,0,0.000108998370008869,0,0.00748282094695724,0,0,0,0.000991287972289007,0,0.00637376442335296,0.000221862940505605,0,5.16921726142344e-05,2.36049239222066e-05,0,0.000117807367054867,7.28068819181869e-06,0,0,0.000171171810224059,0,0.00292463176132376,0,0.00326386277377526,0,0,0,0,0,0.00055698351208635,1.9342788840873e-06,0.00177100197818394,0,0,0,0,0.00100837367508659,5.57911099132835e-06,0.00138082869931429,0,0.00113223461008947,0,0,0,4.09828028304899e-05,0,0.000317356075501846,0,0,0,0.00255046729762643,0,0.00345401403109013,0,0.0677968276810982,0.000446482909200843,0.00320763480540538,0.000168940533075148,0.00136287938632256,5.19895572318986e-05,0
0,0,0,0,0,0,0,0,0.000406162112090931,0,0.00730435254155385,0,0,0,0,0,0,0,2.18553319093106e-05,0,0.00752202344882023,0,0.00333166830052575,0,0.000560292922766703,0,0,0,0.000194154677453578,0,0.00229421502800879,0,0,0,0.000515196400730228,0,0.00823990562295944,5.16921726142344e-05,0,0,0,0,6.87766601581787e-06,0,0,0,8.4352176663288e-05,0.00234438860878771,0.00638921967590042,0,0,0,0,0,8.88614366730146e-05,0,0.00365795389180214,0,0,0,0,0,0,0.00326132490952927,0,0.000342069297667831,0,0.000301817385478729,0,0,0,0,0,2.70134900375054e-05,0,0,0,0.00200640723693888,0,0.00459176204247913,0,0.0593200164239048,0.00234468162136563,0.000235453625143889,0.00113566067806575,0,5.15782534885896e-06
0,0.000221621065762586,0,0.00173952867744426,0,4.71952469252362e-05,0,0,0,0.000544905267943508,0,0,0,0,0,0,0.000534770330263858,0.000701585780400101,0.0369535689544484,0,0,0,0,0,0,0,0,0,0,0,0,0,0,0,0,0.000489969409823486,7.98132502323645e-05,2.36049239222066e-05,0,0,0.000178712776384063,0.0707022584862081,0.000714060548460809,0.00124974877290502,0,0.0435068227271781,0.000387983622431083,3.56871214719774e-05,0,0.00540816766965253,0,0,0,0,0,0.000860597289883662,0,3.54532455405942e-05,0,5.08424944722953e-05,0,6.23491853474351e-05,0.032450188571907,5.95974059382862e-05,1.79171256175695e-05,0,0,0,0,0,9.98819445516431e-05,0,0.00333879101216956,0.000193325273938602,0,0,0,0,0.00906987024590478,0.000208631710696807,0.00177508134348899,6.16527738829396e-05,0.00128288994003045,0,0.0298291189412061,0.0169389961890951,0.000603844348277281
0.00043471713825519,0,0.000384546595144984,1.15591584977414e-05,0,0,0,0,0,0,0,0,0,0,0,0,0.000318579935247782,8.56929517636284e-05,0.00711150913709269,0,0,0,0,0,0,0,0,0,0,0,0,0,0,0,0,1.9476186374283e-05,0.000313211990204193,0,0,0.000178712776384063,0,0.000102908986413209,0.0220734407209127,1.75950261501431e-05,0,0.000347201290139099,0.0132541799606631,0,0.000481402934871198,0,0,0,0,0,7.38715732766304e-05,0,0.000811147168213482,0,1.59335844635499e-05,0,0.000148619426839692,0,7.56176950859693e-06,0.00180784022035637,0,0,0,0,0,0,0,6.94477436926104e-05,1.91700549414391e-05,0.00109345549099097,0,0,0,0,3.65301295165553e-05,0.00405801055442936,7.53439537873052e-06,0.00102226591492889,0.000285968520412164,1.27522134546011e-06,0.00931070246979279,0.000115124736247155,0.00339038769151566
0,0.0302871391386305,0,0.00244084481018308,0,3.69289966328508e-05,0,0,0,0.00169966405943395,0,0,0,0,0,6.21095318978772e-05,0.00018849307439217,0.000273917659844632,0.0143362470889547,0,0,0.000144104907954751,0,0,0,0,0,0,0,0,0,0,0,0,0,0.00151018048191588,3.25869903122336e-05,0.000117807367054867,0,0.0707022584862081,0.000102908986413209,0,0.0110935373925872,0.000505035953381146,0,0.0268410898283698,0.000181585498425819,0.000931502960754391,0,0.0148852176613606,0,0.00016310538953038,0,0,0,0.00125692102151147,5.90632460448182e-06,0.00206270579652921,0,7.53140798062093e-05,0,0.000284941459989111,0.00596726741824531,6.38679461895165e-05,0.00020638034264301,0,6.2975334683385e-05,0,4.14489065421235e-05,0,0.00561043314031483,0,0.0286092257385134,0.000252133623857222,0,0,0,0,0.00511843007621772,0.000127859356407185,0.00697331176263396,0.000101742527590446,0.00552268969764687,0,0.0399407522127997,0.0133449622458407,0.000223916698091632
0.00271102193451793,0,0.00216712097133631,2.81959657799603e-05,8.47612804171584e-06,0,0,0,0.000107092104006686,9.37270129429565e-05,1.52324315847962e-05,0,0,0,6.21526423076073e-05,7.39149785948111e-06,0.000641244374907015,0.000202676535011796,0.00778230325794459,0,0,0,4.67625940330223e-06,0,0,0,0,0,0,0,0,0,0,0,0,7.06695383762586e-05,0.00154776447019228,7.28068819181869e-06,6.87766601581787e-06,0.000714060548460809,0.0220734407209127,0.0110935373925872,0,0,9.93299205563991e-05,0.000515073026557403,0.0351498112087589,0.00340167612147108,0.0146194165882033,0.000176753976585821,0.000151135707870106,0,0,0,0.000334754321490668,7.78059075855599e-06,0.0137231457672433,7.72759204520758e-06,0.000100497186133081,0,0.00089311641164158,0,3.45390911197679e-05,0.00979600940997898,0,0,0,0,0,0,2.66102649597397e-05,0.000459143678682056,0.000292737576784575,0.0631664292115226,0,0,0,0,0.000150822224970551,0.0100157013885634,0.000138110667624114,0.00676942365437867,0.00366925252802788,0.000125239017605478,0.0448640538291942,0.000474808821193729,0.00806743911710017
0,0,0,0,0,0,0,0,0,0,0,0,0,0,0,0,2.40918616049965e-06,0,0.000324704272126682,0,0,0,0,0,0,0,0,0,0,0,0,0,0,0,0,0.000171431735437243,0,0,0,0.00124974877290502,1.75950261501431e-05,0.000505035953381146,0,0,0,0.000224003903347308,0,0,0,0,0,0,0,0,0,0,0,0,0,0,0,0,5.46373906911097e-05,0,0,0,0,0,0,0,0,0,0,0,0,0,0,0,0.000194162867648608,1.03643075299607e-05,7.5969231543579e-05,0,2.20418110566439e-05,0,0.000276895191982566,0.00068317588103057,0
0,0,0,0,0,0,0,0,0,0,0,0,0,0,0,0,0,0,0,0,0,0,0,0,0,0,0,0,0,0,0,0,0,0,0,0,0,0,0,0,0,0,9.93299205563991e-05,0,0,0,0,0,0,0,0,0,0,0,0,0,0,0,0,0,0,0,0,0,0,0,0,0,0,0,0,0,0,0,0,0,0,0,0,0,0,0,2.34963443380848e-05,0,5.97029566669763e-05,0,0
0,0.00020338199637932,0,0.00132196785043615,0,0,0,0,0,0.000396769078584523,0,5.95323839029018e-05,0,0,0,3.0163607085172e-05,0.000506903078713877,0.000289883609140328,0.0181557393223611,0.000117776169829787,0,1.34316693519906e-05,0,0,0,0,0,0,0,0,0,0,0,0,0,0.00359159977684138,5.94883415783446e-05,0.000171171810224059,0,0.0435068227271781,0.000347201290139099,0.0268410898283698,0.000515073026557403,0.000224003903347308,0,0,0.000396825406404682,2.11539159899727e-05,8.50635711663805e-06,0.00103470854115245,0,0,0,0,0,0.00128503664794134,0,0.0006858697884772,0,0,0,5.65732741344472e-05,0.0838950769221417,0.000110709408655349,1.99919293786845e-05,0,0,0,0,0,0.000220532961488259,0,0.00932891276116314,0.000122338202563723,0,0,0,0,0.0111864675121607,0.000195132419370908,0.00399684117160679,7.26972558789924e-05,0.0012750421713106,0,0.0255529793276588,0.00178896971404304,0.000120544323058335
0.00184977787435334,6.29688272686332e-06,0.000253355082361873,7.10535974766469e-06,0,0,0,0,0,6.53242564190341e-06,3.36500414507352e-05,0,0,0,0,0,0.000836923318789174,0.000226297688125613,0.0177237021265302,0,9.45988735915487e-06,0,0,0,0,0,1.18582764661559e-05,0,0,0,0,0,0,0,0,6.29312717894531e-05,0.00268616012143911,0,8.4352176663288e-05,0.000387983622431083,0.0132541799606631,0.000181585498425819,0.0351498112087589,0,0,0.000396825406404682,0,0,0.000123428035266232,0,0,0,0,0,0,2.92839651686388e-05,0.00147558088368143,0,6.8030284487187e-05,0,0.000235507454177668,6.29528940540743e-06,5.88222492852434e-05,0.0271521750373931,0,0,0,0,0,0,9.36658353447976e-06,5.73519074434012e-06,3.81749806308547e-05,0.00518811634438743,0,0,0,0,8.09642840278361e-05,0.0143623318285502,6.57948997000619e-05,0.00602607754519457,0.00107396086393721,1.93326039996362e-05,0.0134543466579714,0.000174603046498629,0.00150422994413307
4.76179299242242e-05,2.15268553636818e-05,0.000168673581083439,0.00230680607449764,0,0,0,0,1.86169997746129e-05,0.000811836841966112,0,0,0,0,0,0,0,0,0,0,0,0,0,0,0,0,0,0,0,0,0,0.0568860446312402,0.014084653130985,0.0394961160413502,0.0279998134978692,0.00286164287497859,0.000825258997639518,0.00292463176132376,0.00234438860878771,3.56871214719774e-05,0,0.000931502960754391,0.00340167612147108,0,0,2.11539159899727e-05,0,0,0.10137280000343,0.136612065770884,0,7.66841848766787e-05,0,0,0,0.00104430943822252,0.000165084654278249,3.54279968141514e-05,1.92476429924878e-05,0,0.000282758510926572,0.000775594969738517,0,0,0,0,0,0,0,0,2.59907336035196e-05,0,0.000144779490261028,5.0007446021484e-05,0.0346225929742531,0.0395042454857185,0.00882853841207182,0.00520997572197692,0.00611335708843084,0.0125228411831101,2.1393279955802e-05,0.00241473008529094,0.00320673252377308,1.80606163913237e-05,0.0357451963560036,0,0
0.0126344514913032,0,0.00958173985158315,0,0,0,0,0,0.0032007039160572,0,0,0,0,0,0.000352512848896515,0,3.11637799672968e-06,0,0.000100263521548621,0,0,0,0.00109442562708387,0,0.00305164290824014,0,0,0,0,0,0,3.3637042598165e-05,0.000130710262230573,0,0,0,2.54888056300953e-05,0,0.00638921967590042,0,0.000481402934871198,0,0.0146194165882033,0,0,8.50635711663805e-06,0.000123428035266232,0.10137280000343,0,0.00607003063966306,0,0,0,0,0.00146449272406183,0,0.000913188051576152,0,0.000675470395871714,0,0.00466399304666642,0,0,9.84753741019539e-06,0,0.00688309620061966,0,0.00707682027530123,0,0.00809763899790247,0,0.0191684672806503,0,0.000996978497197197,0,0.000169700342886827,0,0.00110465396345635,0,0.00304601690806454,0,0.012916178283666,0.00310427106916504,8.24784865523503e-06,0.023401787898039,0,1.17650083055723e-05
0,0.02345955699137,0,0.0188514501904197,0,0,0,0,0,0.000870870789082241,0,0,0,0,0,3.38882655060444e-05,1.50423460700508e-05,1.21357342673232e-05,0.000213562779658906,0,0,0.00559590659774024,0,0.00221616006702561,0,1.83124797874515e-05,0,0,0,0,0,0.000149773072694812,7.68685240843292e-05,0.000264129765806653,0,0.000163806040250121,3.49436536122772e-06,0.00326386277377526,0,0.00540816766965253,0,0.0148852176613606,0.000176753976585821,0,0,0.00103470854115245,0,0.136612065770884,0.00607003063966306,0,0,0.000148170109726956,0,0,0,0.00132685989654669,0,0.00667712636177971,0,0.00683870476011552,0,0.00238462644787498,0.000755646751229507,0,0.00858657969187679,0,0.00824153477867382,0,0.0120046416060537,0,0.015871352444979,0,0.009090548008772,2.17021474424317e-05,0,0,0.00048443321971452,0,0.00268450722566155,7.91630621269095e-06,0.00421687903356805,4.07112598758671e-06,0.00133423879405321,0,0.0391365892705207,0.000161732779011353,0
0,0,0.0107568165622949,0,0.0100790400725843,0,0,0,0.000379292707706668,0,0,0,0,0,0.00668212868260918,0,0,0,0,0,0,0,0,0,0,0,0,0,0,0,0,0,0,0,0,0,0,0,0,0,0,0,0.000151135707870106,0,0,0,0,0,0,0,0,0,0,0,0.00463610394801853,0,0.00136740485275229,0,2.01175460282062e-05,0,0.0369892768334279,0,0,1.81575110222578e-05,0,0,0,0,0,0,0,0,0,6.06184468585082e-05,0,0,0,0,0,0,0,0,0,0,0.000441291683623829,0,0
0,0,0,0.00617765325929055,0,0.00918080668209575,0,0,0,0,0,0,0,0,0,0,0,0,0,0,0,0,0,0,0,0,0,0,0,0,0,0,0,0,0,2.64490566611869e-05,0,0,0,0,0,0.00016310538953038,0,0,0,0,0,7.66841848766787e-05,0,0.000148170109726956,0,0,0,0,0,0,0,0,0,0,0,0,0,0,0,0,0,0,0,0,0,0,0,0,0,0,0,0,9.13021222024266e-06,0,0,0,4.49951994565322e-05,0,0.00034832931737331,0,0
0,0,0,0,0,0,0.0053100209486432,0,0,0,0,0,0,0,0,0,0,0,0,0,0,0,0,0,0,0,0,0,0,0,0,0,0,0,0,0,0,0,0,0,0,0,0,0,0,0,0,0,0,0,0,0,0,0,0,0,0.000152172258822247,0,0,0,0,0,0,0,0,0,0,0,0,0,0,0,0,0,0,0,0,0,0,0,0,0,0,0,0,0,0
0,0,0,0,0,0,0,0.0177039784692814,0,0,0,0,0,0,0,0,0,0,0,0,0,0,0,0,0,0,0,0,0,0,0,0,0,0,0,0,0,0,0,0,0,0,0,0,0,0,0,0,0,0,0,0,0,0,0,0,0,0.0107916690082564,0,0.000453673048238349,0,0,0,0,0,0,0,0,0,0,0,0,0,0,0,0,0,0,0,0,0,0,0,0,0,0,0
0.0131363621983654,0,0.0417020490617661,0,0.00137386947957777,0,0,0,0.0991019750873922,0,0,0,0,0,0.00524087915925071,0,1.0255181168618e-05,0,0,0,0.0020108234005945,0,0,0,0.00176154491337221,0,0,0,0,0,0,0,0,0,0,0,5.7705702393785e-05,0,8.88614366730146e-05,0,7.38715732766304e-05,0,0.000334754321490668,0,0,0,0,0,0.00146449272406183,0,0.00463610394801853,0,0,0,0,0,0.00594583713749998,0,0.000203676471220596,0,0.00201172845667613,0,0,0.000626108457718598,0,0,0,0.0251125318709578,0,0.0122462420491177,0,2.7845844674107e-05,0,0.000102682494454961,0,0,0,0,0,5.31391849513938e-05,0,0.000631392299425594,0.000708265363858805,0,0.00306575657548038,0,0
0,0.057961676141545,0,0.0477889885468729,0,0.000165604040375911,0,0,0,0.0759782110576817,0,0,0,0,0,0.0060809914412255,0,5.94106090752762e-05,0.000212713308918729,0,0,4.77982929079679e-06,0,0.0113880638158471,0,0.000221735907089569,0,0,0,0,0,0,0,0,0,3.38991345709471e-05,1.78002277061849e-05,0.00055698351208635,0,0.000860597289883662,0,0.00125692102151147,7.78059075855599e-06,0,0,0.00128503664794134,2.92839651686388e-05,0.00104430943822252,0,0.00132685989654669,0,0,0,0,0,0,0,1.3389275170421e-05,0,0,0,0.0211445476153365,1.11844840190159e-05,0,0,0,0.0360419707727584,0,0,0,0.00011146989211647,0,0.00062151310184752,0,0,0,0,0,6.02527036499577e-05,5.88670836155201e-06,0.000112602217190324,0,0.000149938861622366,0,0.00513430012084729,0,0
0.000405205085281847,0,0.00283006138928567,0,0.000275928038486686,0,0.00031603605002533,0,0.000148015740195391,0,0.051105629250034,0,0.00895554991316633,0,0,0,2.34942306263257e-05,1.82353276110278e-05,0.000607204333389371,0,0.0316887947392568,0,0,0,0,0,0,0,0,0,0.000965553689640047,0,0,0,0,0,0.00141481967475802,1.9342788840873e-06,0.00365795389180214,0,0.000811147168213482,5.90632460448182e-06,0.0137231457672433,0,0,0,0.00147558088368143,0.000165084654278249,0.000913188051576152,0,0.00136740485275229,0,0.000152172258822247,0,0.00594583713749998,0,0,0,0.00934082074076492,0,0.00394867540199766,0,0,0.0543013876053618,0,8.15752148386267e-05,0,0,0,0.000363082664390638,0,0.0191701764422132,6.45494702862085e-05,0.0494635784304051,0,0,0,0,2.92867595293479e-06,0.000565374462438914,0,0.000889044697561476,0.000699270909324015,2.13691906240309e-05,0.0161918469571157,0,0.000396553939536896
0,0.00054057983588125,0,0.000867395491784982,0,0,0,0.00178777257478473,0,3.80318301733493e-05,0,0.0978874571274776,0,0.000489358199075671,0,0,0,0,6.53517351717795e-05,0.0147238766522961,0,3.46954518008194e-05,0,0,0,0,0,0,0,0.00297570939785589,0,0,0,0,0,0.000984777519029463,0,0.00177100197818394,0,3.54532455405942e-05,0,0.00206270579652921,7.72759204520758e-06,0,0,0.0006858697884772,0,3.54279968141514e-05,0,0.00667712636177971,0,0,0,0.0107916690082564,0,1.3389275170421e-05,0,0,0,0.0224967543775561,0,0.000108383004019445,0.0105527508293346,0,8.86851732141274e-05,0,0.000170171331272473,0,0.000820551848024057,0,0.00760517406746089,0,0.040778625265864,0,0,0,0,0,6.0930827825055e-05,0,0.000107512103946125,0,0.000484279619872488,0,0.0136589554608705,0.000226053759397604,0
0,0,0.000922987621921515,0,1.84608290252864e-05,0,0,0,0,0,0.00385816159643344,0,0.02702188114855,0,0.00389462568915186,0,0,0,2.95768408982016e-06,0,0.000205715433468531,0,0,0,0,0,0,0,0,0,0,0,0,0,0,0,0.000132861309096573,0,0,0,1.59335844635499e-05,0,0.000100497186133081,0,0,0,6.8030284487187e-05,1.92476429924878e-05,0.000675470395871714,0,2.01175460282062e-05,0,0,0,0.000203676471220596,0,0.00934082074076492,0,0,0,0.00319784927190379,0,0,0.000311974344609242,0,1.22481472343984e-05,0,0,0,0.00101114686875899,0,0.00716614458051523,0,1.48520193234405e-05,0,0,0,0,0,0.000189821263856037,0,0,0.000198368950733443,2.38719226395202e-06,0.0010604371271264,0,0
0,2.77842763091165e-05,0,0.00127287233039583,0,0.00124366020106637,0,0.0012628280982145,0,0,0,0.00549562675353383,0,0.0348085095562584,0,0.00244495377364708,0,0,0,0,0,2.05157384419428e-05,0,0,0,0.000170485155075943,0,0.0023436640702195,0,1.84825390610261e-05,0,0,0,0,0,9.24649931088796e-06,0,0,0,5.08424944722953e-05,0,7.53140798062093e-05,0,0,0,0,0,0,0,0.00683870476011552,0,0,0,0.000453673048238349,0,0,0,0.0224967543775561,0,0,0,0.00603878591915144,0.000123958123022955,0,0.000119469582644308,0,0.00106774004220455,0,0.00727569379501028,0,0.00217293779763244,0,0.000145236115988079,0,0,0,0,0,1.06042344349857e-05,0,0,0,2.20740308449351e-05,0,0.00102558469998844,0,0
0.000445933102067629,0,0.0158911210108545,0,0.00675830961399089,0,0,0,0.014063146945118,0,0,0,0,0,0.053828808427221,0,0,0,1.58273782287011e-05,0,0.000198113670336506,0,0,0,0.000394340556549043,0,0,0,0,0,0,0,0,0,0,0,0.000122127666677777,0,0,0,0.000148619426839692,0,0.00089311641164158,0,0,0,0.000235507454177668,0.000282758510926572,0.00466399304666642,0,0.0369892768334279,0,0,0,0.00201172845667613,0,0.00394867540199766,0,0.00319784927190379,0,0,0,0,0.000276829021300076,0,0,0,0,0,0.00187780940428021,0,0.000406618062494437,0,0.000333929209055299,0,0,0,0,0,0.000173930904070798,0,1.29506221148226e-05,5.29348652770325e-05,7.52335259114877e-06,0.00281743855215799,0,0
0,0.00223555957062684,0,0.0369849154353574,0,0,0,0,0,0.0228926101978368,0,0,0,0.000101776124973116,0,0.0355114537685435,0,0,3.09637391022987e-05,0.000262782464319039,0,0,0,0,0,0.00181511847656371,0,0,0,0,0,0,0,0,0,0.000151331245438877,4.15380807323003e-06,0,0,6.23491853474351e-05,0,0.000284941459989111,0,0,0,5.65732741344472e-05,6.29528940540743e-06,0.000775594969738517,0,0.00238462644787498,0,0,0,0,0,0.0211445476153365,0,0.000108383004019445,0,0.00603878591915144,0,0,0.00045614033497612,0,1.67161664834706e-05,0,0.000407150770287606,0,0.0125433465105806,0,0.000109415300207361,0,0,0,0,0,0,0,0.000392298116701078,2.00484538307508e-05,3.98437216821432e-05,0,0.000162539604057179,0,0.0024352677525678,0.000112225517330894,0
0,8.40520105691446e-06,0,0.00383474276988044,0,0,0,0,0,2.96174456483307e-05,0,0.00204271979968795,0,0,0,0,2.86572794057071e-05,5.05751549564198e-05,0.00270978386227245,0.119776639501962,0,3.83260860722283e-06,0,0,0,0,0,0,0,0,0,0,0,0,0,0.00698928880993296,1.34443715539126e-05,0.00100837367508659,0,0.032450188571907,7.56176950859693e-06,0.00596726741824531,3.45390911197679e-05,5.46373906911097e-05,0,0.0838950769221417,5.88222492852434e-05,0,0,0.000755646751229507,0,0,0,0,0,1.11844840190159e-05,0,0.0105527508293346,0,0.000123958123022955,0,0.00045614033497612,0,0,2.86781157591595e-05,0,0,0,0,0,0.000229860845470269,0,0.00733861911965799,1.15400303649184e-05,0,0,0,0,0.00967672046420829,2.08889079884044e-05,0.00487522201207049,0,0.00103400359930636,0,0.0228309432493709,0.00044410235793896,2.59961090296861e-05
0.000519801223867244,0,0.000295648393775021,0,0,0,0,0,1.96589016546078e-05,6.0130778690437e-06,0.0183458446850927,0,0,0,2.54560688376284e-05,0,0.000369888013784233,0.000101771380001073,0.00581730287730402,0,0.0438941797545631,0,0,0,0,0,0,0,0,0,0,0,0,0,0,1.43189892101076e-05,0.00559603724106088,5.57911099132835e-06,0.00326132490952927,5.95974059382862e-05,0.00180784022035637,6.38679461895165e-05,0.00979600940997898,0,0,0.000110709408655349,0.0271521750373931,0,9.84753741019539e-06,0,1.81575110222578e-05,0,0,0,0.000626108457718598,0,0.0543013876053618,0,0.000311974344609242,0,0.000276829021300076,0,0,0,0,0,0,0,0,0,5.47318945615327e-06,0.000272055381340255,5.60461678154743e-05,0.034351526009646,0,0,0,0,6.84589254624136e-06,0.0131403085279192,1.9616945159776e-05,0.0156380818554626,0.00105492115651056,6.48230197886711e-06,0.0152122038374519,0.000246982873558763,0.000498297865210876
0,3.3420109837059e-05,0,7.51243064809747e-06,0,0,0,0,0,0,0,0,0,0,0,0,0,0.00142868333690169,3.45634119710672e-05,0,0,0.0879697697079747,0,0.00142582929129974,0,0.00336110018555611,0,0.000237341966219475,0,0,0,0,0,0,0,1.56157244920847e-06,0,0.00138082869931429,0,1.79171256175695e-05,0,0.00020638034264301,0,0,0,1.99919293786845e-05,0,0,0,0.00858657969187679,0,0,0,0,0,0,0,8.86851732141274e-05,0,0.000119469582644308,0,1.67161664834706e-05,2.86781157591595e-05,0,0,0,0.00999720476595257,0,0.00405084226233353,0,0.0237228349886421,0,0.00137551644109541,0,0,0,0,0,0,0,0.00495201631906679,0,0.000688495726125795,2.9609337604814e-05,0.000146651040027471,3.38150791934291e-05,2.57928376281346e-05
