0,0,6.64467093077573,0,0,0,0,0,4.71882786704045,0,0,0,0,0,0,0,40.5552291870117,37.3127937316895,18.3419756735525,0,0,0,0,0,0,0,0,0,0,0,0,0,0,0,0,0,55.153959274292,0,0,0,0,0,17.8385439978706,0,0,0,0,0,4.12412177914321,0,0,0,0,0,7.06153007954746,0,4.76916290181024,0,6.03781791222401,0,6.63615606774341,0,0,0,0,0,0,0,0,0,0,0,0,0,0,0,0,0,0,47.1156968336839,0,0,7.29477777542212,0,8.29394800831952,0,0
0,0,0,5.50529539716113,0,12.4124466931378,0,0,0,6.26613848227218,0,0,0,0,0,11.9866023179961,0,29.6430320739746,7.47914455153725,0,0,0,0,15.1932544708252,0,0,0,0,0,0,0,0,0,0,0,54.5202849251883,0,0,0,28.7790022398296,0,19.0678797302759,0,0,0,25.094144821167,0,0,0,9.60035580212036,0,0,0,0,0,6.68809679620467,0,18.2495273351669,0,11.2625863552094,0,9.60710553299609,34.8027629852295,0,21.1903953552246,0,12.2073936462402,0,6.17460028330485,0,0,0,24.5823294321696,0,0,0,0,0,37.0876782467491,0,28.0692916597639,0,6.20620558447051,0,14.9956461046783,15.6927902048284,0
6.64467093077573,0,0,0,16.0023780266444,0,0,0,5.52726146686508,0,27.7287712097168,0,0,0,0,0,0,0,14.3423101902008,0,0,0,0,0,0,0,0,0,0,0,0,0,0,0,0,0,53.3473241594103,0,0,100.225021362305,35.7159906114851,0,22.3355629120184,0,0,0,35.1255512237549,0,12.4278585734191,0,9.93420840564527,0,0,0,6.4859637780623,0,24.5481679538474,0,5.2645411491394,0,3.90178847312927,0,0,26.0135824680328,0,0,0,0,0,0,0,0,0,30.2775307869425,0,0,0,0,0,39.0758247375488,0,34.6742108662923,11.2276912309708,42.7712631225586,20.6583862739139,0,19.2883943644437
0,5.50529539716113,0,0,60.6884574890137,12.2566044016888,0,0,0,6.14925380375074,0,0,0,0,0,0,0,0,19.9095565795898,16.4067401885986,0,0,0,0,0,0,0,0,0,0,0,0,0,0,0,41.1883920669556,0,0,0,33.9578506585323,0,21.5650980996444,0,0,0,10.9295417193709,0,37.905995686849,0,13.2692275459732,0,9.53115589386698,0,0,0,7.83193725248376,0,20.3377503199543,0,4.39058442392211,0,5.35151989429028,21.869117418925,0,0,0,0,0,0,0,27.4268383979797,0,27.9744400087729,0,0,0,0,0,31.0421629329186,0,31.2978220451169,0,14.7332229418053,0,20.6647321693117,13.9155689132162,0
0,0,16.0023780266444,60.6884574890137,0,0,0,0,3.87840056419373,0,0,0,0,0,0,0,0,0,0,0,5.74137572226701,0,0,0,0,0,0,0,0,0,0,0,0,0,0,0,44.3850109100342,0,0,0,46.9005521138509,0,47.4676508292174,0,0,0,32.0644493103027,59.4780540466309,44.3466364034017,44.185941696167,4.88586356594593,0,0,0,4.25680233423526,0,23.2566101551056,0,0,0,0,0,0,8.10175119127546,0,0,0,0,0,0,0,0,0,42.6492328643799,0,0,0,0,0,39.7165810845115,0,42.7147979736328,22.1188293278217,0,20.6646983956095,0,45.8270387649536
0,12.4124466931378,0,12.2566044016888,0,0,0,0,0,5.44932843579186,0,10.2893840789795,0,0,0,0,0,0,0,0,0,0,0,0,0,0,0,0,0,0,0,0,0,0,0,12.3623903412973,0,0,0,48.5050163269043,0,33.5087699890137,0,0,0,0,0,34.3368091583252,0,35.700874710083,0,5.63170529800711,0,0,0,5.3520663579305,0,8.1094172000885,0,0,0,0,0,0,0,0,0,0,0,0,0,0,0,0,0,0,0,0,15.5631625477861,0,0,0,10.2259657634816,4.19609566610687,15.5674771494513,32.2349586486816,0
0,0,0,0,0,0,0,0,0,0,0,0,3.07943752833775,0,0,0,0,0,0,0,5.40414931557395,0,0,0,0,0,0,0,0,0,0,0,0,0,0,0,0,0,0,0,0,0,0,0,0,0,0,0,0,0,0,0,3.16789436340332,0,0,0,3.02053260803223,0,3.32952372233073,0,0,0,0,7.90836029052734,0,0,0,0,0,0,0,0,0,0,0,0,0,0,0,0,0,0,2.73238348960876,0,0,0,0
0,0,0,0,0,0,0,0,0,0,0,0,0,0,0,0,0,0,0,0,0,0,0,0,0,0,0,0,0,0,0,0,0,0,0,2.75148367881775,0,0,0,0,0,0,0,0,0,0,0,0,0,0,0,0,0,3.22879394617948,0,0,0,3.529035619327,0,2.95385092496872,0,0,0,0,0,0,0,0,0,0,0,0,0,0,0,0,0,0,0,0,0,0,2.79708564281464,0,0,0,0
4.71882786704045,0,5.52726146686508,0,3.87840056419373,0,0,0,0,0,0,0,0,0,7.16420945254239,0,17.6895051337228,43.9534418644049,43.4667419857449,0,0,0,0,0,6.84625708311796,0,0,0,0,0,0,0,0,0,17.9476566314697,0,34.6089935302734,0,6.46524160906326,0,0,0,9.95222959735177,0,0,0,0,0,5.4395884289799,0,0,0,0,0,4.84087821375348,0,0,0,0,0,9.28581047058105,0,0,0,0,0,0,3.93052363395691,0,0,0,0,0,0,0,0,0,21.9986763000488,0,0,0,7.21152239154886,8.51011395698939,0,5.11653907604127,0,0
0,6.26613848227218,0,6.14925380375074,0,5.44932843579186,0,0,0,0,0,0,0,0,0,4.71941603616227,0,0,0,0,0,0,0,5.66060869017644,0,0,0,0,0,0,0,0,0,0,0,0,0,10.6489128863663,0,0,0,12.0555070495605,0,50.9315071105957,0,0,0,0,0,8.93281098206838,0,0,0,0,0,4.67563570344794,0,0,0,0,0,4.15237180391947,0,0,0,0,5.34744223890633,0,0,0,0,0,0,0,0,0,0,0,0,0,10.4859531325894,0,5.50422575140689,5.212521182898,6.87120833597988,4.50068576195661,0
0,0,27.7287712097168,0,0,0,0,0,0,0,0,0,2.88419249349711,0,0,0,0,0,0,0,4.61270145229671,0,0,0,0,0,0,0,2.81277815500895,0,5.7629089648907,0,0,0,0,0,3.61131094079492,0,3.71265381962935,0,0,0,0,0,0,0,13.4372799737113,0,0,0,0,0,2.84985768795013,0,0,0,4.43211763540655,0,2.85186123847961,0,0,0,0,7.70580762113844,0,0,0,0,0,0,0,0,0,5.41667808805193,0,0,0,0,0,4.98008342291179,0,4.57065286394209,4.2634345293045,0,0,0,0
0,0,0,0,0,10.2893840789795,0,0,0,0,0,0,0,3.19055467098951,0,0,0,0,0,4.13453764206654,0,0,0,0,0,0,0,0,0,12.3176164150238,0,0,0,0,0,5.11406111230656,0,3.7204838848114,0,0,0,0,0,0,0,0,0,0,0,0,0,5.79799707577779,0,0,0,0,0,5.94150496149339,0,3.14614192644755,0,0,5.22249212965265,0,0,0,0,0,0,0,0,0,17.5927076816559,0,0,0,0,0,8.43361759185791,0,13.9648557305336,0,3.5087558110555,0,12.3616038626367,0,0
0,0,0,0,0,0,3.07943752833775,0,0,0,2.88419249349711,0,0,0,2.95733785629272,0,0,0,0,0,0,0,0,0,0,0,0,0,0,0,0,0,0,0,0,0,0,0,0,0,0,0,0,0,0,0,0,0,0,0,0,0,3.51991561480931,0,0,0,3.03014791562007,0,3.06227537989616,0,0,0,0,0,0,0,0,0,0,0,0,0,0,0,0,0,0,0,0,0,0,0,0,0,0,0,0
0,0,0,0,0,0,0,0,0,0,0,3.19055467098951,0,0,0,3.76417778968811,0,0,0,0,0,0,0,0,0,0,0,2.89520710706711,0,3.27882882526943,0,0,0,0,0,0,0,0,0,0,0,0,0,0,0,0,0,0,0,0,0,0,0,0,0,0,0,3.07370252609253,0,3.43398224598653,0,5.4674784321534,0,0,0,0,0,0,0,0,0,0,0,0,0,0,0,0,0,0,0,0,2.88312318541787,2.90701504676573,0,0,0
0,0,0,0,0,0,0,0,7.16420945254239,0,0,0,2.95733785629272,0,0,0,8.04782669918992,47.9216416676839,0,0,0,0,0,0,9.76448273658752,0,5.56992363929749,0,0,0,0,0,0,0,0,0,0,0,0,0,0,0,0,0,0,0,0,0,0,0,0,0,0,0,0,0,0,0,2.9326666279843,0,3.56574292272051,0,0,0,0,0,0,0,0,0,0,0,0,0,0,0,0,0,0,0,0,0,5.38652066251833,0,0,0,0
0,11.9866023179961,0,0,0,0,0,0,0,4.71941603616227,0,0,0,3.76417778968811,0,0,0,0,0,0,0,0,0,0,0,0,0,0,0,0,0,0,0,0,0,0,0,0,0,0,0,29.5801288286845,0,0,0,0,0,0,0,11.6917893091838,0,0,0,0,0,6.65925179421902,0,0,0,2.96190209388733,0,4.6476940995709,0,0,0,0,0,0,0,0,0,0,0,0,0,0,0,0,0,0,0,0,3.05120460510254,2.7780077457428,26.653100785755,23.3947553634644,0
40.5552291870117,0,0,0,0,0,0,0,17.6895051337228,0,0,0,0,0,8.04782669918992,0,0,22.9347064137526,26.2012251260511,0,0,0,3.70931925025641,0,8.92643052478169,0,7.56763143711779,0,0,0,0,0,0,0,0,109.535133361816,105.172629462348,0,0,77.5078843215416,73.2101025051541,65.8798475785689,63.4690411885579,0,0,106.884269714355,0,0,0,0,0,0,0,0,0,0,68.3797302246094,105.125148773193,0,0,0,0,84.6890251853249,108.738250732422,0,4.22275400161743,0,0,0,0,0,0,74.7261047363281,76.9608917236328,0,0,0,0,76.3852180480957,79.9179386297862,107.225366592407,0,15.7122568464957,6.47939883028902,66.89216603597,55.2902005513509,63.7298074449812
37.3127937316895,29.6430320739746,0,0,0,0,0,0,43.9534418644049,0,0,0,0,0,47.9216416676839,0,22.9347064137526,0,23.5928055710104,0,0,3.05745527148247,0,2.74195885658264,0,3.02458306153615,30.8184032440186,2.78783330917358,0,0,0,0,0,0,0,102.832595825195,108.9525519477,0,0,73.7296031316121,79.6931838989258,61.4805276804957,61.4401340484619,0,0,0,0,0,0,70.1581497192383,0,0,0,0,0,0,0,0,0,0,0,0,106.069194793701,0,3.03928667743032,0,0,0,2.94257020950317,0,0,0,102.170478820801,0,0,0,0,0,85.8042989163785,82.0994809124921,83.4442672729492,0,16.4433649754138,5.77144808560633,61.9334470748901,56.0241199069553,69.0338416099548
18.3419756735525,7.47914455153725,14.3423101902008,19.9095565795898,0,0,0,0,43.4667419857449,0,0,0,0,0,0,0,26.2012251260511,23.5928055710104,0,0,0,0,0,0,0,0,0,0,0,0,0,0,0,0,0,66.2169221545023,64.9709595029872,0,0,38.8834538787965,41.7672279493611,27.2185253642758,28.4623846651238,62.3339881896973,0,75.9821491241455,23.6338438034058,0,25.3248265981674,24.2691901524862,0,0,0,0,0,0,35.7864749091012,32.0005499032828,0,0,0,0,51.5298369346409,53.0864657233743,0,0,0,0,0,0,24.993491490682,0,29.3370767661503,35.4881723494757,0,0,0,0,47.017122603116,47.3405432943005,34.1067833848052,38.7941493988037,14.8232553750875,17.7408284187317,29.5791973972723,22.2942853820619,28.2001144905244
0,0,0,16.4067401885986,0,0,0,0,0,0,0,4.13453764206654,0,0,0,0,0,0,0,0,0,0,0,0,0,0,0,0,0,0,0,0,0,0,0,4.58881414839885,0,7.66243615703306,0,21.5529838562012,0,0,0,0,0,11.9608001708984,0,27.3721892038981,0,29.6564588546753,0,0,0,0,0,0,0,4.97638971429122,0,0,0,0,6.06800985426188,0,0,0,0,0,0,0,0,0,7.9890718460083,0,0,0,0,0,13.3067946347548,0,7.90374990989422,0,5.28643721071157,0,7.04950332975054,0,0
0,0,0,0,5.74137572226701,0,5.40414931557395,0,0,0,4.61270145229671,0,0,0,0,0,0,0,0,0,0,0,0,0,0,0,0,0,0,0,0,0,0,0,0,0,4.03839690711376,0,5.69598700871339,0,0,0,26.7150783538818,0,0,0,13.1818725879376,0,39.8174254099528,0,13.0447546641032,0,0,0,0,0,8.03047128518423,0,0,0,0,0,0,5.34820927659126,0,0,0,0,0,0,0,0,0,38.5849914550781,0,0,0,0,0,5.65295652854137,0,14.6900309599363,4.14910542222606,0,9.05368683212682,0,0
0,0,0,0,0,0,0,0,0,0,0,0,0,0,0,0,0,3.05745527148247,0,0,0,0,2.98955911856431,12.5893341755045,0,2.85159623622894,0,2.89199921063014,0,0,0,0,0,0,0,0,0,5.69485254033783,0,0,0,0,0,0,0,0,0,22.8907375858255,0,9.55527819317473,0,0,0,0,0,0,0,0,0,0,0,22.7867336273193,0,0,4.58401390306751,0,8.55039277802343,0,0,0,6.18408894665027,0,13.2335367202759,0,0,0,0,0,69.3160705566406,0,6.02253487692155,0,3.78808961958146,3.28977074161653,17.6116858482361,0,0
0,0,0,0,0,0,0,0,0,0,0,0,0,0,0,0,3.70931925025641,0,0,0,0,2.98955911856431,0,0,3.41621091100905,0,4.32286131381989,0,3.2250619388762,0,0,0,0,0,0,0,0,2.81574741999308,4.97896802905335,0,0,0,0,0,0,0,0,0,8.90567387225933,0,0,0,0,0,0,0,0,0,0,0,0,0,0,0,0,4.29842962445764,0,11.248023879528,0,0,0,3.46468239525954,0,0,0,0,0,0,0,0,0,4.69667537933172,4.04197321306257,3.38674902915955,18.5725736618042,0,0
0,15.1932544708252,0,0,0,0,0,0,0,5.66060869017644,0,0,0,0,0,0,0,2.74195885658264,0,0,0,12.5893341755045,0,0,0,3.91716795875913,0,0,0,0,0,0,0,0,0,0,0,6.71082412203153,0,0,0,27.8965759277344,0,0,0,0,0,0,0,9.10127433096425,0,0,0,0,0,5.56631625704018,0,15.8706517219543,0,0,0,15.3055756092072,0,0,6.87179435068561,0,4.45960189304213,0,5.89063283530149,0,8.16687454647488,0,0,0,0,0,0,0,62.4244403839111,0,5.2894238151353,0,4.52481294870377,0,9.61773155696356,0,0
0,0,0,0,0,0,0,0,6.84625708311796,0,0,0,0,0,9.76448273658752,0,8.92643052478169,0,0,0,0,0,3.41621091100905,0,0,0,3.21405482292175,0,0,0,0,0,0,0,0,0,0,0,4.55861816069354,0,0,0,13.3932395776113,0,0,0,0,0,9.34852821032206,0,0,0,0,0,6.44802641241174,0,0,0,0,0,0,0,0,0,0,0,0,3.51803298756085,0,2.76884744717525,0,0,0,0,0,0,0,0,0,0,0,6.46176517451251,7.29491902096002,0,8.26982872119317,0,0
0,0,0,0,0,0,0,0,0,0,0,0,0,0,0,0,0,3.02458306153615,0,0,0,2.85159623622894,0,3.91716795875913,0,0,0,3.02176928520203,0,0,0,0,0,0,0,0,0,0,0,0,0,0,0,0,0,0,0,0,0,0,0,0,0,0,0,0,0,0,0,0,0,0,0,0,5.00138499895732,0,5.4130487267564,0,2.99896694632138,0,3.58545279502869,0,0,0,0,0,0,0,0,0,0,0,2.92960032245569,0,0,0,0
0,0,0,0,0,0,0,0,0,0,0,0,0,0,5.56992363929749,0,7.56763143711779,30.8184032440186,0,0,0,0,4.32286131381989,0,3.21405482292175,0,0,0,2.8928131375994,0,0,0,0,0,0,0,0,0,0,0,0,0,0,0,0,0,0,0,0,0,0,0,0,0,0,0,0,0,0,0,0,0,0,0,0,0,0,0,0,2.84516310691833,0,2.80781753857931,0,0,0,0,0,0,0,0,0,0,7.84541355936151,0,0,0,0
0,0,0,0,0,0,0,0,0,0,0,0,0,2.89520710706711,0,0,0,2.78783330917358,0,0,0,2.89199921063014,0,0,0,3.02176928520203,0,0,0,2.82403057813644,0,0,0,0,0,0,0,2.7501220703125,0,0,0,0,0,0,0,0,0,0,0,0,0,0,0,0,0,0,0,0,0,3.22150931860271,0,0,0,0,0,0,0,0,3.10871460563258,0,3.39670890538038,0,0,0,0,0,0,0,0,0,4.27400291883029,0,2.84912088755015,0,0,0,0
0,0,0,0,0,0,0,0,0,0,2.81277815500895,0,0,0,0,0,0,0,0,0,0,0,3.2250619388762,0,0,0,2.8928131375994,0,0,0,2.88223532932561,0,0,0,0,0,0,0,4.68551678938024,0,0,0,0,0,0,0,0,0,0,0,0,0,0,0,0,0,2.8545237310005,0,0,0,0,0,0,0,0,0,0,0,0,2.91876993179321,0,3.79282180468241,0,3.52332796339403,0,0,0,0,0,0,0,4.68220234358752,3.67623156767625,3.58417701721191,0,0,0
0,0,0,0,0,0,0,0,0,0,0,12.3176164150238,0,3.27882882526943,0,0,0,0,0,0,0,0,0,0,0,0,0,2.82403057813644,0,0,0,0,0,0,0,0,0,3.13239659581866,0,0,0,0,0,0,0,0,0,0,0,0,0,0,0,0,0,0,0,4.41427953222878,0,2.92481696221136,0,0,0,0,0,0,0,0,0,0,2.95232900953668,0,5.84829377495263,0,0,0,0,0,0,0,4.79811581969261,0,0,0,0,0,0
0,0,0,0,0,0,0,0,0,0,5.7629089648907,0,0,0,0,0,0,0,0,0,0,0,0,0,0,0,0,0,2.88223532932561,0,0,0,0,0,0,0,0,0,3.03601188157734,0,0,0,0,0,0,0,0,0,0,0,0,0,0,0,0,0,8.62508761364481,0,0,0,0,0,0,0,0,0,0,0,0,0,0,0,0,5.21358535673971,0,0,0,0,0,0,0,3.25868930043401,2.96029376983643,0,0,0,0
0,0,0,0,0,0,0,0,0,0,0,0,0,0,0,0,0,0,0,0,0,0,0,0,0,0,0,0,0,0,0,0,0,7.83716242129986,0,5.20497452348007,0,0,0,0,0,0,0,0,0,0,0,7.77465512012613,0,0,0,0,0,0,0,0,0,0,0,0,0,0,0,0,0,0,0,0,0,0,0,0,0,0,10.2908755479081,0,14.73195540905,0,9.30730609746757,0,0,0,4.28568507495679,0,0,0,0
0,0,0,0,0,0,0,0,0,0,0,0,0,0,0,0,0,0,0,0,0,0,0,0,0,0,0,0,0,0,0,0,0,0,9.63670603434245,0,2.99101182942589,0,0,0,0,0,0,0,0,0,0,4.32029313313087,4.53312509793502,6.07658428615994,0,0,0,0,0,0,0,0,0,0,0,0,0,0,0,0,0,0,0,0,0,0,0,0,0,7.36191159229258,0,8.11826754499365,0,3.00068402290344,0,0,3.8281505864058,0,0,0,0
0,0,0,0,0,0,0,0,0,0,0,0,0,0,0,0,0,0,0,0,0,0,0,0,0,0,0,0,0,0,0,7.83716242129986,0,0,3.64351370284607,3.34367387645117,0,5.66004519287599,0,0,0,0,0,0,0,0,0,4.82446311586893,0,0,0,0,0,0,0,0,0,0,0,0,0,0,0,0,0,0,0,0,0,0,0,0,0,0,7.09852009488825,0,4.4036965006651,4.67865088089653,4.14708290781294,0,5.43957285918007,0,2.95080316066742,2.73165655136108,0,0,0
0,0,0,0,0,0,0,0,17.9476566314697,0,0,0,0,0,0,0,0,0,0,0,0,0,0,0,0,0,0,0,0,0,0,0,9.63670603434245,3.64351370284607,0,0,3.94400854110718,0,4.09367366347994,0,0,0,0,0,0,0,0,5.44944029269011,6.69286785125732,0,0,0,0,0,0,0,0,0,0,0,0,0,0,0,0,0,0,0,0,0,0,0,0,0,0,13.4961893558502,3.93994638803122,6.14623725012922,0,5.55007795798473,0,5.92045065634292,3.92787359820472,0,0,0,0
0,54.5202849251883,0,41.1883920669556,0,12.3623903412973,0,2.75148367881775,0,0,0,5.11406111230656,0,0,0,0,109.535133361816,102.832595825195,66.2169221545023,4.58881414839885,0,0,0,0,0,0,0,0,0,0,0,5.20497452348007,0,3.34367387645117,0,0,3.50428872908417,5.81112362693492,3.27558791637421,94.0418682098389,0,64.7778735160828,0,0,0,43.3447681336891,0,11.0572328567505,0,22.9270610809326,0,22.2642974853516,0,0,0,0,0,4.97377290716828,0,0,0,0,9.10393990785558,0,0,0,0,0,0,0,73.9728393554688,0,79.6397945124929,0,5.87624641866045,0,5.25252582453942,0,9.96883532640001,3.98635099274772,11.9200651932322,0,5.96855874416215,2.93108013181975,36.2309892668108,63.9816702062433,103.883644104004
55.153959274292,0,53.3473241594103,0,44.3850109100342,0,0,0,34.6089935302734,0,3.61131094079492,0,0,0,0,0,105.172629462348,108.9525519477,64.9709595029872,0,4.03839690711376,0,0,0,0,0,0,0,0,0,0,0,2.99101182942589,0,3.94400854110718,3.50428872908417,0,0,5.7833180170811,110.478553771973,74.8152670018813,95.9728927612305,44.8130729555668,0,0,0,37.2273872448492,20.0892513857947,34.9743618212248,0,59.3677357264927,0,0,0,47.6043743133545,0,65.1558114980397,0,0,0,0,0,0,21.3994771689376,0,0,0,0,0,0,0,0,118.280128479004,73.5896422976539,0,22.6274818833917,0,11.4040165125669,21.7091445366542,9.6576276249778,0,6.35667961677619,8.36549438358812,4.39887223327369,38.6070544268418,0,51.2829431045887
0,0,0,0,0,0,0,0,0,10.6489128863663,0,3.7204838848114,0,0,0,0,0,0,0,7.66243615703306,0,5.69485254033783,2.81574741999308,6.71082412203153,0,0,0,2.7501220703125,0,3.13239659581866,0,0,0,5.66004519287599,0,5.81112362693492,0,0,3.02054088492143,0,0,4.45895687739054,27.8651294708252,0,0,11.3352956771851,0,10.871128227904,0,6.99666300261999,0,0,0,0,0,11.059606766228,0,7.00456290659697,0,0,0,0,11.1090688237661,0,7.30247991120637,0,8.83932751730869,0,0,0,6.09624143441518,0,3.79633892499484,0,0,0,4.84405855495151,0,8.05601911901199,0,5.52580512643381,7.30431718508402,4.25025662724697,2.79273438453674,5.69486011557318,0,0
0,0,0,0,0,0,0,0,6.46524160906326,0,3.71265381962935,0,0,0,0,0,0,0,0,0,5.69598700871339,0,4.97896802905335,0,4.55861816069354,0,0,0,4.68551678938024,0,3.03601188157734,0,0,0,4.09367366347994,3.27558791637421,5.7833180170811,3.02054088492143,0,0,0,0,5.95120282763058,0,0,0,22.5429218292236,7.79225628940683,7.34268681280019,0,0,0,0,0,7.46152089367742,0,5.06913071354543,0,0,0,0,0,0,19.5410089261002,0,7.40799522244073,0,6.65263522050943,0,0,0,5.05272086461385,0,5.59533362639578,0,0,0,5.13067765921763,0,7.30059934733723,3.56929665141635,4.95855360419803,5.50016337845607,10.208968111963,6.34040678909847,0,0
0,28.7790022398296,100.225021362305,33.9578506585323,0,48.5050163269043,0,0,0,0,0,0,0,0,0,0,77.5078843215416,73.7296031316121,38.8834538787965,21.5529838562012,0,0,0,0,0,0,0,0,0,0,0,0,0,0,0,94.0418682098389,110.478553771973,0,0,0,75.7006410871233,22.1592659701566,65.8762687683106,0,0,19.8146748542786,0,13.9489946365356,0,6.89771615002713,0,47.6228504180908,0,0,0,47.7510581970215,0,56.3595161437988,0,0,0,0,15.5491299836532,90.5569000244141,0,0,0,0,0,0,50.0093116760254,0,60.2177489144461,0,0,0,0,0,17.7230987847835,91.6522248586019,59.952218736921,0,43.5920884268624,0,18.941400586253,21.6766918795291,66.821709224156
0,0,35.7159906114851,0,46.9005521138509,0,0,0,0,0,0,0,0,0,0,0,73.2101025051541,79.6931838989258,41.7672279493611,0,0,0,0,0,0,0,0,0,0,0,0,0,0,0,0,0,74.8152670018813,0,0,75.7006410871233,0,76.9534437391493,24.2499722685901,0,0,0,14.3979102815901,19.0861692428589,10.528681352957,0,44.6924229939779,0,0,0,44.7239786783854,0,49.9196840922038,0,0,0,0,0,85.4812355041504,25.2142998709607,0,0,0,0,0,0,0,0,91.4901428222656,62.3324489593506,0,0,0,0,87.7831563949585,42.3022045506542,0,0,46.8867803414663,0,21.615786014368,57.9263582229614,19.5691273746305
0,19.0678797302759,0,21.5650980996444,0,33.5087699890137,0,0,0,12.0555070495605,0,0,0,0,0,29.5801288286845,65.8798475785689,61.4805276804957,27.2185253642758,0,0,0,0,27.8965759277344,0,0,0,0,0,0,0,0,0,0,0,64.7778735160828,95.9728927612305,4.45895687739054,0,22.1592659701566,76.9534437391493,0,8.94575912587783,0,0,49.038973236084,0,10.1176220222431,24.3960990905762,14.0751124809284,0,40.7456512451172,0,0,0,33.1792687949012,0,17.9450187497669,0,33.5469175974528,0,27.8066298939357,27.844992074153,61.2918853759766,0,0,11.2459772895364,0,0,0,18.0755503394387,0,19.8906201252869,0,45.4111518859863,0,0,0,27.2940168545059,78.3632491616642,23.4323578206649,0,14.3889207371959,68.8156661987305,12.8540711459091,8.84307729728697,67.0973739624023
17.8385439978706,0,22.3355629120184,0,47.4676508292174,0,0,0,9.95222959735177,0,0,0,0,0,0,0,63.4690411885579,61.4401340484619,28.4623846651238,0,26.7150783538818,0,0,0,13.3932395776113,0,0,0,0,0,0,0,0,0,0,0,44.8130729555668,27.8651294708252,5.95120282763058,65.8762687683106,24.2499722685901,8.94575912587783,0,0,0,0,9.27245125403771,11.43206732763,8.98503156162249,0,42.6954019719904,0,0,0,38.6505841273887,0,20.9811019177006,0,0,0,29.8541107177734,0,69.4309883117676,29.3796774557192,0,0,0,13.4736884435018,0,0,0,0,0,10.8802494002552,0,0,0,0,76.9044055938721,28.7727292776432,28.1748793919881,14.9674982157621,14.6462560989257,12.0091909995446,15.1561186906458,28.4775247573853,7.19729380812696
0,0,0,0,0,0,0,0,0,50.9315071105957,0,0,0,0,0,0,0,0,62.3339881896973,0,0,0,0,0,0,0,0,0,0,0,0,0,0,0,0,0,0,0,0,0,0,0,0,0,0,0,0,0,0,0,0,0,0,0,0,0,0,0,0,0,0,0,0,0,0,0,0,0,0,0,0,0,0,0,0,0,0,0,0,0,0,0,0,0,19.5446491241455,0,0
0,0,0,0,0,0,0,0,0,0,0,0,0,0,0,0,0,0,0,0,0,0,0,0,0,0,0,0,0,0,0,0,0,0,0,0,0,0,0,0,0,0,0,0,0,0,0,0,0,0,0,0,0,0,0,0,0,0,0,0,0,0,0,0,0,0,0,0,0,0,0,0,0,0,0,0,0,0,0,0,0,0,0,0,0,0,0
0,25.094144821167,0,10.9295417193709,0,0,0,0,0,0,0,0,0,0,0,0,106.884269714355,0,75.9821491241455,11.9608001708984,0,0,0,0,0,0,0,0,0,0,0,0,0,0,0,43.3447681336891,0,11.3352956771851,0,19.8146748542786,0,49.038973236084,0,0,0,0,0,0,0,27.9887597220285,0,0,0,0,0,0,0,32.4815380096436,0,0,0,0,13.5282430499419,0,0,0,0,0,0,0,36.3509178161621,0,41.7983859327973,0,0,0,0,0,28.5319138301238,0,16.931716750872,0,51.711066025954,0,20.7632343805529,25.2537441253662,0
0,0,35.1255512237549,0,32.0644493103027,0,0,0,0,0,13.4372799737113,0,0,0,0,0,0,0,23.6338438034058,0,13.1818725879376,0,0,0,0,0,0,0,0,0,0,0,0,0,0,0,37.2273872448492,0,22.5429218292236,0,14.3979102815901,0,9.27245125403771,0,0,0,0,0,0,0,0,0,0,0,30.8334159851074,0,23.7995812118053,0,0,0,0,0,0,11.6440023438033,0,0,0,0,0,0,0,0,0,30.3621559143066,0,40.7012062072754,0,0,0,21.4816558327473,0,14.8602588587794,40.9894749641418,0,14.9008509935719,0,0
0,0,0,37.905995686849,59.4780540466309,34.3368091583252,0,0,0,0,0,0,0,0,0,0,0,0,0,27.3721892038981,0,22.8907375858255,0,0,0,0,0,0,0,0,0,7.77465512012613,4.32029313313087,4.82446311586893,5.44944029269011,11.0572328567505,20.0892513857947,10.871128227904,7.79225628940683,13.9489946365356,19.0861692428589,10.1176220222431,11.43206732763,0,0,0,0,0,8.05511102441483,7.63572906508693,0,0,0,0,54.8046226501465,0,0,0,0,0,0,0,24.060977935791,0,22.2399473422911,0,12.0077330849387,0,0,0,0,0,0,0,5.78611340869978,5.27229682832973,3.80511048834845,5.9563486081436,6.96570485668484,6.57205163927182,9.52713596507123,10.4943390205776,7.28165448750125,9.38287506103516,9.58983934109837,0,0
4.12412177914321,0,12.4278585734191,0,44.3466364034017,0,0,0,5.4395884289799,0,0,0,0,0,0,0,0,0,25.3248265981674,0,39.8174254099528,0,8.90567387225933,0,9.34852821032206,0,0,0,0,0,0,0,4.53312509793502,0,6.69286785125732,0,34.9743618212248,0,7.34268681280019,0,10.528681352957,24.3960990905762,8.98503156162249,0,0,0,0,8.05511102441483,0,11.6004005901063,47.1707807268415,0,0,0,10.8661427837186,0,26.1941360598025,0,3.16478300094604,0,3.43662719594108,0,0,31.6842938232422,0,9.57872169138649,0,5.98908624616829,0,4.33432698249817,0,3.54589665514752,0,3.88410558642411,12.1920471191406,5.9302521944046,0,7.22172887325287,0,8.88603237554201,0,6.49732996705514,12.2634395436237,11.5682194666429,9.16912505151408,0,45.1262702941895
0,9.60035580212036,0,13.2692275459732,44.185941696167,35.700874710083,0,0,0,8.93281098206838,0,0,0,0,0,11.6917893091838,0,70.1581497192383,24.2691901524862,29.6564588546753,0,9.55527819317473,0,9.10127433096425,0,0,0,0,0,0,0,0,6.07658428615994,0,0,22.9270610809326,0,6.99666300261999,0,6.89771615002713,0,14.0751124809284,0,0,0,27.9887597220285,0,7.63572906508693,11.6004005901063,0,0,36.9293234507243,0,0,42.1440773010254,15.3561472294578,38.9658432006836,9.78273503322554,0,3.15092902183533,0,6.33272401342906,27.8536672921016,0,11.2707568442467,0,8.51945623569191,0,4.63368061736778,0,4.70106347242411,0,6.46733170100241,0,0,15.8469987445407,2.84126341342926,0,31.0994499433236,23.7230644226074,6.62846986028448,0,10.5474563673943,0,9.62575795978358,11.836577120904,0
0,0,9.93420840564527,0,4.88586356594593,0,0,0,0,0,0,0,0,0,0,0,0,0,0,0,13.0447546641032,0,0,0,0,0,0,0,0,0,0,0,0,0,0,0,59.3677357264927,0,0,0,44.6924229939779,0,42.6954019719904,0,0,0,0,0,47.1707807268415,0,0,0,0,0,0,0,6.66454385103181,0,3.87718896056121,0,3.25487023942611,0,0,7.07254103251866,0,0,0,0,0,0,0,0,0,43.6679856436593,0,0,0,0,0,46.8778802431547,0,45.1465187072754,14.0783811929275,0,17.664824301136,0,39.3976020812988
0,0,0,9.53115589386698,0,5.63170529800711,0,0,0,0,0,5.79799707577779,0,0,0,0,0,0,0,0,0,0,0,0,0,0,0,0,0,0,0,0,0,0,0,22.2642974853516,0,0,0,47.6228504180908,0,40.7456512451172,0,0,0,0,0,0,0,36.9293234507243,0,0,0,2.84263730049133,0,3.81620917822185,0,4.81177210611301,0,3.52092058062553,0,3.93136489166404,0,0,0,0,0,0,0,0,0,0,43.9964294433594,0,0,0,0,0,39.058903503418,0,0,0,11.7916827313602,0,14.6953788970833,35.5956573486328,0
0,0,0,0,0,0,3.16789436340332,0,0,0,2.84985768795013,0,3.51991561480931,0,0,0,0,0,0,0,0,0,0,0,0,0,0,0,0,0,0,0,0,0,0,0,0,0,0,0,0,0,0,0,0,0,0,0,0,0,0,0,0,0,0,0,3.51205808909859,0,3.78903293609619,0,0,0,0,0,0,0,0,0,0,0,0,0,0,0,0,0,0,0,0,0,0,0,2.87343087949251,0,0,0,0
0,0,0,0,0,0,0,3.22879394617948,0,0,0,0,0,0,0,0,0,0,0,0,0,0,0,0,0,0,0,0,0,0,0,0,0,0,0,0,0,0,0,0,0,0,0,0,0,0,0,0,0,0,0,2.84263730049133,0,0,0,0,0,3.60037370425899,0,0,0,0,0,0,0,0,0,0,0,0,0,0,0,0,0,0,0,0,0,0,0,0,2.88348909219106,0,0,0,0
7.06153007954746,0,6.4859637780623,0,4.25680233423526,0,0,0,4.84087821375348,0,0,0,0,0,0,0,0,0,0,0,0,0,0,0,6.44802641241174,0,0,0,0,0,0,0,0,0,0,0,47.6043743133545,0,7.46152089367742,0,44.7239786783854,0,38.6505841273887,0,0,0,30.8334159851074,54.8046226501465,10.8661427837186,42.1440773010254,0,0,0,0,0,0,36.8005680356707,0,4.14907774925232,0,4.36416739545843,0,0,23.2022266387939,0,0,0,6.67099720602822,0,0,0,0,0,41.2879165649414,0,0,0,20.0164750417074,0,50.4525527954102,0,8.24645400583074,24.5796730084853,0,16.5347512177747,0,38.3443603515625
0,6.68809679620467,0,7.83193725248376,0,5.3520663579305,0,0,0,4.67563570344794,0,0,0,0,0,6.65925179421902,0,0,0,0,0,0,0,5.56631625704018,0,0,0,0,0,0,0,0,0,0,0,0,0,11.059606766228,0,47.7510581970215,0,33.1792687949012,0,0,0,0,0,0,0,15.3561472294578,0,3.81620917822185,0,0,0,0,0,30.4578456878662,0,0,0,6.28280831587435,0,0,0,0,5.14718046535566,0,0,0,0,0,44.192569732666,0,0,0,0,0,39.1593882242839,83.409797668457,8.38120110388155,0,11.4619310874844,11.546591758728,28.8398882720365,27.6804271177812,0
4.76916290181024,0,24.5481679538474,0,23.2566101551056,0,3.02053260803223,0,0,0,4.43211763540655,0,3.03014791562007,0,0,0,68.3797302246094,0,35.7864749091012,0,8.03047128518423,0,0,0,0,0,0,0,2.8545237310005,0,8.62508761364481,0,0,0,0,0,65.1558114980397,0,5.06913071354543,0,49.9196840922038,0,20.9811019177006,0,0,0,23.7995812118053,0,26.1941360598025,38.9658432006836,6.66454385103181,0,3.51205808909859,0,36.8005680356707,0,0,0,3.32803917661005,0,3.62326633930206,0,0,10.9878765182094,0,0,0,0,0,0,0,3.10971129584957,0,5.64042163369667,0,0,0,0,90.2153472900391,43.2098604809154,0,26.4652652740479,26.1260226020107,0,12.8459244201026,0,16.4162534750425
0,18.2495273351669,0,20.3377503199543,0,8.1094172000885,0,3.529035619327,0,0,0,5.94150496149339,0,3.07370252609253,0,0,105.125148773193,0,32.0005499032828,4.97638971429122,0,0,0,15.8706517219543,0,0,0,0,0,4.41427953222878,0,0,0,0,0,4.97377290716828,0,7.00456290659697,0,56.3595161437988,0,17.9450187497669,0,0,0,32.4815380096436,0,0,0,9.78273503322554,0,4.81177210611301,0,3.60037370425899,0,30.4578456878662,0,0,0,3.06949597326192,0,3.61531376016551,13.8775291099293,0,0,0,11.9968938827515,0,5.72244220513564,0,5.15741699074717,0,6.30075842749881,0,0,0,0,0,42.13423495175,0,18.8600639969338,0,8.6940514453127,0,13.8699867513858,15.3312620987763,0
6.03781791222401,0,5.2645411491394,0,0,0,3.32952372233073,0,0,0,2.85186123847961,0,3.06227537989616,0,2.9326666279843,0,0,0,0,0,0,0,0,0,0,0,0,0,0,0,0,0,0,0,0,0,0,0,0,0,0,0,0,0,0,0,0,0,3.16478300094604,0,3.87718896056121,0,3.78903293609619,0,4.14907774925232,0,3.32803917661005,0,0,0,6.08185167785163,0,0,0,0,0,0,0,0,0,0,0,0,0,0,0,0,0,0,0,0,0,2.74473881721497,0,6.96867489260296,0,0
0,11.2625863552094,0,4.39058442392211,0,0,0,2.95385092496872,0,0,0,3.14614192644755,0,3.43398224598653,0,2.96190209388733,0,0,0,0,0,0,0,0,0,0,0,3.22150931860271,0,2.92481696221136,0,0,0,0,0,0,0,0,0,0,0,33.5469175974528,0,0,0,0,0,0,0,3.15092902183533,0,3.52092058062553,0,0,0,0,0,3.06949597326192,0,0,0,4.27699310249752,0,0,0,0,0,0,5.28124480777317,0,3.76715827333754,0,0,0,0,0,0,0,0,0,0,0,3.79750271465467,2.88104645411173,0,0,0
6.63615606774341,0,3.90178847312927,0,0,0,0,0,9.28581047058105,0,0,0,0,0,3.56574292272051,0,0,0,0,0,0,0,0,0,0,0,0,0,0,0,0,0,0,0,0,0,0,0,0,0,0,0,29.8541107177734,0,0,0,0,0,3.43662719594108,0,3.25487023942611,0,0,0,4.36416739545843,0,3.62326633930206,0,6.08185167785163,0,0,0,0,0,0,0,0,0,0,0,0,0,0,0,0,0,0,0,0,0,0,0,4.44174671173096,0,12.9860879441966,0,0
0,9.60710553299609,0,5.35151989429028,0,0,0,0,0,4.15237180391947,0,0,0,5.4674784321534,0,4.6476940995709,0,0,0,0,0,22.7867336273193,0,15.3055756092072,0,0,0,0,0,0,0,0,0,0,0,0,0,0,0,0,0,27.8066298939357,0,0,0,0,0,0,0,6.33272401342906,0,3.93136489166404,0,0,0,6.28280831587435,0,3.61531376016551,0,4.27699310249752,0,0,0,0,0,0,13.2203246752421,0,4.18223590102077,0,4.62916350364685,0,0,0,0,0,0,0,0,0,0,0,6.38774725107046,0,24.1718248989847,19.5188987731934,0
0,34.8027629852295,0,21.869117418925,0,0,0,0,0,0,0,5.22249212965265,0,0,0,0,84.6890251853249,106.069194793701,51.5298369346409,6.06800985426188,0,0,0,0,0,0,0,0,0,0,0,0,0,0,0,9.10393990785558,0,11.1090688237661,0,15.5491299836532,85.4812355041504,27.844992074153,69.4309883117676,0,0,13.5282430499419,0,24.060977935791,0,27.8536672921016,0,0,0,0,0,0,0,13.8775291099293,0,0,0,0,0,0,0,0,0,0,0,0,33.9785365717752,0,21.0539209887936,0,42.7889080047607,0,0,0,16.401630895731,97.2909456888835,18.3288939072296,0,20.4587916325009,0,17.8362774201303,49.5951180458069,67.4519081115723
0,0,26.0135824680328,0,8.10175119127546,0,7.90836029052734,0,0,0,7.70580762113844,0,0,0,0,0,108.738250732422,0,53.0864657233743,0,5.34820927659126,0,0,0,0,0,0,0,0,0,0,0,0,0,0,0,21.3994771689376,0,19.5410089261002,90.5569000244141,25.2142998709607,61.2918853759766,29.3796774557192,0,0,0,11.6440023438033,0,31.6842938232422,0,7.07254103251866,0,0,0,23.2022266387939,0,10.9878765182094,0,0,0,0,0,0,0,0,0,0,0,0,0,0,0,0,17.1401503142587,0,0,0,0,0,16.9901897071766,0,17.2964813490591,30.146545351179,0,12.0830944239129,0,27.3915940693447
0,21.1903953552246,0,0,0,0,0,0,0,0,0,0,0,0,0,0,0,3.03928667743032,0,0,0,4.58401390306751,0,6.87179435068561,0,5.00138499895732,0,0,0,0,0,0,0,0,0,0,0,7.30247991120637,0,0,0,0,0,0,0,0,0,22.2399473422911,0,11.2707568442467,0,0,0,0,0,0,0,0,0,0,0,0,0,0,0,0,9.73213956701989,0,4.78822221466362,0,8.07962012290955,0,0,0,0,0,0,0,0,0,8.17209464700146,0,4.34316403815087,0,18.1126864433289,0,0
0,0,0,0,0,0,0,0,0,0,0,0,0,0,0,0,4.22275400161743,0,0,0,0,0,4.29842962445764,0,0,0,0,0,0,0,0,0,0,0,0,0,0,0,7.40799522244073,0,0,0,0,0,0,0,0,0,9.57872169138649,0,0,0,0,0,0,0,0,0,0,0,0,0,0,0,0,0,0,16.9272350825761,0,4.22386026382446,0,3.54648844401042,0,0,0,0,0,0,0,0,0,6.24248854606605,7.32244038581848,0,0,0,0
0,12.2073936462402,0,0,0,0,0,0,0,5.34744223890633,0,0,0,0,0,0,0,0,0,0,0,8.55039277802343,0,4.45960189304213,0,5.4130487267564,0,0,0,0,0,0,0,0,0,0,0,8.83932751730869,0,0,0,11.2459772895364,0,0,0,0,0,12.0077330849387,0,8.51945623569191,0,0,0,0,0,5.14718046535566,0,11.9968938827515,0,0,0,13.2203246752421,0,0,9.73213956701989,0,0,0,5.61755071893782,0,7.00922790780125,0,0,0,0,0,0,0,0,0,5.90226820086439,0,5.63400526340602,0,8.01234910398319,0,0
0,0,0,0,0,0,0,0,3.93052363395691,0,0,0,0,0,0,0,0,0,0,0,0,0,11.248023879528,0,3.51803298756085,0,0,0,0,0,0,0,0,0,0,0,0,0,6.65263522050943,0,0,0,13.4736884435018,0,0,0,0,0,5.98908624616829,0,0,0,0,0,6.67099720602822,0,0,0,0,0,0,0,0,0,0,16.9272350825761,0,0,0,0,0,3.18930415312449,0,0,0,0,0,18.5325508117676,0,0,0,7.50928617721679,4.7930070908515,0,7.54816948479297,0,0
0,6.17460028330485,0,0,0,0,0,0,0,0,0,0,0,0,0,0,0,2.94257020950317,0,0,0,0,0,5.89063283530149,0,2.99896694632138,0,3.10871460563258,0,0,0,0,0,0,0,0,0,0,0,0,0,0,0,0,0,0,0,0,0,4.63368061736778,0,0,0,0,0,0,0,5.72244220513564,0,5.28124480777317,0,4.18223590102077,0,0,4.78822221466362,0,5.61755071893782,0,0,0,4.24416773824444,0,0,0,0,0,0,0,49.8390579223633,0,0,0,3.15323054293791,0,0,0,0
0,0,0,0,0,0,0,0,0,0,0,0,0,0,0,0,0,0,0,0,0,0,0,0,2.76884744717525,0,2.84516310691833,0,2.91876993179321,0,0,0,0,0,0,0,0,0,0,0,0,0,0,0,0,0,0,0,4.33432698249817,0,0,0,0,0,0,0,0,0,0,0,0,0,0,0,0,4.22386026382446,0,0,0,0,0,4.03041432220438,0,0,0,0,0,0,0,0,0,0,2.89654629370746,0,0,0,0
0,0,0,27.4268383979797,0,0,0,0,0,0,0,0,0,0,0,0,0,0,24.993491490682,0,0,6.18408894665027,0,8.16687454647488,0,3.58545279502869,0,3.39670890538038,0,2.95232900953668,0,0,0,0,0,73.9728393554688,0,6.09624143441518,0,50.0093116760254,0,18.0755503394387,0,0,0,36.3509178161621,0,0,0,4.70106347242411,0,0,0,0,0,0,0,5.15741699074717,0,3.76715827333754,0,4.62916350364685,33.9785365717752,0,8.07962012290955,0,7.00922790780125,0,4.24416773824444,0,0,0,4.13315083941475,0,0,0,0,0,49.6137701246474,0,4.55541980011383,0,33.2538530826569,0,17.5661393057915,18.3173034191132,0
0,0,0,0,0,0,0,0,0,0,0,0,0,0,0,0,0,0,0,0,0,0,3.46468239525954,0,0,0,2.80781753857931,0,3.79282180468241,0,0,0,0,0,0,0,0,0,5.05272086461385,0,0,0,0,0,0,0,0,0,3.54589665514752,0,0,0,0,0,0,0,3.10971129584957,0,0,0,0,0,0,0,0,3.54648844401042,0,3.18930415312449,0,4.03041432220438,0,0,0,3.25877748330434,0,0,0,0,0,0,0,5.7370662269219,0,0,0,0,0
0,24.5823294321696,0,27.9744400087729,0,0,0,0,0,0,0,17.5927076816559,0,0,0,0,74.7261047363281,102.170478820801,29.3370767661503,7.9890718460083,0,13.2335367202759,0,0,0,0,0,0,0,5.84829377495263,0,0,0,0,0,79.6397945124929,118.280128479004,3.79633892499484,0,60.2177489144461,91.4901428222656,19.8906201252869,0,0,0,41.7983859327973,0,0,0,6.46733170100241,0,43.9964294433594,0,0,0,44.192569732666,0,6.30075842749881,0,0,0,0,21.0539209887936,0,0,0,0,0,0,0,4.13315083941475,0,0,0,0,0,0,0,55.1335079473483,123.827838897705,7.47017983352246,0,32.6326399445534,0,19.5543722156165,21.2616040422803,116.339942932129
0,0,30.2775307869425,0,42.6492328643799,0,0,0,0,0,5.41667808805193,0,0,0,0,0,76.9608917236328,0,35.4881723494757,0,38.5849914550781,0,0,0,0,0,0,0,3.52332796339403,0,5.21358535673971,0,0,0,0,0,73.5896422976539,0,5.59533362639578,0,62.3324489593506,0,10.8802494002552,0,0,0,30.3621559143066,0,3.88410558642411,0,43.6679856436593,0,0,0,41.2879165649414,0,5.64042163369667,0,0,0,0,0,0,17.1401503142587,0,0,0,0,0,0,0,3.25877748330434,0,0,0,0,0,0,0,49.8391514147742,0,6.96325760867603,36.2880899641249,0,8.85175534243987,0,16.9305690228939
0,0,0,0,0,0,0,0,0,0,0,0,0,0,0,0,0,0,0,0,0,0,0,0,0,0,0,0,0,0,0,10.2908755479081,0,7.09852009488825,0,5.87624641866045,0,0,0,0,0,45.4111518859863,0,0,0,0,0,5.78611340869978,12.1920471191406,0,0,0,0,0,0,0,0,0,0,0,0,0,42.7889080047607,0,0,0,0,0,0,0,0,0,0,0,0,17.5900102342878,8.51601501427176,0,13.5299229881825,0,73.9993286132812,0,5.64161917567253,0,0,0,0
0,0,0,0,0,0,0,0,0,0,0,0,0,0,0,0,0,0,0,0,0,0,0,0,0,0,0,0,0,0,0,0,7.36191159229258,0,13.4961893558502,0,22.6274818833917,0,0,0,0,0,0,0,0,0,40.7012062072754,5.27229682832973,5.9302521944046,15.8469987445407,0,0,0,0,0,0,0,0,0,0,0,0,0,0,0,0,0,0,0,0,0,0,0,0,17.5900102342878,0,0,5.52218771906732,0,7.75540337977074,0,0,7.72782596727697,0,32.3020162582397,0,0
0,0,0,0,0,0,0,0,0,0,0,0,0,0,0,0,0,0,0,0,0,0,0,0,0,0,0,0,0,0,0,14.73195540905,0,4.4036965006651,3.93994638803122,5.25252582453942,0,4.84405855495151,0,0,0,0,0,0,0,0,0,3.80511048834845,0,2.84126341342926,0,0,0,0,0,0,0,0,0,0,0,0,0,0,0,0,0,0,0,0,0,0,0,0,8.51601501427176,0,0,5.06292843818665,7.65992686504959,0,5.36053348143895,0,4.47772779288115,0,0,0,0
0,0,0,0,0,0,0,0,21.9986763000488,0,0,0,0,0,0,0,0,0,0,0,0,0,0,0,0,0,0,0,0,0,0,0,8.11826754499365,4.67865088089653,6.14623725012922,0,11.4040165125669,0,5.13067765921763,0,0,0,0,0,0,0,0,5.9563486081436,7.22172887325287,0,0,0,0,0,20.0164750417074,0,0,0,0,0,0,0,0,0,0,0,0,18.5325508117676,0,0,0,0,0,0,0,5.52218771906732,5.06292843818665,0,0,11.4630197346441,0,5.33233946388208,8.86216685948549,10.218091851189,13.1078044891357,0,0
0,37.0876782467491,0,31.0421629329186,0,15.5631625477861,0,0,0,0,0,8.43361759185791,0,0,0,0,76.3852180480957,85.8042989163785,47.017122603116,13.3067946347548,0,69.3160705566406,0,62.4244403839111,0,0,0,0,0,0,0,9.30730609746757,0,4.14708290781294,0,9.96883532640001,21.7091445366542,8.05601911901199,0,17.7230987847835,87.7831563949585,27.2940168545059,76.9044055938721,0,0,28.5319138301238,0,6.96570485668484,0,31.0994499433236,0,39.058903503418,0,0,0,39.1593882242839,90.2153472900391,42.13423495175,0,0,0,0,16.401630895731,0,0,0,0,0,49.8390579223633,0,49.6137701246474,0,55.1335079473483,0,13.5299229881825,0,7.65992686504959,0,0,65.9566826290555,14.7257535665682,0,17.1209586625087,3.38923453029833,29.5947986538423,38.1714828229257,76.7080847422282
47.1156968336839,0,39.0758247375488,0,39.7165810845115,0,0,0,0,0,4.98008342291179,0,0,0,0,0,79.9179386297862,82.0994809124921,47.3405432943005,0,5.65295652854137,0,0,0,0,0,0,0,0,0,0,0,3.00068402290344,0,5.55007795798473,3.98635099274772,9.6576276249778,0,7.30059934733723,91.6522248586019,42.3022045506542,78.3632491616642,28.7727292776432,0,0,0,21.4816558327473,6.57205163927182,8.88603237554201,23.7230644226074,46.8778802431547,0,0,0,50.4525527954102,83.409797668457,43.2098604809154,0,0,0,0,0,97.2909456888835,16.9901897071766,0,0,0,0,0,0,0,0,123.827838897705,49.8391514147742,0,7.75540337977074,0,11.4630197346441,65.9566826290555,0,0,7.16934311519276,16.8490785360787,0,29.5907845873838,72.8047283172607,36.91617219216
0,28.0692916597639,0,31.2978220451169,0,0,0,0,0,10.4859531325894,0,13.9648557305336,0,0,0,0,107.225366592407,83.4442672729492,34.1067833848052,7.90374990989422,0,6.02253487692155,0,5.2894238151353,0,0,0,4.27400291883029,0,4.79811581969261,0,0,0,5.43957285918007,0,11.9200651932322,0,5.52580512643381,3.56929665141635,59.952218736921,0,23.4323578206649,28.1748793919881,0,0,16.931716750872,0,9.52713596507123,0,6.62846986028448,0,0,0,0,0,8.38120110388155,0,18.8600639969338,0,0,0,0,18.3288939072296,0,8.17209464700146,0,5.90226820086439,0,0,0,4.55541980011383,0,7.47017983352246,0,73.9993286132812,0,5.36053348143895,0,14.7257535665682,0,0,0,11.7652480260763,0,14.283075684238,22.217341135133,62.5447463989258
0,0,34.6742108662923,0,42.7147979736328,0,0,0,7.21152239154886,0,4.57065286394209,0,0,0,0,0,0,0,38.7941493988037,0,14.6900309599363,0,4.69667537933172,0,6.46176517451251,0,0,0,4.68220234358752,0,3.25868930043401,0,0,0,5.92045065634292,0,6.35667961677619,7.30431718508402,4.95855360419803,0,0,0,14.9674982157621,0,0,0,14.8602588587794,10.4943390205776,6.49732996705514,0,45.1465187072754,0,0,0,8.24645400583074,0,26.4652652740479,0,0,0,0,0,0,17.2964813490591,0,6.24248854606605,0,7.50928617721679,0,0,0,5.7370662269219,0,6.96325760867603,0,0,0,5.33233946388208,0,7.16934311519276,0,0,9.29440852180942,12.295908610026,9.79916218987533,0,0
7.29477777542212,6.20620558447051,11.2276912309708,14.7332229418053,22.1188293278217,10.2259657634816,2.73238348960876,2.79708564281464,8.51011395698939,5.50422575140689,4.2634345293045,3.5087558110555,0,2.88312318541787,5.38652066251833,3.05120460510254,15.7122568464957,16.4433649754138,14.8232553750875,5.28643721071157,4.14910542222606,3.78808961958146,4.04197321306257,4.52481294870377,7.29491902096002,2.92960032245569,7.84541355936151,2.84912088755015,3.67623156767625,0,2.96029376983643,4.28568507495679,3.8281505864058,2.95080316066742,3.92787359820472,5.96855874416215,8.36549438358812,4.25025662724697,5.50016337845607,43.5920884268624,46.8867803414663,14.3889207371959,14.6462560989257,0,0,51.711066025954,40.9894749641418,7.28165448750125,12.2634395436237,10.5474563673943,14.0783811929275,11.7916827313602,2.87343087949251,2.88348909219106,24.5796730084853,11.4619310874844,26.1260226020107,8.6940514453127,2.74473881721497,3.79750271465467,4.44174671173096,6.38774725107046,20.4587916325009,30.146545351179,4.34316403815087,7.32244038581848,5.63400526340602,4.7930070908515,3.15323054293791,2.89654629370746,33.2538530826569,0,32.6326399445534,36.2880899641249,5.64161917567253,7.72782596727697,4.47772779288115,8.86216685948549,17.1209586625087,16.8490785360787,11.7652480260763,9.29440852180942,0,4.42456360385237,17.8990569690788,17.1107102758588,25.4993906277048
0,0,42.7712631225586,0,0,4.19609566610687,0,0,0,5.212521182898,0,0,0,2.90701504676573,0,2.7780077457428,6.47939883028902,5.77144808560633,17.7408284187317,0,0,3.28977074161653,3.38674902915955,0,0,0,0,0,3.58417701721191,0,0,0,0,2.73165655136108,0,2.93108013181975,4.39887223327369,2.79273438453674,10.208968111963,0,0,68.8156661987305,12.0091909995446,0,0,0,0,9.38287506103516,11.5682194666429,0,0,0,0,0,0,11.546591758728,0,0,0,2.88104645411173,0,0,0,0,0,0,0,0,0,0,0,0,0,0,0,0,0,10.218091851189,3.38923453029833,0,0,12.295908610026,4.42456360385237,0,22.5877323150635,0,0
