0,0,0.185472039239747,0,0.237886741757393,0,0,0,0.24599380735038,0,0,0,0,0,0,0,0,0,0,0,0,0,0,0,0,0,0.146233201026917,0,0,0,0,0,0,0,0,0,0,0,0,0,0,0,0.218761775642633,0,0,0,0,0.287109017372131,0.183165714144707,0,0,0,0,0,0.236466811568129,0,0,0,0,0,0,0,0,0,0,0,0,0,0,0,0,0,0,0,0,0,0,0,0,0,0,0,0.204337332736362,0,0.177155763078272,0,0
0,0,0,0.16690041036299,0,0,0,0,0,0.214781152160187,0,0,0,0,0,0,0,0,0,0,0,0,0,0,0,0,0,0,0,0,0,0,0,0,0,0,0,0,0,0,0,0.174955524880477,0,0,0,0,0,0,0,0.096667904406786,0,0,0,0,0,0.23161600034821,0,0,0,0,0,0.241755034435879,0,0,0,0,0,0,0,0,0,0,0,0,0,0,0,0,0,0,0,0,0.173495355382483,0,0.144653492084905,0,0
0.185472039239747,0,0,0,0,0,0,0,0,0,0,0,0,0,0,0,0,0,0,0,0,0,0,0,0,0,0,0,0,0,0,0,0,0,0,0,0.289552861452103,0,0,0,0,0,0.259870789945126,0,0,0,0.15052352183395,0.297172844409943,0.182033542762784,0,0,0,0,0,0,0,0.248443697507565,0,0,0,0,0,0,0,0,0,0,0,0,0,0,0,0,0.273004764318466,0,0,0,0,0,0,0,0,0.145992779606626,0,0.149134099362013,0,0.239099904894829
0,0.16690041036299,0,0,0,0.206580811829278,0,0,0,0.166659274083727,0,0.281306236982346,0,0,0,0,0,0,0.262678116559982,0.13465984724462,0,0,0,0,0,0,0,0,0,0,0,0,0,0,0,0,0.308587958415349,0,0,0.269081763350047,0.242714740335941,0.255586106499488,0,0,0,0.212628244994635,0,0.281888403571569,0.302742764353752,0.187500893024568,0,0.222679625487044,0,0,0,0.20137690504392,0,0.254566418627898,0,0,0,0,0.145093022422357,0,0,0,0,0,0,0,0,0,0.285166550148912,0,0,0,0.282459825277328,0,0.250119531660208,0.33317306637764,0.304072078317404,0,0.178379955491231,0.111397106614378,0.227183003480045,0.238207722703616,0
0.237886741757393,0,0,0,0,0,0,0,0.214422612264752,0,0,0,0,0,0,0,0,0,0,0,0.225743822371348,0,0,0,0,0,0,0,0,0,0,0,0,0,0,0,0.211494743441924,0,0,0,0.224164802581072,0,0.241805419325829,0,0,0,0.243930330920604,0.2125633507967,0.252983968219031,0,0.227134854851903,0,0.145864650607109,0,0.198489598929882,0,0,0,0,0,0,0,0,0.26111067828927,0,0,0,0,0,0,0,0,0,0,0,0,0,0,0,0.249975390200104,0,0,0.186220983584081,0,0.22442060622365,0,0
0,0,0,0.206580811829278,0,0,0,0.1926342655957,0,0.199838945051519,0,0,0,0,0,0,0.248741447925568,0.237067744135857,0.246025294065475,0.126908545581143,0,0,0,0,0,0,0,0,0,0,0,0,0,0,0,0,0,0,0,0.236444583535194,0.252408854663372,0.222622881333033,0,0,0,0.191480899443392,0,0.259587292228976,0.24109873175621,0.254879410293969,0,0.197201326456984,0,0.201812474113522,0,0,0,0.235284934441249,0,0.261186152696609,0,0,0.162412602769641,0,0,0,0,0,0,0,0,0,0.250858409064157,0,0,0,0,0,0.224465523488246,0.283891350030899,0.28055332104365,0,0.193179652815865,0,0.193757407894891,0,0
0,0,0,0,0,0,0,0,0,0,0,0,0,0,0,0,0,0,0,0,0,0,0,0,0,0,0,0,0,0,0,0,0,0,0,0,0,0,0,0,0,0,0,0,0,0,0,0,0,0,0,0,0.163483206121411,0,0,0,0.166355183720589,0,0,0,0,0,0,0,0,0,0,0,0,0,0,0,0,0,0,0,0,0,0,0,0,0,0.185041196368359,0,0,0,0
0,0,0,0,0,0.1926342655957,0,0,0,0,0,0.172812309861183,0,0.207761004567146,0,0,0,0,0,0,0,0,0,0,0,0,0,0,0,0,0,0,0,0,0,0,0,0,0,0,0,0,0,0,0,0,0,0,0,0,0,0,0,0.172547158043263,0,0,0,0.196157368746671,0,0.20106219988785,0,0,0,0,0,0,0,0,0,0,0,0,0,0,0,0,0,0,0,0,0,0,0.186076045864158,0,0,0,0
0.24599380735038,0,0,0,0.214422612264752,0,0,0,0,0,0,0,0,0,0.181268870830536,0,0.170503158148722,0.168178984304754,0.21202818180124,0,0,0,0,0.144730339447657,0.166239354098311,0,0.154356883875295,0,0,0,0,0,0,0,0,0,0,0,0.264421707764708,0,0,0,0,0,0,0,0,0,0,0,0,0,0,0,0.167044635912911,0,0,0,0,0,0,0,0,0,0,0,0,0.161883453910167,0,0,0,0,0,0,0,0,0,0,0,0,0,0.283783692445151,0.18607092227866,0,0.181296508200467,0.210189625620842,0
0,0.214781152160187,0,0.166659274083727,0,0.199838945051519,0,0,0,0,0,0,0,0,0.15405610203743,0.200753994678196,0.175986669957638,0.202789015227403,0.211493626236916,0,0,0.145915932953358,0,0.172038815369209,0,0.170129135251045,0,0,0,0,0,0,0,0,0,0,0,0.276954202444264,0,0.254101395606995,0.244803309440613,0.203439852053469,0,0,0,0.230523487925529,0,0.260956507176161,0.263065189123154,0.327695697546005,0,0,0,0,0,0.241173771524146,0,0.20883321762085,0,0,0,0.244531572361787,0,0,0,0,0.167396129419406,0,0,0,0,0,0.24938307205836,0,0,0,0,0,0.241688960364887,0.228599563241005,0.251590405647852,0.257722129424413,0.204799345361464,0.274772990171028,0.248139288276434,0,0
0,0,0,0,0,0,0,0,0,0,0,0,0.179873431722323,0,0,0,0,0,0,0,0.170767762279384,0,0,0,0,0,0,0,0,0,0.144225822554694,0,0,0,0,0,0,0,0.150511327864868,0,0,0,0,0,0,0,0.295179806649685,0,0.281913369894028,0,0,0,0.171664809710101,0,0,0,0.177459114723373,0,0,0,0,0,0,0.236106661600726,0,0,0,0,0,0,0,0,0,0.148390418568323,0,0,0,0,0,0.245287825663884,0,0.142992627024651,0.171103512956983,0,0.350749120116234,0,0
0,0,0,0.281306236982346,0,0,0,0.172812309861183,0,0,0,0,0,0.182277647619271,0,0,0,0,0.323076143860817,0.197543984065898,0,0,0,0,0,0,0,0,0,0.160927181965426,0,0,0,0,0,0.143519413295635,0,0.146849141328023,0,0.336768537759781,0,0,0,0.423991560935974,0,0.309327175219854,0,0,0,0,0,0.248285566767057,0,0.240494283469948,0,0,0,0.221115704392274,0,0,0,0,0.187047750578014,0,0,0,0,0,0,0,0,0,0.261489244290145,0,0,0,0,0,0.154445575639721,0,0.142976301289144,0,0.166326766687688,0,0.329750294486682,0.432242959737778,0
0,0,0,0,0,0,0,0,0,0,0.179873431722323,0,0,0,0.153079051170906,0,0,0,0,0,0,0,0,0,0,0,0,0,0,0,0,0,0,0,0,0,0,0,0,0,0,0,0,0,0,0,0,0,0,0,0,0,0,0,0,0,0,0,0.128468934446573,0,0.139998242259026,0,0,0,0,0,0,0,0,0,0,0,0,0,0,0,0,0,0,0,0,0,0.292525068886818,0.292933166027069,0,0,0
0,0,0,0,0,0,0,0.207761004567146,0,0,0,0.182277647619271,0,0,0,0.158351063728333,0,0,0,0,0,0,0,0,0,0.161497675710254,0,0.18235128512606,0,0,0,0,0,0,0,0,0,0,0,0,0,0,0,0,0,0,0,0,0,0,0,0.226371213793755,0,0,0,0,0,0.178904467054985,0,0.186261145494602,0,0.157877452098406,0,0,0,0,0,0,0.160729522506396,0,0.179074376821518,0,0,0,0,0,0,0,0,0,0,0,0.171729322345484,0.152051177620888,0,0,0
0,0,0,0,0,0,0,0,0.181268870830536,0.15405610203743,0,0,0.153079051170906,0,0,0,0.148865125120379,0.182229339012078,0.177485408527511,0,0,0,0,0.131352990865707,0.143526239934805,0,0.137549150448579,0,0.149670800992421,0,0,0,0,0,0,0,0,0,0,0,0.254582285881042,0,0,0,0,0,0,0,0,0,0,0,0,0,0.15200120707353,0,0,0,0.141587544977665,0,0.200556818109292,0,0,0,0,0,0,0.150310957661042,0,0.122055903077126,0,0,0,0,0,0,0,0,0,0,0,0,0.156621843625773,0,0,0,0
0,0,0,0,0,0,0,0,0,0.200753994678196,0,0,0,0.158351063728333,0,0,0.142496421933174,0.14979862045158,0,0,0,0.145434071620305,0,0.158259065998228,0,0.147852769990762,0,0,0,0,0,0,0,0,0,0,0,0,0,0,0,0,0,0,0,0,0,0,0,0,0,0,0,0,0,0.178803054898074,0,0,0,0,0,0.24383546563331,0,0,0,0,0.156159202257792,0,0,0,0,0,0,0,0,0,0,0,0,0,0,0,0.154163163687502,0,0,0,0
0,0,0,0,0,0.248741447925568,0,0,0.170503158148722,0.175986669957638,0,0,0,0,0.148865125120379,0.142496421933174,0,0.200524334075208,0.262186897773846,0.294574081897736,0,0,0.166848775676706,0.171606880119618,0.152343379455817,0.132811941206455,0.130334272200467,0,0,0,0,0,0,0,0,0,0.25359729429086,0,0,0.294919354654849,0.298084987721581,0.262839025602891,0.266444672910583,0.340103421892439,0.361974318822225,0.296397462487221,0.268203213810921,0.272663615643978,0.266139417886734,0.269234076142311,0,0,0,0,0.178061333795389,0.178478747606277,0.308377322554588,0.278186649084091,0,0,0.108351789414883,0,0,0.292952540245923,0,0.133537630605347,0.15173408814839,0.128736443033344,0,0.128817192145756,0,0,0.300937700271606,0.320024405690757,0,0,0,0,0.333441593823419,0.313479770577884,0.315205939114094,0.312583907255197,0.204511131776057,0.202053598981155,0.307912486601383,0.264909641817212,0.2688719753812
0,0,0,0,0,0.237067744135857,0,0,0.168178984304754,0.202789015227403,0,0,0,0,0.182229339012078,0.14979862045158,0.200524334075208,0,0.255288239153302,0.276740252971649,0,0.142941378423072,0,0.154457455025665,0.192193435771125,0.137048294176074,0.17082905633883,0.119229865538609,0,0,0,0,0,0,0,0,0,0,0,0.281965164965346,0.307466617911249,0.252744596193333,0.278574325993091,0.326320111751556,0.298182085156441,0.279380747841464,0.240152485668659,0,0.282305777072906,0.255655032396317,0,0,0,0,0,0.177675760605118,0.340711106856664,0.287322968244553,0,0,0,0,0,0.301985555461475,0.135582215256161,0,0.150723821297288,0.286674857139587,0.139615784066596,0,0,0,0.329730078577995,0.325374617524769,0,0,0,0,0.302609257941428,0.340000058702204,0.328929306222842,0.316797934613138,0.200406766133436,0.175105342434512,0.300491450198235,0.257994647820791,0.261081166565418
0,0,0,0.262678116559982,0,0.246025294065475,0,0,0.21202818180124,0.211493626236916,0,0.323076143860817,0,0,0.177485408527511,0,0.262186897773846,0.255288239153302,0,0.244295069326957,0,0,0,0.15995263935704,0.181591797333497,0,0.150282698869705,0,0,0,0,0,0,0,0,0,0.249560758471489,0.264147639274597,0,0.27186009625047,0.29753629428645,0.212897655343742,0.24002104764369,0.349349046075666,0.397842291231249,0.277999144952212,0.249022196357449,0.238036750844031,0.24698536417314,0.245356793825825,0,0.28910705447197,0,0,0.133777558803558,0.236090749502182,0.30694417640106,0.303977663147038,0,0,0,0,0.257029347949558,0.29167186211456,0,0,0.208978856603305,0.159753233194351,0,0,0,0,0.319592572608084,0.322494331141555,0,0,0.27001878619194,0,0.309862100407396,0.331505901463563,0.342209246184421,0.314036799365472,0.21651361859464,0.209879611219679,0.311124797567834,0.231969945892996,0.246620025793347
0,0,0,0.13465984724462,0,0.126908545581143,0,0,0,0,0,0.197543984065898,0,0,0,0,0.294574081897736,0.276740252971649,0.244295069326957,0,0,0,0,0,0,0,0,0,0,0,0,0,0,0,0,0.140647525073222,0.273038949817419,0.206062920829829,0,0.270561871969182,0,0.264070528395036,0.220804333686829,0,0,0.215924406012931,0,0.275275441239009,0.297919414937496,0.269830394864082,0,0,0,0,0,0,0,0.329710226540172,0,0,0,0,0.218242872678724,0,0,0,0,0,0,0,0,0,0.349830860102719,0,0,0,0.320193356275558,0,0.212388276190523,0.286105424165726,0.213985414124648,0.292662590742111,0.177857095641749,0,0.210351342367458,0.236310891807079,0
0,0,0,0,0.225743822371348,0,0,0,0,0,0.170767762279384,0,0,0,0,0,0,0,0,0,0,0,0,0,0,0,0,0,0,0,0,0,0,0,0,0,0.146431497264191,0,0.138881296117221,0,0.257360652089119,0,0.250914085656404,0,0,0,0.234479309192726,0,0.255869381807067,0,0,0,0,0,0,0,0.354761635682669,0,0,0,0,0,0,0.264385154106042,0,0,0,0,0,0,0,0,0,0.393271895555349,0,0,0,0,0,0.224017476634337,0,0.263701047925722,0.157434276434091,0,0.273510615030924,0,0
0,0,0,0,0,0,0,0,0,0.145915932953358,0,0,0,0,0,0.145434071620305,0,0.142941378423072,0,0,0,0,0.106848773855199,0.15665117293478,0,0.127044716477394,0,0.151918066033851,0,0,0,0,0,0.462340742349625,0.401089516282082,0,0,0.253039176637928,0.256236485165098,0,0,0.304865121841431,0.395725354552269,0,0,0,0,0.47225158494346,0.451534781191084,0.280857043850953,0,0,0,0,0,0,0,0,0,0,0,0,0,0,0.180356596044339,0.14147673631759,0.166844321398048,0,0.137560862633917,0,0.15326745742932,0,0,0,0,0,0,0.371591821312904,0,0,0.301435019606831,0.457780429295131,0.144404310891844,0.180221026026925,0.383745863630965,0,0
0,0,0,0,0,0,0,0,0,0,0,0,0,0,0,0,0.166848775676706,0,0,0,0,0.106848773855199,0,0,0.168490200212529,0,0.151497952531289,0,0.188684612512589,0,0,0,0,0.514266437292099,0.489451289176941,0,0,0.55276358127594,0.222721426450569,0,0,0.39426726102829,0,0,0,0,0,0.527615747849147,0.261100593751127,0.478880971670151,0,0,0,0,0,0,0,0,0,0,0,0,0,0,0.13097091621541,0.18407163789354,0,0.163441739621617,0,0.1489017692705,0,0.13785975134891,0,0,0,0,0.469626188278198,0,0,0,0.500163376331329,0.183579267948183,0.151767969557217,0.153585574641002,0.379377019405365,0,0
0,0,0,0,0,0,0,0,0.144730339447657,0.172038815369209,0,0,0,0,0.131352990865707,0.158259065998228,0.171606880119618,0.154457455025665,0.15995263935704,0,0,0.15665117293478,0,0,0.143013045191765,0.138382925799018,0,0,0,0,0,0,0,0,0.477034226059914,0,0,0.283233648906736,0.51660543680191,0.272220924496651,0,0,0.210276633501053,0,0,0,0,0.458458668655819,0.45490550994873,0.308473149343476,0,0,0,0,0,0.200920114293694,0,0,0,0,0,0,0,0,0.230667267758877,0,0.170202190682643,0,0.148281142115593,0,0,0,0,0,0,0,0,0,0,0.285823538899422,0.253230501646581,0.495953947305679,0.161887572512524,0,0.387385534388678,0,0
0,0,0,0,0,0,0,0,0.166239354098311,0,0,0,0,0,0.143526239934805,0,0.152343379455817,0.192193435771125,0.181591797333497,0,0,0,0.168490200212529,0.143013045191765,0,0,0.135840315212551,0,0,0,0,0,0,0,0,0,0,0,0.176613143083222,0,0,0,0,0,0,0,0,0,0.290111814367815,0,0,0,0,0,0.163923078414166,0,0,0,0,0,0,0,0,0,0,0.291244523561731,0,0.166277646905886,0,0.172124313811461,0,0,0,0,0,0,0,0,0,0,0,0.223481462909541,0.154218697990261,0,0.287719422043898,0,0
0,0,0,0,0,0,0,0,0,0.170129135251045,0,0,0,0.161497675710254,0,0.147852769990762,0.132811941206455,0.137048294176074,0,0,0,0.127044716477394,0,0.138382925799018,0,0,0,0.151489865169468,0,0,0,0,0,0,0,0,0,0,0,0,0,0,0,0,0,0,0,0,0,0,0,0,0,0,0,0,0,0,0,0,0,0,0,0,0.127266600728035,0,0.144041291251779,0,0.174229237650122,0,0.150134868135578,0,0,0,0,0,0,0,0,0.243633329868317,0,0,0.125219307662052,0,0,0,0
0.146233201026917,0,0,0,0,0,0,0,0.154356883875295,0,0,0,0,0,0.137549150448579,0,0.130334272200467,0.17082905633883,0.150282698869705,0,0,0,0.151497952531289,0,0.135840315212551,0,0,0,0.145367930714901,0,0,0,0,0,0,0,0,0,0,0,0.259250283241272,0,0,0,0,0,0,0,0,0,0,0,0,0,0.153621111626494,0,0,0,0,0,0.118572250939906,0,0,0,0,0,0,0.159815941143919,0,0.121204078031911,0,0,0,0,0,0,0,0,0,0,0,0.286629736423492,0.157247441239876,0,0,0,0
0,0,0,0,0,0,0,0,0,0,0,0,0,0.18235128512606,0,0,0,0.119229865538609,0,0,0,0.151918066033851,0,0,0,0.151489865169468,0,0,0,0.169016528263021,0,0,0,0,0,0,0,0.166398552060127,0,0,0,0,0,0,0,0,0,0,0,0,0,0,0,0,0,0,0,0,0,0.181912395358086,0,0,0,0,0.164341609151858,0,0,0,0.16945495548655,0,0.173870090764575,0,0.185690528117352,0,0,0,0,0,0,0,0.182465715536938,0,0.168898565135896,0,0,0,0
0,0,0,0,0,0,0,0,0,0,0,0,0,0,0.149670800992421,0,0,0,0,0,0,0,0.188684612512589,0,0,0,0.145367930714901,0,0,0,0,0,0,0,0,0,0,0,0.163193747401237,0,0,0,0,0,0,0,0,0,0,0,0,0,0,0,0,0,0,0,0,0,0,0,0,0,0,0,0,0,0,0.147528760489963,0,0.157079533883259,0,0,0,0,0,0,0,0,0,0.158696135878563,0,0,0,0,0
0,0,0,0,0,0,0,0,0,0,0,0.160927181965426,0,0,0,0,0,0,0,0,0,0,0,0,0,0,0,0.169016528263021,0,0,0,0,0,0,0,0,0,0.177517689043476,0,0,0,0,0,0,0,0,0,0,0,0,0,0,0,0,0,0,0,0,0,0,0,0,0,0,0,0,0,0,0,0,0.170439718656563,0,0.192831740233322,0,0,0,0,0,0,0,0.189901666373114,0,0.161029816383407,0,0,0,0
0,0,0,0,0,0,0,0,0,0,0.144225822554694,0,0,0,0,0,0,0,0,0,0,0,0,0,0,0,0,0,0,0,0,0,0,0,0,0,0,0,0.147953280492833,0,0,0,0,0,0,0,0,0,0,0,0,0,0,0,0,0,0.160973397135003,0,0,0,0,0,0,0,0,0,0,0,0,0,0,0,0,0.163255307463836,0,0,0,0,0,0,0,0.162139612215537,0.150809824466705,0,0,0,0
0,0,0,0,0,0,0,0,0,0,0,0,0,0,0,0,0,0,0,0,0,0,0,0,0,0,0,0,0,0,0,0,0.323115040487295,0.287461936473846,0.511591331412395,0.220391395124229,0.140986462413776,0,0,0.280667297542095,0,0,0,0,0,0,0,0.47653432609076,0.272388197481632,0.46568712964654,0,0,0,0,0,0,0,0,0,0,0,0,0,0,0,0,0,0,0,0,0,0,0,0,0.298270117259664,0.345394395138711,0.269168920814991,0.192341614514589,0.274122542624051,0.369678892195225,0,0,0.287116560577383,0,0,0,0
0,0,0,0,0,0,0,0,0,0,0,0,0,0,0,0,0,0,0,0,0,0,0,0,0,0,0,0,0,0,0,0.323115040487295,0,0.312265133156496,0.267446554677431,0.112487483769655,0.191333103567193,0,0,0,0,0,0,0,0,0,0,0.361839862294355,0,0,0,0,0,0,0,0,0,0,0,0,0,0,0,0,0,0,0,0,0,0,0,0,0,0,0.306900032674349,0.42004035301629,0.398358725011349,0.308724320770518,0.545870363712311,0.295116468773457,0,0,0.205431168731173,0,0,0,0
0,0,0,0,0,0,0,0,0,0,0,0,0,0,0,0,0,0,0,0,0,0.462340742349625,0.514266437292099,0,0,0,0,0,0,0,0,0.287461936473846,0.312265133156496,0,0.406879611029961,0.173246373863597,0.255108676850796,0.575778223781122,0.538272512837862,0,0,0,0.373047063748042,0,0,0.378803372383118,0,0.56118588162169,0.515652967616916,0.46585595252317,0,0,0,0,0,0,0,0,0,0,0,0,0,0,0.425545553366343,0,0,0,0,0,0,0,0,0,0.333039748849291,0.19650399684906,0.324694094376171,0.329744906681269,0.228809222816787,0,0.498778887675936,0.540886250138283,0.487822822348868,0.381311878561974,0.579331074991534,0,0
0,0,0,0,0,0,0,0,0,0,0,0,0,0,0,0,0,0,0,0,0,0.401089516282082,0.489451289176941,0.477034226059914,0,0,0,0,0,0,0,0.511591331412395,0.267446554677431,0.406879611029961,0,0,0.177970705578333,0.43136602640152,0.529020183103185,0,0,0.340652465820312,0.356337647546421,0,0,0,0,0.494370563644106,0.363532987126412,0.409664489794523,0,0,0,0,0,0,0,0,0,0,0,0,0,0,0.421150033672651,0,0.400863409042358,0,0,0,0,0,0,0,0.528410900249539,0.463024526302304,0.378717343782461,0.431330638660999,0,0.216720393589346,0.482214705423176,0.539267027050584,0.413968595474016,0.371233761310577,0.4624655883191,0,0
0,0,0,0,0,0,0,0,0,0,0,0.143519413295635,0,0,0,0,0,0,0,0.140647525073222,0,0,0,0,0,0,0,0,0,0,0,0.220391395124229,0.112487483769655,0.173246373863597,0,0,0.142012305838882,0.200284742585278,0.135069936513901,0.270222806117751,0.240293577313423,0,0,0,0,0,0,0.304845259933875,0.287789478898048,0.437535311494555,0,0,0,0,0,0,0,0.179731677330676,0,0,0,0,0.16877865583204,0,0,0,0,0,0,0,0,0,0,0,0.205684885382652,0,0.198406644165516,0,0.206936103932942,0.172756727412343,0.253935128205054,0,0.188316700062609,0.202328247001691,0.248859758178393,0,0
0,0,0.289552861452103,0.308587958415349,0.211494743441924,0,0,0,0,0,0,0,0,0,0,0,0.25359729429086,0,0.249560758471489,0.273038949817419,0.146431497264191,0,0,0,0,0,0,0,0,0,0,0.140986462413776,0.191333103567193,0.255108676850796,0.177970705578333,0.142012305838882,0,0.134290138880412,0.189945925997826,0.268533869356406,0.283835188020021,0.283083190691882,0.304639321565628,0,0,0.318989202942488,0.268397430018071,0.257297160181527,0.262413194502033,0.280745743421847,0.23969633380572,0,0,0,0,0,0.31266513466835,0.312777365247409,0,0,0,0,0.229038044810295,0.185116496977505,0,0,0,0,0,0,0,0,0.353915025790532,0.34631959438324,0.220310091972351,0.235874476071525,0.177544550349315,0.28821195044445,0.173406825087872,0.209215553292254,0.359286226332188,0.241941212146094,0.182411500096963,0.159766629422627,0.278405951486296,0.24921740591526,0.329880790577994
0,0,0,0,0,0,0,0,0,0.276954202444264,0,0.146849141328023,0,0,0,0,0,0,0.264147639274597,0.206062920829829,0,0.253039176637928,0.55276358127594,0.283233648906736,0,0,0,0.166398552060127,0,0.177517689043476,0,0,0,0.575778223781122,0.43136602640152,0.200284742585278,0.134290138880412,0,0.396150586778855,0,0,0.33863303810358,0.372844453901052,0.397441744804382,0,0.319436576217413,0,0.653129199842314,0.459073885928753,0.326110556071862,0,0,0,0,0,0.330174468805135,0,0.178852002602071,0,0,0,0,0.197061038546024,0,0.299826869150003,0,0.347270687341125,0,0,0,0,0,0.183768627047539,0,0,0,0.148527950048447,0.416036835738591,0.210203478576014,0,0.247691385326339,0.496000307085721,0.181257746456496,0.163656258090079,0.457374964392584,0,0
0,0,0,0,0,0,0,0,0.264421707764708,0,0.150511327864868,0,0,0,0,0,0,0,0,0,0.138881296117221,0.256236485165098,0.222721426450569,0.51660543680191,0.176613143083222,0,0,0,0.163193747401237,0,0.147953280492833,0,0,0.538272512837862,0.529020183103185,0.135069936513901,0.189945925997826,0.396150586778855,0,0,0,0.354823010809281,0,0,0,0,0,0.67996220551388,0.358388819289769,0.477583387534912,0,0,0,0,0.283005128047247,0,0.169545004765193,0,0,0,0,0,0,0.149791204155638,0.498360912714686,0.311562491838548,0.500373013317585,0.274963377551599,0,0,0,0,0,0.162771910429001,0,0,0.501059938754354,0.216730012595654,0,0.192438715178034,0.316580886906907,0.236084635395512,0.179867344418911,0.162399301847293,0.466303658286362,0,0
0,0,0,0.269081763350047,0,0.236444583535194,0,0,0,0.254101395606995,0,0.336768537759781,0,0,0,0,0.294919354654849,0.281965164965346,0.27186009625047,0.270561871969182,0,0,0,0.272220924496651,0,0,0,0,0,0,0,0.280667297542095,0,0,0,0.270222806117751,0.268533869356406,0,0,0,0.303291315888311,0.271642974222319,0.265090580781301,0.438524613689099,0,0.259488308178816,0.270618248730898,0.279455639292139,0.262933118247438,0.268093430918604,0,0,0,0,0,0,0.281006462872028,0.299754037306859,0,0,0,0,0.244499262366722,0.305521941184998,0,0,0,0,0,0,0,0,0.312700858712196,0.314786162815596,0,0,0,0,0.273659520716617,0.326875052225273,0.302181492639838,0.328838255008062,0.272612140461327,0.235373064875603,0.280062111496555,0.276877410966775,0.285380098968744
0,0,0,0.242714740335941,0.224164802581072,0.252408854663372,0,0,0,0.244803309440613,0,0,0,0,0.254582285881042,0,0.298084987721581,0.307466617911249,0.29753629428645,0,0.257360652089119,0,0,0,0,0,0.259250283241272,0,0,0,0,0,0,0,0,0.240293577313423,0.283835188020021,0,0,0.303291315888311,0,0.263234981894493,0.272362239409338,0,0.288236994273174,0.302814883904325,0.214407591969817,0.193083241049732,0.23506549102641,0.249761602282524,0.274960398674011,0,0,0,0,0,0.302855186337648,0.290293504794439,0,0,0,0,0.325425058603287,0.241545214241254,0,0,0,0,0,0,0,0,0.31936400277274,0.293775006528669,0,0,0,0,0.332160393325545,0.276321973941035,0.348734708393321,0.328045242118611,0.286543511500066,0.260952264070511,0.31823847494567,0.276671117002314,0.223895333175148
0,0.174955524880477,0,0.255586106499488,0,0.222622881333033,0,0,0,0.203439852053469,0,0,0,0,0,0,0.262839025602891,0.252744596193333,0.212897655343742,0.264070528395036,0,0.304865121841431,0.39426726102829,0,0,0,0,0,0,0,0,0,0,0,0.340652465820312,0,0.283083190691882,0.33863303810358,0.354823010809281,0.271642974222319,0.263234981894493,0,0.225434305065352,0.317063093833301,0,0.287540373633582,0,0.265482209144108,0.326307242470128,0.249724130247049,0,0.239259615540504,0,0,0,0,0.245494645088911,0.337192545226331,0,0,0,0,0.342391316579584,0.292836318413417,0.28678697347641,0,0.35304781794548,0,0,0,0,0,0.329965833421858,0.293213859200478,0,0,0.313276333468301,0,0.279014801555995,0.292023670726589,0.319055343434067,0.287903684191406,0.227361678411119,0,0.280695386271407,0.234674664835135,0.208973616361618
0.218761775642633,0,0.259870789945126,0,0.241805419325829,0,0,0,0,0,0,0,0,0,0,0,0.266444672910583,0.278574325993091,0.24002104764369,0.220804333686829,0.250914085656404,0.395725354552269,0,0.210276633501053,0,0,0,0,0,0,0,0,0,0.373047063748042,0.356337647546421,0,0.304639321565628,0.372844453901052,0,0.265090580781301,0.272362239409338,0.225434305065352,0,0,0.232925922388122,0.256797153502703,0.278916535112593,0.248388771287457,0.244243702413919,0.33759810357559,0.257096610135502,0,0,0,0,0,0.292727397891593,0.292663484811783,0,0,0,0,0.2536381483078,0.322138852416775,0.311819761991501,0,0.343885958194733,0,0,0,0,0,0.308065615594387,0.28402469990179,0,0,0.392670214176178,0.284164756536484,0.301650376923113,0.275260025953204,0.346008730431398,0.277756145309071,0.222673198600583,0.234778311103582,0.270367919735652,0.20694982757171,0.237067167773133
0,0,0,0,0,0,0,0,0,0,0,0.423991560935974,0,0,0,0,0.340103421892439,0.326320111751556,0.349349046075666,0,0,0,0,0,0,0,0,0,0,0,0,0,0,0,0,0,0,0.397441744804382,0,0.438524613689099,0,0.317063093833301,0,0,0,0.416861325502396,0,0,0,0,0,0,0,0,0,0,0,0.390949454445105,0,0,0,0,0.435419986645381,0,0,0,0,0,0,0,0,0,0.412422337898841,0,0,0,0,0,0.474086495996253,0.409461418787638,0.512247917988828,0.447392463684082,0.316856908798218,0,0.443013333232331,0.347157523036003,0
0,0,0,0,0,0,0,0,0,0,0,0,0,0,0,0,0.361974318822225,0.298182085156441,0.397842291231249,0,0,0,0,0,0,0,0,0,0,0,0,0,0,0,0,0,0,0,0,0,0.288236994273174,0,0.232925922388122,0,0,0,0.24925264219443,0,0.224273219704628,0,0,0,0,0,0,0,0.379312702351146,0,0,0,0,0,0,0.267553314566612,0,0,0,0,0,0,0,0,0,0.422984170062201,0,0,0,0,0.331013182799021,0.362317067948548,0,0.467608131669663,0.308787426352501,0,0.306249444035516,0,0.296196808417638
0,0,0,0.212628244994635,0,0.191480899443392,0,0,0,0.230523487925529,0,0.309327175219854,0,0,0,0,0.296397462487221,0.279380747841464,0.277999144952212,0.215924406012931,0,0,0,0,0,0,0,0,0,0,0,0,0,0.378803372383118,0,0,0.318989202942488,0.319436576217413,0,0.259488308178816,0.302814883904325,0.287540373633582,0.256797153502703,0.416861325502396,0,0,0.279701819022497,0.269533932592188,0.280541854103406,0.25432141553312,0,0.211276106536388,0,0,0,0,0,0.305993289674644,0,0,0,0,0.239764615539287,0.296789616346359,0,0,0,0,0,0,0,0,0.340327705232889,0.354359716176987,0,0,0.346923489123583,0,0.241690898527632,0.324279321526939,0.353447054313029,0.316017633676529,0.29829986553107,0,0.245473526908325,0.288248903552691,0
0,0,0.15052352183395,0,0.243930330920604,0,0,0,0,0,0.295179806649685,0,0,0,0,0,0.268203213810921,0.240152485668659,0.249022196357449,0,0.234479309192726,0,0,0,0,0,0,0,0,0,0,0,0,0,0,0,0.268397430018071,0,0,0.270618248730898,0.214407591969817,0,0.278916535112593,0,0.24925264219443,0.279701819022497,0,0.232863361015916,0.226682217662684,0.181860148906708,0.230989483743906,0,0,0,0,0,0.262906041468533,0,0,0,0,0,0,0.262733918225433,0,0,0,0,0,0,0,0,0,0.269592121698971,0,0,0,0,0.291364066302776,0.235076784100676,0,0.250541815445537,0.302519688840772,0,0.235062806558868,0,0.279827881943096
0.287109017372131,0,0.297172844409943,0.281888403571569,0.2125633507967,0.259587292228976,0,0,0,0.260956507176161,0,0,0,0,0,0,0.272663615643978,0,0.238036750844031,0.275275441239009,0,0.47225158494346,0.527615747849147,0.458458668655819,0,0,0,0,0,0,0,0.47653432609076,0.361839862294355,0.56118588162169,0.494370563644106,0.304845259933875,0.257297160181527,0.653129199842314,0.67996220551388,0.279455639292139,0.193083241049732,0.265482209144108,0.248388771287457,0,0,0.269533932592188,0.232863361015916,0,0.308949896289411,0.363339524254574,0.256326079368591,0,0,0,0.431630820035934,0,0.287461280822754,0.282999659803781,0,0,0,0,0.27622585524531,0.22122207398598,0.449500823250184,0.507965137561162,0.488005077838898,0,0.464142888784409,0,0,0,0.301974616731916,0.277696371078491,0.522865885638905,0.378345800546002,0.423564671574465,0.393424402367318,0.351271571828316,0.345696701401683,0.50706932071799,0.569823105838236,0.319160564523562,0,0.433567934704048,0.263312481343746,0.250423572129673
0.183165714144707,0,0.182033542762784,0.302742764353752,0.252983968219031,0.24109873175621,0,0,0,0.263065189123154,0.281913369894028,0,0,0,0,0,0.266139417886734,0.282305777072906,0.24698536417314,0.297919414937496,0.255869381807067,0.451534781191084,0.261100593751127,0.45490550994873,0.290111814367815,0,0,0,0,0,0,0.272388197481632,0,0.515652967616916,0.363532987126412,0.287789478898048,0.262413194502033,0.459073885928753,0.358388819289769,0.262933118247438,0.23506549102641,0.326307242470128,0.244243702413919,0,0.224273219704628,0.280541854103406,0.226682217662684,0.308949896289411,0,0.33226860886213,0.263218874931335,0,0,0,0,0,0.27490348831333,0.287382900714874,0,0,0,0,0.283339619636536,0.260583786599672,0.459234096787193,0.289008878627602,0.502719759941101,0.289482106055532,0,0.1924640820785,0,0.218668097216222,0.320096611976624,0.271272982523013,0,0,0.42217795898517,0.268821858163376,0.305640253333413,0.252729844985479,0.453478578214694,0.253643585967829,0.267981235073543,0,0.306920037232479,0,0.265686436778023
0,0.096667904406786,0,0.187500893024568,0,0.254879410293969,0,0,0,0.327695697546005,0,0,0,0,0,0,0.269234076142311,0.255655032396317,0.245356793825825,0.269830394864082,0,0.280857043850953,0.478880971670151,0.308473149343476,0,0,0,0,0,0,0,0.46568712964654,0,0.46585595252317,0.409664489794523,0.437535311494555,0.280745743421847,0.326110556071862,0.477583387534912,0.268093430918604,0.249761602282524,0.249724130247049,0.33759810357559,0,0,0.25432141553312,0.181860148906708,0.363339524254574,0.33226860886213,0,0,0.258041441440582,0,0,0,0.37659028172493,0.242186039686203,0.24559939456257,0,0.206223418315252,0,0,0.260065688483127,0.186751991510391,0.26879331781625,0.512837499380112,0.346894794882372,0,0.244318298498789,0,0.212716834899647,0,0.260246463025673,0.275200545787811,0.460555097886494,0,0.449746716169663,0.396918380770702,0.329274916491964,0.294402223494318,0.284080579645711,0.452555234503487,0.311541798041902,0,0.29459135310155,0.278188556432724,0.325267277657986
0,0,0,0,0.227134854851903,0,0,0,0,0,0,0,0,0,0,0,0,0,0,0,0,0,0,0,0,0,0,0,0,0,0,0,0,0,0,0,0.23969633380572,0,0,0,0.274960398674011,0,0.257096610135502,0,0,0,0.230989483743906,0.256326079368591,0.263218874931335,0,0,0,0,0,0,0,0,0,0.235252838920463,0,0.217931028207143,0,0,0.264205054892588,0,0,0,0,0,0,0,0,0,0.30737093091011,0,0,0,0,0,0.277363166213036,0,0,0.27820078531901,0,0.234600610403351,0,0
0,0,0,0.222679625487044,0,0.197201326456984,0,0,0,0,0,0.248285566767057,0,0.226371213793755,0,0,0,0,0.28910705447197,0,0,0,0,0,0,0,0,0,0,0,0,0,0,0,0,0,0,0,0,0,0,0.239259615540504,0,0,0,0.211276106536388,0,0,0,0.258041441440582,0,0,0,0,0,0,0,0.221363365650177,0,0,0,0.204695370048285,0,0,0,0,0,0,0,0,0,0,0,0,0,0,0,0,0.236078178882599,0,0,0,0.187862855195999,0,0.228881832474554,0,0
0,0,0,0,0.145864650607109,0,0.163483206121411,0,0,0,0.171664809710101,0,0,0,0,0,0,0,0,0,0,0,0,0,0,0,0,0,0,0,0,0,0,0,0,0,0,0,0,0,0,0,0,0,0,0,0,0,0,0,0,0,0,0,0,0,0.158107375105222,0,0,0,0,0,0,0,0,0,0,0,0,0,0,0,0,0,0,0,0,0,0,0,0,0,0,0,0,0,0
0,0,0,0,0,0.201812474113522,0,0.172547158043263,0,0,0,0.240494283469948,0,0,0,0,0,0,0,0,0,0,0,0,0,0,0,0,0,0,0,0,0,0,0,0,0,0,0,0,0,0,0,0,0,0,0,0,0,0,0,0,0,0,0,0,0,0.239940518429759,0,0.214307579804551,0,0,0,0,0,0,0,0,0,0,0,0,0,0,0,0,0,0,0,0,0,0,0.2015370875597,0,0,0,0
0.236466811568129,0,0,0,0.198489598929882,0,0,0,0.167044635912911,0,0,0,0,0,0.15200120707353,0,0.178061333795389,0,0.133777558803558,0,0,0,0,0,0.163923078414166,0,0.153621111626494,0,0,0,0,0,0,0,0,0,0,0,0.283005128047247,0,0,0,0,0,0,0,0,0.431630820035934,0,0,0,0,0,0,0,0,0,0,0,0,0,0,0,0,0,0,0,0.175927625596523,0,0,0,0,0,0,0,0,0,0,0,0,0,0.265926645020318,0.15979187164841,0,0.217630830407143,0,0
0,0.23161600034821,0,0.20137690504392,0,0,0,0,0,0.241173771524146,0,0,0,0,0,0.178803054898074,0.178478747606277,0.177675760605118,0.236090749502182,0,0,0,0,0.200920114293694,0,0,0,0,0,0,0,0,0,0,0,0,0,0.330174468805135,0,0,0,0,0,0,0,0,0,0,0,0.37659028172493,0,0,0,0,0,0,0,0,0,0,0,0.234746614920682,0,0,0,0,0.246303072997502,0,0,0,0,0,0,0,0,0,0,0,0,0,0.293310422284466,0,0.164195913003712,0,0.338676209251086,0,0
0,0,0.248443697507565,0,0,0,0.166355183720589,0,0,0,0.177459114723373,0,0,0,0,0,0.308377322554588,0.340711106856664,0.30694417640106,0,0.354761635682669,0,0,0,0,0,0,0,0,0,0.160973397135003,0,0,0,0,0,0.31266513466835,0,0.169545004765193,0.281006462872028,0.302855186337648,0.245494645088911,0.292727397891593,0,0.379312702351146,0,0.262906041468533,0.287461280822754,0.27490348831333,0.242186039686203,0,0,0.158107375105222,0,0,0,0,0,0,0,0,0,0,0.296599784777278,0,0,0,0,0,0,0,0,0,0.29743379265578,0,0,0,0,0.322981990196488,0.260197375600155,0.329610526561737,0.312934439915877,0.193848892946595,0,0.28766442319135,0.23144443333149,0.31309320500084
0,0,0,0.254566418627898,0,0.235284934441249,0,0.196157368746671,0,0.20883321762085,0,0.221115704392274,0,0.178904467054985,0,0,0.278186649084091,0.287322968244553,0.303977663147038,0.329710226540172,0,0,0,0,0,0,0,0,0,0,0,0,0,0,0,0.179731677330676,0.312777365247409,0.178852002602071,0,0.299754037306859,0.290293504794439,0.337192545226331,0.292663484811783,0.390949454445105,0,0.305993289674644,0,0.282999659803781,0.287382900714874,0.24559939456257,0,0.221363365650177,0,0.239940518429759,0,0,0,0,0,0.192934997818049,0,0,0.31061321625491,0,0,0,0,0,0,0,0,0,0.319248699853497,0.298195391893387,0,0,0.33160725235939,0,0.262726094377668,0.33197171241045,0.191743721755651,0.313187132279078,0.230619892477989,0,0.295595343514718,0.366316519000313,0
0,0,0,0,0,0,0,0,0,0,0,0,0.128468934446573,0,0.141587544977665,0,0,0,0,0,0,0,0,0,0,0,0,0,0,0,0,0,0,0,0,0,0,0,0,0,0,0,0,0,0,0,0,0,0,0,0.235252838920463,0,0,0,0,0,0,0,0,0,0.209829034549849,0,0,0,0,0,0,0,0,0,0,0,0,0,0,0,0,0,0,0,0,0,0,0,0,0,0
0,0,0,0,0,0.261186152696609,0,0.20106219988785,0,0,0,0,0,0.186261145494602,0,0,0,0,0,0,0,0,0,0,0,0,0,0.181912395358086,0,0,0,0,0,0,0,0,0,0,0,0,0,0,0,0,0,0,0,0,0,0.206223418315252,0,0,0,0.214307579804551,0,0,0,0.192934997818049,0,0,0,0,0,0,0,0,0,0,0,0,0,0,0,0,0,0,0,0,0,0,0,0,0.186213717857997,0.167321145534515,0,0,0
0,0,0,0,0,0,0,0,0,0,0,0,0.139998242259026,0,0.200556818109292,0,0.108351789414883,0,0,0,0,0,0,0,0,0,0.118572250939906,0,0,0,0,0,0,0,0,0,0,0,0,0,0,0,0,0,0,0,0,0,0,0,0.217931028207143,0,0,0,0,0,0,0,0.209829034549849,0,0,0,0,0,0,0,0,0,0,0.121290765602041,0,0,0,0,0,0,0,0,0,0,0,0,0.154249139130116,0,0,0,0
0,0.241755034435879,0,0,0,0,0,0,0,0.244531572361787,0,0,0,0.157877452098406,0,0.24383546563331,0,0,0,0,0,0,0,0,0,0,0,0,0,0,0,0,0,0,0,0,0,0,0,0,0,0,0,0,0,0,0,0,0,0,0,0.204695370048285,0,0,0,0.234746614920682,0,0,0,0,0,0,0,0,0,0,0.22366020328378,0,0,0,0,0,0,0,0,0,0,0,0,0,0,0,0.231803808361292,0.321918666362762,0.232147071724651,0,0
0,0,0,0.145093022422357,0,0.162412602769641,0,0,0,0,0,0.187047750578014,0,0,0,0,0,0,0.257029347949558,0.218242872678724,0,0,0,0,0,0,0,0,0,0,0,0,0,0,0,0.16877865583204,0.229038044810295,0.197061038546024,0,0.244499262366722,0.325425058603287,0.342391316579584,0.2536381483078,0.435419986645381,0,0.239764615539287,0,0.27622585524531,0.283339619636536,0.260065688483127,0,0,0,0,0,0,0,0.31061321625491,0,0,0,0,0,0,0,0,0,0,0,0,0,0,0.355877001523972,0.26933953166008,0,0,0.343116154273351,0,0.265158391488848,0,0.321938549767539,0,0.162641224544797,0,0.282281101443996,0.289602319399516,0
0,0,0,0,0.26111067828927,0,0,0,0,0,0.236106661600726,0,0,0,0,0,0.292952540245923,0.301985555461475,0.29167186211456,0,0.264385154106042,0,0,0,0,0,0,0,0,0,0,0,0,0,0,0,0.185116496977505,0,0.149791204155638,0.305521941184998,0.241545214241254,0.292836318413417,0.322138852416775,0,0.267553314566612,0.296789616346359,0.262733918225433,0.22122207398598,0.260583786599672,0.186751991510391,0.264205054892588,0,0,0,0,0,0.296599784777278,0,0,0,0,0,0,0,0,0,0,0,0,0,0,0,0,0.350645838067395,0,0,0,0,0.328510711590449,0.264697727611203,0,0.297531227154288,0.20585593059659,0,0.300539743079968,0,0.301899787783623
0,0,0,0,0,0,0,0,0,0,0,0,0,0,0,0,0,0.135582215256161,0,0,0,0.180356596044339,0.13097091621541,0.230667267758877,0,0.127266600728035,0,0.164341609151858,0,0,0,0,0,0.425545553366343,0.421150033672651,0,0,0.299826869150003,0.498360912714686,0,0,0.28678697347641,0.311819761991501,0,0,0,0,0.449500823250184,0.459234096787193,0.26879331781625,0,0,0,0,0,0,0,0,0,0,0,0,0,0,0,0.48842753469944,0.23761760784047,0,0,0,0.155229425430298,0,0,0,0,0,0,0.403329908847809,0,0,0.345730038160502,0.459721192717552,0.154657128488734,0.184071090817451,0.379128855608758,0,0
0,0,0,0,0,0,0,0,0,0,0,0,0,0,0,0,0.133537630605347,0,0,0,0,0.14147673631759,0.18407163789354,0,0.291244523561731,0,0,0,0,0,0,0,0,0,0,0,0,0,0.311562491838548,0,0,0,0,0,0,0,0,0.507965137561162,0.289008878627602,0.512837499380112,0,0,0,0,0,0,0,0,0,0,0,0,0,0,0.48842753469944,0,0,0.219001002383955,0,0,0,0,0,0,0,0,0,0,0,0,0.518840928872426,0.305330555496568,0.151119149604933,0.124482851889398,0.388745536406835,0,0
0,0,0,0,0,0,0,0,0,0.167396129419406,0,0,0,0,0,0.156159202257792,0.15173408814839,0.150723821297288,0.208978856603305,0,0,0.166844321398048,0,0.170202190682643,0,0.144041291251779,0,0,0,0,0,0,0,0,0.400863409042358,0,0,0.347270687341125,0.500373013317585,0,0,0.35304781794548,0.343885958194733,0,0,0,0,0.488005077838898,0.502719759941101,0.346894794882372,0,0,0,0,0,0.246303072997502,0,0,0,0,0,0.22366020328378,0,0,0.23761760784047,0,0,0,0.208938121728075,0,0.220645059709964,0,0,0,0,0,0,0,0,0,0.25328854340466,0.542774081230164,0.157752178015962,0,0.409694360067815,0,0
0,0,0,0,0,0,0,0,0.161883453910167,0,0,0,0,0,0.150310957661042,0,0.128736443033344,0.286674857139587,0.159753233194351,0,0,0,0.163441739621617,0,0.166277646905886,0,0.159815941143919,0,0,0,0,0,0,0,0,0,0,0,0.274963377551599,0,0,0,0,0,0,0,0,0,0.289482106055532,0,0,0,0,0,0.175927625596523,0,0,0,0,0,0,0,0,0,0,0.219001002383955,0,0,0,0.176546116929688,0,0,0,0,0,0,0,0,0,0,0,0.268141256558463,0.148317015152189,0,0.300577789545059,0,0
0,0,0,0,0,0,0,0,0,0,0,0,0,0.160729522506396,0,0,0,0.139615784066596,0,0,0,0.137560862633917,0,0.148281142115593,0,0.174229237650122,0,0.16945495548655,0,0,0,0,0,0,0,0,0,0,0,0,0,0,0,0,0,0,0,0.464142888784409,0,0.244318298498789,0,0,0,0,0,0,0,0,0,0,0,0,0,0,0,0,0.208938121728075,0,0,0,0.215727971799402,0,0,0,0,0,0,0,0,0,0,0,0.155667766928673,0.162165290117264,0.212194158577583,0,0
0,0,0,0,0,0,0,0,0,0,0,0,0,0,0.122055903077126,0,0.128817192145756,0,0,0,0,0,0.1489017692705,0,0.172124313811461,0,0.121204078031911,0,0.147528760489963,0,0,0,0,0,0,0,0,0,0,0,0,0,0,0,0,0,0,0,0.1924640820785,0,0,0,0,0,0,0,0,0,0,0,0.121290765602041,0,0,0,0,0,0,0.176546116929688,0,0,0,0,0,0,0,0,0,0,0,0,0,0,0.157307512979758,0,0.206158385265107,0,0
0,0,0,0,0,0,0,0,0,0,0,0,0,0.179074376821518,0,0,0,0,0,0,0,0.15326745742932,0,0,0,0.150134868135578,0,0.173870090764575,0,0.170439718656563,0,0,0,0,0,0,0,0,0,0,0,0,0,0,0,0,0,0,0,0.212716834899647,0,0,0,0,0,0,0,0,0,0,0,0,0,0,0.155229425430298,0,0.220645059709964,0,0.215727971799402,0,0,0,0.231240447709958,0,0,0,0,0,0,0,0.185192919981021,0,0.170997533397225,0.233173191547394,0,0,0
0,0,0,0,0,0,0,0,0,0,0,0,0,0,0,0,0,0,0,0,0,0,0.13785975134891,0,0,0,0,0,0.157079533883259,0,0,0,0,0,0,0,0,0,0,0,0,0,0,0,0,0,0,0,0.218668097216222,0,0,0,0,0,0,0,0,0,0,0,0,0,0,0,0,0,0,0,0,0,0,0,0,0,0,0,0,0,0,0,0,0,0,0,0,0,0
0,0,0,0.285166550148912,0,0.250858409064157,0,0,0,0.24938307205836,0,0.261489244290145,0,0,0,0,0.300937700271606,0.329730078577995,0.319592572608084,0.349830860102719,0,0,0,0,0,0,0,0.185690528117352,0,0.192831740233322,0,0,0,0,0,0,0.353915025790532,0.183768627047539,0,0.312700858712196,0.31936400277274,0.329965833421858,0.308065615594387,0.412422337898841,0,0.340327705232889,0,0.301974616731916,0.320096611976624,0.260246463025673,0,0,0,0,0,0,0,0.319248699853497,0,0,0,0,0.355877001523972,0,0,0,0,0,0,0,0.231240447709958,0,0,0.310265645384789,0,0,0,0,0.330123124965306,0.322179299592972,0.253277736640132,0.309158047040304,0.196356165373037,0,0.328220434888332,0.374900120717508,0
0,0,0.273004764318466,0,0,0,0,0,0,0,0.148390418568323,0,0,0,0,0,0.320024405690757,0.325374617524769,0.322494331141555,0,0.393271895555349,0,0,0,0,0,0,0,0,0,0.163255307463836,0,0,0,0,0,0.34631959438324,0,0.162771910429001,0.314786162815596,0.293775006528669,0.293213859200478,0.28402469990179,0,0.422984170062201,0.354359716176987,0.269592121698971,0.277696371078491,0.271272982523013,0.275200545787811,0.30737093091011,0,0,0,0,0,0.29743379265578,0.298195391893387,0,0,0,0,0.26933953166008,0.350645838067395,0,0,0,0,0,0,0,0,0.310265645384789,0,0,0,0,0,0.332238141228171,0.288238709526403,0.316443759202957,0.284603841671156,0.325831288784187,0.368416458368301,0.312810939127659,0.275387311975161,0.337327928878635
0,0,0,0,0,0,0,0,0,0,0,0,0,0,0,0,0,0,0,0,0,0,0,0,0,0,0,0,0,0,0,0.298270117259664,0.306900032674349,0.333039748849291,0.528410900249539,0.205684885382652,0.220310091972351,0,0,0,0,0,0,0,0,0,0,0.522865885638905,0,0.460555097886494,0,0,0,0,0,0,0,0,0,0,0,0,0,0,0,0,0,0,0,0,0,0,0,0,0,0.336036487394258,0.224253482525311,0.243058082461357,0.357277639669265,0.282817786931992,0,0,0.354007275832956,0,0,0,0
0,0,0,0,0,0,0,0,0,0,0,0,0,0,0,0,0,0,0,0,0,0,0,0,0,0,0,0,0,0,0,0.345394395138711,0.42004035301629,0.19650399684906,0.463024526302304,0,0.235874476071525,0,0,0,0,0,0,0,0,0,0,0.378345800546002,0,0,0,0,0,0,0,0,0,0,0,0,0,0,0,0,0,0,0,0,0,0,0,0,0,0,0.336036487394258,0,0.234879888594151,0.289804531437046,0.252119988203049,0.355563598164057,0,0,0.464000038504601,0,0,0,0
0,0,0,0.282459825277328,0,0,0,0,0,0,0,0,0,0,0,0,0,0,0.27001878619194,0.320193356275558,0,0,0.469626188278198,0,0,0,0,0,0,0,0,0.269168920814991,0.398358725011349,0.324694094376171,0.378717343782461,0.198406644165516,0.177544550349315,0.148527950048447,0.501059938754354,0,0,0.313276333468301,0.392670214176178,0,0,0.346923489123583,0,0.423564671574465,0.42217795898517,0.449746716169663,0,0,0,0,0,0,0,0.33160725235939,0,0,0,0,0.343116154273351,0,0,0,0,0,0,0,0,0,0,0,0.224253482525311,0.234879888594151,0,0.359545823814341,0.241265437115104,0,0.260129453320252,0.478775011409413,0.444267242958157,0,0.403502670494286,0,0
