0,0,14.1924026608467,0,0,0,0,0,71.3692905604839,0,0,0,0,0,0,0,3.52154351770878,0.95739421248436,151.917818278074,0,0,2.44173789024353,0,0,0,0,0,0,0,0,0,0,0,0,0,0,0.141914412379265,0,0,0,9.87685906887054,0,30.0444438308477,0,0.181477352976799,0,0,0,12.6745295524597,0,0,0,0,0,223.029324650764,0,5.94015164673328,0,0,0,65.8782215714455,0,0,0.187317952513695,0,0,0,2.29858380556107,0,0,0,0,0,7.83526691794395,0,0,0,0,0,52.4546017572284,0,7.46386118233204,72.8947144597769,0,183.868526533246,0,0.23290379345417
0,0,0,0.875118732452393,0,0,0,0,0,307.705457568169,0,0,0,0,0,0,0,0,7.19766364991665,0,0,0,0,0,0,0,0,0,0,0,0,0,0,0,0,0,0,0,0,0,0,35.9627877473831,0,0,0,0,0,0,0,157.247149914503,0,0,0,0,0,179.303819358349,0,0.545359492301941,0,0,0,51.1165045201778,0,0,0,0,1.38624215126038,0,7.81070721149445,0,0,0,0,0,0,0,0,0,0.557104989886284,0,0,0,149.352853477001,0,258.087763786316,0,0
14.1924026608467,0,0,0,27.0283094644547,0,0,0,82.6176026463509,0,0.204336613416672,0,0,0,0,0,0,0,0.782336696982384,0,0.427448585629463,0,0,0,0,0,0,0,0,0,0,0,0,0,0,0,0.894080214202404,0,0,0,0,0,94.0311992764473,0,0,0,0,0,14.5231819748878,0,41.2462093234062,0,0,0,2,0,244.546323880553,0,10.9824388623238,0,0,0,0,2.37245160341263,0,0,0,0,0,0,0,0.753892421722412,0,82.9573662728071,0,0,0,0,0,0.353261202573776,0,11.0938909947872,58.408576503396,0.471765637397766,165.769715070724,0,14.5772976577282
0,0.875118732452393,0,0,0,16.1412216871977,0,0,0,133.572330594063,0,0,0,0,0,0,0,0,1.40682917833328,0,0,0,0,0,0,0,0,0,0,0,0,0,0,0,0,1.13004688918591,0,0,0,0.8794154971838,0,43.1335764527321,0,0,0,1.73931808769703,0,1.23972526192665,0,17.3139320760965,0,46.0618917644024,0,0,0,108.070685267448,0,255.816002935171,0,47.8788626939058,0,36.3002439439297,0.174162492156029,0,0,0,0,0,0,0,0,0,109.48840264231,0,0,0,0,0,66.6631979867816,0,12.4929045811296,0,40.2039833217859,0,320.158781021833,7.13771745562553,0
0,0,27.0283094644547,0,0,0,0,0,0,0,0,0,0,0,0,0,0,0,0,0,27.2452118098736,0,0,0,0,0,0,0,0,0,0,0,0,0,0,0,1.37944293022156,0,0,0,8.61226867139339,0,0,0,0,0,0,0,2.60277572274208,0,171.218113511801,0,0,0,0,0,19.0124016106129,0,0,0,0,0,0,2.04103520512581,0,0,0,0,0,0,0,0,0,4.81837826967239,0,0,0,0,0,0.424461290240288,0,0,37.5595521777868,8.33683896064758,188.271754190326,0,0
0,0,0,16.1412216871977,0,0,0,4.31748053431511,0,0,0,31.4851091504097,0,0,0,0,0,0,0,173.266953811049,0,0,0,0,0,0,0,0,0,0,0,0,0,0,0,0.255563676357269,0,0,0,0.459904760122299,0,0,0,0,0,9.7950251698494,0,2.51245159655809,0.162071153521538,9.60863817483187,0,150.631518438458,0,0.819300577044487,0,0,0,47.4133194237947,0,0,0,0,81.8468173742294,0,0,0,0,0,0,0,0,0,13.8579789549112,0,0,0,0,0,14.2272692173719,0,0,0,274.894367091358,127.968084454536,292.763324849308,0,0
0,0,0,0,0,0,0,0,0,0,0,0,0,0,0,0,0,0,0,0,0,0,0,0,0,0,0,0,0,0,0,0,0,0,0,0,0,0,0,0,0,0,0,0,0,0,0,0,0,0,0,0,2.31430172920227,0,0,0,0,0,0,0,0,0,0,0,0,0,0,0,0,0,0,0,0,0,0,0,0,0,0,0,0,0,0,0,0,0,0
0,0,0,0,0,4.31748053431511,0,0,0,0,0,102.225007072091,0,11.9033681154251,0,0,0,0,0,0,0,0,0,0,0,0,0,0,0,0,0,0,0,0,0,0,0,0,0,0,0,0,0,0,0,0,0,0,0,0,0,20.9979633837938,0,88.9455469101667,0,0,0,58.1305477023125,0,0,0,0,6.86151310801506,0,0,0,0,0,0,0,0,0,0,0,0,0,0,0,2.51618480682373,0,0,0,0,4.51691949367523,0,0,0
71.3692905604839,0,82.6176026463509,0,0,0,0,0,0,0,0,0,0,0,234.578039377928,0,0,0,0,0,0,0,0,0,7.67446824908257,0,0,0,0,0,0,0,0,0,0,0,0,0,151.902580097318,0,0,0,4.74185527861118,0,0,0,0,0,7.56625930964947,0,0,0,0,0,650.93950894475,0,0,0,0,0,284.315142795444,0,0,0,0,0,0,21.7444156706333,0,0,0,0,0,0,0,0,0,0,0,0,0,42.1300286203623,213.640806376934,0,282.537343740463,0,0
0,307.705457568169,0,133.572330594063,0,0,0,0,0,0,0,0,0,0,0,1,0,2.05162179470062,1.76135557889938,0,0,0,0,10.6826457381248,0,0,0,0,0,0,0,0,0,0.522217303514481,0,0,0,156.822694420815,0,0,0,45.5441155433655,0,0,0,0,0,0,0,34.3603439033031,0,0,0,0,0,458.027314454317,0,0,0,0,0,49.0515183806419,0,0,0,0,5.36202079057693,0,0,0,0,0,0,0,0,0,0.253040134906769,0,0,0,65.4860531389713,0,645.776112928987,104.685260117054,231.184430420399,1.92672151327133,0
0,0,0.204336613416672,0,0,0,0,0,0,0,0,0,355.235082685947,0,0,0,0,0,0,0,240.975498199463,0,0,0,0,0,0,0,0,0,7.15118679404259,0,0,0,0,0,37.6068946123123,0,824.56995216012,0,0,0,0,0,0,0,0,0,0,0,0,0,0,0,0,0,794.605634734035,0,232.81935018301,0,0,0,0,33.9088121205568,0,0,0,0,0,0,0,5.35312032699585,0,9.91388861835003,0,0,0,0,0,70.8166276216507,0,183.567495718598,25.8154609203339,0,0.859310030937195,0,0
0,0,0,0,0,31.4851091504097,0,102.225007072091,0,0,0,0,0,230.700199782848,0,0,0,0,0,146.805435240269,0,0,0,0,0,0,0,33.6218296289444,0,69.1262537539005,0,0,0,0,0,70.4704782813787,0,1216.29165275395,0,0,0,0,0,0,0,0,0,0,0,0,0,14.1775352805853,0,44.1289462596178,0,0,0,1018.87236320972,0,85.0985296964645,0,0,421.374466210604,0,0,0,0,0,0,0,0.93875652551651,0,105.548539251089,0,0,0,0,0,109.315521717072,0,786.672492593527,0,50.2571507692337,0,41.565643966198,0,0
0,0,0,0,0,0,0,0,0,0,355.235082685947,0,0,0,308.734358429909,0,0,0,0,0,0,0,0,0,0,0,17.7730966210365,0,18.4223709702492,0,0,0,0,0,0,0,0,0,0,0,0,0,0,0,0,0,0,0,0,0,0,0,0,0,0,0,41.144065618515,0,57.4640702605247,0,15.304407119751,0,0,0,0,0,0,0,0,0,0,2.99922943115234,0,0,0,0,0,0,0,0,0,0,56.2901545763016,59.9889568090439,0,0,0
0,0,0,0,0,0,0,11.9033681154251,0,0,0,230.700199782848,0,0,0,244.919994950294,0,0,0,0,0,0,0,0,0,10.5889865159988,0,15.8975094556808,0,0,0,0,0,0,0,0,0,0,0,0,0,0,0,0,0,0,0,0,0,0,0,0,0,0,0,0,0,249.974835395813,0,380.218259394169,0,89.2616325616837,0,0,0,0,0,0,0,0,8.83136081695557,0,0,0,0,0,0,0,0,0,0,0,5.64843261241913,157.621559262276,0,0,0
0,0,0,0,0,0,0,0,234.578039377928,0,0,0,308.734358429909,0,0,0,119.671244859695,3.4161328971386,0,0,0,0,0,0,0,0,15.1423250734806,0,129.182433456182,0,0,0,0,0,0,0,0,0,0,0,0,0,0,0,0,0,0,0,0,0,0,0,0,0,24.7966513633728,0,0,0,168.568956375122,0,58.5386381596327,0,0,0,0,0,0,0,0,0,0,0,0,0,0,0,0,0,0,0,0,0,582.388035163283,185.986326098442,0,0,0
0,0,0,0,0,0,0,0,0,1,0,0,0,244.919994950294,0,0,0.305554270744324,191.540586858988,0,0,0,0,0,0,0,2.82101818919182,0,24.2138962745667,0,0,0,0,0,0,0,0,0,0,0,0,0,0,0,0,0,0,0,0,0,0,0,0,0,0,0,121.256182074547,0,0,0,244.246321558952,0,194.834819376469,0,0,0,0,0,0,0,0,0,0,0,0,0,0,0,0,0,0,0,0,7.80585309863091,0,0,0,0
3.52154351770878,0,0,0,0,0,0,0,0,0,0,0,0,0,119.671244859695,0.305554270744324,0,12174.0042352676,3031.55864081532,0,0,80.9220540225506,380.660282194614,58.3114777207375,349.691491216421,35.5099986121058,444.310838982463,0,110.978766411543,0,0,0,0,0,0,1.85077659785748,0.279661312699318,0,2.11743235588074,19.4627812057734,16.2787336409092,26.0884422585368,85.5054968670011,7.32066345214844,22.2253581285477,0,35.3214710429311,0,0,0,0,0,0,0,0,0,2.11821708083153,0,0,0,30.1418418884277,0,19.7327305227518,7.80090057849884,1.78859251737595,2.59415769577026,1.36799263954163,4.71953895688057,22.2528276443481,44.8830959498882,0,0,0.246808782219887,1.23976504802704,0,0,0,0,96.416224502027,82.9768332913518,1.00727954506874,1.24589318037033,8061.92781289667,676.524154916406,95.2483843415976,1.52498544752598,14.7304164618254
0.95739421248436,0,0,0,0,0,0,0,0,2.05162179470062,0,0,0,0,3.4161328971386,191.540586858988,12174.0042352676,0,3192.78723080456,0,0,353.542148202658,42.2570921033621,89.9778575450182,48.2930845022202,454.472439020872,70.1817167550325,7.07827806472778,0,0,0,0,0,0,0,0,0,0,0,42.1038486137986,5.12453910708427,46.4833990857005,25.1558619663119,15.9155660197139,15.2858437001705,0,32.0681093707681,0,0,0,0,0,0,0,0,0,5.02273835241795,0,0,0,2.4091509282589,0.136094883084297,20.8265220746398,6.35556940734386,14.2984185069799,0,0,2.58758330345154,214.345622703433,13.0977271795273,0,0,2.22214224934578,3.89875884354115,0,0,0,0,95.99336656183,33.0020283386111,4.53026565909386,1.94468653202057,6596.3085245043,1821.40892450511,91.6444554999471,6.30209916830063,9.68195118010044
151.917818278074,7.19766364991665,0.782336696982384,1.40682917833328,0,0,0,0,0,1.76135557889938,0,0,0,0,0,0,3031.55864081532,3192.78723080456,0,0,0.65567672252655,4.5140001475811,1.31172037124634,3.5096201300621,9.66176335513592,3.31587968766689,6.89565646648407,0,0,0,0,0,0,0,0,16.2867833003402,7.65716178715229,0,0,619.515869617462,192.733883008361,806.59630510211,520.064031139016,160.633142232895,295.38500533998,0,719.903473436832,0,0,0,0,0,0,0,0,0,72.8258253410459,29.8503595143557,0,0,0,0,263.557346515357,135.958967857063,0.924439311027527,0,0,0.234136953949928,5.74828004837036,0.196821078658104,0,0,208.620368748903,70.0941264629364,0,0,0,0,1889.9157731384,1800.66875623912,92.1709217429161,61.5802477672696,3495.77191124111,4.55105547606945,2245.38626740873,142.73840855062,161.309860445559
0,0,0,0,0,173.266953811049,0,0,0,0,0,146.805435240269,0,0,0,0,0,0,0,0,0,0,0,0,0,0,0,0,0,0,0,0,0,0,0,1887.99722419679,0,143.085973858833,0,0,0,0,0,0,0,0,0,0,0,0,0,27.8710632026196,0,0,0,0,0,7.61052769422531,0,0,0,0,1232.64078812301,0,0,0,0,0,0,0,0,0,0,0,0,0,0,0,745.964414857328,0,46.3464607596397,0,78.1963557451963,15.5288209915161,218.161935076118,0,0
0,0,0.427448585629463,0,27.2452118098736,0,0,0,0,0,240.975498199463,0,0,0,0,0,0,0,0.65567672252655,0,0,0,0,0,0,0,0,0,0,0,0,0,0,0,0,0,1460.4645158276,0,146.998049691319,0,2.85864293575287,0,0,0,0,0,0,0,0.399075910449028,0,13.4386333525181,0,0,0,0,0,33.8616499006748,0,0,0,0,0,0,743.901904679835,0,0,0,0,0,0,0,0,0,0,0,0,0,0,0,1068.29411376268,0,49.1511374488473,111.242866635323,0,217.689365491271,0,0
2.44173789024353,0,0,0,0,0,0,0,0,0,0,0,0,0,0,0,80.9220540225506,353.542148202658,4.5140001475811,0,0,0,187.90671351552,146.769378885627,0,76.4627809822559,0,294.147938072681,0,0,0,0,0,0,0,0,0,1423.89513123035,118.676844641566,0,0,0,0,0,0,0,0,0,0,31.4952713549137,0,0,0,0,0,0,0,0,0,0,0,0,0,0,8590.22099967301,68.4903689622879,119.97583822906,0,142.142011135817,0,208.456473350525,0,0,0,0,0,0,0,0,0,502.117371886969,249.574974417686,1055.86818687618,500.155518651009,0,0,0
0,0,0,0,0,0,0,0,0,0,0,0,0,0,0,0,380.660282194614,42.2570921033621,1.31172037124634,0,0,187.90671351552,0,0,114.149541795254,0,42.1548646986485,0,113.71294426918,0,0,0,0,0,0,0,0,6.10818564891815,999.391740858555,0,0,0,0,0,0,0,0,0,247.830697774887,0,0,0,0,0,0,0,0,0,0,0,0,0,0,0,33.3103501796722,5277.56065802276,0,25.1606880426407,0,119.415715128183,0,26.7693163156509,0,0,0,0,0,0,4.09389638900757,1.35650289058685,0,396.645650535822,659.653980493546,180.73301358521,0.151266157627106,0,0
0,0,0,0,0,0,0,0,0,10.6826457381248,0,0,0,0,0,0,58.3114777207375,89.9778575450182,3.5096201300621,0,0,146.769378885627,0,0,0,77.140554189682,0,0,0,0,0,0,0,0,0,0,0,365.889225870371,0,0,0,0.643799275159836,0,0,0,0,0,0,0,25.4364729523659,0,0,0,0,0,63.6614471971989,0,0,0,0,0,0,0,0,189.373155266047,0,558.274620085955,0,0,0,0,0,0,0,0,0,0,0,0,0,129.008348748088,0,67.1716987937689,0,78.3735938668251,0,0
0,0,0,0,0,0,0,0,7.67446824908257,0,0,0,0,0,0,0,349.691491216421,48.2930845022202,9.66176335513592,0,0,0,114.149541795254,0,0,0,33.2043709754944,0,0,0,0,0,0,0,0,0,0,0,370.398459002376,0,0,1.09222662448883,1.48748517036438,0,0,0,0,0,8.50111651420593,0,0,0,0,0,29.5568166822195,0,0,0,0,0,0,0,0,0,0,10.38498878479,0,180.505276799202,0,128.437751024961,0,0,0,0,0,0,0,0,0,0,0,93.5964467823505,223.41971758008,0,37.7350858747959,0,0
0,0,0,0,0,0,0,0,0,0,0,0,0,10.5889865159988,0,2.82101818919182,35.5099986121058,454.472439020872,3.31587968766689,0,0,76.4627809822559,0,77.140554189682,0,0,0,501.772902727127,0,0,0,0,0,0,0,0,0,0,0,0,0,0,0,0,0,0,0,0,0,0,0,0,0,0,0,0,0,0,0,0,0,0,0,0,1.09679865837097,0,4.6813992857933,0,168.602821469307,0,41.5472522974014,0,0,0,0,0,0,0,0,0,0,0,149.08575476706,5.25706040859222,0,0,0
0,0,0,0,0,0,0,0,0,0,0,0,17.7730966210365,0,15.1423250734806,0,444.310838982463,70.1817167550325,6.89565646648407,0,0,0,42.1548646986485,0,33.2043709754944,0,0,0,102.864806443453,0,0,0,0,0,0,0,0,0,0,0,0,0,0.155657544732094,0,0,0,0.854618310928345,0,0,0,0,0,0,0,0,0,0,0,0,0,0,0,0,0,0,11.9927940815687,0,0,0,229.107018321753,0,0,0,0,0,0,0,0,0,0,0,0,163.659027725458,3.61980623006821,0,0,0
0,0,0,0,0,0,0,0,0,0,0,33.6218296289444,0,15.8975094556808,0,24.2138962745667,0,7.07827806472778,0,0,0,294.147938072681,0,0,0,501.772902727127,0,0,0,287.398915588856,0,0,0,0,0,0,0,8.83124613761902,0,0,0,0,0,0,0,0,0,0,0,0,0,0,0,0,0,0,0,54.1983517408371,0,25.3497406244278,0,0,0,0,0,0,0,0,42.6822607517242,0,817.210238732398,0,257.909481436014,0,0,0,0,0,0,0,9.73330715298653,0,44.7413799762726,128.647723436356,0,0,0
0,0,0,0,0,0,0,0,0,0,0,0,18.4223709702492,0,129.182433456182,0,110.978766411543,0,0,0,0,0,113.71294426918,0,0,0,102.864806443453,0,0,0,284.43769711256,0,0,0,0,0,0,0,5.53937816619873,0,0,0,0,0,0,0,0,0,0,0,0,0,0,0,0,0,0,0,0,0,39.0503995418549,0,0,0,0,0,0,0,0,7.60358476638794,0,211.388824462891,0,22.7888157367706,0,0,0,0,0,0,0,18.6046400219202,30.4028869569302,0,0,0,0
0,0,0,0,0,0,0,0,0,0,0,69.1262537539005,0,0,0,0,0,0,0,0,0,0,0,0,0,0,0,287.398915588856,0,0,0,0,0,0,0,0,0,295.806483745575,0,0,0,0,0,0,0,0,0,0,0,0,0,0,0,0,0,0,0,28.9874851405621,0,0,0,0,0,0,0,0,0,0,0,0,148.165915697813,0,533.63656450063,0,0,0,0,0,0,0,108.541020743549,0,0,0,0,0,0
0,0,0,0,0,0,0,0,0,0,7.15118679404259,0,0,0,0,0,0,0,0,0,0,0,0,0,0,0,0,0,284.43769711256,0,0,0,0,0,0,0,0,0,140.027278453112,0,0,0,0,0,0,0,0,0,0,0,0,0,0,0,0,0,2.58884364366531,0,20.3285474777222,0,0,0,0,0,0,0,0,0,0,0,0,67.5916178226471,0,142.514063775539,0,0,0,0,0,0,0,0.494876652956009,32.9337911605835,7.75597095489502,0,0,0
0,0,0,0,0,0,0,0,0,0,0,0,0,0,0,0,0,0,0,0,0,0,0,0,0,0,0,0,0,0,0,0,993.201129585505,17.2525837421417,0,550.775067701936,42.3682873249054,0,0,0,0,0,0,0,0,0,0,5088.53109331429,3.60371497273445,4.4429477751255,0,0,0,0,0,0,0,0,0,0,0,0,0,0,0,0,0,0,0,0,0,0,0,0,634.881421849132,234.476933062077,0.887171506881714,0,1897.07004524767,49.5162782669067,0,0,806.847696572542,0,0.235177010297775,0,0
0,0,0,0,0,0,0,0,0,0,0,0,0,0,0,0,0,0,0,0,0,0,0,0,0,0,0,0,0,0,0,993.201129585505,0,108.83567379415,20.405341103673,0,660.511560291052,0,0,0,0,0,0,0,0,0,0,754.934893071651,20.3086057901382,0,0,0,0,0,0,0,0,0,0,0,0,0,0,0,0,0,0,0,0,0,0,0,0,0,63.7127124965191,1500.37403978407,4.5681775957346,4.8543127477169,0,251.410537526011,0,0,63.3872155249119,0,0,0,0
0,0,0,0,0,0,0,0,0,0.522217303514481,0,0,0,0,0,0,0,0,0,0,0,0,0,0,0,0,0,0,0,0,0,17.2525837421417,108.83567379415,0,3796.46772445738,265.589438706636,0,323.770163714886,1,0,0,0,2.39078465104103,0,0,0.26753556728363,0,2049.98293448985,10.9596596062183,4.32514607906342,0,0,0,0,0,0,0,0,0,0,0,0,0,0,0,0,0,0,0,0,0,0,0,0,44.114129409194,111.806196406484,1351.62914733589,594.890750661492,272.934660077095,0,994.082061961293,1.61935353279114,61.6364928781986,2.29735779762268,10.5684740096331,0,0
0,0,0,0,0,0,0,0,0,0,0,0,0,0,0,0,0,0,0,0,0,0,0,0,0,0,0,0,0,0,0,0,20.405341103673,3796.46772445738,0,0,462.152683228254,8.19458794593811,540.725338354707,0,0,0,0,0,0,0,0,2499.80170500278,19.8917685747147,3.37149950861931,0,0,0,0,0,0,0,0,0,0,0,0,0,0,0,0,0,0,0,0,0,0,0,0,0,53.3988170474768,913.648230969906,1224.56241111457,0,241.13178461045,0,344.384874671698,90.6949499845505,0.984667062759399,0,0,0
0,0,0,1.13004688918591,0,0.255563676357269,0,0,0,0,0,70.4704782813787,0,0,0,0,1.85077659785748,0,16.2867833003402,1887.99722419679,0,0,0,0,0,0,0,0,0,0,0,550.775067701936,0,265.589438706636,0,0,1086.12562388182,3335.61994642764,14.664728730917,2.43191015720367,0,14.8770012557507,0,1.97256234288216,0,85.8644195348024,0,89.843212813139,9.84440234303474,42.9525672346354,0,0,0,0,0,0,0,2.03852710127831,0,0,0,0,682.915317706764,0,0,0,0,0,0,0,0,0,2.75570601224899,0,92.7858190536499,0,317.227455183864,0,14847.0210536942,503.937220066786,239.93016512692,0,1489.32665907592,17.6725278496742,472.633686415851,0.167815417051315,0
0.141914412379265,0,0.894080214202404,0,1.37944293022156,0,0,0,0,0,37.6068946123123,0,0,0,0,0,0.279661312699318,0,7.65716178715229,0,1460.4645158276,0,0,0,0,0,0,0,0,0,0,42.3682873249054,660.511560291052,0,462.152683228254,1086.12562388182,0,0,4084.45052205771,0,1.97498977184296,0,6.34370237588882,0,1.39187568426132,0,0.33300669491291,41.524300083518,66.5781399458647,2.68221424520016,1.80550996959209,0,0,0,0,0,103.821357578039,0,0,0,0,0,0,401.299167245626,0,0,0,0,0,0,0,0,0,9.80480521917343,14.587139070034,106.751747876406,0,432.254879355431,160.209141284227,11723.494089134,0,1237.91223339736,1261.26862794906,51.3367716223001,263.201132759452,0,0.605273693799973
0,0,0,0,0,0,0,0,0,156.822694420815,0,1216.29165275395,0,0,0,0,0,0,0,143.085973858833,0,1423.89513123035,6.10818564891815,365.889225870371,0,0,0,8.83124613761902,0,295.806483745575,0,0,0,323.770163714886,8.19458794593811,3335.61994642764,0,0,732.177839338779,0,0,1.19740876555443,0,0,0,0,0,162.676572158933,0,427.547327801585,0,0,0,0,0,49.0501933395863,0,262.722173646092,0,0,0,0,31.9988920167089,0,906.326369911432,0,417.233663618565,0,0,0,18.0473897457123,0,20.8509985506535,0,0,0,201.325633242726,279.673751294613,1262.27052050084,0,10813.2134698257,461.366819679737,867.560380578041,264.366236001253,310.057794123888,0,0
0,0,0,0,0,0,0,0,151.902580097318,0,824.56995216012,0,0,0,0,0,2.11743235588074,0,0,0,146.998049691319,118.676844641566,999.391740858555,0,370.398459002376,0,0,0,5.53937816619873,0,140.027278453112,0,0,1,540.725338354707,14.664728730917,4084.45052205771,732.177839338779,0,0,0,0,57.5889170467854,0,0,0,2.24865508079529,1550.42779397964,749.424063399434,0,0,0,0,0,207.026172697544,0,318.959376394749,0,0,0,0,0,0,150.290885038674,159.683638051152,381.628740996122,0,106.217616140842,0,0,0,2.59957858920097,0,144.573799967766,0,0,0,353.318448007107,0.195632070302963,534.911822490394,73.2134064286947,11921.2765910253,1365.98612110317,63.3218057155609,365.644527584314,0,0
0,0,0,0.8794154971838,0,0.459904760122299,0,0,0,0,0,0,0,0,0,0,19.4627812057734,42.1038486137986,619.515869617462,0,0,0,0,0,0,0,0,0,0,0,0,0,0,0,0,2.43191015720367,0,0,0,0,6.41715532541275,871.718144632876,0.286614537239075,62.7383915930986,0.149427175521851,1.06339827179909,1.77318382263184,66.5921604633331,0.457300782203674,71.1925405114889,0,0.243300810456276,0,0,0,0,3.44119691848755,0,0,0,0,0,77.4355655908585,0,0,0,0,0,0,0,0,0,7.18578690290451,0.225844338536263,0.397151827812195,0,0,0,231.589419089258,2.76989030838013,18.51570302248,0,142.978759042919,0.778517067432404,702.566885575652,86.4835188686848,0.238355696201324
9.87685906887054,0,0,0,8.61226867139339,0,0,0,0,0,0,0,0,0,0,0,16.2787336409092,5.12453910708427,192.733883008361,0,2.85864293575287,0,0,0,0,0,0,0,0,0,0,0,0,0,0,0,1.97498977184296,0,0,6.41715532541275,0,0.752296209335327,212.889923051,0,39.2812767773867,0,52.4570823609829,1.97759521007538,103.421557545662,0,0,0,0,0,0,0,10.3730269819498,0,0,0,0,0,0,69.3716711401939,0,0,0,0,0,0,0,0,0,3.83967292308807,0,0,0,0,0,359.161038056016,0,0,53.8653734177351,0,874.56261767447,0,106.367043375969
0,35.9627877473831,0,43.1335764527321,0,0,0,0,0,45.5441155433655,0,0,0,0,0,0,26.0884422585368,46.4833990857005,806.59630510211,0,0,0,0,0.643799275159836,1.09222662448883,0,0,0,0,0,0,0,0,0,0,14.8770012557507,0,1.19740876555443,0,871.718144632876,0.752296209335327,0,209.927090726793,53.8832890540361,0.396625846624374,5.28751896321774,0.706526026129723,24.7721800655127,3.72465865314007,291.880954682827,0,4.77462233603001,0,0,0,1.9050005376339,0.149673894047737,304.379832416773,0,2.62969712913036,0,1.01810683310032,392.302722878754,0,0,0,0,0,0,0,0,0,457.822775319219,0,0,0,0,0,1251.20144624263,2.61343663930893,66.5446980595589,0,1106.94380048662,24.9777516648173,3547.28429400176,781.236977785826,2.78279618918896
30.0444438308477,0,94.0311992764473,0,0,0,0,0,4.74185527861118,0,0,0,0,0,0,0,85.5054968670011,25.1558619663119,520.064031139016,0,0,0,0,0,1.48748517036438,0,0.155657544732094,0,0,0,0,0,0,2.39078465104103,0,0,6.34370237588882,0,57.5889170467854,0.286614537239075,212.889923051,209.927090726793,0,0.181772172451019,87.0351531803608,0,55.4346782490611,143.519779607654,239.836830750108,4.25148509442806,0,0,0,0,4.80010870099068,0,559.552586421371,0.12341882288456,41.7063875943422,0,1.05871784687042,0,0.254176676273346,41.8420635685325,0,0,0,0,0,0,0,1.74921357631683,0,332.225610211492,0,0,0,0,1.14332296699286,1291.40104089677,0,15.3993773162365,932.435132741928,27.2240722179413,3267.69491603971,0.120831891894341,1445.47609207034
0,0,0,0,0,0,0,0,0,0,0,0,0,0,0,0,7.32066345214844,15.9155660197139,160.633142232895,0,0,0,0,0,0,0,0,0,0,0,0,0,0,0,0,1.97256234288216,0,0,0,62.7383915930986,0,53.8832890540361,0.181772172451019,0,2.1867504119873,0,0,0,0,2.32901725172997,0,0,0,0,0,0,0.309563547372818,0.518830478191376,0,0,0,0,26.630796790123,0.270000845193863,0,0,0,0,0,0,0,0,5.57585051655769,2.01616954803467,0,0,0,0,130.974294036627,0.322652697563171,6.2587303519249,0,34.4651094079018,0,109.088163495064,0,0
0.181477352976799,0,0,0,0,0,0,0,0,0,0,0,0,0,0,0,22.2253581285477,15.2858437001705,295.38500533998,0,0,0,0,0,0,0,0,0,0,0,0,0,0,0,0,0,1.39187568426132,0,0,0.149427175521851,39.2812767773867,0.396625846624374,87.0351531803608,2.1867504119873,0,0,135.277585744858,0,0,0,0,0,0,0,0,0,3.43133284151554,0,0,0,0,0,0,7.98061248660088,0,0,0,0,0,0,0,0,0,8.32569082081318,0,0,0,0,0.783489122986794,261.646082952619,0.127586409449577,19.9381609559059,75.1656061336398,0.202986150979996,283.881275653839,0,2.91548213362694
0,0,0,1.73931808769703,0,9.7950251698494,0,0,0,0,0,0,0,0,0,0,0,0,0,0,0,0,0,0,0,0,0,0,0,0,0,0,0,0.26753556728363,0,85.8644195348024,0,0,0,1.06339827179909,0,5.28751896321774,0,0,0,0,0,3.19044302403927,0.230333849787712,11.799186065793,0,0.242154657840729,0,0,0,0,0,52.8703082129359,0,0,0,0,823.859210789204,0,0,0,0,0,0,0,0,0,211.609544232488,0,0,0,0,0,514.871989183128,0,219.734663546085,0,3.10997129976749,0,526.470617383718,0,0
0,0,0,0,0,0,0,0,0,0,0,0,0,0,0,0,35.3214710429311,32.0681093707681,719.903473436832,0,0,0,0,0,0,0,0.854618310928345,0,0,0,0,0,0,0,0,0,0.33300669491291,0,2.24865508079529,1.77318382263184,52.4570823609829,0.706526026129723,55.4346782490611,0,135.277585744858,0,0,0,0,0,0,0,0,0,0,0,2.27414441108704,0,0,0,0,0,1.84803408384323,467.10571629554,0,0,0,0,0,0,0,0,0,8.09232467412949,0,0,0,0,9.01029489189386,887.988307401538,0,122.864723399282,130.957132309675,2.03764627873898,623.108637303114,0,0.23476442694664
0,0,0,1.23972526192665,0,2.51245159655809,0,0,0,0,0,0,0,0,0,0,0,0,0,0,0,0,0,0,0,0,0,0,0,0,0,5088.53109331429,754.934893071651,2049.98293448985,2499.80170500278,89.843212813139,41.524300083518,162.676572158933,1550.42779397964,66.5921604633331,1.97759521007538,24.7721800655127,143.519779607654,0,0,3.19044302403927,0,0,3110.91815020144,379.289074018598,0,0.265165075659752,0,0,0,0,0.157013490796089,0,0,0,0,0,0.161519005894661,0,0,0,0,0,0,0,0,0,0,0,2930.17963317037,225.464986100793,255.570090681314,857.389911130071,751.365976899862,944.029147543013,641.480104833841,1.41783332824707,1118.57813635468,2.90140053629875,1246.7895738259,0,0
12.6745295524597,0,14.5231819748878,0,2.60277572274208,0.162071153521538,0,0,7.56625930964947,0,0,0,0,0,0,0,0,0,0,0,0.399075910449028,0,247.830697774887,0,8.50111651420593,0,0,0,0,0,0,3.60371497273445,20.3086057901382,10.9596596062183,19.8917685747147,9.84440234303474,66.5781399458647,0,749.424063399434,0.457300782203674,103.421557545662,3.72465865314007,239.836830750108,0,0,0.230333849787712,0,3110.91815020144,0,41.4529313594103,2.76858282089233,0,0,0,5.21397888660431,0,17.9638620018959,0,2.71109010279179,0,0,0,0,0.404032230377197,0,196.045573830605,0,41.0027179718018,0,18.0320444107056,0,2.5155867934227,0,28.4387286901474,0.357517927885056,1.81612175703049,0,0.851312398910522,0,587.594076231122,0,701.187753900886,345.853233531117,1.36969842016697,1025.51245187223,0,1.11874002218246
0,157.247149914503,0,17.3139320760965,0,9.60863817483187,0,0,0,34.3603439033031,0,0,0,0,0,0,0,0,0,0,0,31.4952713549137,0,25.4364729523659,0,0,0,0,0,0,0,4.4429477751255,0,4.32514607906342,3.37149950861931,42.9525672346354,2.68221424520016,427.547327801585,0,71.1925405114889,0,291.880954682827,4.25148509442806,2.32901725172997,0,11.799186065793,0,379.289074018598,41.4529313594103,0,0,0.386436901986599,0,0,0,18.6539140939713,0,6.18453562259674,0,0,0,4.25740328431129,5.07357207685709,0,19.9532541483641,0,36.6777088940144,0,0,0,137.535490646958,0,148.827964752913,0,43.8471517562866,0,0,0.392468154430389,152.741248451173,0.883886277675629,295.724903181195,0,182.842765748501,7.85000093281269,737.718061104417,1.03757703304291,0
0,0,41.2462093234062,0,171.218113511801,0,0,0,0,0,0,0,0,0,0,0,0,0,0,0,13.4386333525181,0,0,0,0,0,0,0,0,0,0,0,0,0,0,0,1.80550996959209,0,0,0,0,0,0,0,0,0,0,0,2.76858282089233,0,0,0,8.46351206302643,0,0,0,306.256141155958,0,20.93689930439,0,0,0,0,3.57818484306335,0,0,0,0,0,0,0,0,0,10.4274365603924,0,0,0,0,0,0.642512321472168,0,0,2.61274194717407,0,247.962674036622,0,0
0,0,0,46.0618917644024,0,150.631518438458,0,20.9979633837938,0,0,0,14.1775352805853,0,0,0,0,0,0,0,27.8710632026196,0,0,0,0,0,0,0,0,0,0,0,0,0,0,0,0,0,0,0,0.243300810456276,0,4.77462233603001,0,0,0,0.242154657840729,0,0.265165075659752,0,0.386436901986599,0,0,0,0.656268745660782,0,1.16887220740318,0,115.155420050025,0,4.39421325922012,0,46.7582258880138,13.7865347862244,0,0,0,0,0,0,0,0,0,23.6784289032221,0,0,0,0,0,37.5727731510997,0,3.66081127524376,0,85.3913331776857,0,151.147020176053,0.57169497013092,0
0,0,0,0,0,0,2.31430172920227,0,0,0,0,0,0,0,0,0,0,0,0,0,0,0,0,0,0,0,0,0,0,0,0,0,0,0,0,0,0,0,0,0,0,0,0,0,0,0,0,0,0,0,8.46351206302643,0,0,0,0,0,84.6711264252663,0,1,0,0,0,0,0,0,0,0,0,0,0,0,0,0,0,0,0,0,0,0,0,0,0,0,0,0,0,0
0,0,0,0,0,0.819300577044487,0,88.9455469101667,0,0,0,44.1289462596178,0,0,0,0,0,0,0,0,0,0,0,0,0,0,0,0,0,0,0,0,0,0,0,0,0,0,0,0,0,0,0,0,0,0,0,0,0,0,0,0.656268745660782,0,0,0,0,0,82.3988681137562,0,0,0,0,0,0,0,0,0,0,0,0,0,0,0,0,0,0,0,0,0,0,0,0,36.8669056892395,17.9236211776733,0,0,0
223.029324650764,0,2,0,0,0,0,0,650.93950894475,0,0,0,0,0,24.7966513633728,0,0,0,0,0,0,0,0,0,29.5568166822195,0,0,0,0,0,0,0,0,0,0,0,0,0,207.026172697544,0,0,0,4.80010870099068,0,0,0,0,0,5.21397888660431,0,0,0,0,0,0,0,0.886735916137695,0,0.864969789981842,0,171.009024530649,0,0,0,0,0,0,315.923496752977,0,0,0,0,0,0,0,0,0,0,0,0,0,408.992976754904,1.90497925877571,0,144.874900743365,0,0
0,179.303819358349,0,108.070685267448,0,0,0,0,0,458.027314454317,0,0,0,0,0,121.256182074547,0,0,0,0,0,0,0,63.6614471971989,0,0,0,0,0,0,0,0,0,0,0,0,0,49.0501933395863,0,0,0,1.9050005376339,0,0,0,0,0,0,0,18.6539140939713,0,1.16887220740318,0,0,0,0,0,6.51056441664696,0,1.49423748254776,0,343.259621620178,0,0,0,0,418.361422136426,0,10.0134843587875,0,0,0,13.9252047687769,0,0,0,0.977072387933731,0,14.1558243185282,0,121.638445258141,0,29.0916048884392,0,178.417697653174,0.457243084907532,0
5.94015164673328,0,244.546323880553,0,19.0124016106129,0,0,0,0,0,794.605634734035,0,41.144065618515,0,0,0,2.11821708083153,5.02273835241795,72.8258253410459,0,33.8616499006748,0,0,0,0,0,0,0,0,0,2.58884364366531,0,0,0,0,0,103.821357578039,0,318.959376394749,3.44119691848755,10.3730269819498,0.149673894047737,559.552586421371,0.309563547372818,3.43133284151554,0,2.27414441108704,0.157013490796089,17.9638620018959,0,306.256141155958,0,84.6711264252663,0,0.886735916137695,0,0,0,232.232485681772,0,4.97357711195946,0,0,1227.76282097399,0,0,0,0,0,0,0,21.8465795665979,0,84.0780735760927,0,0,0,0,2.08259391784668,134.475942775607,0,113.881582885981,204.409656085074,9.20227597653866,1077.93830691278,0,217.205926567316
0,0.545359492301941,0,255.816002935171,0,47.4133194237947,0,58.1305477023125,0,0,0,1018.87236320972,0,249.974835395813,0,0,0,0,29.8503595143557,7.61052769422531,0,0,0,0,0,0,0,54.1983517408371,0,28.9874851405621,0,0,0,0,0,2.03852710127831,0,262.722173646092,0,0,0,304.379832416773,0.12341882288456,0.518830478191376,0,52.8703082129359,0,0,0,6.18453562259674,0,115.155420050025,0,82.3988681137562,0,6.51056441664696,0,0,0,45.6123489886522,0,2.82176089286804,436.911221764982,0,0,0,0,0,0,0,34.1709606647491,0,634.925431974232,0,0,0,0,0,10.3505243360996,0,25.4522682875395,0,185.533632040024,2.06739346683025,905.605515025556,92.3493078649044,0
0,0,10.9824388623238,0,0,0,0,0,0,0,232.81935018301,0,57.4640702605247,0,168.568956375122,0,0,0,0,0,0,0,0,0,0,0,0,0,0,0,20.3285474777222,0,0,0,0,0,0,0,0,0,0,0,41.7063875943422,0,0,0,0,0,2.71109010279179,0,20.93689930439,0,1,0,0.864969789981842,0,232.232485681772,0,0,0,71.1668382883072,0,0,0,0,0,0,0,0,0,0,0,0,4.61829248070717,0,0,0,0,0,0,0,0,167.081655621529,5.97421479225159,114.14895246923,0,3.37882342934608
0,0,0,47.8788626939058,0,0,0,0,0,0,0,85.0985296964645,0,380.218259394169,0,244.246321558952,0,0,0,0,0,0,0,0,0,0,0,25.3497406244278,0,0,0,0,0,0,0,0,0,0,0,0,0,2.62969712913036,0,0,0,0,0,0,0,0,0,4.39421325922012,0,0,0,1.49423748254776,0,45.6123489886522,0,0,0,76.9531245231628,0,0,0,0,0,0,0,0,57.0981755256653,0,12.0751828104258,0,0,0,0,0,8.33247434347868,0,0.756758451461792,0,18.231541633606,13.8158434033394,14.9104362875223,0,0
65.8782215714455,0,0,0,0,0,0,0,284.315142795444,0,0,0,15.304407119751,0,58.5386381596327,0,30.1418418884277,2.4091509282589,0,0,0,0,0,0,0,0,0,0,39.0503995418549,0,0,0,0,0,0,0,0,0,0,0,0,0,1.05871784687042,0,0,0,0,0,0,0,0,0,0,0,171.009024530649,0,4.97357711195946,0,71.1668382883072,0,0,0,0,0,0,0,0,0,0,0,0,0,0,0,0,0,0,0,0,0,0,0,199.535280436277,1.7455450296402,1.86986617743969,0,0
0,51.1165045201778,0,36.3002439439297,0,0,0,0,0,49.0515183806419,0,0,0,89.2616325616837,0,194.834819376469,0,0.136094883084297,0,0,0,0,0,0,0,0,0,0,0,0,0,0,0,0,0,0,0,0,0,0,0,1.01810683310032,0,0,0,0,0,0,0,4.25740328431129,0,46.7582258880138,0,0,0,343.259621620178,0,2.82176089286804,0,76.9531245231628,0,0,0,0,0,0,20.3249101638794,0,41.9443817734718,0,0,0,9.49168430268764,0,0,0,0,0,8.21237203478813,0,1.94531834125519,0,1,0,9.99921394884586,0.704468846321106,0
0,0,0,0.174162492156029,0,81.8468173742294,0,6.86151310801506,0,0,0,421.374466210604,0,0,0,0,19.7327305227518,20.8265220746398,263.557346515357,1232.64078812301,0,0,0,0,0,0,0,0,0,0,0,0,0,0,0,682.915317706764,0,31.9988920167089,0,77.4355655908585,0,392.302722878754,0.254176676273346,26.630796790123,0,823.859210789204,1.84803408384323,0.161519005894661,0,5.07357207685709,0,13.7865347862244,0,0,0,0,0,436.911221764982,0,0,0,0,0,0,0,0,0,0,0,0,0.677052617073059,0,193.970530942082,0.11193610727787,0,0,0,0,1750.48267575353,2.67838527262211,303.121365830302,0,215.233226805925,0.208045616745949,1188.63012443483,9.54133802652359,0.099173441529274
0.187317952513695,0,2.37245160341263,0,2.04103520512581,0,0,0,0,0,33.9088121205568,0,0,0,0,0,7.80090057849884,6.35556940734386,135.958967857063,0,743.901904679835,0,0,0,0,0,0,0,0,0,0,0,0,0,0,0,401.299167245626,0,150.290885038674,0,69.3716711401939,0,41.8420635685325,0.270000845193863,7.98061248660088,0,467.10571629554,0,0.404032230377197,0,3.57818484306335,0,0,0,0,0,1227.76282097399,0,0,0,0,0,0,0,0,0,0,0,0,0,0,0,0,56.8034442663193,0,0,0,0,0.61374294757843,1999.6690139696,0,359.384980432689,247.287519782782,1.22445344924927,1655.44324372709,0,2.68474847078323
0,0,0,0,0,0,0,0,0,0,0,0,0,0,0,0,1.78859251737595,14.2984185069799,0.924439311027527,0,0,8590.22099967301,33.3103501796722,189.373155266047,0,1.09679865837097,0,0,0,0,0,0,0,0,0,0,0,906.326369911432,159.683638051152,0,0,0,0,0,0,0,0,0,0,19.9532541483641,0,0,0,0,0,0,0,0,0,0,0,0,0,0,0,4.19595623016357,602.156413435936,0,91.171023786068,0,326.526408657432,0,0,0,0,0,0,0,0,0,440.738855004311,25.3201680183411,292.23171954602,56.8739928007126,0,0,0
0,0,0,0,0,0,0,0,0,0,0,0,0,0,0,0,2.59415769577026,0,0,0,0,68.4903689622879,5277.56065802276,0,10.38498878479,0,11.9927940815687,0,0,0,0,0,0,0,0,0,0,0,381.628740996122,0,0,0,0,0,0,0,0,0,196.045573830605,0,0,0,0,0,0,0,0,0,0,0,0,0,0,0,4.19595623016357,0,0,7.94609923660755,0,612.600992247462,0,10.1429607868195,0,0,0,0,0,0,0,0,0,625.011690601707,82.2305863499641,2.22395586967468,0,0,0
0,1.38624215126038,0,0,0,0,0,0,0,5.36202079057693,0,0,0,0,0,0,1.36799263954163,0,0,0,0,119.97583822906,0,558.274620085955,0,4.6813992857933,0,0,0,0,0,0,0,0,0,0,0,417.233663618565,0,0,0,0,0,0,0,0,0,0,0,36.6777088940144,0,0,0,0,0,418.361422136426,0,0,0,0,0,20.3249101638794,0,0,602.156413435936,0,0,0,80.5858314037323,0,38.3914027810097,0,0,0,0,0,0,0,0,0,385.467983469367,0,40.6207511723042,0,211.682178109884,0,0
2.29858380556107,0,0,0,0,0,0,0,21.7444156706333,0,0,0,0,0,0,0,4.71953895688057,2.58758330345154,0.234136953949928,0,0,0,25.1606880426407,0,180.505276799202,0,0,0,0,0,0,0,0,0,0,0,0,0,106.217616140842,0,0,0,0,0,0,0,0,0,41.0027179718018,0,0,0,0,0,315.923496752977,0,0,0,0,0,0,0,0,0,0,7.94609923660755,0,0,0,39.1516828835011,0,0,0,0,0,0,0,0,0,0,0,360.440826162696,4.90232086181641,0,135.825892150402,0,0
0,7.81070721149445,0,0,0,0,0,0,0,0,0,0,0,0,0,0,22.2528276443481,214.345622703433,5.74828004837036,0,0,142.142011135817,0,0,0,168.602821469307,0,42.6822607517242,0,0,0,0,0,0,0,0,0,0,0,0,0,0,0,0,0,0,0,0,0,0,0,0,0,0,0,10.0134843587875,0,0,0,0,0,41.9443817734718,0,0,91.171023786068,0,80.5858314037323,0,0,4.22999477386475,440.716685086489,0,0,0,0,0,0,0,0,0,0,0,43.0267592668533,0,0,0,0
0,0,0,0,0,0,0,0,0,0,0,0,0,0,0,0,44.8830959498882,13.0977271795273,0.196821078658104,0,0,0,119.415715128183,0,128.437751024961,0,229.107018321753,0,7.60358476638794,0,0,0,0,0,0,0,0,0,0,0,0,0,0,0,0,0,0,0,18.0320444107056,0,0,0,0,0,0,0,0,0,0,0,0,0,0,0,0,612.600992247462,0,39.1516828835011,4.22999477386475,0,0,6.63878703117371,0,0,0,0,0,0,0,0,0,0,11.6395043134689,0,0,0,0
0,0,0,0,0,0,0,0,0,0,0,0.93875652551651,0,8.83136081695557,0,0,0,0,0,0,0,208.456473350525,0,0,0,41.5472522974014,0,817.210238732398,0,148.165915697813,0,0,0,0,0,0,0,18.0473897457123,0,0,0,0,0,0,0,0,0,0,0,137.535490646958,0,0,0,0,0,0,0,34.1709606647491,0,57.0981755256653,0,0,0.677052617073059,0,326.526408657432,0,38.3914027810097,0,440.716685086489,0,0,0,206.832885205746,0,0,0,0,0,0,0,406.385181620717,0,122.486620664597,112.882611036301,0.413864403963089,0.545944392681122,0
0,0,0.753892421722412,0,0,0,0,0,0,0,5.35312032699585,0,2.99922943115234,0,0,0,0,0,0,0,0,0,26.7693163156509,0,0,0,0,0,211.388824462891,0,67.5916178226471,0,0,0,0,0,0,0,2.59957858920097,0,0,0,1.74921357631683,0,0,0,0,0,2.5155867934227,0,0,0,0,0,0,0,21.8465795665979,0,0,0,0,0,0,0,0,10.1429607868195,0,0,0,6.63878703117371,0,0,0,6.58332097530365,0,0,0,0,0,0,0,156.015344202518,2.78839527070522,6.98826599121094,7.72112834453583,0,1.22661650180817
0,0,0,109.48840264231,0,13.8579789549112,0,0,0,0,0,105.548539251089,0,0,0,0,0.246808782219887,2.22214224934578,208.620368748903,0,0,0,0,0,0,0,0,257.909481436014,0,533.63656450063,0,0,0,0,0,2.75570601224899,0,20.8509985506535,0,7.18578690290451,0,457.822775319219,0,5.57585051655769,0,211.609544232488,0,0,0,148.827964752913,0,23.6784289032221,0,0,0,13.9252047687769,0,634.925431974232,0,12.0751828104258,0,9.49168430268764,193.970530942082,0,0,0,0,0,0,0,206.832885205746,0,0,0,0,0,0,0,53.9930004030466,0,409.864225402474,0,84.367338038981,4.99919743835926,793.351120978594,324.550380155444,0
7.83526691794395,0,82.9573662728071,0,4.81837826967239,0,0,0,0,0,9.91388861835003,0,0,0,0,0,1.23976504802704,3.89875884354115,70.0941264629364,0,0,0,0,0,0,0,0,0,22.7888157367706,0,142.514063775539,0,0,0,0,0,9.80480521917343,0,144.573799967766,0.225844338536263,3.83967292308807,0,332.225610211492,2.01616954803467,8.32569082081318,0,8.09232467412949,0,28.4387286901474,0,10.4274365603924,0,0,0,0,0,84.0780735760927,0,4.61829248070717,0,0,0,0.11193610727787,56.8034442663193,0,0,0,0,0,0,0,6.58332097530365,0,0,0,0,0,0,0,31.4508848562837,0,245.516864657402,218.025344520807,22.6346864998341,351.29660846293,0,160.27794611454
0,0,0,0,0,0,0,0,0,0,0,0,0,0,0,0,0,0,0,0,0,0,0,0,0,0,0,0,0,0,0,634.881421849132,63.7127124965191,44.114129409194,0,92.7858190536499,14.587139070034,0,0,0.397151827812195,0,0,0,0,0,0,0,2930.17963317037,0.357517927885056,43.8471517562866,0,0,0,0,0,0,0,0,0,0,0,0,0,0,0,0,0,0,0,0,0,0,0,0,0,1.35475695133209,573.684303119779,0,1318.6086243242,0,0,0,891.648207262158,0,0,0,0
0,0,0,0,0,0,0,0,0,0,0,0,0,0,0,0,0,0,0,0,0,0,0,0,0,0,0,0,0,0,0,234.476933062077,1500.37403978407,111.806196406484,53.3988170474768,0,106.751747876406,0,0,0,0,0,0,0,0,0,0,225.464986100793,1.81612175703049,0,0,0,0,0,0,0,0,0,0,0,0,0,0,0,0,0,0,0,0,0,0,0,0,0,1.35475695133209,0,9.96471960842609,848.837109744549,0,3163.94455695152,0,0.332337215542793,260.745810180902,0,0,0,0
0,0,0,0,0,0,0,0,0,0.253040134906769,0,0,0,0,0,0,0,0,0,0,0,0,0,0,0,0,0,0,0,0,0,0.887171506881714,4.5681775957346,1351.62914733589,913.648230969906,317.227455183864,0,201.325633242726,0,0,0,0,0,0,0,0,0,255.570090681314,0,0,0,0,0,0,0,0.977072387933731,0,0,0,0,0,0,0,0,0,0,0,0,0,0,0,0,0,0,573.684303119779,9.96471960842609,0,18.4694194197655,666.596255019307,0,424.527138113976,0,298.701327010989,2.79605853557587,1.01696276664734,0,0
0,0,0,0,0,0,0,0,0,0,0,0,0,0,0,0,0,0,0,0,0,0,0,0,0,0,0,0,0,0,0,0,4.8543127477169,594.890750661492,1224.56241111457,0,432.254879355431,279.673751294613,353.318448007107,0,0,0,0,0,0,0,0,857.389911130071,0.851312398910522,0.392468154430389,0,0,0,0,0,0,0,0,0,0,0,0,0,0,0,0,0,0,0,0,0,0,0,0,0,848.837109744549,18.4694194197655,0,0,677.119317546487,25.3088930249214,571.571822941303,180.167068101466,0.828129053115845,0.680854022502899,0,0
0,0.557104989886284,0,66.6631979867816,0,14.2272692173719,0,2.51618480682373,0,0,0,109.315521717072,0,0,0,0,96.416224502027,95.99336656183,1889.9157731384,745.964414857328,0,0,4.09389638900757,0,0,0,0,0,0,0,0,1897.07004524767,0,272.934660077095,0,14847.0210536942,160.209141284227,1262.27052050084,0.195632070302963,231.589419089258,0,1251.20144624263,1.14332296699286,130.974294036627,0.783489122986794,514.871989183128,9.01029489189386,751.365976899862,0,152.741248451173,0,37.5727731510997,0,0,0,14.1558243185282,2.08259391784668,10.3505243360996,0,8.33247434347868,0,8.21237203478813,1750.48267575353,0.61374294757843,0,0,0,0,0,0,0,0,53.9930004030466,0,1318.6086243242,0,666.596255019307,0,0,43.4838237017393,732.927867442369,0.785465180873871,2498.55468957871,90.3695157766342,1046.66031116992,102.009091988206,1.27598331868649
52.4546017572284,0,0.353261202573776,0,0.424461290240288,0,0,0,0,0,70.8166276216507,0,0,0,0,0,82.9768332913518,33.0020283386111,1800.66875623912,0,1068.29411376268,0,1.35650289058685,0,0,0,0,0,0,0,0,49.5162782669067,251.410537526011,0,241.13178461045,503.937220066786,11723.494089134,0,534.911822490394,2.76989030838013,359.161038056016,2.61343663930893,1291.40104089677,0.322652697563171,261.646082952619,0,887.988307401538,944.029147543013,587.594076231122,0.883886277675629,0.642512321472168,0,0,0,0,0,134.475942775607,0,0,0,0,0,2.67838527262211,1999.6690139696,0,0,0,0,0,0,0,0,0,31.4508848562837,0,3163.94455695152,0,677.119317546487,43.4838237017393,0,0.901669383049011,1362.61763829738,3873.90156272799,30.2467219233513,1954.72469876707,0.385417222976685,107.266898743808
0,0,0,12.4929045811296,0,0,0,0,0,65.4860531389713,0,786.672492593527,0,0,0,0,1.00727954506874,4.53026565909386,92.1709217429161,46.3464607596397,0,502.117371886969,0,129.008348748088,0,0,0,9.73330715298653,0,108.541020743549,0,0,0,994.082061961293,0,239.93016512692,0,10813.2134698257,73.2134064286947,18.51570302248,0,66.5446980595589,0,6.2587303519249,0.127586409449577,219.734663546085,0,641.480104833841,0,295.724903181195,0,3.66081127524376,0,0,0,121.638445258141,0,25.4522682875395,0,0.756758451461792,0,1.94531834125519,303.121365830302,0,440.738855004311,0,385.467983469367,0,0,0,406.385181620717,0,409.864225402474,0,0,0,424.527138113976,25.3088930249214,732.927867442369,0.901669383049011,0,15.2353495359421,555.189067102969,79.6383296251297,188.291557759047,26.2521518170834,0.135139614343643
7.46386118233204,0,11.0938909947872,0,0,0,0,0,42.1300286203623,0,183.567495718598,0,0,0,0,0,1.24589318037033,1.94468653202057,61.5802477672696,0,49.1511374488473,249.574974417686,396.645650535822,0,93.5964467823505,0,0,0,18.6046400219202,0,0.494876652956009,0,0,1.61935353279114,344.384874671698,0,1237.91223339736,461.366819679737,11921.2765910253,0,0,0,15.3993773162365,0,19.9381609559059,0,122.864723399282,1.41783332824707,701.187753900886,0,0,0,0,0,408.992976754904,0,113.881582885981,0,0,0,0,0,0,359.384980432689,25.3201680183411,625.011690601707,0,360.440826162696,0,0,0,156.015344202518,0,245.516864657402,0,0.332337215542793,0,571.571822941303,0.785465180873871,1362.61763829738,15.2353495359421,0,1379.24826142192,66.0697827339172,65.9921131879091,0,10.9289523363113
