0,0,0.00564932071071156,0,0.0300411902613167,0,0,0,0.0484754782030307,0,0,0,0,0,0,0,0,0,0.000226439764134265,0,0,0,0,0,0,0,0,0,0,0,0,0,0,0,0,0,6.77959301143397e-05,0,8.92769262423103e-05,0,0.000165841334835975,0,0.00646406945619817,0,0.00063070571553236,0,0,7.43536703737939e-05,0.0181805110206496,0,0.00245450231835905,0,0,0,0.0356046652644397,0,0.000143702400935436,0,0,0,0.00334241018549107,0,0,2.50094325110776e-05,0,0,0,0.000206524126718167,0,0,0,0,0,0,0,0,0,0,0,0.000286879252111956,0,0.000391937524903476,0.000643700244878962,0,0.0105811203540814,0,0
0,0,0,0.0217415805266962,0,0.00987465731487465,0,0,0,0.0369011422060603,0,0,0,0,0,0.00167260295829399,0,0,0,0,0,0,0,0.000218828234951447,0,0,0,0,0,0,0,0,0,0,0,0,0,0,0,0,0,0.0108438885915922,0,0,0,0,0,0,0,0.0285765996450943,0,0.00378339902395219,0,0,0,0.0485994377802658,0,0.000163120954804087,0,7.00577965597727e-05,0,0.00662548514190753,0.000114751937058149,0,0,0,0.00223263487907851,0,0,0,0,0,0,0,0,0,0,0,0,0,0,0,0.000443408998144337,5.5540251098664e-06,0.00909274221732048,0.00202026321215105,0
0.00564932071071156,0,0,0,0.0721719752121463,0,0,0,0.000630805672676072,0,0,0,0,0,0,0,0,0,0,0,0,0,0,0,0,0,0,0,0,0,0,0,0,0,0,0,0.000470150430722776,0,0,0,0,0,3.52392906113929e-05,0,0,0,0.000257287055864145,0,0.00591515746850604,0,0.0263771413858099,0,0,0,0.0163578280529035,0,0.000459184337693936,0,0.000234449647786653,0,0.000145542063620671,0,0,0,0,0,0,0,0,0,0,0,0,0,0,0,0,0,0,0.00030611404345657,0,2.80186967762089e-05,0.000418006369058827,9.4304112961084e-05,0.0130991312429813,0,0
0,0.0217415805266962,0,0,0,0.0998889376326943,0,0,0,0.0181784448515602,0,3.76351734274042e-05,0,0,0,0,0,0,0,0,0,0,0,0,0,0,0,0,0,0,0,0,0,0,0,7.05195622737221e-07,0,5.70098958898853e-06,0,0.000462044737374037,0,0.000741692062374869,0,0,0,0.00175578944153202,0,0,0,0.0398326011209802,0,0.00540545706852815,0,0,0,0.0244624383120681,0,0.000613563393923404,0,0.000114257041431337,0,0.00722995026762203,5.02617352493157e-05,0,0,0,0,0,0,0,0.000285038581296286,0,0.00196377508862656,0,0,0,0,0,8.12869197263706e-06,0,1.25737470506325e-05,0,0.000361691494652534,8.87594659440695e-05,0.0157790742172359,0.000232979297327875,0
0.0300411902613167,0,0.0721719752121463,0,0,0,0.00343629344969562,0,0.00128230706011174,0,0,0,0,0,0,0,0,0,0,0,0.00167196803820994,0,0,0,0,0,0,0,0,0,0,0,0,0,0,0,0.000127026171061247,0,0,0,0,0,1.08717315220675e-05,0,0,0,0.00436538925014782,0,0,0,0.0476798851883711,0,0,0,0.00769137140381058,0,0,0,5.85200021402813e-05,0,0,0,0,0.0063796804958525,0,0,0,0,0,0,0,0,0,0.000146236337901001,0,0,0,0,0,3.08140788294215e-05,0,2.87604842295024e-06,0.00094809605991647,0,0.0193467145153045,0,4.6298040435034e-05
0,0.00987465731487465,0,0.0998889376326943,0,0,0,0.0208826825992552,0,0.0304648616665153,0,4.35878483133587e-05,0,0.000341475806877087,0,0.00973431762924853,0,0,0,0.00766266760922662,0,0,0,0,0,0,0,0,0,0,0,0,0,0,0,2.20076388170387e-05,0,1.60101202518255e-05,0,0.000723805775082612,0,0.000416705178841582,0,0,0,0.00546858300156477,0,0,0,0.000985238581706115,0,0.0828519912268014,0,0.00853663987321577,0,0.0249805909791497,0,0.00104727996617945,0,0.000272992290321219,0,0.00107063577203393,0.00490964266010699,0,0,0,0,0,0,0,0.000202920558947609,0,0.00235027561037585,0,0,0,0,0,1.01337851843329e-05,0,5.47794613625986e-05,0,0.00247249179359953,0.00162900771012543,0.0192673884939476,3.37941418590104e-05,0
0,0,0,0,0.00343629344969562,0,0,0,0,0,0,0,0,0,0,0,0,0,0,0,0,0,0,0,0,0,0,0,0,0,0,0,0,0,0,0,0,0,0,0,0,0,0,0,0,0,0,0,0,0,0.000469254787772524,0,0.00666971717888718,0,0,0,0.00338145814669405,0,0,0,0,0,0,0.00131173288301874,0,0,0,0,0,0,0,0,0,0,0,0,0,0,0,0,0,0,0.000176669375502022,0,0,0,0
0,0,0,0,0,0.0208826825992552,0,0,0,0,0,6.17065450464617e-05,0,0.000486254804348774,0,0,0,0,0,0,0,0,0,0,0,0,0,0,0,0,0,0,0,0,0,9.38744333105884e-06,0,0,0,0,0,0,0,0,0,0,0,0,0,0,0,0.0285215647344023,0,0.0339314258479991,0,0,0,0.000808040007034494,0,0,0,0,0,0,0,0,0,0,0,0,0,0,0,0,0,0,0,0,0,0,0,0,0.00029511939209111,0,0,0,0
0.0484754782030307,0,0.000630805672676072,0,0.00128230706011174,0,0,0,0,0,0,0,0,0,0.00774777453424704,0,0.0115648946745116,0.00116208794970119,0.00237750116091496,0,0,0,0,0,0.00152347726171011,0,0.000385226565413177,0,0,0,0,0,0,0,0,0,0,0,0,8.00408588628046e-05,0,0,0.00102820233920416,0,0,0,0,0,5.22827659290006e-05,0,0.000266427018044437,0,0,0,0.0529147408492107,0,0,0,0,0,0.000843947427706322,0,0,0,0,0,0,0.000957363601922635,0,0.00270151586540315,0,0,0,0,0,0,0,0,0,0,0,0,0.0029367445700493,0.000172055752073845,0.000448272158803398,0,0.000785681583021036
0,0.0369011422060603,0,0.0181784448515602,0,0.0304648616665153,0,0,0,0,0,0,0,0,0.000169822533175592,0.0104354116452945,0.000321743325086858,0.00792431092208314,0.00250110317283775,0,0,0,0,0.00195348356665046,0,0.002269358134707,0,0,0,0,0,0,0,0,0,0,0,0.000199333822129399,0,0,0,0.000661153634550414,0,0,0,0,0,0,0,0.000143622827501399,0,0.00361504554505745,0,0,0,0.037676394205608,0,0,0,0,0,0.00225093133129374,0,0,0,0,0.000337248678087297,0,0.000180291041430386,0,0,0,0,0,0,0,0,0,0,0,6.47964414011895e-05,0,0.00122169152791277,8.75814077635047e-05,0.00127658601304309,0.00187095700854464,0
0,0,0,0,0,0,0,0,0,0,0,0,0,0,0,0,0,0,0,0,0.0339076930863477,0,0,0,0,0,0,0,0,0,0,0,0,0,0,0,0.000758923339189832,0,0.0165287166144386,0,0,0,0,0,0,0,1.968682690547e-05,0,0,0,0,0,0.000427547564875286,0,0,0,0.0146301652907505,0,0,0,0,0,0,0.00972216626530188,0,0,0,0,0,0,0,0,0,0.000101759716287928,0,0,0,0,0,0.000182168816661303,0,0.000498294192522171,0.000404723098658409,0,9.97232080569149e-06,0,0
0,0,0,3.76351734274042e-05,0,4.35878483133587e-05,0,6.17065450464617e-05,0,0,0,0,0,0.00179728989379033,0,0,0,0,0,0.0278523919163767,0,0,0,0,0,0,0,0,0,0.00453827056563094,0,0,0,0,0,0.00185811764380933,0,0.000381337312616012,0,0,0,0,0,0,0,1.79334651781589e-05,0,0,0,0,0,0,0,0.00103469815457398,0,0,0,0.0544042880140096,0,0.000249349790713423,0,0,0.00348479919361552,0,0,0,0,0,0,0,0,0,8.20267896847011e-05,0,0,0,0,0,5.12902304517504e-05,0,0,0,0.000415478241440499,0,0.000381637944427204,0,0
0,0,0,0,0,0,0,0,0,0,0,0,0,0,0,0,0,0,0,0,0,0,0,0,0,0,0,0,0,0,0,0,0,0,0,0,0,0,0,0,0,0,0,0,0,0,0,0,0,0,0,0,0,0,0,0,0,0,0.00357838020142532,0,0,0,0,0,0,0,0,0,0,0,0,0,0,0,0,0,0,0,0,0,0,0,0,0,0,0,0
0,0,0,0,0,0.000341475806877087,0,0.000486254804348774,0,0,0,0.00179728989379033,0,0,0,0.00466475062079058,0,0,0,0,0,0,0,0,0,0,0,2.66834451517154e-05,0,0.000301245045753774,0,0,0,0,0,0,0,0,0,0,0,0,0,0,0,0,0,0,0,0,0,0,0,0.000480916935729357,0,0,0,9.49109875275987e-05,0,0.00944398030762972,0,0,0,0,0,0,0,0,0,0,0,0,0,0,0,0,0,0,0,0,0,0,0.000341442140070352,0,0,0,0
0,0,0,0,0,0,0,0,0.00774777453424704,0.000169822533175592,0,0,0,0,0,0,0.00979747699449127,0.000848298564734447,0.000157120937141564,0,0,0,0,0,0,0,0,0,0,0,0,0,0,0,0,0,0,0,0,0,0,0,1.00243219319839e-05,0,0,0,0,0,0,0,0,0,0,0,0.00631658262765174,0,0,0,0,0,0.00591575285778184,0,0,0,0,0,0,0,0,0,0,0,0,0,0,0,0,0,0,0,0,0,0.000435889228494787,0.000185151674228076,0,0,0
0,0.00167260295829399,0,0,0,0.00973431762924853,0,0,0,0.0104354116452945,0,0,0,0.00466475062079058,0,0,0.000927767168638909,0.00824473235972006,0.000160180988112716,0,0,0,0,0,0,0.0023655581797578,0,0,0,0,0,0,0,0,0,0,0,0,0,0,0,0,0,0,0,0,0,0,0,2.83356412216165e-05,0,0,0,0,0,0.00304049837010611,0,0.000338403418598659,0,0.000940083159329183,0,0.0275213061912915,0,0,0,0,0,0,0.00166660904914348,0,0,0,0,0,0,0,0,0,0,0,0,0,0.000365391065475862,7.12898803738597e-05,0,0,0
0,0,0,0,0,0,0,0,0.0115648946745116,0.000321743325086858,0,0,0,0,0.00979747699449127,0.000927767168638909,0,0.0620842453712192,0.0368096965021894,0,0,0,0.000186053863359059,0,5.22019701660881e-05,0,0,0,0,0,0,0,0,0,0,9.29093744009345e-07,4.36218523070304e-05,1.48381086739673e-05,0.000119193207166381,0.000120080214710263,0.000113639467713624,8.94016769982671e-05,0.000993515061557103,5.84600229786522e-05,0.000549486442580044,0.000186703378500466,0.000217737337787286,0,0,2.56574603693395e-05,0,0,0,0,0.000174640650315421,0,0,0,0,0,0.000476578172389764,0.00012487782717695,4.02599856067474e-05,3.57406541218238e-05,0,0,0,0,0,0,0,0,0,3.00816709284551e-06,0,0,0,0,0.000132493323812404,0.000481829778363686,6.19969604299405e-05,0.000544071280112373,0.022796421890038,0.00399151846265076,0.000569175429181898,2.22603125836149e-05,0.000483645763942506
0,0,0,0,0,0,0,0,0.00116208794970119,0.00792431092208314,0,0,0,0,0.000848298564734447,0.00824473235972006,0.0620842453712192,0,0.0336731527632319,0,0,0.000370926184369892,0,1.13046080514323e-05,0,0.00107140670186128,0,0,0,0,0,0,0,0,0,3.50065397131912e-05,0,4.12195345566479e-05,3.2571314680205e-06,0.000122085657075493,0,0.000199105197866651,5.41726073041989e-06,0.000168690177051815,1.52286026054357e-05,0.000202968316063171,2.11718512184157e-05,0,0,6.39292584477583e-06,0,0,0,0,0.000151747748386384,5.44982522027743e-05,0,0,0,0,0.000121101543813073,0.00032351329908673,5.73135036842246e-06,0,1.17796919309847e-05,0,0,0,9.34695523500445e-05,0,0,0,0,0,0,0,0,0,0.000399389187075538,7.57421455470867e-06,0.000259630330153772,3.38207580040611e-05,0.0227711284039607,0.0100084506135397,0.000103384984422823,0.000225339341689552,1.13794497905935e-05
0.000226439764134265,0,0,0,0,0,0,0,0.00237750116091496,0.00250110317283775,0,0,0,0,0.000157120937141564,0.000160180988112716,0.0368096965021894,0.0336731527632319,0,0,0,0,0,0,0,0,0,0,0,0,0,0,0,0,0,0.000573758110597222,0.00049958810770845,0.000957559610694943,0.000759562117396542,0.0092605199380566,0.00279053008530769,0.0200535825906985,0.0171611505178448,0.0115787211443132,0.016103740843116,0.0306792207828252,0.00463687452196784,0.000124945111629827,8.3470737509703e-05,0.000216225947526356,0,0,0,0,0,0.000112852379250342,0,3.00280885001473e-05,0,0,0,2.14099663705745e-05,0.00250499219730225,0.000320718867919063,0,0,0,0,0,0,0,0,0.00042368334393564,8.90950818620579e-05,0,0,0,0,0.0106259407889689,0.00722631011117265,0.00742518378761023,0.00334760793540988,0.0206327547404167,0.00121991817707645,0.0295727287747611,0.00914656081398015,0.00583900311641181
0,0,0,0,0,0.00766266760922662,0,0,0,0,0,0.0278523919163767,0,0,0,0,0,0,0,0,0,0,0,0,0,0,0,0,0,0,0,0,0,0,0,0.00974774323965901,0,0.000301671084605578,0,0.00023220454494558,0,1.32906173007894e-05,0,0,0,0.00733418118826069,0,0,0,0.000151362525122774,0,0,0,0,0,0,0,0.00207135812764424,0,0,0,0,0.0414279685093449,0,0,0,0,0,0,0,4.53290702291578e-05,0,0.000737986430188999,0,0,0,0,0,0.00301333220692723,0,0.000578734110427805,0,0.00153306746842876,1.96103832803681e-05,0.00270819404139209,0,0
0,0,0,0,0.00167196803820994,0,0,0,0,0,0.0339076930863477,0,0,0,0,0,0,0,0,0,0,0,0,0,0,0,0,0,0,0,0,0,0,0,0,0,0.00405812414540153,0,0.00552089541708698,0,0.000141066185811241,0,1.19580668717029e-05,0,0,0,0.00305506983384337,0,0,0,0,0,0,0,0,0,0.00772627023840573,0,0,0,0,0,0,0.0797266194327445,0,0,0,0,0,0,0,1.94461875123115e-05,0,0.00222605614443851,0,0,0,0,0,0.00500319614278058,0,0.00419562189013537,0.00203383541250956,1.22669046401283e-05,0.000650256352726891,0,0
0,0,0,0,0,0,0,0,0,0,0,0,0,0,0,0,0,0.000370926184369892,0,0,0,0,0.00171261375127676,0.00250625221205346,0,0.00410547725693694,0,0.000331172589654737,0,0,0,0,0,0,0,0,0,0.00289898003205571,0,0,0,0,0,0,0,0,0,0,0,0.000438294662477072,0,0,0,0,0,0,0,4.54168105592542e-05,0,0.00014034625974477,0,5.66745387275653e-05,9.17226757034067e-06,0,0.0545028390916898,0,0.000821647276886289,0,0.00212398107886847,0,0.00258492474118796,0,0,0,0,0,0,0,0,0,0.000675352836872231,0,0.00257458641469953,0.00268521734422214,0,0,0
0,0,0,0,0,0,0,0,0,0,0,0,0,0,0,0,0.000186053863359059,0,0,0,0,0.00171261375127676,0,0,0.00224521117398393,0,0.000680296927160962,0,0,0,0,0,0,0,0,0,0,0,0.00381655608575012,0,0,0,1.24212227665008e-05,0,0,0,0,5.60357578016266e-06,0.00123396974624641,0,0,0,0,0,0,0,0,0,0,0,0,0,0,0,1.35276606528186e-05,0.0233517573956814,0,0.000316390351983918,0,0.00325711288896514,0,0.0027925877285865,0,0,0,0,0,0,0,0,0,0.00316445464777018,0.00172715656657683,0.000382529214969424,0.000131600462677334,0,0
0,0.000218828234951447,0,0,0,0,0,0,0,0.00195348356665046,0,0,0,0,0,0,0,1.13046080514323e-05,0,0,0,0.00250625221205346,0,0,0,0.0264015633424801,0,0,0,0,0,0,0,0,0,0,0,0.00373895053727135,0,0,0,0.000168284708905582,0,0,0,0,0,0,0,0.00102687021400637,0,0,0,0,0,0.0183376106199866,0,0,0,0,0,0.000813924880705153,0,0,0.00189860350631131,0,0.17228172147865,0,0.0170898328530452,0,0,0,0,0,0,0,0,0,0,0,0.000429032951784417,0,0.000751553151668405,0,0.0011572089784589,0,0
0,0,0,0,0,0,0,0,0.00152347726171011,0,0,0,0,0,0,0,5.22019701660881e-05,0,0,0,0,0,0.00224521117398393,0,0,0,0.0116587145741921,0,0,0,0,0,0,0,0,0,0,0,0.00133522934019137,0,0,0,0,0,0,0,0,0,0,0,0,0,0,0,0.0121073437437997,0,0,0,0,0,0.00476845650783419,0,0,0,0,0.00184001167556765,0,0.0635357646852506,0,0.00724625524864351,0,0,0,0,0,0,0,0,0,0,0,0.000340737688542795,0.000389002585063157,0,0.000589330096308531,0,0
0,0,0,0,0,0,0,0,0,0.002269358134707,0,0,0,0,0,0.0023655581797578,0,0.00107140670186128,0,0,0,0.00410547725693694,0,0.0264015633424801,0,0,0,0,0,0,0,0,0,0,0,0,0,0,0,0,0,0,0,0,0,0,0,0,0,0,0,0,0,0,0,0.000225368472852885,0,0.000491473201433045,0,0.00152135476852923,0,0.00140419815332569,1.20742568197867e-05,0,0.00147350459414514,0,0.00264537216754475,0,0.0638637864108068,0,0.00361962799481707,0,0,0,0,0,0,0,0,0,0,0,0.000101380170214807,0,0,0,0
0,0,0,0,0,0,0,0,0.000385226565413177,0,0,0,0,0,0,0,0,0,0,0,0,0,0.000680296927160962,0,0.0116587145741921,0,0,0,0,0,0,0,0,0,0,0,0,0,0,0,0,0,0,0,0,0,0,0,0,0,0,0,0,0,0,0,0,0,0,0,0,0,0,0,0,0.00186148797861641,0,0.000510374681636408,0,0.0281705479783484,0,0.00063255351948331,0,0,0,0,0,0,0,0,0,0,2.98650815206736e-06,0,0,0,0
0,0,0,0,0,0,0,0,0,0,0,0,0,2.66834451517154e-05,0,0,0,0,0,0,0,0.000331172589654737,0,0,0,0,0,0,0,0.0026849426206943,0,0,0,0,0,0,0,0,0,0,0,0,0,0,0,0,0,0,0,0,0,0,0,0,0,0,0,8.79609167335092e-06,0,0.000985884290831135,0,0,6.73890344079407e-06,0,0.0008460362547194,0,0,0,0,0,0.0159828651401317,0,0,0,0,0,0,0,0,0,0,0,1.23622695958998e-06,0,0,0,0
0,0,0,0,0,0,0,0,0,0,0,0,0,0,0,0,0,0,0,0,0,0,0,0,0,0,0,0,0,0,0.000117280045338102,0,0,0,0,0,0,0,0.000648598396805989,0,0,0,0,0,0,0,0,0,0,0,0,0,0,0,0,0,0,0,0,0,0,0,0,0,0,3.22904097544135e-05,0,0,0,0.000343794226349034,0,0.00195576517813475,0,0.000123493480781037,0,0,0,0,0,0,0,6.50458885192006e-05,0,0,0,0,0
0,0,0,0,0,0,0,0,0,0,0,0.00453827056563094,0,0.000301245045753774,0,0,0,0,0,0,0,0,0,0,0,0,0,0.0026849426206943,0,0,0,0,0,0,0,0,0,0,0,0,0,0,0,0,0,2.67269813024806e-05,0,0,0,0,0,0,0,0,0,0,0,5.06865708720453e-05,0,0.000912093778568563,0,0,0.000208424316107705,0,0,0,0,0,0,0,0,0,0.021703854840825,0,0,0,0,0,0,0,0,0,5.28838064695497e-05,0,1.98347627262472e-05,0,0
0,0,0,0,0,0,0,0,0,0,0,0,0,0,0,0,0,0,0,0,0,0,0,0,0,0,0,0,0.000117280045338102,0,0,0,0,0,0,0,0,0,0.000651547153260061,0,0,0,0,0,0,0,0,0,0,0,0,0,0,0,0,0,0.000498811015954108,0,0,0,0,0,0,0,0,0,0,0,0,0,0,0,0,0.00383752910316464,0,0,0,0,0,0,0,0,0.0002655678578061,0,0,0,0
0,0,0,0,0,0,0,0,0,0,0,0,0,0,0,0,0,0,0,0,0,0,0,0,0,0,0,0,0,0,0,0,0.013737421859927,0.01283286146303,0.000617917997276294,0.00784311143748937,6.76118117901047e-05,0,0,0,0,0,0,0,0,0,0,0.0152114566108049,0,7.92594522933416e-05,0,0,0,0,0,0,0,0,0,0,0,0,0,0,0,0,0,0,0,0,0,0,0,0,0.169023787306115,0.00816115954592462,0.0119408461872279,0,0.00579027506735832,0,0,0,0.00196625551650817,0,0,0,0
0,0,0,0,0,0,0,0,0,0,0,0,0,0,0,0,0,0,0,0,0,0,0,0,0,0,0,0,0,0,0,0.013737421859927,0,5.35819526703563e-05,0.00435930073751413,0,0.0022097590021862,0,0,0,0,0,0,0,0,0,0,0.0128024694564125,0.000136979727912716,0,0,0,0,0,0,0,0,0,0,0,0,0,0,0,0,0,0,0,0,0,0,0,0,0,0.0225220127307265,0.207943766049038,0,0.00522810304521749,0,0.000631858828863518,0,0,0.00203773832195364,0,0,0,0
0,0,0,0,0,0,0,0,0,0,0,0,0,0,0,0,0,0,0,0,0,0,0,0,0,0,0,0,0,0,0,0.01283286146303,5.35819526703563e-05,0,0.00329502832036752,0.00184375447526084,0,0.000847665062618035,0,0,0,0,0,0,0,0,0,0.066772646747477,0,0.00010904723064648,0,0,0,0,0,0,0,0,0,0,0,0,0,0,0,0,0,0,0,0,0,0,0,0,0.00750706781278908,0,0.106038218684522,0.000168903390177319,0.003741648870037,0,0.000432985004948889,0,0.000468561328377411,0.0005403234325627,0,0,0
0,0,0,0,0,0,0,0,0,0,0,0,0,0,0,0,0,0,0,0,0,0,0,0,0,0,0,0,0,0,0,0.000617917997276294,0.00435930073751413,0.00329502832036752,0,0,0.00521415867339664,0,0.000444615811471604,0,0,0,0,0,0,0,0,0.0692945228289584,0.00212955758829021,0,0,0,0,0,0,0,0,0,0,0,0,0,0,0,0,0,0,0,0,0,0,0,0,0,0.000131885973813667,0.000710627213113465,0.00050718916495817,0.109503882673137,0,0.00119346946496428,0,0.00126269404589986,0.00208643124022021,0,0,0,0
0,0,0,7.05195622737221e-07,0,2.20076388170387e-05,0,9.38744333105884e-06,0,0,0,0.00185811764380933,0,0,0,0,9.29093744009345e-07,3.50065397131912e-05,0.000573758110597222,0.00974774323965901,0,0,0,0,0,0,0,0,0,0,0,0.00784311143748937,0,0.00184375447526084,0,0,0.00256380519646096,0.00210202585689854,0,0.000326314167033905,1.52857719345653e-05,0.00031662244109615,0,0.00032458419402746,0,0.000884641693154892,2.7125843552794e-06,0.00158596178824937,7.3667235880647e-05,0.00125464101646345,0,0,0,0,0,0,0,0.000324451071373807,0,0,0,0,0.00308143423972266,0,0,0,0,0,0,0,1.87836334433198e-06,0,1.35619076724616e-05,0,0.00162687082457311,0,0.0003639483411911,0,0.0518443935772015,0.000332855148301421,0.00425019672092986,0,0.00535168659327467,0.000344583729887087,0.00265085594914288,4.10357245556986e-05,0
6.77959301143397e-05,0,0.000470150430722776,0,0.000127026171061247,0,0,0,0,0,0.000758923339189832,0,0,0,0,0,4.36218523070304e-05,0,0.00049958810770845,0,0.00405812414540153,0,0,0,0,0,0,0,0,0,0,6.76118117901047e-05,0.0022097590021862,0,0.00521415867339664,0.00256380519646096,0,0,0.00523956747830462,0,0.000357895342574724,9.97344330627031e-07,0.000764929316677599,0,9.7447572704711e-05,8.43244008970979e-07,0.00142717369862241,0.000296085895108622,0.000314102436692971,0,0,0,0,0,0,0,8.52119515164582e-05,0,0,0,0,0,0,0.00205878703605838,0,0,0,0,0,0,0,0,0,1.11699689422059e-05,0,0.00100530516315843,0,0.000977171837258733,0.000276928809834967,0.0521723449580401,0,0.00555255422792919,0.00472467650232677,0.000414993749161772,0.00394802537186701,0,6.02920549802148e-05
0,0,0,5.70098958898853e-06,0,1.60101202518255e-05,0,0,0,0.000199333822129399,0,0.000381337312616012,0,0,0,0,1.48381086739673e-05,4.12195345566479e-05,0.000957559610694943,0.000301671084605578,0,0.00289898003205571,0,0.00373895053727135,0,0,0,0,0,0,0,0,0,0.000847665062618035,0,0.00210202585689854,0,0,0,4.79239963569395e-05,0,0.00161172946213166,0,0.00177347217562804,0,0.00169701528502656,0,0.0148049313871668,0,0.000532945936417878,0,1.3008682301755e-06,0,0,0,0.000414843755270948,0,0.000760184941967741,0,0,0,0,0.00577259086315243,0,0.00108471749604591,0,0.00613832031689002,0,0,0,1.05964319390156e-05,0,5.15538385273574e-05,0,0,0,0.000796169833415071,0,0.00178459949793468,0,0.0480973607523165,0,0.00428034447391495,0.00106054664702316,0.0025706834378656,0.000437379304207077,0
8.92769262423103e-05,0,0,0,0,0,0,0,0,0,0.0165287166144386,0,0,0,0,0,0.000119193207166381,3.2571314680205e-06,0.000759562117396542,0,0.00552089541708698,0,0.00381655608575012,0,0.00133522934019137,0,0,0,0.000648598396805989,0,0.000651547153260061,0,0,0,0.000444615811471604,0,0.00523956747830462,0,0,1.33802891320749e-06,0.000164468397103042,4.44229536570608e-06,0.00513041348641461,0,0.000227467608080799,1.44888396074217e-05,0.00118549588796527,0.0141430364743849,0.00189602541640231,0,0,0,0,0,1.39265488967996e-05,0,0.00474446183193453,0,0,0,0,0,0,0.00370560472816019,0,0.00125995198776322,0,0.00396099113443506,0,0.000148736654627463,0,0,0,0.000425649731624764,0,0,0,0.00228288086788819,6.48622996002774e-06,0.00162211578424061,7.86909466245819e-07,0.0573554007403322,0.00367627771833447,2.74345563715427e-05,0.00468518584395243,0,0.000487280336408903
0,0,0,0.000462044737374037,0,0.000723805775082612,0,0,8.00408588628046e-05,0,0,0,0,0,0,0,0.000120080214710263,0.000122085657075493,0.0092605199380566,0.00023220454494558,0,0,0,0,0,0,0,0,0,0,0,0,0,0,0,0.000326314167033905,0,4.79239963569395e-05,1.33802891320749e-06,0,3.67566329695795e-05,0.0523593435614455,0.000142647397665216,0.00502207789081122,0,0.0651858513200342,2.69328496556476e-05,0.00191707110631927,0,0.0296954447886961,0,0,0,0,0,0,0,0.000189796986617017,0,0,0,0,0.013741371642593,0,0,0,0,0,0,0,9.85320899285101e-05,0,0.00129832133480439,0,0,0,9.49304881525011e-05,0,0.0039943479574259,4.03175960737479e-05,0.000433652879682792,5.60525888328781e-05,0.000376933587200359,9.97563268464918e-06,0.0281511419219545,0.00736140343315646,0.000183994374445685
0.000165841334835975,0,0,0,0,0,0,0,0,0,0,0,0,0,0,0,0.000113639467713624,0,0.00279053008530769,0,0.000141066185811241,0,0,0,0,0,0,0,0,0,0,0,0,0,0,1.52857719345653e-05,0.000357895342574724,0,0.000164468397103042,3.67566329695795e-05,0,6.48559277474951e-06,0.0440479262580354,0,0.00657682091170489,0.000307431817509782,0.0565287156238977,0.00443685127459227,0.055388057223624,0,0,0,0,0,0,0,0.000977611615307714,0,0,0,0,0,9.49254304619709e-06,0.0120835354474207,0,0,0,0,0,0,0,0,0,0.00355693926320517,0,0.000151155925294432,0,0,1.36428085985224e-05,0.00893000943087454,2.43448510637038e-05,0.00125953092628358,0.000205271507325352,7.01204054289281e-06,0.0504709934353952,0,0.00435082395452575
0,0.0108438885915922,0,0.000741692062374869,0,0.000416705178841582,0,0,0,0.000661153634550414,0,0,0,0,0,0,8.94016769982671e-05,0.000199105197866651,0.0200535825906985,1.32906173007894e-05,0,0,0,0.000168284708905582,0,0,0,0,0,0,0,0,0,0,0,0.00031662244109615,9.97344330627031e-07,0.00161172946213166,4.44229536570608e-06,0.0523593435614455,6.48559277474951e-06,0,0.0103213224574755,0.00411176204918193,1.14493036910712e-05,0.0113920761939917,4.51391025064221e-06,0.0023566711750025,0,0.00648163304772212,0,0,0,0,0,3.58579841829459e-05,0,0.0101206052033328,0,7.74842528556196e-05,0,5.09384073509879e-05,0.0185751846558277,0,0,0,0.000246071399254248,0,0,0,0.000373562846060844,0,0.00952674705145036,0,0,0,0,0,0.0150202650309147,5.71979266423869e-05,0.00436406028590805,3.19199438403934e-05,0.00252772569314374,0.000359267834957342,0.0743598771838999,0.0622710573688525,7.84998303585724e-06
0.00646406945619817,0,3.52392906113929e-05,0,1.08717315220675e-05,0,0,0,0.00102820233920416,0,0,0,0,0,1.00243219319839e-05,0,0.000993515061557103,5.41726073041989e-06,0.0171611505178448,0,1.19580668717029e-05,0,1.24212227665008e-05,0,0,0,0,0,0,0,0,0,0,0,0,0,0.000764929316677599,0,0.00513041348641461,0.000142647397665216,0.0440479262580354,0.0103213224574755,0,3.26401445558981e-05,0.0108002451908399,0.000275543097191266,0.00849095225394491,0.0036895259966623,0.00883628986487662,0,0,0,0,0,0,0,0.00153524417396944,0,5.68150762014547e-05,0,0,0,4.60250760788986e-05,0.00756482240623034,0,6.69636061944321e-06,0,1.64516226916246e-05,0,0,0,0,0,0.00294036755040626,0,2.76120143881675e-05,0,0,6.91890571192938e-05,0.0160408051297275,1.60759209250452e-05,0.00646458169633888,0.0026296743761001,6.39158535543826e-06,0.126702909473256,0,0.0703608576114887
0,0,0,0,0,0,0,0,0,0,0,0,0,0,0,0,5.84600229786522e-05,0.000168690177051815,0.0115787211443132,0,0,0,0,0,0,0,0,0,0,0,0,0,0,0,0,0.00032458419402746,0,0.00177347217562804,0,0.00502207789081122,0,0.00411176204918193,3.26401445558981e-05,0,0,0.00655873896805872,0,0,0,0.00192862883260039,0,0,0,0,0,0,0,5.20424030792674e-05,0,0,0,0,0.00493442048244776,0,0,0,0,0,0,0,0.000247773139919961,0,0.0194111274361688,0,0,0,0,0,0.00149413894977339,1.34816900480746e-05,0.00726494776218027,0,0.000188805034261657,1.46241598442459e-05,0.00645781998510732,0.00185892956458239,0
0.00063070571553236,0,0,0,0,0,0,0,0,0,0,0,0,0,0,0,0.000549486442580044,1.52286026054357e-05,0.016103740843116,0,0,0,0,0,0,0,0,0,0,0,0,0,0,0,0,0,9.7447572704711e-05,0,0.000227467608080799,0,0.00657682091170489,1.14493036910712e-05,0.0108002451908399,0,0,0.000527199986609203,0.00634678935989485,2.82776491342994e-05,0,0,0,0,0,0,0,0,2.27423459406295e-05,0,0,0,0,0,0,0.000126036368864921,0,0,0,0,0,0,0,0,0,0.00310100987263012,0,0,0,0,2.1177817413863e-05,0.00258076768058294,0,0.00155197245843886,0.000191340826690509,7.79019839482122e-06,0.00839938895777171,0,0.00909852264581024
0,0,0,0.00175578944153202,0,0.00546858300156477,0,0,0,0,0,1.79334651781589e-05,0,0,0,0,0.000186703378500466,0.000202968316063171,0.0306792207828252,0.00733418118826069,0,0,0,0,0,0,0,0,0,2.67269813024806e-05,0,0,0,0,0,0.000884641693154892,8.43244008970979e-07,0.00169701528502656,1.44888396074217e-05,0.0651858513200342,0.000307431817509782,0.0113920761939917,0.000275543097191266,0.00655873896805872,0.000527199986609203,0,0,0.000382169023004456,0,0.00538180801868217,0,6.11247057264398e-05,0,0,0,0,0,0.00120401887771861,0,4.57481821751729e-06,0,0,0.130073950625192,0,1.81446122385009e-05,0,0,0,0,0,0.00174040858980061,0,0.018907979499072,0,0,0,0,0,0.015046882720251,6.90548050094428e-05,0.00326756716982204,3.88670457135851e-05,0.00231342792422042,8.95400902313875e-05,0.0506619893331265,0.00128549767277603,0.000158232742693378
0,0,0.000257287055864145,0,0.00436538925014782,0,0,0,0,0,1.968682690547e-05,0,0,0,0,0,0.000217737337787286,2.11718512184157e-05,0.00463687452196784,0,0.00305506983384337,0,0,0,0,0,0,0,0,0,0,0,0,0,0,2.7125843552794e-06,0.00142717369862241,0,0.00118549588796527,2.69328496556476e-05,0.0565287156238977,4.51391025064221e-06,0.00849095225394491,0,0.00634678935989485,0,0,0.000124637148601269,0.00532347563432844,0,0.000414506858962868,0,0,0,0,0,0.00326052963922362,0,0,0,0,0,0,0.072326954436599,0,0,0,0,0,0,0,1.22432130459347e-05,0,0.0165587733948648,0,0,0,0,3.85094840677741e-06,0.0231082798701214,0,0.00905169075282731,0.000747047535164353,0.000104727568574316,0.0589626084986281,0,0.00328070695198059
7.43536703737939e-05,0,0,0,0,0,0,0,0,0,0,0,0,0,0,0,0,0,0.000124945111629827,0,0,0,5.60357578016266e-06,0,0,0,0,0,0,0,0,0.0152114566108049,0.0128024694564125,0.066772646747477,0.0692945228289584,0.00158596178824937,0.000296085895108622,0.0148049313871668,0.0141430364743849,0.00191707110631927,0.00443685127459227,0.0023566711750025,0.0036895259966623,0,2.82776491342994e-05,0.000382169023004456,0.000124637148601269,0,0.0786558931729276,0.0768446860008509,0,0,0,0,0,0,0,0,0,0,0,0,6.88393271470387e-06,3.02044984277865e-05,0,0,1.73571946435174e-05,0,0,0,0,0,0,0,0.018172903326669,0.0303325935597775,0.021365830726045,0.0149090345950614,0.00910243580851675,0.00165628859442818,0.00237451288892697,0.00492861078092188,0.00767572508187108,0.00105535866255589,0.0139805556935476,4.27349760077347e-05,8.99408681917183e-05
0.0181805110206496,0,0.00591515746850604,0,0,0,0,0,5.22827659290006e-05,0,0,0,0,0,0,0,0,0,8.3470737509703e-05,0,0,0,0.00123396974624641,0,0,0,0,0,0,0,0,0,0.000136979727912716,0,0.00212955758829021,7.3667235880647e-05,0.000314102436692971,0,0.00189602541640231,0,0.055388057223624,0,0.00883628986487662,0,0,0,0.00532347563432844,0.0786558931729276,0,0,4.0449380067243e-05,0,0,0,0.00024499223349815,0,0.00275981359098587,0,0.00174179273489111,0,0.000135788589104896,0,0,0.00132220348981402,0,0.00207637585863648,0,0.00406567477306967,0,0.00295357034668502,0,0.00147268854657527,0,0.00182964616976761,0.000198146925505507,0.000868511306380731,0,0.0021209380989817,0,0.00223855333687375,0,0.00320840629041253,0.000678341310223702,0,0.0195652123977652,0,0.000150051182082713
0,0.0285765996450943,0,0.0398326011209802,0,0.000985238581706115,0,0,0,0.000143622827501399,0,0,0,0,0,2.83356412216165e-05,2.56574603693395e-05,6.39292584477583e-06,0.000216225947526356,0.000151362525122774,0,0.000438294662477072,0,0.00102687021400637,0,0,0,0,0,0,0,7.92594522933416e-05,0,0.00010904723064648,0,0.00125464101646345,0,0.000532945936417878,0,0.0296954447886961,0,0.00648163304772212,0,0.00192862883260039,0,0.00538180801868217,0,0.0768446860008509,0,0,0,0.000343415239527531,0,0,0,0.000766110254716845,0,0.00228879139099617,0,0.000264200162357786,0,0.00450354011131227,0.000652007067454328,0,0.00206342562921107,0,0.00492258353378714,0,2.69676256458774e-05,0,0.000345810856098359,0,0.00422831714300767,0,0.000704668027169913,0,0,0,0.00714219582881623,0,0.000993934712555145,0,0.000632424841194154,0,0.0112994156561435,0.00157753568418907,0
0.00245450231835905,0,0.0263771413858099,0,0.0476798851883711,0,0.000469254787772524,0,0.000266427018044437,0,0,0,0,0,0,0,0,0,0,0,0,0,0,0,0,0,0,0,0,0,0,0,0,0,0,0,0,0,0,0,0,0,0,0,0,0,0.000414506858962868,0,4.0449380067243e-05,0,0,0,0.00121383307289091,0,0.00218502814583614,0,0.000213814066792474,0,0.000462593626316969,0,0,0,0,0.00197688645955921,0,0,0,0,0,0,0,0,0,0,0,0,0,0,0,0,0,0,3.17881648805459e-06,0,0.00841007117402087,0,0
0,0.00378339902395219,0,0.00540545706852815,0,0.0828519912268014,0,0.0285215647344023,0,0.00361504554505745,0,0,0,0,0,0,0,0,0,0,0,0,0,0,0,0,0,0,0,0,0,0,0,0,0,0,0,1.3008682301755e-06,0,0,0,0,0,0,0,6.11247057264398e-05,0,0,0,0.000343415239527531,0,0,0,0.00302936898463269,0,0.0137583248079332,0,0.0120233096140034,0,0.000557127407549209,0,0,0.00019228778632306,0,0,0,0,0,0,0,2.24007939478529e-05,0,0.000158210691316919,0,0,0,0,0,0,0,0,0,0.00016217012873678,5.26090595858816e-05,0.00213648038083203,0,0
0,0,0,0,0,0,0.00666971717888718,0,0,0,0.000427547564875286,0,0,0,0,0,0,0,0,0,0,0,0,0,0,0,0,0,0,0,0,0,0,0,0,0,0,0,0,0,0,0,0,0,0,0,0,0,0,0,0.00121383307289091,0,0,0,0,0,0.00285334851472049,0,0,0,0,0,0,0,0,0,0,0,0,0,0,0,0,0,0,0,0,0,0,0,0,0,5.67948972784988e-06,0,0,0,0
0,0,0,0,0,0.00853663987321577,0,0.0339314258479991,0,0,0,0.00103469815457398,0,0.000480916935729357,0,0,0,0,0,0,0,0,0,0,0,0,0,0,0,0,0,0,0,0,0,0,0,0,0,0,0,0,0,0,0,0,0,0,0,0,0,0.00302936898463269,0,0,0,0,0,0.00464786997890743,0,0.000170552847923156,0,0,0,0,0,0,0,0,0,0,0,0,0,0,0,0,0,0,0,0,0,0,4.70691489168844e-06,0,0,0,0
0.0356046652644397,0,0.0163578280529035,0,0.00769137140381058,0,0,0,0.0529147408492107,0,0,0,0,0,0.00631658262765174,0,0.000174640650315421,0.000151747748386384,0,0,0,0,0,0,0.0121073437437997,0,0,0,0,0,0,0,0,0,0,0,0,0,1.39265488967996e-05,0,0,0,0,0,0,0,0,0,0.00024499223349815,0,0.00218502814583614,0,0,0,0,0,0,0,0,0,0.00356544618191547,0,0,0,0,0,0,0.0350330926640127,0,0.00857534706687948,0,0,0,0,0,0,0,0,0,0,0,0.000909267912715654,0.000272189502441726,8.10614797092308e-06,0.000793496429377304,0,0
0,0.0485994377802658,0,0.0244624383120681,0,0.0249805909791497,0,0,0,0.037676394205608,0,0,0,0,0,0.00304049837010611,0,5.44982522027743e-05,0.000112852379250342,0,0,0,0,0.0183376106199866,0,0.000225368472852885,0,0,0,0,0,0,0,0,0,0,0,0.000414843755270948,0,0,0,3.58579841829459e-05,0,0,0,0,0,0,0,0.000766110254716845,0,0.0137583248079332,0,0,0,0,0,0,0,0,0,0.00282702921387173,0,0,0,0,0.106310698045319,0,0,0,0,0,0,0,0,0,0,0,0,0,0.000390980774446721,0,8.62429262610042e-05,0,0.000370620791116835,0,0
0.000143702400935436,0,0.000459184337693936,0,0,0,0.00338145814669405,0,0,0,0.0146301652907505,0,0,0,0,0,0,0,0,0,0.00772627023840573,0,0,0,0,0,0,0,0,0,0.000498811015954108,0,0,0,0,0,8.52119515164582e-05,0,0.00474446183193453,0,0.000977611615307714,0,0.00153524417396944,0,2.27423459406295e-05,0,0.00326052963922362,0,0.00275981359098587,0,0.000213814066792474,0,0.00285334851472049,0,0,0,0,0,0.0148647826113365,0,0.000130104852973299,0,0,0.0224762263094246,0,0,0,0,0,0,0,0.0107492169000693,0,0.019134625294395,0,0,0,0,0,0.000107723079843282,0,0.000113810324369569,0.000100205719173608,0,0.0182182858714587,0,0.000598369248205897
0,0.000163120954804087,0,0.000613563393923404,0,0.00104727996617945,0,0.000808040007034494,0,0,0,0.0544042880140096,0,9.49109875275987e-05,0,0.000338403418598659,0,0,3.00280885001473e-05,0.00207135812764424,0,4.54168105592542e-05,0,0,0,0.000491473201433045,0,8.79609167335092e-06,0,5.06865708720453e-05,0,0,0,0,0,0.000324451071373807,0,0.000760184941967741,0,0.000189796986617017,0,0.0101206052033328,0,5.20424030792674e-05,0,0.00120401887771861,0,0,0,0.00228879139099617,0,0.0120233096140034,0,0.00464786997890743,0,0,0,0,0,0.027926403702203,0,0.00335044643677113,0.0134997932019806,0,8.2939976977143e-05,0,0,0,0.00140878023364358,0,0.0255712079556052,0,0.00481227132094687,0,0,0,0,0,5.98512201799565e-05,0,1.24429316537442e-05,0,0.00013424552619837,0,0.0122734344584319,0.00549006244304175,0
0,0,0.000234449647786653,0,5.85200021402813e-05,0,0,0,0,0,0,0,0.00357838020142532,0,0,0,0,0,0,0,0,0,0,0,0,0,0,0,0,0,0,0,0,0,0,0,0,0,0,0,0,0,5.68150762014547e-05,0,0,0,0,0,0.00174179273489111,0,0.000462593626316969,0,0,0,0,0,0.0148647826113365,0,0,0,0,0,0,4.86943851730271e-05,0,0,0,0,0,5.33914364173912e-05,0,0.00688509576632848,0,0,0,0,0,0,0,0,0,0,2.78442145889942e-06,0,0.00100531733383046,0,0
0,7.00577965597727e-05,0,0.000114257041431337,0,0.000272992290321219,0,0,0,0,0,0.000249349790713423,0,0.00944398030762972,0,0.000940083159329183,0,0,0,0,0,0.00014034625974477,0,0,0,0.00152135476852923,0,0.000985884290831135,0,0.000912093778568563,0,0,0,0,0,0,0,0,0,0,0,7.74842528556196e-05,0,0,0,4.57481821751729e-06,0,0,0,0.000264200162357786,0,0.000557127407549209,0,0.000170552847923156,0,0,0,0.027926403702203,0,0,0,0.00733214886053294,0.000796666952726508,0,6.95733106076609e-05,0,0,0,0.00552973489441937,0,0.00464263491226014,0,0,0,0,0,0,0,0,0,0,0,2.15709659736885e-05,0,0.000110286625862969,1.95561744014056e-05,0
0.00334241018549107,0,0.000145542063620671,0,0,0,0,0,0.000843947427706322,0,0,0,0,0,0.00591575285778184,0,0.000476578172389764,0.000121101543813073,0,0,0,0,0,0,0.00476845650783419,0,0,0,0,0,0,0,0,0,0,0,0,0,0,0,0,0,0,0,0,0,0,0,0.000135788589104896,0,0,0,0,0,0.00356544618191547,0,0.000130104852973299,0,0,0,0,0,0,0,0,0,0,0.00597938556238211,0,0.0117546057112684,0,0,0,0,0,0,0,0,0,0,0,0,1.84843493031216e-05,0,0,0,0
0,0.00662548514190753,0,0.00722995026762203,0,0.00107063577203393,0,0,0,0.00225093133129374,0,0,0,0,0,0.0275213061912915,0.00012487782717695,0.00032351329908673,2.14099663705745e-05,0,0,5.66745387275653e-05,0,0.000813924880705153,0,0.00140419815332569,0,0,0,0,0,0,0,0,0,0,0,0,0,0,0,5.09384073509879e-05,0,0,0,0,0,0,0,0.00450354011131227,0,0,0,0,0,0.00282702921387173,0,0.00335044643677113,0,0.00733214886053294,0,0,0,0,2.05558141846843e-05,0,0.00070909400381869,0,0.0232345130084973,0,0.00141019009344785,0,0,0,0,0,0,0,0,0,0,0,0.000158792473824384,0,0.000328340427751392,0,0
0,0.000114751937058149,0,5.02617352493157e-05,0,0.00490964266010699,0,0,0,0,0,0.00348479919361552,0,0,0,0,4.02599856067474e-05,5.73135036842246e-06,0.00250499219730225,0.0414279685093449,0,9.17226757034067e-06,0,0,0,1.20742568197867e-05,0,6.73890344079407e-06,0,0.000208424316107705,0,0,0,0,0,0.00308143423972266,0,0.00577259086315243,0,0.013741371642593,9.49254304619709e-06,0.0185751846558277,4.60250760788986e-05,0.00493442048244776,0,0.130073950625192,0,6.88393271470387e-06,0,0.000652007067454328,0,0.00019228778632306,0,0,0,0,0,0.0134997932019806,0,0.000796666952726508,0,0,0,0,3.80517892528428e-05,0,0,0,0,0,0.00746452012506935,0,0.0300805141536602,0,0,0,0,0,0.00769006957751439,9.37629679308088e-06,0.00349357374274793,0,0.000561960265280527,0,0.0194090911749466,0.00682245761123801,0
2.50094325110776e-05,0,0,0,0.0063796804958525,0,0.00131173288301874,0,0,0,0.00972216626530188,0,0,0,0,0,3.57406541218238e-05,0,0.000320718867919063,0,0.0797266194327445,0,0,0,0,0,0,0,0,0,0,0,0,0,0,0,0.00205878703605838,0,0.00370560472816019,0,0.0120835354474207,0,0.00756482240623034,0,0.000126036368864921,0,0.072326954436599,3.02044984277865e-05,0.00132220348981402,0,0.00197688645955921,0,0,0,0,0,0.0224762263094246,0,4.86943851730271e-05,0,0,0,0,0,0,0,0,0,0,0,0,1.26693824728466e-05,0,0.0263566884191935,0,0,0,0,0,0.0143768946292212,0,0.00820875015486214,0.00102538605094466,4.76633548021144e-06,0.0302731383642785,0,0.00121968344475666
0,0,0,0,0,0,0,0,0,0,0,0,0,0,0,0,0,1.17796919309847e-05,0,0,0,0.0545028390916898,1.35276606528186e-05,0.00189860350631131,0,0.00147350459414514,0,0.0008460362547194,0,0,0,0,0,0,0,0,0,0.00108471749604591,0,0,0,0,0,0,0,1.81446122385009e-05,0,0,0,0.00206342562921107,0,0,0,0,0,0,0,8.2939976977143e-05,0,6.95733106076609e-05,0,2.05558141846843e-05,3.80517892528428e-05,0,0,0,0.00083748008881632,0,0.000728935658261595,0,0.008367048890909,0,0,0,0,0,0,0,1.50441292918735e-06,0,0.00101036212296009,0,0.00048379695477949,0.000824197731239338,3.83355607381492e-05,0,0
0,0,0,0,0,0,0,0,0,0,0,0,0,0,0,0,0,0,0,0,0,0,0.0233517573956814,0,0.00184001167556765,0,0.00186148797861641,0,3.22904097544135e-05,0,0,0,0,0,0,0,0,0,0.00125995198776322,0,0,0,6.69636061944321e-06,0,0,0,0,0,0.00207637585863648,0,0,0,0,0,0,0,0,0,0,0,0,0,0,0,0,0,0,0.000683175547247879,0,0.00592975801293784,0,0.0034945186869185,0,0,0,0,0,0,0,0,0,0.00150705541124402,0.00049622796606106,1.28993066631552e-05,4.58671441364381e-05,0,0
0,0.00223263487907851,0,0,0,0,0,0,0,0.000337248678087297,0,0,0,0,0,0,0,0,0,0,0,0.000821647276886289,0,0.17228172147865,0,0.00264537216754475,0,0,0,0,0,0,0,0,0,0,0,0.00613832031689002,0,0,0,0.000246071399254248,0,0,0,0,0,1.73571946435174e-05,0,0.00492258353378714,0,0,0,0,0,0.106310698045319,0,0,0,0,0,0.00070909400381869,0,0,0.00083748008881632,0,0,0,0.00067395840885151,0,0.000409604382227352,0,0,0,0,0,0,0,0,0,0.00517316654060467,0,0.000151796450939078,0,0.00963306076350601,0,0
0.000206524126718167,0,0,0,0,0,0,0,0.000957363601922635,0,0,0,0,0,0,0,0,0,0,0,0,0,0.000316390351983918,0,0.0635357646852506,0,0.000510374681636408,0,0,0,0,0,0,0,0,0,0,0,0.00396099113443506,0,0,0,1.64516226916246e-05,0,0,0,0,0,0.00406567477306967,0,0,0,0,0,0.0350330926640127,0,0,0,0,0,0.00597938556238211,0,0,0,0,0.000683175547247879,0,0,0,0.00846017051914873,0,0,0,0,0,0,0,0,0,0,0,0.00318428397851263,0.000185733519602308,0,0.00552096878728884,0,0
0,0,0,0,0,0,0,0,0,0.000180291041430386,0,0,0,0,0,0.00166660904914348,0,9.34695523500445e-05,0,0,0,0.00212398107886847,0,0.0170898328530452,0,0.0638637864108068,0,0,0,0,0,0,0,0,0,0,0,0,0,0,0,0,0,0,0,0,0,0,0,2.69676256458774e-05,0,0,0,0,0,0,0,0.00140878023364358,0,0.00552973489441937,0,0.0232345130084973,0,0,0.000728935658261595,0,0.00067395840885151,0,0,0,0.00955112600231104,0,0,0,0,0,0,0,0,0,0,0,1.59740589131564e-05,0,0,0,0
0,0,0,0,0,0,0,0,0.00270151586540315,0,0,0,0,0,0,0,0,0,0,0,0,0,0.00325711288896514,0,0.00724625524864351,0,0.0281705479783484,0,0.000343794226349034,0,0,0,0,0,0,0,0,0,0.000148736654627463,0,0,0,0,0,0,0,0,0,0.00295357034668502,0,0,0,0,0,0.00857534706687948,0,0,0,5.33914364173912e-05,0,0.0117546057112684,0,0,0,0,0.00592975801293784,0,0.00846017051914873,0,0,0,0.0124502863549199,0,0,0,0,0,0,0,0,0,0,2.49933668316557e-05,0,0,0,0
0,0,0,0.000285038581296286,0,0.000202920558947609,0,0,0,0,0,0,0,0,0,0,0,0,0,4.53290702291578e-05,0,0.00258492474118796,0,0,0,0.00361962799481707,0,0.0159828651401317,0,0,0,0,0,0,0,1.87836334433198e-06,0,1.05964319390156e-05,0,9.85320899285101e-05,0,0.000373562846060844,0,0.000247773139919961,0,0.00174040858980061,0,0,0,0.000345810856098359,0,2.24007939478529e-05,0,0,0,0,0,0.0255712079556052,0,0.00464263491226014,0,0.00141019009344785,0.00746452012506935,0,0.008367048890909,0,0.000409604382227352,0,0.00955112600231104,0,0,0,0.00623728027678683,0,0,0,0,0,7.22378276408277e-05,0,1.2461989238606e-05,0,9.62415148877002e-06,0,0.00236987865519378,0.000522530236855209,0
0,0,0,0,0,0,0,0,0,0,0,0,0,0,0,0,0,0,0,0,1.94461875123115e-05,0,0.0027925877285865,0,0,0,0.00063255351948331,0,0.00195576517813475,0,0,0,0,0,0,0,0,0,0,0,0,0,0,0,0,0,1.22432130459347e-05,0,0.00147268854657527,0,0,0,0,0,0,0,0.0107492169000693,0,0.00688509576632848,0,0,0,0,1.26693824728466e-05,0,0.0034945186869185,0,0,0,0.0124502863549199,0,0,0,0.00597010859851804,0,0,0,0,0,0,0,7.48324113686528e-05,0,0,1.24823035262843e-05,0,0
0,0,0,0.00196377508862656,0,0.00235027561037585,0,0,0,0,0,8.20267896847011e-05,0,0,0,0,0,0,0.00042368334393564,0.000737986430188999,0,0,0,0,0,0,0,0,0,0.021703854840825,0,0,0,0,0,1.35619076724616e-05,0,5.15538385273574e-05,0,0.00129832133480439,0,0.00952674705145036,0,0.0194111274361688,0,0.018907979499072,0,0,0,0.00422831714300767,0,0.000158210691316919,0,0,0,0,0,0.00481227132094687,0,0,0,0,0.0300805141536602,0,0,0,0,0,0,0,0.00623728027678683,0,0,0,0,0,0,0,0.000257459257644246,0,0.000665838246316132,0,6.21000741825004e-06,0,0.0167759755318855,0.0232012408313787,0
