0,0,0.136714949599794,0,0,0,0,0,0.128627051909765,0,0,0,0,0,0,0,0,0,0.29316158784974,0,0,0,0,0,0,0,0,0,0,0,0,0,0,0,0,0,0,0,0,0,0.482212737202644,0,0.313040162890385,0,0,0,0.338185203075409,0,0.162998938134738,0,0,0,0,0,0.160132258546119,0,0.32617766559124,0,0,0,0,0,0,0.333812481164932,0,0,0,0.195214137434959,0,0,0,0,0,0.373037289828062,0,0,0,0,0,0.391062986637865,0,0.423056654632092,0.220954403423128,0.287562161684036,0.29273532183035,0,0.284420803189278
0,0,0,0.138980511982333,0,0,0,0,0,0.155947580004525,0,0,0,0,0,0.185418203473091,0,0.318977355957031,0.320265769846457,0,0,0,0,0,0,0,0,0,0,0,0,0,0,0,0,0.401525670289993,0,0.396175995469093,0,0.351003003120422,0,0.234781712293625,0,0,0,0.355181088050206,0,0.259588845074177,0,0.187730426767043,0,0,0,0,0,0.194476542801693,0,0.225174739956856,0,0,0,0.202067613601685,0.307935357093811,0,0,0,0.155904014002193,0,0,0,0,0,0.319216065108776,0,0,0,0,0,0.41167247011548,0.463694512844086,0.442218324542046,0,0.248692275254757,0,0.215638525026329,0,0
0.136714949599794,0,0,0,0.161615710705519,0.23990024626255,0,0,0.111156037698189,0,0,0,0,0,0,0,0,0,0.284334295071088,0,0,0,0,0,0,0,0,0,0,0,0,0,0,0,0,0,0.253007577525245,0.325985878705978,0.315844133496284,0,0.242993940909704,0.239706337451935,0.262422987776345,0,0,0.220091998577118,0.278300508856773,0.334083236753941,0.241143324913887,0.243897296488285,0.22075873013023,0,0,0,0,0,0.269503338111413,0,0.228696099098991,0,0.209024566979635,0,0,0.262065971675126,0,0,0.236573651432991,0,0,0,0,0,0,0.293944671831496,0,0,0,0,0,0.284976877893011,0.28635647892952,0.339491120091191,0.243419791261355,0.24504113694032,0.267817980815451,0,0.271500730088779
0,0.138980511982333,0,0,0,0.102018107970556,0,0,0,0.157831639916237,0,0,0,0,0,0,0,0.278316617012024,0.267527976206371,0,0,0,0,0,0,0,0,0,0,0,0,0,0,0,0,0.260527470707893,0,0.303351740042369,0,0.255841115309346,0,0.26506845088255,0.279046505689621,0,0,0.326210230588913,0.238482140004635,0.331523845593135,0,0.266358387139108,0,0,0,0,0,0.190823669234912,0.266162365674973,0.27287468619234,0,0.273260479327291,0,0.223165863852822,0.227792736556795,0,0,0,0,0,0,0,0,0,0.306372030859902,0,0,0,0,0,0.308797196700023,0,0.314775559637282,0.269074410200119,0.162016576411677,0.195439178496599,0.238599147096343,0.318977326154709,0
0,0,0.161615710705519,0,0,0,0,0,0.149056917482189,0,0.159502245485783,0,0,0,0.112027764997699,0,0,0,0,0,0.175740960752591,0,0,0,0,0,0,0,0,0,0,0,0,0,0,0.214991956949234,0.215994112193584,0,0,0,0.212595464153723,0,0.232800738319107,0,0,0,0,0,0.258106951912244,0,0.180505002142439,0,0,0,0.172506786882877,0,0,0,0,0,0,0,0,0.22499412894249,0,0,0,0,0,0,0,0,0,0.263020575046539,0,0,0,0,0,0.240014374256134,0,0,0.168409833684564,0,0.200763665884733,0,0
0,0,0.23990024626255,0.102018107970556,0,0,0,0,0,0.187626480504319,0,0,0,0,0,0.117557939141989,0,0,0,0.168883797067862,0,0,0,0,0,0,0,0,0,0,0,0,0,0,0,0.204348847270012,0.205847054719925,0,0,0.206697542416422,0,0.251642564311624,0.25697074085474,0,0,0.209839470684528,0,0.323829859495163,0,0.237152403051203,0,0.194397883766544,0,0.184193923617854,0,0.169240330159664,0,0.276663165539503,0,0.217221297323704,0,0,0.235387598997668,0,0,0,0,0,0,0,0,0,0.278903752565384,0,0,0,0,0,0.224099557036939,0,0,0,0.187526127576828,0.209084696003369,0.215388975168268,0,0
0,0,0,0,0,0,0,0,0,0,0.190246965482976,0,0,0,0,0,0,0,0,0,0,0,0,0,0,0,0,0,0,0,0,0,0,0,0,0,0.149097602814436,0,0,0,0,0,0,0,0,0,0,0,0,0,0.196362998750475,0,0.199303445706436,0,0,0,0.206373310347242,0,0.143901691868387,0,0,0,0,0.157994378358126,0,0,0,0,0,0,0,0,0,0,0,0,0,0,0,0.221780605069021,0,0,0.158938884735107,0,0,0,0
0,0,0,0,0,0,0,0,0,0,0,0.178959654522655,0,0.14312582463026,0,0,0,0,0,0,0,0,0,0,0,0,0,0,0,0,0,0,0,0,0,0,0,0,0,0,0,0,0,0,0,0,0,0,0,0,0,0.166153259575367,0,0.190254201098244,0,0,0,0,0,0,0,0,0,0,0,0,0,0,0,0,0,0,0,0,0,0,0,0,0,0,0,0,0.156952701508999,0,0,0,0
0.128627051909765,0,0.111156037698189,0,0.149056917482189,0,0,0,0,0,0,0,0,0,0.140827461456259,0,0,0,0,0,0,0,0,0,0,0,0,0,0,0,0,0,0,0,0,0,0,0,0.179989961087704,0,0,0.203724965453148,0.169966184323834,0,0,0,0,0,0,0,0.163178430183938,0,0,0,0.1946268890945,0,0,0,0,0,0.202481126599014,0,0,0,0,0,0,0.219864237904549,0,0.153276766339938,0,0,0,0,0,0,0,0,0,0,0,0.182790171653032,0.195213953331113,0.161241398325988,0.179088613225354,0,0
0,0.155947580004525,0,0.157831639916237,0,0.187626480504319,0,0,0,0,0,0,0,0,0,0.178273982376107,0,0.188122808933258,0.276738956570625,0,0,0,0,0.291250458955765,0,0.175417224566142,0,0,0,0,0,0,0,0,0,0,0.203867524862289,0.216279335183288,0.368879854679108,0.245314598083496,0,0.207581629523177,0.252047628164291,0,0,0.22627629339695,0,0.352460639344321,0.413275204598904,0.189124977317723,0,0,0,0,0,0.215554839885998,0,0.236183017492294,0,0,0,0.193373124650184,0,0,0,0.346609055995941,0.27613835578615,0,0,0,0,0,0.299491792917252,0,0,0,0,0,0.251585657397906,0,0.250281698428667,0.380856081843376,0.18907430853481,0.204745714366436,0.22804981699206,0,0
0,0,0,0,0.159502245485783,0,0.190246965482976,0,0,0,0,0,0.148496621847153,0,0,0,0,0,0.484661489725113,0,0.15645225470589,0,0,0,0,0,0,0,0,0,0.154379882007128,0,0,0,0,0,0.154433575895014,0,0.151538569842293,0,0,0,0,0,0,0,0,0,0,0,0,0,0.217848755804629,0,0,0,0.210889447415757,0,0.161160022517045,0,0,0,0,0.209615651714174,0,0,0,0,0,0,0,0,0,0.225049832102024,0,0,0,0,0,0.16708802119789,0,0.169794077543836,0.159308485351921,0,0.287394851446152,0,0
0,0,0,0,0,0,0,0.178959654522655,0,0,0,0,0,0.177606246927205,0,0,0,0,0.428240676720937,0.150216384274619,0,0,0,0,0,0,0,0.0952919900417328,0,0.211040332819877,0,0,0,0,0,0.148501637311918,0,0.17559277972917,0,0.260279881683263,0,0.386933326721191,0,0,0,0.312870586601396,0,0,0,0,0,0,0,0.172000260171244,0,0,0,0.224342542336361,0,0.172578028270176,0,0,0.217687162744805,0,0,0,0,0,0,0,0,0,0.260941501498222,0,0,0,0,0,0.151461140353924,0,0.174519333063193,0,0.155747381262839,0,0.350433148798488,0,0
0,0,0,0,0,0,0,0,0,0,0.148496621847153,0,0,0,0.169954106211662,0,0,0,0,0,0,0,0,0,0,0,0,0,0,0,0,0,0,0,0,0,0,0,0,0,0,0,0,0,0,0,0,0,0,0,0,0,0,0,0,0,0.179755121469498,0,0.163689079225486,0,0.173296225070953,0,0,0,0,0,0,0,0,0,0,0,0,0,0,0,0,0,0,0,0,0,0.171451752384504,0.147560322036346,0,0,0
0,0,0,0,0,0,0,0.14312582463026,0,0,0,0.177606246927205,0,0,0,0.132584719035106,0,0,0,0,0,0,0,0,0,0,0,0,0,0.097847566522401,0,0,0,0,0,0,0,0,0,0,0,0,0,0,0,0,0,0,0,0,0,0,0,0.16975299543456,0,0,0,0.160883262753487,0,0.160120731406329,0,0.127128563821316,0,0,0,0,0,0,0,0,0,0,0.100988985039294,0,0,0,0,0,0,0,0,0,0,0,0,0,0
0,0,0,0,0.112027764997699,0,0,0,0.140827461456259,0,0,0,0.169954106211662,0,0,0,0.120816690226396,0,0,0,0,0,0,0,0,0,0.137217700481415,0,0.133462870923372,0,0,0,0,0,0,0,0,0,0,0,0,0,0,0,0,0,0,0,0,0,0,0,0,0,0.185364040961632,0,0,0,0.186531689550195,0,0.181656546607802,0,0,0,0,0,0,0,0,0,0,0,0,0,0,0,0,0,0,0,0,0,0.184090626984835,0.141408064961433,0,0,0
0,0.185418203473091,0,0,0,0.117557939141989,0,0,0,0.178273982376107,0,0,0,0.132584719035106,0,0,0,0.134247048472872,0,0,0,0,0,0.161290764808655,0,0.131863800436258,0,0,0,0,0,0,0,0,0,0,0,0,0,0,0,0,0,0,0,0,0,0,0,0,0,0.125373172573745,0,0,0,0.173649240423132,0,0,0,0.177820472110962,0,0.208481927920958,0,0,0,0,0.190314343145915,0,0,0,0,0,0,0,0,0,0,0,0,0,0,0,0.146966836518712,0,0.192121610045433,0,0
0,0,0,0,0,0,0,0,0,0,0,0,0,0,0.120816690226396,0,0,0.185650755655653,0.301415452996076,0,0,0.174466234445572,0.13245604837997,0,0.216527117924257,0.185734421014786,0.118723420332758,0,0.141134779090467,0,0,0,0,0,0,0.348122780521711,0.337561732530594,0.329124403851373,0.347219227088822,0.298789117419929,0.310394716925091,0.250537068281375,0.265686064327167,0,0,0.385229468345642,0.304091195734042,0.306420236825943,0.304980129003525,0,0,0,0,0,0,0,0.313827725973996,0.290887653827667,0,0,0,0,0.307607912100278,0.309729748047315,0.166474372148514,0,0,0,0.171003764867783,0,0,0,0.334174203872681,0.320807323736303,0,0,0,0,0.338594261337729,0.328814796865259,0.367853548377752,0.34114895015955,0.198970543383656,0.298563480377197,0.296392842312343,0.258681920667489,0.271148103688444
0,0.318977355957031,0,0.278316617012024,0,0,0,0,0,0.188122808933258,0,0,0,0,0,0.134247048472872,0.185650755655653,0,0.304218585207113,0,0,0.170686749979518,0.242435444146395,0.191625662339039,0,0.140723814936606,0.12895479798317,0.140968184918165,0,0,0,0,0,0,0,0.323538826929556,0.354573468367259,0.329334835211436,0.318880334496498,0.300152957042058,0.292467405647039,0.257960404720037,0.264786392450333,0,0,0.288236892223358,0.295973804261949,0.304071754217148,0,0.275152613719304,0,0,0,0,0,0,0.29887368530035,0.309220443169276,0,0,0,0.135970789986321,0.315749514283556,0.315176817931627,0.164778307080269,0,0.162786160906156,0,0.141470040514398,0,0.148000927153722,0,0.320256196790271,0.304223682199206,0,0,0,0,0.321222538276324,0.334626512868064,0.347838322130533,0.31924342077512,0.200366168706541,0.190727505087852,0.294123096281991,0.276126247118501,0.266364304856821
0.29316158784974,0.320265769846457,0.284334295071088,0.267527976206371,0,0,0,0,0,0.276738956570625,0.484661489725113,0.428240676720937,0,0,0,0,0.301415452996076,0.304218585207113,0,0.370121665298939,0.375277171532313,0.234889805316925,0.273292526602745,0,0,0,0,0,0,0,0,0,0,0,0,0.368784202924415,0.354376292499629,0.36438496504818,0.364483469135159,0.314508535074845,0.323907145714185,0.230318535447577,0.234563073750053,0.475577886167325,0,0.366661115652985,0.320829139390428,0.343434860308965,0.311943132430315,0.301404512064023,0,0,0,0,0,0.265840440988541,0.349116452503949,0.360263315588236,0,0,0.32155379652977,0.292097816864649,0.328617347106614,0.330540120113562,0,0,0,0,0.177278637886047,0,0,0,0.386998088517671,0.359361237406731,0,0,0.316462904214859,0,0.374657507445521,0.370333765808004,0.414031758450038,0.37611765418307,0.249805436224134,0.326544052362442,0.332303237334723,0.231461529676304,0.237979887271082
0,0,0,0,0,0.168883797067862,0,0,0,0,0,0.150216384274619,0,0,0,0,0,0,0.370121665298939,0,0,0,0,0,0,0,0,0,0,0,0,0,0,0,0,0.157533282858081,0,0.155669091793243,0,0.236475108191371,0,0.317486211657524,0,0.443753063678741,0,0.305253368348647,0,0,0,0,0,0.182272261629502,0,0,0,0,0,0.33735329285264,0,0,0,0.270642057061195,0.200671156023057,0,0,0,0,0,0,0,0,0,0,0,0,0,0,0,0.178880109796091,0,0.225367141932976,0,0.16128199310639,0,0.258240259167823,0,0
0,0,0,0,0.175740960752591,0,0,0,0,0,0.15645225470589,0,0,0,0,0,0,0,0.375277171532313,0,0,0,0,0,0,0,0,0,0,0,0,0,0,0,0,0,0.161983116938453,0,0.155139739113348,0.28697258234024,0.265864737331867,0,0.227569311857224,0,0,0,0.268282572428385,0,0.216689862310886,0,0.153099894523621,0,0,0,0,0,0.193800652256379,0,0.283075302839279,0,0,0,0,0.225378135115234,0,0,0,0,0,0,0,0,0,0,0,0,0,0,0,0.187898513859064,0,0.225294646841508,0.17584889144265,0.214966323445825,0.25497926887378,0.277172237634659,0
0,0,0,0,0,0,0,0,0,0,0,0,0,0,0,0,0.174466234445572,0.170686749979518,0.234889805316925,0,0,0,0.103400590611093,0.19166078332525,0,0.159556214298521,0,0.16301079023452,0,0,0,0,0,0,0,0,0,0.248319972000022,0.150000107008964,0,0,0.255060493946075,0,0,0,0,0,0.495060987197436,0.469178378582001,0.350219049287397,0,0,0,0,0,0,0,0,0,0,0,0,0,0,0.201061203278532,0,0.200846298786623,0.41233292222023,0.157567963004112,0,0.225655356049538,0,0,0,0,0,0,0,0,0,0.273897485680777,0.353593170642853,0.164236472635536,0.188515638311704,0.287490863549082,0,0
0,0,0,0,0,0,0,0,0,0,0,0,0,0,0,0,0.13245604837997,0.242435444146395,0.273292526602745,0,0,0.103400590611093,0,0,0.19313714791869,0,0.150741980834441,0,0.182813896825819,0,0,0,0,0,0,0,0,0,0.219822244411453,0,0,0.371093511581421,0.331149339675903,0,0,0,0,0.410332046208843,0.262672201975396,0,0,0,0,0,0,0,0,0,0,0,0,0,0,0,0,0.198966426823708,0.419091820716858,0.220645891395884,0,0.284926638007164,0,0.29495412295454,0,0,0,0,0,0,0,0.378425270318985,0,0.247411403030876,0.169491233259439,0.116278899212678,0.328416502475739,0,0
0,0,0,0,0,0,0,0,0,0.291250458955765,0,0,0,0,0,0.161290764808655,0,0.191625662339039,0,0,0,0.19166078332525,0,0,0,0.180585185538477,0,0,0,0,0,0,0,0,0,0,0,0.206584384488432,0.373648419976234,0,0,0.26125373265573,0.235898673534393,0,0,0,0,0.41651365492079,0.460960328578949,0.188484306931496,0,0,0,0,0,0.294173508172943,0,0,0,0,0,0.166902720928192,0,0,0.18193094902917,0,0.205696701051228,0,0,0,0,0,0,0,0,0,0,0,0,0,0.158064019164214,0,0.212515564399889,0,0.272552513864619,0,0
0,0,0,0,0,0,0,0,0,0,0,0,0,0,0,0,0.216527117924257,0,0,0,0,0,0.19313714791869,0,0,0,0.134070221334696,0,0,0,0,0,0,0,0,0,0,0.4598468542099,0.147405233891571,0,0,0.318483978509903,0,0,0,0,0,0.456187834342321,0.276058744925719,0,0,0,0,0,0.240106115738551,0,0,0,0,0,0,0,0,0,0,0.26325257508843,0,0.202999507944132,0,0.16875611907906,0,0,0,0,0,0,0,0,0,0,0,0.246029283744948,0.20193088054657,0.380149006843567,0.333889392018318,0,0
0,0,0,0,0,0,0,0,0,0.175417224566142,0,0,0,0,0,0.131863800436258,0.185734421014786,0.140723814936606,0,0,0,0.159556214298521,0,0.180585185538477,0,0,0,0.149980837013572,0,0,0,0,0,0,0,0,0,0,0,0,0,0,0,0,0,0,0,0,0,0,0,0,0,0,0,0.212126076221466,0,0,0,0,0,0.131179213523865,0,0,0.18727862391066,0,0.179579387872647,0,0.179411787602156,0,0.157583422958851,0,0,0,0,0,0,0,0,0,0,0,0.159280217450517,0,0.175920814275742,0,0
0,0,0,0,0,0,0,0,0,0,0,0,0,0,0.137217700481415,0,0.118723420332758,0.12895479798317,0,0,0,0,0.150741980834441,0,0.134070221334696,0,0,0,0.166159956902266,0,0,0,0,0,0,0,0,0,0,0,0,0,0,0,0,0,0,0,0,0,0,0,0,0,0,0,0,0,0,0,0,0,0,0,0,0.143482850148128,0,0.114365756511688,0,0.163054019212723,0,0.142938986420631,0,0,0,0,0,0,0,0,0,0,0.176657125353813,0,0,0,0
0,0,0,0,0,0,0,0,0,0,0,0.0952919900417328,0,0,0,0,0,0.140968184918165,0,0,0,0.16301079023452,0,0,0,0.149980837013572,0,0,0,0.0979016526387288,0,0,0,0,0,0,0,0,0,0,0,0,0,0,0,0,0,0,0,0,0,0,0,0,0,0,0,0.185251951217651,0,0,0,0,0,0,0.162163516879082,0,0,0,0.178652640594089,0,0.165147993467852,0,0.139998993215462,0,0,0,0,0,0,0,0.176359886160264,0,0.141748220970233,0,0,0,0
0,0,0,0,0,0,0,0,0,0,0,0,0,0,0.133462870923372,0,0.141134779090467,0,0,0,0,0,0.182813896825819,0,0,0,0.166159956902266,0,0,0,0.153801928345974,0,0,0,0,0,0,0,0.140472307801247,0,0,0,0,0,0,0,0,0,0,0,0,0,0,0,0,0,0,0,0,0,0.175347745418549,0,0,0,0,0.172551287710667,0,0,0,0.163804440121902,0,0.183886935942558,0,0.17165655195713,0,0,0,0,0,0,0,0.160274133086205,0.183992319486358,0,0,0,0
0,0,0,0,0,0,0,0,0,0,0,0.211040332819877,0,0.097847566522401,0,0,0,0,0,0,0,0,0,0,0,0,0,0.0979016526387288,0,0,0,0,0,0,0,0.225936025381088,0,0.189218945801258,0,0,0,0,0,0,0,0,0,0,0,0,0,0,0,0,0,0,0,0.254911497749131,0,0,0,0,0,0,0,0,0,0,0,0,0.0967133572059018,0,0.216723087388512,0,0,0,0,0,0,0,0.224251645785498,0,0.191365170292556,0,0,0,0
0,0,0,0,0,0,0,0,0,0,0.154379882007128,0,0,0,0,0,0,0,0,0,0,0,0,0,0,0,0,0,0.153801928345974,0,0,0,0,0,0,0,0,0,0.154535674158996,0,0,0,0,0,0,0,0,0,0,0,0,0,0,0,0,0,0.163081863482526,0,0,0,0,0,0,0,0,0,0,0,0,0,0,0,0,0.193458113742766,0,0,0,0,0,0,0,0.211235925555229,0.138148277997971,0,0,0,0
0,0,0,0,0,0,0,0,0,0,0,0,0,0,0,0,0,0,0,0,0,0,0,0,0,0,0,0,0,0,0,0,0.169849219382741,0.32159111003081,0.165980553289629,0.183132155416295,0.165392877200976,0,0,0,0.576163119077682,0,0,0,0,0,0,0.527235006692573,0.55292232417398,0.534109969933828,0,0,0,0,0,0,0,0,0,0,0,0,0,0,0,0,0,0,0,0,0,0,0,0,0.297688672952125,0.169678557993368,0.236482709646225,0.156783655285835,0.268878634637052,0.154614306986332,0,0,0.273620645609351,0,0,0,0
0,0,0,0,0,0,0,0,0,0,0,0,0,0,0,0,0,0,0,0,0,0,0,0,0,0,0,0,0,0,0,0.169849219382741,0,0.179858200606846,0.341885817795992,0.113716874404677,0.143898716951544,0,0,0,0,0,0,0,0,0,0,0.475955215525137,0.488836616277695,0,0,0,0,0,0,0,0,0,0,0,0,0,0,0,0,0,0,0,0,0,0,0,0,0,0.231164574994091,0.258696395552234,0,0.230019142230352,0.599784500069088,0.186808316053739,0,0,0.169756355030196,0,0,0,0
0,0,0,0,0,0,0,0,0,0,0,0,0,0,0,0,0,0,0,0,0,0,0,0,0,0,0,0,0,0,0,0.32159111003081,0.179858200606846,0,0.18318668884706,0.162182153687731,0.128003427297132,0.268832156207503,0.395819483697414,0,0,0,0,0,0,0,0,0.410966001885331,0.517295479774475,0.457930475473404,0,0,0,0,0,0,0,0,0,0,0,0,0,0,0,0,0,0,0,0,0,0,0,0,0.239475922111203,0.221385481291347,0.185307038683017,0.17815691754443,0.216530689015621,0,0.288176394122488,0,0.195556309658523,0,0.534276306629181,0,0
0,0,0,0,0,0,0,0,0,0,0,0,0,0,0,0,0,0,0,0,0,0,0,0,0,0,0,0,0,0,0,0.165980553289629,0.341885817795992,0.18318668884706,0,0,0.16364363462462,0.261886405397435,0.23287502383431,0,0,0,0,0,0,0,0,0.42170733274892,0,0,0,0,0,0,0,0,0,0,0,0,0,0,0,0,0,0,0,0,0,0,0,0,0,0,0,0.257701888349321,0.167815535049128,0.223864901210398,0,0.195276635210469,0.169854000081187,0.262121621747406,0.181960385454738,0,0,0,0
0,0.401525670289993,0,0.260527470707893,0.214991956949234,0.204348847270012,0,0,0,0,0,0.148501637311918,0,0,0,0,0.348122780521711,0.323538826929556,0.368784202924415,0.157533282858081,0,0,0,0,0,0,0,0,0,0.225936025381088,0,0.183132155416295,0.113716874404677,0.162182153687731,0,0,0.164956323087475,0.186096418484478,0.131585940718651,0.314316926524043,0.34825524687767,0.317170277090356,0.317603841423988,0.45130315721035,0,0.328289259208274,0.261028458674749,0.431372788953192,0,0.31754145398736,0,0.224757023547825,0,0,0,0,0.319298893213272,0.226121028178725,0,0.243982597782805,0,0.236821468059833,0.180043134812894,0.307307034730911,0,0,0,0,0,0,0,0,0.337806927306311,0.322791025042534,0.213319500338581,0.155592002673075,0.203030365502043,0,0.219746717338515,0.190750394347548,0.256685916702082,0.458889335393906,0.183204024566152,0.177792472420908,0.264306549688959,0.34705422706902,0.302310248215993
0,0,0.253007577525245,0,0.215994112193584,0.205847054719925,0.149097602814436,0,0,0.203867524862289,0.154433575895014,0,0,0,0,0,0.337561732530594,0.354573468367259,0.354376292499629,0,0.161983116938453,0,0,0,0,0,0,0,0,0,0,0.165392877200976,0.143898716951544,0.128003427297132,0.16364363462462,0.164956323087475,0,0,0.197543592340848,0,0.237125696568954,0,0.323518228836549,0,0,0,0.261244667501285,0.470441731666365,0.265576835120878,0,0.252736687660217,0,0,0,0,0,0.180171456823989,0.336949735879898,0,0,0,0,0,0.20724420934846,0,0,0,0,0,0,0,0,0,0.289199590682983,0.512505073589508,0.238291292705319,0.130457323292891,0.202009647135057,0.365975075634196,0.216748907779132,0,0.239804400145356,0.168961795072545,0.184356010242295,0.225234129017937,0,0.356818549773272
0,0.396175995469093,0.325985878705978,0.303351740042369,0,0,0,0,0,0.216279335183288,0,0.17559277972917,0,0,0,0,0.329124403851373,0.329334835211436,0.36438496504818,0.155669091793243,0,0.248319972000022,0,0.206584384488432,0.4598468542099,0,0,0,0,0.189218945801258,0,0,0,0.268832156207503,0.261886405397435,0.186096418484478,0,0,0.201593682071781,0.352922908961773,0.315526813268661,0.299303066781443,0.333736884323033,0.433444462716579,0,0.337547511558666,0,0.543130066150056,0.565486120326178,0.476906179718367,0,0,0,0,0,0.227804150552519,0,0.214467419345686,0,0.373623251914978,0,0,0.241810744684139,0.312387645244598,0.284437760655115,0,0.23156270464413,0.530960619449615,0,0,0,0,0.205386307090521,0,0,0,0.183450331140695,0,0.248984181517721,0.288768112659454,0.237577846866902,0.307919842214921,0.246175965028952,0.193553116242841,0.427678463382458,0.33860456602914,0
0,0,0.315844133496284,0,0,0,0,0,0.179989961087704,0.368879854679108,0.151538569842293,0,0,0,0,0,0.347219227088822,0.318880334496498,0.364483469135159,0,0.155139739113348,0.150000107008964,0.219822244411453,0.373648419976234,0.147405233891571,0,0,0,0.140472307801247,0,0.154535674158996,0,0,0.395819483697414,0.23287502383431,0.131585940718651,0.197543592340848,0.201593682071781,0,0,0.297774253747402,0.435253012638826,0.338790208546083,0,0,0,0.314518536754589,0.634453654653714,0.393212195140185,0.505935566765921,0,0,0,0,0.199086593866631,0,0.18066377994087,0,0,0,0,0,0.402099713683128,0.271310077293923,0,0.290625849165595,0.42790462821722,0.217432591222948,0,0,0,0,0,0.17773290530399,0,0,0,0.251574703649189,0.382937798897425,0.255309245225551,0.165607303209688,0.239957582812863,0.253775980689355,0.249685275813808,0.429487828665705,0,0.35354837847919
0,0.351003003120422,0,0.255841115309346,0,0.206697542416422,0,0,0,0.245314598083496,0,0.260279881683263,0,0,0,0,0.298789117419929,0.300152957042058,0.314508535074845,0.236475108191371,0.28697258234024,0,0,0,0,0,0,0,0,0,0,0,0,0,0,0.314316926524043,0,0.352922908961773,0,0,0.339409923553467,0.303649371499618,0.274895025151117,0.342131927609444,0,0.228752272018534,0.278482288122177,0.357035515473244,0.294412225484848,0.222123321417409,0,0.208691194653511,0,0,0,0.247673749923706,0.318836867809296,0.277684515055556,0,0.241099808703769,0,0.237678136895685,0.31292494557522,0.304600760340691,0,0,0,0,0,0,0,0,0.289708189703339,0.316539934703282,0,0,0.45008809864521,0,0.283606555446523,0.346006388625791,0.303270576385463,0.344633091241121,0.298869035569171,0.30270675222079,0.291190498942828,0.30080636617649,0.260171845555305
0.482212737202644,0,0.242993940909704,0,0.212595464153723,0,0,0,0,0,0,0,0,0,0,0,0.310394716925091,0.292467405647039,0.323907145714185,0,0.265864737331867,0,0,0,0,0,0,0,0,0,0,0.576163119077682,0,0,0,0.34825524687767,0.237125696568954,0.315526813268661,0.297774253747402,0.339409923553467,0,0.25835984647274,0.27336872071532,0,0,0.218940049409866,0.293597287407108,0.524036886024225,0.316390148740189,0,0.236749119228787,0,0,0,0,0,0.263705194689507,0.268147468566895,0,0,0,0,0.464232891798019,0.240378060093672,0,0,0,0,0,0,0,0,0,0.284221478046909,0.570029477278391,0,0,0,0.340483321863062,0.238619356042083,0.372661679983139,0.286009686637898,0.291793035189493,0.243211951966469,0.272654161699566,0.296214908361435,0.349494775783184
0,0.234781712293625,0.239706337451935,0.26506845088255,0,0.251642564311624,0,0,0.203724965453148,0.207581629523177,0,0.386933326721191,0,0,0,0,0.250537068281375,0.257960404720037,0.230318535447577,0.317486211657524,0,0.255060493946075,0.371093511581421,0.26125373265573,0.318483978509903,0,0,0,0,0,0,0,0,0,0,0.317170277090356,0,0.299303066781443,0.435253012638826,0.303649371499618,0.25835984647274,0,0.243023504186336,0,0,0.284594225883484,0.301201209425926,0.387330341670248,0.424527619372715,0.354925508544745,0,0.261831343173981,0,0,0,0.218438072211069,0.274005174636841,0.315839063222899,0,0.257662485043208,0,0.261559782815831,0.32692984487821,0.28321081896623,0,0.44225612282753,0.272309324145317,0.472517589728038,0,0,0,0,0.314915193164495,0.264025748707354,0,0,0.335590213537216,0,0.314407338962302,0.287964303906147,0.339587099867149,0.378137019702366,0.280080006741086,0.315118018277856,0.316014727565001,0.225261379302625,0.19120009128864
0.313040162890385,0,0.262422987776345,0.279046505689621,0.232800738319107,0.25697074085474,0,0,0.169966184323834,0.252047628164291,0,0,0,0,0,0,0.265686064327167,0.264786392450333,0.234563073750053,0,0.227569311857224,0,0.331149339675903,0.235898673534393,0,0,0,0,0,0,0,0,0,0,0,0.317603841423988,0.323518228836549,0.333736884323033,0.338790208546083,0.274895025151117,0.27336872071532,0.243023504186336,0,0,0,0.262277513742447,0.303425218402476,0.367782282034556,0.335734550717526,0.318193276723226,0.250429975134986,0,0,0,0.169203015989152,0.26735046505928,0.340737868275484,0.286218712727229,0.340460160374641,0,0.254580795764923,0.271666578948498,0.253112718462944,0.321835101770454,0,0,0.270778328180313,0,0,0,0,0,0.284304794338014,0.322355038905476,0,0,0,0,0.30002860090834,0.313559227201152,0.319325191900134,0.358321388088441,0.264659897955897,0.292568657403955,0.294325713710653,0.225873325358738,0.242618298851976
0,0,0,0,0,0,0,0,0,0,0,0,0,0,0,0,0,0,0.475577886167325,0.443753063678741,0,0,0,0,0,0,0,0,0,0,0,0,0,0,0,0.45130315721035,0,0.433444462716579,0,0.342131927609444,0,0,0,0,0,0,0.281375169754028,0,0,0.38570961356163,0,0,0,0,0,0,0,0.447141655853816,0,0,0,0,0.351146399974823,0,0,0,0,0,0,0,0,0,0.451738236205918,0,0,0,0,0,0.464108669480612,0,0.500480320304632,0.463682949542999,0.394878268241882,0,0.460761402661984,0.393005073070526,0
0,0,0,0,0,0,0,0,0,0,0,0,0,0,0,0,0,0,0,0,0,0,0,0,0,0,0,0,0,0,0,0,0,0,0,0,0,0,0,0,0,0,0,0,0,0,0,0,0,0,0,0,0,0,0,0,0,0,0,0,0,0,0,0,0,0,0,0,0,0,0,0,0,0,0,0,0,0,0,0,0,0,0,0,0,0,0
0,0.355181088050206,0.220091998577118,0.326210230588913,0,0.209839470684528,0,0,0,0.22627629339695,0,0.312870586601396,0,0,0,0,0.385229468345642,0.288236892223358,0.366661115652985,0.305253368348647,0,0,0,0,0,0,0,0,0,0,0,0,0,0,0,0.328289259208274,0,0.337547511558666,0,0.228752272018534,0.218940049409866,0.284594225883484,0.262277513742447,0,0,0,0.230933014303446,0.313099231570959,0.406999349594116,0.27733324976956,0,0.232544725139936,0,0,0,0.23815244436264,0.274959701299667,0.326932049979848,0,0.26110490038991,0,0.229802926070988,0.272229518473538,0,0,0,0,0,0,0,0,0,0.353183237711589,0,0,0,0,0,0.286403506578114,0.293647736310959,0.35861300312611,0.288072854280472,0.27848447905137,0.208121976256371,0.304807307531959,0.279844641685486,0
0.338185203075409,0,0.278300508856773,0.238482140004635,0,0,0,0,0,0,0,0,0,0,0,0,0.304091195734042,0.295973804261949,0.320829139390428,0,0.268282572428385,0,0,0,0,0,0,0,0,0,0,0,0,0,0,0.261028458674749,0.261244667501285,0,0.314518536754589,0.278482288122177,0.293597287407108,0.301201209425926,0.303425218402476,0.281375169754028,0,0.230933014303446,0,0.329963743686676,0.260590050369501,0,0.256968975067139,0,0,0,0,0,0.286930030164046,0.290119677782059,0,0.258321613073349,0,0.234415650367737,0.291799128055573,0.33980164078809,0,0,0,0,0,0,0,0,0.343864411115646,0.306389111921052,0,0,0,0.344946831464767,0.332381155341864,0.273359682512298,0.308241158723831,0.320610594161527,0.293895222359534,0.25246554026098,0.327080194563135,0,0.302018330097198
0,0.259588845074177,0.334083236753941,0.331523845593135,0,0.323829859495163,0,0,0,0.352460639344321,0,0,0,0,0,0,0.306420236825943,0.304071754217148,0.343434860308965,0,0,0.495060987197436,0.410332046208843,0.41651365492079,0.456187834342321,0,0,0,0,0,0,0.527235006692573,0.475955215525137,0.410966001885331,0.42170733274892,0.431372788953192,0.470441731666365,0.543130066150056,0.634453654653714,0.357035515473244,0.524036886024225,0.387330341670248,0.367782282034556,0,0,0.313099231570959,0.329963743686676,0,0.530708325294996,0.445139881168618,0,0,0,0,0,0.365308977663517,0.34109166264534,0.347951105662755,0,0,0,0.323146350681782,0.322122603654861,0.226383857429028,0.489863802989324,0.413743693094987,0.433978034899785,0.473712971335963,0,0,0,0,0.326321616768837,0.28867381811142,0.498154890787157,0.443872934193724,0.532916300973775,0.289854267698068,0.417082759159889,0.370674927446888,0.550769568087164,0.673767441922221,0.519594407297279,0.360933661460876,0.526905168951956,0,0
0.162998938134738,0,0.241143324913887,0,0.258106951912244,0,0,0,0,0.413275204598904,0,0,0,0,0,0,0.304980129003525,0,0.311943132430315,0,0.216689862310886,0.469178378582001,0.262672201975396,0.460960328578949,0.276058744925719,0,0,0,0,0,0,0.55292232417398,0.488836616277695,0.517295479774475,0,0,0.265576835120878,0.565486120326178,0.393212195140185,0.294412225484848,0.316390148740189,0.424527619372715,0.335734550717526,0,0,0.406999349594116,0.260590050369501,0.530708325294996,0,0.465371991648818,0.24850669503212,0,0,0,0.196548007428646,0,0.287143796682358,0,0.267799980842914,0,0.219699963441362,0.250063896179199,0,0.309026593342423,0,0.29307585223742,0.482491478323936,0.319091427545337,0,0.286431729793549,0,0.308857904828113,0,0.296897102457782,0.508040331304073,0.540365012628692,0.449105829000473,0.485548704862595,0.436257898807526,0.329595928484539,0.425852179527283,0.288592548180393,0.44336187125755,0.270596859164727,0.363146390765905,0,0.281692976752917
0,0.187730426767043,0.243897296488285,0.266358387139108,0,0.237152403051203,0,0,0,0.189124977317723,0,0,0,0,0,0,0,0.275152613719304,0.301404512064023,0,0,0.350219049287397,0,0.188484306931496,0,0,0,0,0,0,0,0.534109969933828,0,0.457930475473404,0,0.31754145398736,0,0.476906179718367,0.505935566765921,0.222123321417409,0,0.354925508544745,0.318193276723226,0.38570961356163,0,0.27733324976956,0,0.445139881168618,0.465371991648818,0,0,0.256711632013321,0,0,0,0.241882828729493,0,0.258659514733869,0,0.240189300229152,0,0.233577446142832,0.306795049990926,0,0.318723011376529,0,0.304450202924319,0.510955974459648,0.228417709469795,0,0.22614349424839,0,0.246821405497235,0,0,0,0.454848400644354,0,0.244676382384802,0,0.334280654958122,0.481514319777489,0.378018790411193,0.29339154958725,0.313354993675583,0.275965472062429,0
0,0,0.22075873013023,0,0.180505002142439,0,0.196362998750475,0,0.163178430183938,0,0,0,0,0,0,0,0,0,0,0,0.153099894523621,0,0,0,0,0,0,0,0,0,0,0,0,0,0,0,0.252736687660217,0,0,0,0.236749119228787,0,0.250429975134986,0,0,0,0.256968975067139,0,0.24850669503212,0,0,0,0.203405383229256,0,0.18916605040431,0,0.23748883364662,0,0.217693790793419,0,0.226688920937735,0,0,0.276074672738711,0,0,0,0,0,0,0,0,0,0.26871387163798,0,0,0,0,0,0.240754909813404,0,0,0.178522154688835,0,0.260414361084018,0,0
0,0,0,0,0,0.194397883766544,0,0.166153259575367,0,0,0,0,0,0,0,0.125373172573745,0,0,0,0.182272261629502,0,0,0,0,0,0,0,0,0,0,0,0,0,0,0,0.224757023547825,0,0,0,0.208691194653511,0,0.261831343173981,0,0,0,0.232544725139936,0,0,0,0.256711632013321,0,0,0,0,0,0.191341683268547,0,0.285537764430046,0,0,0,0.224744483828545,0.285321125102614,0,0,0,0,0,0,0,0,0,0,0,0,0,0,0,0.232257720870031,0,0.339661121368408,0,0.166156137486299,0.216367764740574,0.247806431282134,0,0
0,0,0,0,0,0,0.199303445706436,0,0,0,0.217848755804629,0,0,0,0,0,0,0,0,0,0,0,0,0,0,0,0,0,0,0,0,0,0,0,0,0,0,0,0,0,0,0,0,0,0,0,0,0,0,0,0.203405383229256,0,0,0,0,0,0.221171733835784,0,0.145464971661568,0,0,0,0,0.169075840285846,0,0,0,0,0,0,0,0,0,0,0,0,0,0,0,0,0,0,0.187109988668691,0,0,0,0
0,0,0,0,0,0.184193923617854,0,0.190254201098244,0,0,0,0.172000260171244,0,0.16975299543456,0,0,0,0,0,0,0,0,0,0,0,0,0,0,0,0,0,0,0,0,0,0,0,0,0,0,0,0,0,0,0,0,0,0,0,0,0,0,0,0,0,0,0,0.147935211658478,0,0,0,0,0,0,0,0,0,0,0,0,0,0,0,0,0,0,0,0,0,0,0,0,0.163822652565108,0,0,0,0
0.160132258546119,0,0,0,0.172506786882877,0,0,0,0.1946268890945,0,0,0,0,0,0.185364040961632,0,0,0,0,0,0,0,0,0,0.240106115738551,0,0,0,0,0,0,0,0,0,0,0,0,0,0.199086593866631,0,0,0,0.169203015989152,0,0,0,0,0,0.196548007428646,0,0.18916605040431,0,0,0,0,0,0,0,0,0,0.229748651284331,0,0,0,0,0,0,0.236169382002344,0,0,0,0,0,0,0,0,0,0,0,0,0,0.188865139333527,0.172332718753986,0,0.208360568888141,0,0
0,0.194476542801693,0,0.190823669234912,0,0.169240330159664,0,0,0,0.215554839885998,0,0,0,0,0,0.173649240423132,0,0,0.265840440988541,0,0,0,0,0.294173508172943,0,0.212126076221466,0,0,0,0,0,0,0,0,0,0,0,0.227804150552519,0,0.247673749923706,0,0.218438072211069,0.26735046505928,0,0,0.23815244436264,0,0.365308977663517,0,0.241882828729493,0,0.191341683268547,0,0,0,0,0,0.238488924689591,0,0,0,0.192811659820702,0.208676154414813,0,0,0,0.201446015919958,0,0,0,0,0,0.273309897850541,0,0,0,0,0,0,0.313398808240891,0.231166076931086,0,0.215445464578542,0.238422311842442,0.235769473492899,0,0
0.32617766559124,0,0.269503338111413,0.266162365674973,0,0,0.206373310347242,0,0,0,0.210889447415757,0,0.179755121469498,0,0,0,0.313827725973996,0.29887368530035,0.349116452503949,0,0.193800652256379,0,0,0,0,0,0,0,0,0,0.163081863482526,0,0,0,0,0.319298893213272,0.180171456823989,0,0.18066377994087,0.318836867809296,0.263705194689507,0.274005174636841,0.340737868275484,0,0,0.274959701299667,0.286930030164046,0.34109166264534,0.287143796682358,0,0.23748883364662,0,0.221171733835784,0,0,0,0,0.283365845680237,0.24710276740992,0,0.236890090296143,0,0,0.297871821070627,0,0,0,0,0,0,0,0.312812318404516,0,0.305956181742625,0,0,0,0,0.293569676578045,0.316225468888319,0,0.297594176203597,0.246743131228546,0.340174414894798,0.331079027045443,0,0.341145863366681
0,0.225174739956856,0,0.27287468619234,0,0.276663165539503,0,0,0,0.236183017492294,0,0.224342542336361,0,0.160883262753487,0,0,0.290887653827667,0.309220443169276,0.360263315588236,0.33735329285264,0,0,0,0,0,0,0,0.185251951217651,0,0.254911497749131,0,0,0,0,0,0.226121028178725,0.336949735879898,0.214467419345686,0,0.277684515055556,0.268147468566895,0.315839063222899,0.286218712727229,0.447141655853816,0,0.326932049979848,0.290119677782059,0.347951105662755,0,0.258659514733869,0,0.285537764430046,0,0.147935211658478,0,0.238488924689591,0.283365845680237,0,0,0.215660013890628,0,0.24966319331101,0.356321806931783,0,0,0,0,0,0,0,0.246299535036087,0,0.31935809481144,0.316598534584045,0,0,0.356620490550995,0,0.299841166536013,0.27012924849987,0.268721879989493,0,0.250523512904991,0.327687665172245,0.292757597292203,0.334160258372625,0
0,0,0.228696099098991,0,0,0,0.143901691868387,0,0,0,0.161160022517045,0,0.163689079225486,0,0.186531689550195,0,0,0,0,0,0.283075302839279,0,0,0,0,0,0,0,0,0,0,0,0,0,0,0,0,0,0,0,0,0,0.340460160374641,0,0,0,0,0,0.267799980842914,0,0.217693790793419,0,0.145464971661568,0,0,0,0.24710276740992,0,0,0,0.198435849130706,0,0,0.364744573831558,0,0,0,0,0,0.248269539858614,0,0.279511964462441,0,0.326285639156898,0,0,0,0,0,0,0,0.34492601454258,0.144339936283919,0.135916700959206,0.292482351213394,0,0
0,0,0,0.273260479327291,0,0.217221297323704,0,0,0,0,0,0.172578028270176,0,0.160120731406329,0,0.177820472110962,0,0,0,0,0,0,0,0,0,0,0,0,0,0,0,0,0,0,0,0.243982597782805,0,0.373623251914978,0,0.241099808703769,0,0.257662485043208,0,0,0,0.26110490038991,0.258321613073349,0,0,0.240189300229152,0,0,0,0,0,0,0,0.215660013890628,0,0,0,0.196323310124113,0.302300755289339,0,0,0,0,0,0,0,0.197725012898445,0,0.286003410816193,0,0,0,0,0,0.252200590044844,0,0,0,0.233164019309557,0.232427189747492,0.264543214460482,0,0
0,0,0.209024566979635,0,0,0,0,0,0.202481126599014,0,0,0,0.173296225070953,0,0.181656546607802,0,0,0,0.32155379652977,0,0,0,0,0,0,0,0,0,0.175347745418549,0,0,0,0,0,0,0,0,0,0,0,0,0,0.254580795764923,0,0,0,0,0,0.219699963441362,0,0.226688920937735,0,0,0,0.229748651284331,0,0.236890090296143,0,0.198435849130706,0,0,0,0,0,0,0,0,0.197335576309877,0,0.251812598534993,0,0.236736797234591,0,0.323185395110737,0,0,0,0,0,0,0,0.341230988502502,0.180651858448982,0,0.242607136934318,0,0
0,0.202067613601685,0,0.223165863852822,0,0,0,0,0,0.193373124650184,0,0,0,0.127128563821316,0,0.208481927920958,0,0.135970789986321,0.292097816864649,0.270642057061195,0,0,0,0.166902720928192,0,0.131179213523865,0,0,0,0,0,0,0,0,0,0.236821468059833,0,0,0,0.237678136895685,0,0.261559782815831,0.271666578948498,0,0,0.229802926070988,0.234415650367737,0.323146350681782,0.250063896179199,0.233577446142832,0,0.224744483828545,0,0,0,0.192811659820702,0,0.24966319331101,0,0.196323310124113,0,0,0.260636426070157,0,0,0,0,0,0.196217514574528,0,0,0,0.291888741346506,0,0,0,0,0,0.258976559924043,0,0.308507964015007,0,0.191554063172252,0.225834958255291,0.244870721210133,0.237221531569958,0
0,0.307935357093811,0,0.227792736556795,0,0.235387598997668,0,0,0,0,0,0.217687162744805,0,0,0,0,0.307607912100278,0.315749514283556,0.328617347106614,0.200671156023057,0,0,0,0,0,0,0,0,0,0,0,0,0,0,0,0.180043134812894,0,0.241810744684139,0.402099713683128,0.31292494557522,0.464232891798019,0.32692984487821,0.253112718462944,0.351146399974823,0,0.272229518473538,0.291799128055573,0.322122603654861,0,0.306795049990926,0,0.285321125102614,0,0,0,0.208676154414813,0,0.356321806931783,0,0.302300755289339,0,0.260636426070157,0,0.346222192049026,0,0,0,0,0,0,0,0,0.386033927413482,0,0,0,0,0,0.260694346856216,0.363510521975431,0.326234288580482,0.403121262788773,0.266106396834056,0.254882595860041,0.313433762214728,0.287178946038087,0
0.333812481164932,0,0.262065971675126,0,0.22499412894249,0,0.157994378358126,0,0,0,0.209615651714174,0,0,0,0,0,0.309729748047315,0.315176817931627,0.330540120113562,0,0.225378135115234,0,0,0,0,0,0,0,0,0,0,0,0,0,0,0.307307034730911,0.20724420934846,0.312387645244598,0.271310077293923,0.304600760340691,0.240378060093672,0.28321081896623,0.321835101770454,0,0,0,0.33980164078809,0.226383857429028,0.309026593342423,0,0.276074672738711,0,0.169075840285846,0,0,0,0.297871821070627,0,0.364744573831558,0,0,0,0.346222192049026,0,0,0,0,0,0,0,0,0,0.294676423072815,0.361099274193539,0,0,0,0,0.335221695549348,0.270855901177416,0.395222790539265,0.347794923754926,0.27540226936295,0.279450449805993,0.345540527642196,0,0.322392221008028
0,0,0,0,0,0,0,0,0,0,0,0,0,0,0,0,0.166474372148514,0.164778307080269,0,0,0,0.201061203278532,0,0.18193094902917,0,0.18727862391066,0,0.162163516879082,0,0,0,0,0,0,0,0,0,0.284437760655115,0,0,0,0,0,0,0,0,0,0.489863802989324,0,0.318723011376529,0,0,0,0,0,0,0,0,0,0,0,0,0,0,0,0,0.271451656927844,0,0.230843177292405,0,0.255107513606548,0,0,0,0,0,0,0,0,0,0.287473076942396,0,0.164923629929534,0.392210066318512,0.405003815889359,0,0
0,0,0,0,0,0,0,0,0,0.346609055995941,0,0,0,0,0,0,0,0,0,0,0,0,0.198966426823708,0,0.26325257508843,0,0.143482850148128,0,0.172551287710667,0,0,0,0,0,0,0,0,0,0.290625849165595,0,0,0.44225612282753,0,0,0,0,0,0.413743693094987,0.29307585223742,0,0,0,0,0,0,0,0,0,0,0,0,0,0,0,0,0,0.464983433485031,0.285763114571412,0,0.268091050595692,0,0.319273764345991,0,0,0,0,0,0,0,0,0.476034969091415,0.296705932690288,0.183952332703305,0,0.360636728505294,0,0
0,0.155904014002193,0.236573651432991,0,0,0,0,0,0,0.27613835578615,0,0,0,0,0,0.190314343145915,0,0.162786160906156,0,0,0,0.200846298786623,0.419091820716858,0.205696701051228,0,0.179579387872647,0,0,0,0,0,0,0,0,0,0,0,0.23156270464413,0.42790462821722,0,0,0.272309324145317,0.270778328180313,0,0,0,0,0.433978034899785,0.482491478323936,0.304450202924319,0,0,0,0,0,0.201446015919958,0,0,0,0,0,0,0,0,0.271451656927844,0.464983433485031,0,0,0.227385644729321,0,0,0,0,0,0,0,0,0,0,0,0.250716865062714,0.458097256720066,0.224948747304021,0,0.301824329530492,0,0
0.195214137434959,0,0,0,0,0,0,0,0.219864237904549,0,0,0,0,0,0,0,0,0,0,0,0,0.41233292222023,0.220645891395884,0,0.202999507944132,0,0.114365756511688,0,0,0,0,0,0,0,0,0,0,0.530960619449615,0.217432591222948,0,0,0.472517589728038,0,0,0,0,0,0.473712971335963,0.319091427545337,0.510955974459648,0,0,0,0,0.236169382002344,0,0,0,0,0,0.197335576309877,0,0,0,0,0.285763114571412,0,0,0,0.258446936273859,0,0.287514706452688,0,0,0,0,0,0,0,0,0,0.246891094232673,0.33036469653541,0,0.243113036453724,0,0
0,0,0,0,0,0,0,0,0,0,0,0,0,0,0,0,0.171003764867783,0.141470040514398,0.177278637886047,0,0,0.157567963004112,0,0,0,0.179411787602156,0,0.178652640594089,0,0,0,0,0,0,0,0,0,0,0,0,0,0,0,0,0,0,0,0,0,0.228417709469795,0,0,0,0,0,0,0,0,0,0,0,0.196217514574528,0,0,0.230843177292405,0,0.227385644729321,0,0,0,0.177457615733147,0,0,0,0,0,0,0,0.339241147041321,0,0,0,0.151607838592359,0,0,0,0
0,0,0,0,0,0,0,0,0.153276766339938,0,0,0,0,0,0,0,0,0,0,0,0,0,0.284926638007164,0,0.16875611907906,0,0.163054019212723,0,0.163804440121902,0,0,0,0,0,0,0,0,0,0,0,0,0,0,0,0,0,0,0,0.286431729793549,0,0,0,0,0,0,0,0,0,0.248269539858614,0,0.251812598534993,0,0,0,0,0.268091050595692,0,0.258446936273859,0,0,0,0.289397699965371,0,0,0,0,0,0,0,0,0,0,0,0,0,0,0
0,0,0,0,0,0,0,0,0,0,0,0,0,0,0,0,0,0.148000927153722,0,0,0,0.225655356049538,0,0,0,0.157583422958851,0,0.165147993467852,0,0.0967133572059018,0,0,0,0,0,0,0,0,0,0,0,0,0,0,0,0,0,0,0,0.22614349424839,0,0,0,0,0,0,0,0.246299535036087,0,0.197725012898445,0,0,0,0,0.255107513606548,0,0,0,0.177457615733147,0,0,0,0.233004557416069,0,0,0,0,0,0,0,0.251027754071579,0,0.153119006752968,0.13765923678875,0,0,0
0,0,0,0,0,0,0,0,0,0,0,0,0,0,0,0,0,0,0,0,0,0,0.29495412295454,0,0,0,0.142938986420631,0,0.183886935942558,0,0,0,0,0,0,0,0,0,0,0,0,0,0,0,0,0,0,0,0.308857904828113,0,0,0,0,0,0,0,0.312812318404516,0,0.279511964462441,0,0.236736797234591,0,0,0,0,0.319273764345991,0,0.287514706452688,0,0.289397699965371,0,0,0,0.372807152443013,0,0,0,0,0,0,0,0.250499309255527,0,0,0.385503143072128,0,0
