0,0,102.623096734285,0,1.87612688541412,0,0,0,153.055118709803,0,0,0,0,0,1.91971957683563,0,0.812117218971252,0.562759459018707,5.42651563882828,0,0,0,0,0,1.35676538944244,0,0,0,0,0,0,0,0,0,0,0,0,0,0.292495399713516,0,0,0,117.96899138391,0,0,0,0,0.196654498577118,118.669483155012,0,3.78659522533417,0,0,0,55.7176162749529,0,0,0,0,0,31.7523856461048,0,0,0.206782191991806,0,0,0,0.202509224414825,0,0,0,0,0,0,0,0,0,0,0,0,0,0.226079225540161,146.846696212888,0,412.196424633265,0,0
0,0,0,45.6047007292509,0,0.816874980926514,0,0,0,188.561187028885,0,0,0,0,0,0,0,1.10647061467171,86.0982356071472,0,0,0,0,0.685149282217026,0,0,0,0,0,0,0,0,0,0,0,0.413698896765709,0,0,0,0,0,20.6210439801216,0,0,0,0,0,0,0,254.499770388007,0,0,0,0,0,376.929371118546,0,0,0,0,0,23.9686920642853,3.31736493110657,0,0,0,26.2264545112848,0,0.614342987537384,0,0.422810673713684,0,0,0,0,0,0,0,8.21313016116619,0,0.903165280818939,0,124.908220127225,0.283783137798309,245.087116852403,0.671051740646362,0
102.623096734285,0,0,0,32.4511787891388,0,0,0,229.31470875442,0,0,0,0,0,0,0,0,0,0.625623717904091,0,0,0,0,0,0.665873453021049,0,0,0,0,0,0,0,0,0,0,0,0,0,2.542221814394,0,0.512695014476776,0.678419411182404,104.643209457397,0,0,0,0.517583228647709,0,66.0431886613369,0,80.7518342733383,0,0,0,196.666128993034,0,2.60851833224297,0,0,0,0,0,0,0.397972911596298,0,0,0,0,0,0,0,10.4399387836456,0,19.6280481517315,0,0,0,0,0,5.44740711152554,0,3.93071368336678,32.1571457833052,1.6700352281332,122.338223665953,0,0.725035414099693
0,45.6047007292509,0,0,0,173.955908477306,0,0,0,271.210462540388,0,0,0,0,0,0,0.3834528028965,0.190292909741402,3.78144939243793,0,0,0,0,0,0,0,0,0,0,0,0,0,0,0,0,1.04778453707695,0,0,0,21.4477152973413,0,110.725580662489,0,1.90850146114826,0,4.89330095052719,0,9.43769189715385,2.0558443069458,80.6980623304844,0,337.93905775249,0,0,0,141.693328112364,0,6.33460626006126,0,1.92798954248428,0,1.16854953765869,4.07019060850143,0,2.38794636726379,0,0,0,0.466294437646866,0,21.505466401577,0,62.1539061665535,0,0,0,0,0,27.3972221016884,0,11.4646133184433,0,244.229084745049,2.73144246637821,330.886252909899,7.68989036977291,0
1.87612688541412,0,32.4511787891388,0,0,0,0,0,106.967975065112,0,0,0,0,0,0,0,0.225975394248962,0,9.41716137528419,0,27.6376861333847,0,0,0,0,0,0,0,0,0,0,0,0,0,0,0,5.68035492300987,0,0,0,6.01999945938587,1.70523011684418,84.771667137742,0,0,0,9.2070427685976,0,42.7366771697998,1.77909836173058,358.953819841146,0,3.57856965065002,0,42.0774451494217,0,5.32501567900181,0,7.71520805358887,0,79.3499734997749,0,0,16.6999349147081,0,0,0,0,0,0,0,3.99860380589962,0,12.8563505113125,0,0,0,0,0,14.6146426945925,0.352362513542175,4.24151462316513,77.521762907505,0,296.024482041597,0,2.77003288269043
0,0.816874980926514,0,173.955908477306,0,0,0,2.58589914441109,0,164.812393456697,0,11.3305559754372,0,0,0,0,0,0,0.682674527168274,35.8077630698681,0,0,0,0,0,0,0,0,0,0,0,0,0,0,0,0.709362298250198,0,0,0,15.9222411513329,0,26.5097819417715,1.30807888507843,0,0,0.341368347406387,0,0,0,19.9019639790058,0,532.459439471364,0,12.6981510818005,0,12.9312842488289,0,17.1598783433437,0,0,0,0,63.8982347548008,0,0,0,0,0,0,0,1.62298262119293,0,0.780403226613998,0,0,0,0,0,4.79151305556297,0,0,0,162.641677960753,0.288282513618469,183.78706330061,1.33804050087929,0
0,0,0,0,0,0,0,0,0,0,16.0413454771042,0,23.7825164794922,0,0,0,0,0,0,0,0,0,0,0,0,0,0,0,0,0,0,0,0,0,0,0,0,0,0,0,0,0,0,0,0,0,0,0,0,0,2.154914021492,0,27.5444156527519,0,0,0,293.59634077549,0,6.22061586380005,0,0,0,0,0,0,0,0,0,0,0,0,0,0,0,0,0,0,0,0,0,0,0,0,0,0,0,0
0,0,0,0,0,2.58589914441109,0,0,0,0,0,182.060810416937,0,0,0,0,0,0,0,11.0751706063747,0,0,0,0,0,0,0,0,0,0,0,0,0,0,0,0,0,0,0,0,0,0,0,0,0,0,0,0,0,0,0,5.76930025219917,0,111.545053094625,0,0,0,52.8540184497833,0,0,0,0,62.3427122831345,0,0,0,0,0,0,0,0,0,0,0,0,0,0,0,0,0,0,0,43.5885825753212,0,0,0,0
153.055118709803,0,229.31470875442,0,106.967975065112,0,0,0,0,0,0,0,0,0,198.96169000864,0,13.9153949320316,0,5.16854265332222,0,0.378544121980667,0,0,0,138.176897764206,0,52.98972427845,0,0,0,0,0,0,0,0,0,0.204453364014626,0,58.8165057450533,0,1.24408489465714,0.203652188181877,25.675346404314,0,0,0,0.300986647605896,0,43.8111320436001,0,39.7497943639755,0,0,0,1114.60546465218,0,3.3351725935936,0,0.579079151153564,0,38.7872084975243,0,0,1.50968506932259,0,0,0,52.4238069206476,0,9.7784595489502,0,0.985797271132469,0,7.69250226020813,0,0,0,0,0,7.99868017435074,0,125.289447292686,737.19448723644,2.15654167532921,103.541764467955,0,2.44171583652496
0,188.561187028885,0,271.210462540388,0,164.812393456697,0,0,0,0,0,0,0,0,0,139.380568981171,16.4310769736767,230.877346247435,0.872478187084198,0,0,0,0,71.0972970426083,0,14.9233133792877,0,0,0,0,0,0,0,0,0,0,0,125.269768625498,0,0,0,9.29788365960121,0,0,0,0,0,0,0,10.0789833366871,0,14.0033481121063,0,0,0,1165.38987722993,0,0,0,0,0,67.9981641471386,0,0,0,0,74.8209310323,0,14.0468681156635,0,0,0,0,0,0,0,1.17770457267761,0,0,0.932877540588379,169.589657276869,0,704.581611350179,16.2706106901169,152.379586815834,0,0
0,0,0,0,0,0,16.0413454771042,0,0,0,0,0,69.1884382367134,0,0,0,0,0,0,0,219.469461426139,0,0,0,0,0,0,0,65.6811329722404,0,65.474966943264,0,0,0,0,0,159.466392993927,0,226.313885122538,0,0,0,0,0,0,0,0,0,0,0,0,0,25.490038394928,0,0,0,2368.95127116144,0,83.0966677218676,0,0,0,0,37.7721272706985,0,0,0,0,0,0,0,0,0,138.889533683658,0,0,0,0,0,2.07963395118713,0,6.6226701438427,122.198191270232,0,39.3923083245754,0,0
0,0,0,0,0,11.3305559754372,0,182.060810416937,0,0,0,0,0,47.0172506570816,0,0,0,0,0,604.643694639206,0,0,0,0,0,0,0,3.78888553380966,0,52.2918492555618,0,0,0,0,0,135.90157584846,0,338.406641155481,0,0,0,0,0,0,0,0,0,0,0,0,0,7.31445419788361,0,3.46330511569977,0,0,0,2232.32818414271,0,70.4008192718029,0,0,279.693707227707,0,0,0,0,0,0,0,0,0,60.3081761598587,0,0,0,0,0,100.453678876162,0,118.764480054379,0,304.542291998863,0,5.84010836482048,0,0
0,0,0,0,0,0,23.7825164794922,0,0,0,69.1884382367134,0,0,0,67.0953155755997,0,0,0,0,0,0,0,0,0,0,0,0.323952436447144,0,80.5703864693642,0,0,0,0,0,0,0,0,0,0,0,0,0,0,0,0,0,0,0,0,0,0,0,0,0,0,0,76.9422294199467,0,609.089850023389,0,0,0,0,0,0,0,0,0,0,1.00887987017632,0,30.8229382187128,0,0,0,0,0,0,0,0,0,0,121.32872620225,11.5916657447815,0,0,0
0,0,0,0,0,0,0,0,0,0,0,47.0172506570816,0,0,0,50.6070957183838,0,0,0,0,0,0,0,0,0,3.81638553738594,0,88.2015560418367,0,12.9279065132141,0,0,0,0,0,0,0,0,0,0,0,0,0,0,0,0,0,0,0,0,0,0,0,0,0,0,0,84.3644670248032,0,334.044585168362,0,1.62312364578247,0,0,0,0,0,0,6.98826372623444,0,11.3725266307592,0,0,0,0,0,0,0,0,0,0,0,34.1000592708588,0,0,0,0
1.91971957683563,0,0,0,0,0,0,0,198.96169000864,0,0,0,67.0953155755997,0,0,0,17.4305385351181,0,0,0,0,0,0,0,0,0,39.1390926837921,0,0,0,0,0,0,0,0,0,0,0,0,0,0,0,0,0,0,0,0,0,0.328136205673218,0,6.35521769523621,0,0,0,60.8201381266117,0,0,0,2.59180569648743,0,376.881437331438,0,0,0,0,0,0,0.237898781895638,0,3.99318909645081,0,0,0,0,0,0,0,0,0,0,0,0,182.84758657217,15.5431661605835,0,0,0
0,0,0,0,0,0,0,0,0,139.380568981171,0,0,0,50.6070957183838,0,0,0,0,0,0,0,0,0,0,0,0,0,0,0,0,0,0,0,0,0,0,0,0,0,0,0,0,0,0,0,0,0,0,0,0,0,0,0,0,0,120.648699998856,0,0,0,1.75365008413792,0,1.69685447216034,0,0,0,0,0,0,0,0,0,0,0,0,0,0,0,0,0,0,0,0,46.2627792358398,0,0,0,0
0.812117218971252,0,0,0.3834528028965,0.225975394248962,0,0,0,13.9153949320316,16.4310769736767,0,0,0,0,17.4305385351181,0,0,11074.8883824572,4582.81428955495,0,0,0,195.470257431269,32.9347112178802,101.241824299097,1.28393614292145,703.627690836787,0,0,0,0,0,0,0,0,0.349891811609268,0,0,1.56493151187897,17.5984819307923,15.9897762835026,17.026938393712,21.9774838984013,0,0,0.672904893755913,25.6992643773556,0,0.812209486961365,3.06107449531555,0,0.990042507648468,0,0,0.285175561904907,0,0,0,0,0,2.49152898788452,0,0.655121043324471,20.8149235695601,0,101.991943150759,0,88.0353039205074,0,35.5159879028797,0,0,0.667388558387756,2.56732742488384,0,0,0,0,41.1720535606146,83.1450560241938,4.09716415405273,5.61338484287262,8323.28743736446,332.654241114855,27.8204953223467,5.88215836882591,3.24524962902069
0.562759459018707,1.10647061467171,0,0.190292909741402,0,0,0,0,0,230.877346247435,0,0,0,0,0,0,11074.8883824572,0,4325.83080375195,0,0,0,0,127.000484138727,0,0.650141477584839,0,0,0,0,0,0,0,0,0,1.02304077148438,0,0,0,51.2691106647253,9.91389164328575,17.5027350336313,19.2393256276846,0,0,3.52758181095123,4.90823118388653,0,0.54557204246521,0,0,0,0,0,0,0,0,1.26507125794888,0,0,0,0,1.45080855488777,15.8471903502941,0,0,0,0,13.2256572246552,0,0,0,0.950128749012947,0.461444035172462,0,0,0,0,73.2022727280855,44.8918205648661,14.3907533735037,1.16033840179443,11358.4617247209,832.763384416699,34.1891104131937,6.26541438698769,7.69746851921082
5.42651563882828,86.0982356071472,0.625623717904091,3.78144939243793,9.41716137528419,0.682674527168274,0,0,5.16854265332222,0.872478187084198,0,0,0,0,0,0,4582.81428955495,4325.83080375195,0,0,0,0,0,10.6515098214149,0,0,0,0,0,0,0,0,0,0,0,19.1963887214661,2.90803621709347,0,0,1143.41706423461,453.238273352385,1120.67489461601,1297.71095742285,32.0872313082218,0.38396343588829,72.3965192735195,603.097127944231,0.264674097299576,31.1005336046219,10.4218362569809,0.574880033731461,2.54025112092495,0,0,0,0,3.5188200622797,13.2894861549139,1.47002540528774,0,0,0,120.741449072957,400.912608094513,0,0,0,0,0,0,6.78764589130878,12.0283493548632,64.7643453627825,150.819129407406,0,0,0,0,1737.71637055278,2166.91466230154,495.293590530753,409.765279769897,4402.81495182216,25.5531536787748,1690.52728866041,559.391452118754,192.618669345975
0,0,0,0,0,35.8077630698681,0,11.0751706063747,0,0,0,604.643694639206,0,0,0,0,0,0,0,0,0,0,0,0,0,0,0,0,0,0,0,0,0,0,0,1135.18913736939,0,100.524815663695,0,0.764023303985596,0,0.299769043922424,0,0,0,2.77540543675423,0,0,0,0,0,0,0,0.516118466854095,0,0,0,98.709313377738,0,0,0,0,1252.81286209822,0,0,0,0,0,0.194952249526978,0,0.279936343431473,0,1.74065080285072,0,0,0,0,0,330.697789147496,0,20.1420388221741,0,133.620566040277,0.167195111513138,41.9240112304688,0,0
0,0,0,0,27.6376861333847,0,0,0,0.378544121980667,0,219.469461426139,0,0,0,0,0,0,0,0,0,0,0,0,0,0,0,0,0,0,0,0,0,0,0,0,0,752.750166103244,0,93.664962887764,0,0,0,0,0,0,0,5.92478254437447,0,0,0,0,0,25.7006619274616,0,0.885432243347168,0,99.8664572164416,0,0,0,0,0,0,356.018422320485,0,0,0,0,0,0,0,0,0,0.649638772010803,0,0,0,0,0,340.118067890406,0,26.0974641144276,94.1093416810036,0,14.4257334470749,0,0
0,0,0,0,0,0,0,0,0,0,0,0,0,0,0,0,0,0,0,0,0,0,175.600545227528,151.851233661175,0,75.1991685628891,0,273.411574542522,0,0,0,0,0,0,0,0,0,713.583396077156,0,0,0,0,0,0,0,0,0,7.01961097121239,0,150.99887919426,0,0,0,0,0,0,0,0,0,0,0,0,0,0,6658.21361033618,0,86.1971234083176,0,137.423590376973,0,43.4891414940357,0,0.476386025547981,0,0,0,0,0,0,0,174.730375766754,0,1160.5394307375,17.6997918486595,0.456087201833725,0,0
0,0,0,0,0,0,0,0,0,0,0,0,0,0,0,0,195.470257431269,0,0,0,0,175.600545227528,0,0,146.102130889893,0,293.470016226172,0,72.3426515311003,0,0,0,0,0,0,0,0,0,1207.23114733398,0,0,0,0,0,0,0,0,3.18778194487095,14.8283678889275,0,0,0,0,0,0,0,1.77810342609882,0,0,0,0,0,0,0,35.3355022072792,8583.05849690735,0,300.938629865646,0,469.157883375883,0,56.3722352832556,0,0,0,0,0,0,0,0,0,343.307995125651,1409.1580350697,273.616573154926,1.1021870970726,0,0
0,0.685149282217026,0,0,0,0,0,0,0,71.0972970426083,0,0,0,0,0,0,32.9347112178802,127.000484138727,10.6515098214149,0,0,151.851233661175,0,0,0,368.948589712381,0,0,0,0,0,0,0,0,0,0,0,348.938912540674,0,0,0,0,0,0,0,0,0,0,0,25.5886126756668,0,0,0,0,0,102.247898876667,0,0,0,0,0,0,0,0,65.5777737647295,0,1314.07124435902,0,713.298615157604,0,0,0,0,0,0,0,0,0,0,0,97.5364136099815,0,670.51363016665,0,33.8205399513245,0,0
1.35676538944244,0,0.665873453021049,0,0,0,0,0,138.176897764206,0,0,0,0,0,0,0,101.241824299097,0,0,0,0,0,146.102130889893,0,0,0,242.056816667318,0,0,0,0,0,0,0,0,0,0,0,559.22084030509,0,0,0,0.210722804069519,0,0,0,0,3.63727700710297,5.96177457273006,0,0,0,0,0,43.3191777765751,0,1.68476410210133,0,0,0,2.51411297917366,0,0,0,0,256.578433588147,0,359.611673161387,0,682.324743926525,0,1.91347049176693,0,0,0,0,0,0,0,0,0,180.243666648865,1007.47148036957,25.2164561152458,27.7695605903864,0,0.169626742601395
0,0,0,0,0,0,0,0,0,14.9233133792877,0,0,0,3.81638553738594,0,0,1.28393614292145,0.650141477584839,0,0,0,75.1991685628891,0,368.948589712381,0,0,0,7.73494446277618,0,0,0,0,0,0,0,0,0,0,0,0,0,0,0,0,0,0,0,0,0,0,0,0,0,0,0,0,0,0,0,4.48203352093697,0,0.532321184873581,0,0,4.93295533955097,0,87.7568674683571,0,575.082354471087,0,28.8411237597466,0,0,0,0,0,0,0,0,0,0,0,61.6318328082561,0,0,0,0
0,0,0,0,0,0,0,0,52.98972427845,0,0,0,0.323952436447144,0,39.1390926837921,0,703.627690836787,0,0,0,0,0,293.470016226172,0,242.056816667318,0,0,0,25.2171415090561,0,0,0,0,0,0,0,0,0,0,0,0,0,0,0,0,0,0,0,0,0,0,0,0,0,0,0,0,0,1.97555142641068,0,4.67022840678692,0,0,0,0,7.73003356158733,0,50.5863726735115,0,709.889086931944,0,12.4326634705067,0,0,0,0,0,0,0,0,0,0,129.49017675221,0,0,0,0
0,0,0,0,0,0,0,0,0,0,0,3.78888553380966,0,88.2015560418367,0,0,0,0,0,0,0,273.411574542522,0,0,0,7.73494446277618,0,0,0,349.899521827698,0,0,0,0,0,0,0,44.5345906615257,0,0,0,0,0,0,0,0,0,0,0,0,0,0,0,0,0,0,0,0,0,8.23886741697788,0,0,0,0,26.9678210318089,0,0,0,53.163832962513,0,1296.23109717667,0,153.858151078224,0,0,0,0,0,0,0,2.72657226026058,0,249.483281493187,0,0,0,0
0,0,0,0,0,0,0,0,0,0,65.6811329722404,0,80.5703864693642,0,0,0,0,0,0,0,0,0,72.3426515311003,0,0,0,25.2171415090561,0,0,0,257.326097622514,0,0,0,0,0,0,0,169.839985474944,0,0,0,0,0,0,0,0,0,0,0,0,0,0,0,0,0,20.778630822897,0,49.1532757133245,0,2.08500203490257,0,0,0,0,48.4912884682417,0,0,0,207.503635391593,0,1276.6169372499,0,3.52275148034096,0,0,0,0,0,0,0,0.89834700524807,35.5368987321854,0.494899660348892,0,0,0
0,0,0,0,0,0,0,0,0,0,0,52.2918492555618,0,12.9279065132141,0,0,0,0,0,0,0,0,0,0,0,0,0,349.899521827698,0,0,0,0,0,0,0,0,0,244.973318859935,0,0,0,0,0,0,0,0,0,0,0,0,0,0,0,0,0,0,0,109.811058342457,0,11.2099536955357,0,0,0,0,0,0,0,0,0,0,308.71086961031,0,302.416746690869,0,0,0,0,0,0,0,109.105280444026,0,18.9410309195518,0,0,0,0
0,0,0,0,0,0,0,0,0,0,65.474966943264,0,0,0,0,0,0,0,0,0,0,0,0,0,0,0,0,0,257.326097622514,0,0,0,0,0,0,0,0,0,285.745544120669,0,0,0,0,0,0,0,0,0,0,0,0,0,0,0,0,0,4.05600516498089,0,0,0,0,0,0,0,0,0,0,0,0,0,0,168.688182011247,0,494.714907497168,0,0,0,0,0,0,0,7.85628636181355,53.7239755839109,0,0,0,0
0,0,0,0,0,0,0,0,0,0,0,0,0,0,0,0,0,0,0,0,0,0,0,0,0,0,0,0,0,0,0,0,2,13.0424698591232,0,260.667701005936,0,0,0,0,0,0,0,0,0,0,0,1534.44459599257,15.0581928491592,3.10595852136612,0,0,0,0,0,0,0,0,0,0,0,0,0,0,0,0,0,0,0,0,0,0,0,0,252.919149756432,144.012430310249,0,0,81.6572277545929,0.848268687725067,0,0,25.6449425816536,0,12.5103931427002,0,0
0,0,0,0,0,0,0,0,0,0,0,0,0,0,0,0,0,0,0,0,0,0,0,0,0,0,0,0,0,0,0,2,0,0,42.0325794816017,0,407.274321317673,0,0,0,0,0,0,0,0,0,0,1076.44362589717,2.33571028709412,0,0,0,0,0,0,0,0,0,0,0,0,0,0,0,0,0,0,0,0,0,0,0,0,0,0,460.344486862421,0,47.7707040309906,1.03869795799255,93.5064822733402,0,0,23.2258638143539,0,4.47405895590782,0,0
0,0,0,0,0,0,0,0,0,0,0,0,0,0,0,0,0,0,0,0,0,0,0,0,0,0,0,0,0,0,0,13.0424698591232,0,0,767.783135831356,924.979609668255,0,216.156402498484,0,0,0,0,0,0,0,0,0,1666.42235091329,1.08019316196442,143.360208407044,0,0,0,0,0,0,0,0,0,0,0,0,0,0,0.362619072198868,0,0,0,0,0,0,0,0,0,28.8323737084866,1.73702669143677,1340.59499500692,437.893563956022,248.934338241816,0,1008.39720226824,0,113.459935218096,0.332728862762451,18.3096425235271,0,0
0,0,0,0,0,0,0,0,0,0,0,0,0,0,0,0,0,0,0,0,0,0,0,0,0,0,0,0,0,0,0,0,42.0325794816017,767.783135831356,0,0,453.337182797492,0,175.124587766826,0,0,0,0,0,0,0,0,1919.69460323453,1.98703175783157,0,0,0,0,0,0,0,0,0,0,0,0,0,0,0,0,0,0,0,0,0,0,0,0,0,0,96.6824027597904,8.19198787212372,1596.53076180816,0,295.282153941691,0,391.015934750438,193.975054264069,53.7275034785271,2.28047588467598,0,0
0,0.413698896765709,0,1.04778453707695,0,0.709362298250198,0,0,0,0,0,135.90157584846,0,0,0,0,0.349891811609268,1.02304077148438,19.1963887214661,1135.18913736939,0,0,0,0,0,0,0,0,0,0,0,260.667701005936,0,924.979609668255,0,0,25.8195343017578,862.275216080248,0,7.31834490597248,0,11.4421034753323,0.951948404312134,0.531942844390869,0,162.031588166952,0,156.1843303442,1.75555139780045,11.2552524507046,0,0.582934081554413,0,0,0,0,0,9.67264094948769,0,0,0,0,758.101400755346,0,0,0,0,0,0,0,2.43892300128937,0,3.59208612143993,0,73.8246002793312,0,273.526874750853,0,8252.21512289345,0.289531856775284,246.020636200905,0,426.644373118877,0.191279679536819,338.568942680955,5.44938552379608,0
0,0,0,0,5.68035492300987,0,0,0,0.204453364014626,0,159.466392993927,0,0,0,0,0,0,0,2.90803621709347,0,752.750166103244,0,0,0,0,0,0,0,0,0,0,0,407.274321317673,0,453.337182797492,25.8195343017578,0,0,2302.9592242986,0,0,0,4.30398195981979,0,0,0,8.84868049621582,61.9417744874954,25.5241503864527,0.674742937088013,0,0,0,0,0,0,71.8128433525562,0,2.16091750562191,0,0,0,0,863.905183412135,0,0,0,0,0,0,0,2.50084440410137,0,5.75055727362633,0,226.205034703016,0,378.264737993479,11.9097623825073,10667.9070281684,0,855.377827435732,286.750473864377,13.0635684728622,438.744559749961,0,0.558502748608589
0,0,0,0,0,0,0,0,0,125.269768625498,0,338.406641155481,0,0,0,0,0,0,0,100.524815663695,0,713.583396077156,0,348.938912540674,0,0,0,44.5345906615257,0,244.973318859935,0,0,0,216.156402498484,0,862.275216080248,0,0,219.655535876751,0.920549005270004,0,1.29343770444393,0.7647345662117,0,0,9.16665926575661,0,792.827244967222,0,450.6928845644,0,0,0,0,0,57.1246862411499,0,117.29921798408,0,0,0,0,82.7792332172394,0,266.226450383663,0,300.26193022728,0,0,0,130.909332633018,0,23.4969991892576,0,0,0,75.7393698394299,1.89927005767822,512.938694104552,0,9144.99205075949,47.5268657207489,636.128807723522,50.9432551711798,179.904287368059,2.4865186214447,0
0.292495399713516,0,2.542221814394,0,0,0,0,0,58.8165057450533,0,226.313885122538,0,0,0,0,0,1.56493151187897,0,0,0,93.664962887764,0,1207.23114733398,0,559.22084030509,0,0,0,169.839985474944,0,285.745544120669,0,0,0,175.124587766826,0,2302.9592242986,219.655535876751,0,0,0,0,3.15092527866364,0,0,0,5.66099712252617,109.955961316824,181.214448273182,0,0.567976951599121,0,0,0,83.7381407618523,0,352.916447356343,0,1.34461203217506,0,0,0,0,40.7024672627449,0,808.546834677458,0,775.17577919364,0,0,0,1.05123236775398,0,16.6395234614611,0,0,0,146.217491433024,0,874.524313919246,140.844970226288,11646.8361555785,695.000805869699,85.9087519049644,46.9526088237762,0,0.148035883903503
0,0,0,21.4477152973413,0,15.9222411513329,0,0,0,0,0,0,0,0,0,0,17.5984819307923,51.2691106647253,1143.41706423461,0.764023303985596,0,0,0,0,0,0,0,0,0,0,0,0,0,0,0,7.31834490597248,0,0.920549005270004,0,0,0.982226371765137,2583.02470710874,3.98566079139709,14.3208115696907,0,104.71259881556,5.19962227344513,70.0083942115307,0,313.510615199804,0,6.61933310329914,0,0,0,0,0,3.08495834469795,0,0,0,0,204.035468555987,3.28960537910461,0.629969142377377,0,0,0,0.465382054448128,0,22.8987977355719,0,28.1004060208797,0,0,0,0,0,727.011906124651,19.0520750284195,236.261868216097,0,247.814030796289,12.9326442629099,764.561215080321,327.04464404285,0
0,0,0.512695014476776,0,6.01999945938587,0,0,0,1.24408489465714,0,0,0,0,0,0,0,15.9897762835026,9.91389164328575,453.238273352385,0,0,0,0,0,0,0,0,0,0,0,0,0,0,0,0,0,0,0,0,0.982226371765137,0,12.2109431028366,1178.38143470883,0,0.480204150080681,0,36.6238674595952,25.9081654250622,147.120393335819,0,0.192627400159836,0,0,0,1.75398862361908,0,3.19251562654972,0,0.908129349350929,0,0,0,0.982007205486298,107.864351816475,0,0,0,0,0,0,0,5.34233695268631,0,12.6975809931755,0,0,0,0,5.65639391541481,99.0419450178742,0,21.6268099546432,52.8637976497412,4.90470123291016,372.895918428898,1.43440282344818,72.3321384042501
0,20.6210439801216,0.678419411182404,110.725580662489,1.70523011684418,26.5097819417715,0,0,0.203652188181877,9.29788365960121,0,0,0,0,0,0,17.026938393712,17.5027350336313,1120.67489461601,0.299769043922424,0,0,0,0,0,0,0,0,0,0,0,0,0,0,0,11.4421034753323,0,1.29343770444393,0,2583.02470710874,12.2109431028366,0,447.439988017082,33.5472879260778,0,69.0807443857193,7.46182206273079,44.0195927321911,1.23257593810558,278.332243159413,0,10.5993468612432,0,0,0,0,0,143.107606589794,0.216477230191231,0,0,0,266.133865565062,4.10471920669079,10.8191537857056,0,0,0,9.32164242863655,0,152.222112134099,0.188484594225883,186.003778263927,1.58760565519333,0,0,0,0,1171.07547048479,9.27395990490913,294.85145188868,3.99331174790859,1502.64008849114,91.7189438715577,2659.26874862611,2602.04307624698,0.15961591899395
117.96899138391,0,104.643209457397,0,84.771667137742,1.30807888507843,0,0,25.675346404314,0,0,0,0,0,0,0,21.9774838984013,19.2393256276846,1297.71095742285,0,0,0,0,0,0.210722804069519,0,0,0,0,0,0,0,0,0,0,0.951948404312134,4.30398195981979,0.7647345662117,3.15092527866364,3.98566079139709,1178.38143470883,447.439988017082,0,0,4.2462400496006,0,672.592777520418,27.1579732000828,966.21201941371,1.70231568813324,40.675783008337,0,0,0,15.3480256944895,0,214.975069642067,0,93.8112271726131,0,10.5000967979431,0,1.39774799346924,776.132557690144,0,0,0,0,0,0,0,115.643080741167,0.188334181904793,545.937567532063,0,0,0,0,2.09214127063751,1614.51019117981,2.70464569330215,242.801724791527,1502.72125643492,46.849540553987,3204.30297313631,3.99131056666374,587.712528273463
0,0,0,1.90850146114826,0,0,0,0,0,0,0,0,0,0,0,0,0,0,32.0872313082218,0,0,0,0,0,0,0,0,0,0,0,0,0,0,0,0,0.531942844390869,0,0,0,14.3208115696907,0,33.5472879260778,0,0,0,2.24389569461346,0,0,0,0,0,0,0,0,0,0,0,0,0,0,0,0,0.988818064332008,0,0,0,0,0,0,0,0.223370119929314,0,0,0,0,0,0,0,38.096759930253,0,3.70934566855431,0,12.1111862361431,0.462277099490166,20.9102673828602,13.6851448565722,0
0,0,0,0,0,0,0,0,0,0,0,0,0,0,0,0,0,0,0.38396343588829,0,0,0,0,0,0,0,0,0,0,0,0,0,0,0,0,0,0,0,0,0,0.480204150080681,0,4.2462400496006,0,0,0,0,0,0,0,0,0,0,0,0,0,0,0,0,0,0,0,0,0,0,0,0,0,0,0,0,0,0,0,0,0,0,0,1.04545378684998,1.1099716424942,0,0,3.57732400298119,0,12.9171257168055,0,0
0,0,0,4.89330095052719,0,0.341368347406387,0,0,0,0,0,0,0,0,0,0,0.672904893755913,3.52758181095123,72.3965192735195,2.77540543675423,0,0,0,0,0,0,0,0,0,0,0,0,0,0,0,162.031588166952,0,9.16665926575661,0,104.71259881556,0,69.0807443857193,0,2.24389569461346,0,0,1.92425012588501,3.49041618406773,0,15.2294728010893,0,3.73193617165089,0,0,0,0,0,11.5738922953606,0,0,0,0,716.823586151004,0,2.5556101500988,0,0,0,1.32610964775085,0,23.7506834939122,0,92.8985088169575,0,0,0,0,0,802.947064690292,2.55388379096985,577.829631522298,0,69.8005277067423,0,184.722236394882,3.55761548876762,0
0,0,0.517583228647709,0,9.2070427685976,0,0,0,0.300986647605896,0,0,0,0,0,0,0,25.6992643773556,4.90823118388653,603.097127944231,0,5.92478254437447,0,0,0,0,0,0,0,0,0,0,0,0,0,0,0,8.84868049621582,0,5.66099712252617,5.19962227344513,36.6238674595952,7.46182206273079,672.592777520418,0,0,1.92425012588501,0,3.02467393875122,17.0607716739178,0,6.47328217327595,0,0,0,2.0847806930542,0,13.1569873988628,0,4.5580178052187,0,2.664854824543,0,0,792.646020933986,0,0,0,0,0,0,0,12.5034647881985,0,97.205994553864,0,0,0,0,4.99362188577652,587.557831503451,1.77054017782211,426.531540796161,78.2015609741211,4.92942975461483,405.864908695221,0.239711225032806,16.4075677841902
0.196654498577118,0,0,9.43769189715385,0,0,0,0,0,0,0,0,0,0,0,0,0,0,0.264674097299576,0,0,7.01961097121239,3.18778194487095,0,3.63727700710297,0,0,0,0,0,0,1534.44459599257,1076.44362589717,1666.42235091329,1919.69460323453,156.1843303442,61.9417744874954,792.827244967222,109.955961316824,70.0083942115307,25.9081654250622,44.0195927321911,27.1579732000828,0,0,3.49041618406773,3.02467393875122,0,2815.34284834564,1442.92257331312,0,0,0,0,0,0,0.805514991283417,0.418834835290909,0,0,0,0,0,0,3.39406302571297,2.85639855265617,0,8.51268389821053,0,0,2.88931521773338,0.422474458813667,5.24362193048,0,3162.85085898638,1058.23860409856,146.612102031708,63.4978488087654,3506.34637351334,478.839706599712,556.469950407743,33.511468142271,1927.45702014863,43.4787440001965,922.01260317862,0,0
118.669483155012,0,66.0431886613369,2.0558443069458,42.7366771697998,0,0,0,43.8111320436001,0,0,0,0,0,0.328136205673218,0,0.812209486961365,0.54557204246521,31.1005336046219,0,0,0,14.8283678889275,0,5.96177457273006,0,0,0,0,0,0,15.0581928491592,2.33571028709412,1.08019316196442,1.98703175783157,1.75555139780045,25.5241503864527,0,181.214448273182,0,147.120393335819,1.23257593810558,966.21201941371,0,0,0,17.0607716739178,2815.34284834564,0,150.453946337104,27.1290096789598,0.164062038064003,0,0,61.4620410203934,0,117.132522106171,0,30.3714976459742,0,30.7567144483328,0,0,34.1219684109092,0,128.64836128056,0,13.6827437579632,0,72.3274590522051,0,241.04087010026,0,132.84715077281,27.8483866751194,7.46051681041718,0,12.8690413236618,44.4187689721584,549.937442697585,0,204.209092125297,665.680314019322,6.35960957407951,1898.41697245836,0,16.8490309119225
0,254.499770388007,0,80.6980623304844,1.77909836173058,19.9019639790058,0,0,0,10.0789833366871,0,0,0,0,0,0,3.06107449531555,0,10.4218362569809,0,0,150.99887919426,0,25.5886126756668,0,0,0,0,0,0,0,3.10595852136612,0,143.360208407044,0,11.2552524507046,0.674742937088013,450.6928845644,0,313.510615199804,0,278.332243159413,1.70231568813324,0,0,15.2294728010893,0,1442.92257331312,150.453946337104,0,0,20.9238503426313,0,0,0,89.5000853091478,0,156.738717660308,0.232144758105278,76.7970862686634,0,39.7764908373356,45.7328225076199,0,783.819921568036,0,98.8034637123346,0,124.564113289118,0,203.957089707255,0.392052173614502,239.683266058564,0.212055757641792,12.9811527729034,0,0,0,586.888496205211,2.3245659917593,521.053052894771,0,571.188941881061,26.1336903572083,941.32822227478,4.96577616035938,0
3.78659522533417,0,80.7518342733383,0,358.953819841146,0,2.154914021492,0,39.7497943639755,0,0,0,0,0,6.35521769523621,0,0,0,0.574880033731461,0,0,0,0,0,0,0,0,0,0,0,0,0,0,0,0,0,0,0,0.567976951599121,0,0.192627400159836,0,40.675783008337,0,0,0,6.47328217327595,0,27.1290096789598,0,0,0,2.14685595035553,0,53.7299592643976,0,93.7268662452698,1.19406855106354,4.85738329589367,0,72.4469630420208,0,0,54.9983941614628,0,0,0,0,0,0,0,6.34461240470409,0,18.8264404833317,0,0,0,0,0,7.29958453774452,0,7.6776280105114,102.271571442485,0,534.483575671911,0,1.49433302879333
0,0,0,337.93905775249,0,532.459439471364,0,5.76930025219917,0,14.0033481121063,0,7.31445419788361,0,0,0,0,0.990042507648468,0,2.54025112092495,0,0,0,0,0,0,0,0,0,0,0,0,0,0,0,0,0.582934081554413,0,0,0,6.61933310329914,0,10.5993468612432,0,0,0,3.73193617165089,0,0,0.164062038064003,20.9238503426313,0,0,0,5.50333082675934,0,19.4622237086296,0,28.1691787242889,0,12.0920256376266,0,88.0272978842258,1.25612759590149,0,0,0,0,0,0,0,1.98614698648453,0,6.0536630153656,0,0,0,0,0,0.557348921895027,0,3.78434164822102,0,155.465740859509,0,58.3139473348856,1.02334555983543,0
0,0,0,0,3.57856965065002,0,27.5444156527519,0,0,0,25.490038394928,0,0,0,0,0,0,0,0,0,25.7006619274616,0,0,0,0,0,0,0,0,0,0,0,0,0,0,0,0,0,0,0,0,0,0,0,0,0,0,0,0,0,2.14685595035553,0,0,0,0,0,375.56962248683,0,0,0,0,0,0,21.321667522192,0,0,0,0,0,0,0,0,0,0,0,0,0,0,0,0,0,0,3.7872326374054,0,0,0,0
0,0,0,0,0,12.6981510818005,0,111.545053094625,0,0,0,3.46330511569977,0,0,0,0,0,0,0,0.516118466854095,0,0,0,0,0,0,0,0,0,0,0,0,0,0,0,0,0,0,0,0,0,0,0,0,0,0,0,0,0,0,0,5.50333082675934,0,0,0,0,0,126.609320700169,0,0,0,0,11.5166562795639,0,0,0,0,0,0,0,0,0,0,0,0,0,0,0,0,0,0,0,72.1446893513203,0,0,0,0
55.7176162749529,0,196.666128993034,0,42.0774451494217,0,0,0,1114.60546465218,0,0,0,0,0,60.8201381266117,0,0.285175561904907,0,0,0,0.885432243347168,0,0,0,43.3191777765751,0,0,0,0,0,0,0,0,0,0,0,0,0,83.7381407618523,0,1.75398862361908,0,15.3480256944895,0,0,0,2.0847806930542,0,61.4620410203934,0,53.7299592643976,0,0,0,0,0,0,0,0,0,102.222004115582,0,0,7.9353506565094,0,0,0,555.166222155094,0,0.91006600856781,0,0,0,2.57963249087334,0,0,0,0,0,1.56346714496613,0,176.530893877149,167.664194151759,0.235932782292366,141.074153989553,0,0
0,376.929371118546,0,141.693328112364,0,12.9312842488289,0,0,0,1165.38987722993,0,0,0,0,0,120.648699998856,0,0,0,0,0,0,0,102.247898876667,0,0,0,0,0,0,0,0,0,0,0,0,0,57.1246862411499,0,0,0,0,0,0,0,0,0,0,0,89.5000853091478,0,19.4622237086296,0,0,0,0,0,0,0,0,0,265.649800479412,0,0,0,0,577.737154096365,0,13.5807722806931,0,0,0,0,0,0,0,0,0,0,0,176.437345743179,0,91.0657643377781,0,80.9849932044744,0,0
0,0,2.60851833224297,0,5.32501567900181,0,293.59634077549,0,3.3351725935936,0,2368.95127116144,0,76.9422294199467,0,0,0,0,0,3.5188200622797,0,99.8664572164416,0,1.77810342609882,0,1.68476410210133,0,0,0,20.778630822897,0,4.05600516498089,0,0,0,0,0,71.8128433525562,0,352.916447356343,0,3.19251562654972,0,214.975069642067,0,0,0,13.1569873988628,0.805514991283417,117.132522106171,0,93.7268662452698,0,375.56962248683,0,0,0,0,0,417.111400842667,0,82.5720092058182,0,0,239.809306114912,0,0.207639992237091,0,5.61724504828453,0,60.3096221536398,0,391.763198286295,0,521.120164215565,0,0,0,0,0,33.1736211031675,0,21.2133356630802,210.130005836487,0,1057.4751393646,0,2.67691931128502
0,0,0,6.33460626006126,0,17.1598783433437,0,52.8540184497833,0,0,0,2232.32818414271,0,84.3644670248032,0,0,0,1.26507125794888,13.2894861549139,98.709313377738,0,0,0,0,0,0,0,0,0,109.811058342457,0,0,0,0,0,9.67264094948769,0,117.29921798408,0,3.08495834469795,0,143.107606589794,0,0,0,11.5738922953606,0,0.418834835290909,0,156.738717660308,1.19406855106354,28.1691787242889,0,126.609320700169,0,0,0,0,0,781.625450134277,0,2.71419334411621,198.99118205905,0,11.0919105559587,0,0,0,71.6600047647953,0,571.605248361826,0,1131.73965655267,0,0,0,0,0,15.5580517649651,0,40.4500421434641,0,105.292803063989,0.813405767083168,239.869280055165,9.79241548478603,0
0,0,0,0,7.71520805358887,0,6.22061586380005,0,0.579079151153564,0,83.0966677218676,0,609.089850023389,0,2.59180569648743,0,0,0,1.47002540528774,0,0,0,0,0,0,0,1.97555142641068,0,49.1532757133245,0,0,0,0,0,0,0,2.16091750562191,0,1.34461203217506,0,0.908129349350929,0.216477230191231,93.8112271726131,0,0,0,4.5580178052187,0,30.3714976459742,0.232144758105278,4.85738329589367,0,0,0,0,0,417.111400842667,0,0,0,308.59502184391,0,0,8.98036485910416,0,0,0,0.397796913981438,0,58.7598486021161,0,233.775426194072,0,10.1055447757244,0,0,0,0,0,8.80775786936283,0,0,119.596808254719,0,242.182739987969,0,0
0,0,0,1.92798954248428,0,0,0,0,0,0,0,70.4008192718029,0,334.044585168362,0,1.75365008413792,0,0,0,0,0,0,0,0,0,4.48203352093697,0,8.23886741697788,0,11.2099536955357,0,0,0,0,0,0,0,0,0,0,0,0,0,0,0,0,0,0,0,76.7970862686634,0,12.0920256376266,0,0,0,0,0,781.625450134277,0,0,0,111.342134997249,13.5910194814205,0,0.349663972854614,0,0.534935534000397,0,97.3670678287745,0,328.628805041313,0,1.36359056830406,0,0,0,0,0,0.232257902622223,0,0,0,38.7722579836845,0,28.0057529807091,0,0
31.7523856461048,0,0,0,79.3499734997749,0,0,0,38.7872084975243,0,0,0,0,0,376.881437331438,0,2.49152898788452,0,0,0,0,0,0,0,2.51411297917366,0,4.67022840678692,0,2.08500203490257,0,0,0,0,0,0,0,0,0,0,0,0,0,10.5000967979431,0,0,0,2.664854824543,0,30.7567144483328,0,72.4469630420208,0,0,0,102.222004115582,0,82.5720092058182,0,308.59502184391,0,0,0,0,0,0,0,0,0.771768867969513,0,219.016626834869,0,11.1855706721544,0,0.527210757136345,0,0,0,0,0,1.43587207794189,0,0.904100358486176,190.248325169086,0,9.64202219247818,0,0
0,23.9686920642853,0,1.16854953765869,0,0,0,0,0,67.9981641471386,0,0,0,1.62312364578247,0,1.69685447216034,0,0,0,0,0,0,0,0,0,0.532321184873581,0,0,0,0,0,0,0,0,0,0,0,0,0,0,0,0,0,0,0,0,0,0,0,39.7764908373356,0,88.0272978842258,0,0,0,265.649800479412,0,2.71419334411621,0,111.342134997249,0,0,0,0,0,0,24.6851945668459,0,106.992796942592,0,7.15393048524857,0,0,0,0,0,0,0,0,0,0,0,0,0,1.78227522969246,0,0
0,3.31736493110657,0,4.07019060850143,0,63.8982347548008,0,62.3427122831345,0,0,0,279.693707227707,0,0,0,0,0.655121043324471,1.45080855488777,120.741449072957,1252.81286209822,0,0,0,0,0,0,0,0,0,0,0,0,0,0,0,758.101400755346,0,82.7792332172394,0,204.035468555987,0.982007205486298,266.133865565062,1.39774799346924,0.988818064332008,0,716.823586151004,0,0,0,45.7328225076199,0,1.25612759590149,0,11.5166562795639,0,0,0,198.99118205905,0,13.5910194814205,0,0,0,0.377904832363129,19.5922863185406,0,0,0,36.6905911713839,0,353.716409258544,0,509.156892098486,0,0,0,0,0,2659.94869146496,4.33723878860474,628.395935125649,3.49458503723145,286.580035217106,0.244340404868126,334.092015832663,19.6121867150068,0
0.206782191991806,0,0.397972911596298,0,16.6999349147081,0,0,0,1.50968506932259,0,37.7721272706985,0,0,0,0,0,20.8149235695601,15.8471903502941,400.912608094513,0,356.018422320485,0,0,0,0,0,0,0,0,0,0,0,0,0,0,0,863.905183412135,0,40.7024672627449,3.28960537910461,107.864351816475,4.10471920669079,776.132557690144,0,0,0,792.646020933986,0,34.1219684109092,0,54.9983941614628,0,21.321667522192,0,7.9353506565094,0,239.809306114912,0,8.98036485910416,0,0,0,0.377904832363129,0,0,0,0,0,0,1.24788749217987,0,80.1306136474013,0,538.665428310633,0,0,0,0,5.34311854839325,2356.65525951982,0,566.996759444475,333.158196315169,6.157799243927,1138.18772646785,4.52820193767548,8.98899871110916
0,0,0,2.38794636726379,0,0,0,0,0,0,0,0,0,0,0,0,0,0,0,0,0,6658.21361033618,35.3355022072792,65.5777737647295,0,4.93295533955097,0,26.9678210318089,0,0,0,0,0,0.362619072198868,0,0,0,266.226450383663,0,0.629969142377377,0,10.8191537857056,0,0,0,2.5556101500988,0,3.39406302571297,0,783.819921568036,0,0,0,0,0,0,0,11.0919105559587,0,0.349663972854614,0,0,19.5922863185406,0,0,0,329.830629661679,0,320.393490180373,0,489.418861597776,0,44.8324526548386,0,0,0,0,0,0.895382642745972,0,769.702368065715,0,521.433595359325,3.10397559404373,14.7533676475286,2.0338773727417,0
0,0,0,0,0,0,0,0,0,0,0,0,0,0,0,0,101.991943150759,0,0,0,0,0,8583.05849690735,0,256.578433588147,0,7.73003356158733,0,48.4912884682417,0,0,0,0,0,0,0,0,0,808.546834677458,0,0,0,0,0,0,0,0,2.85639855265617,128.64836128056,0,0,0,0,0,0,0,0.207639992237091,0,0,0,0,0,0,0,0,0,0,358.261680200696,0,282.003341808915,0,436.872107326984,0,0,0,0,0,0,0,0,0,451.3643104285,410.31784966588,6.37600600719452,1.55545949935913,0,0
0,26.2264545112848,0,0,0,0,0,0,0,74.8209310323,0,0,0,0,0,0,0,0,0,0,0,86.1971234083176,0,1314.07124435902,0,87.7568674683571,0,0,0,0,0,0,0,0,0,0,0,300.26193022728,0,0,0,0,0,0,0,0,0,0,0,98.8034637123346,0,0,0,0,0,577.737154096365,0,0,0,0.534935534000397,0,24.6851945668459,0,0,329.830629661679,0,0,0,377.284383296967,0,0.366997748613358,0,0,0,0,0,0,0,0,0,400.508338525891,0,132.65293854475,0,232.256230026484,0,0
0.202509224414825,0,0,0,0,0,0,0,52.4238069206476,0,0,0,0,0,0.237898781895638,0,88.0353039205074,0,0,0,0,0,300.938629865646,0,359.611673161387,0,50.5863726735115,0,0,0,0,0,0,0,0,0,0,0,775.17577919364,0,0,0,0,0,0,0,0,8.51268389821053,13.6827437579632,0,0,0,0,0,555.166222155094,0,5.61724504828453,0,0.397796913981438,0,0.771768867969513,0,0,0,0,358.261680200696,0,0,0,61.3672167658806,0,6.94818668067455,0,0,0,0,0,0,0,0,0,423.384040877223,227.994019299746,0,162.149811029434,0,0
0,0.614342987537384,0,0.466294437646866,0,0,0,0,0,14.0468681156635,0,0,0,6.98826372623444,0,0,0,13.2256572246552,0,0.194952249526978,0,137.423590376973,0,713.298615157604,0,575.082354471087,0,53.163832962513,0,0,0,0,0,0,0,0,0,0,0,0.465382054448128,0,9.32164242863655,0,0,0,1.32610964775085,0,0,0,124.564113289118,0,0,0,0,0,13.5807722806931,0,71.6600047647953,0,97.3670678287745,0,106.992796942592,36.6905911713839,0,320.393490180373,0,377.284383296967,0,0,0,815.783837646246,0,1.16749227046967,0,0,0,0,0,1.84820000827312,0,0,0,79.2501866668463,0,53.3385084271431,0.746842980384827,0
0,0,0,0,0,0,0,0,9.7784595489502,0,0,0,1.00887987017632,0,3.99318909645081,0,35.5159879028797,0,0,0,0,0,469.157883375883,0,682.324743926525,0,709.889086931944,0,207.503635391593,0,0,0,0,0,0,0,0,0,0,0,0,0,0,0,0,0,0,0,72.3274590522051,0,0,0,0,0,0.91006600856781,0,60.3096221536398,0,58.7598486021161,0,219.016626834869,0,0,1.24788749217987,0,282.003341808915,0,61.3672167658806,0,0,0,203.670031070709,0,0,0,0,0,0,0,0.761147856712341,0,0.348740130662918,5.59717708826065,0,2.65811340510845,0,0
0,0.422810673713684,0,21.505466401577,0,1.62298262119293,0,0,0,0,0,0,0,11.3725266307592,0,0,0,0,6.78764589130878,0.279936343431473,0,43.4891414940357,0,0,0,28.8411237597466,0,1296.23109717667,0,308.71086961031,0,0,0,0,0,2.43892300128937,0,130.909332633018,0,22.8987977355719,0,152.222112134099,0,0.223370119929314,0,23.7506834939122,0,2.88931521773338,0,203.957089707255,0,1.98614698648453,0,0,0,0,0,571.605248361826,0,328.628805041313,0,7.15393048524857,353.716409258544,0,489.418861597776,0,0.366997748613358,0,815.783837646246,0,0,0,406.21308209002,0,0,0,0,0,36.4305678158998,0,577.195866644382,0,105.661944381893,0.656773872673512,284.687357380986,15.3775553703308,0
0,0,10.4399387836456,0,3.99860380589962,0,0,0,0.985797271132469,0,0,0,30.8229382187128,0,0,0,0,0,12.0283493548632,0,0,0,56.3722352832556,0,1.91347049176693,0,12.4326634705067,0,1276.6169372499,0,168.688182011247,0,0,0,0,0,2.50084440410137,0,1.05123236775398,0,5.34233695268631,0.188484594225883,115.643080741167,0,0,0,12.5034647881985,0.422474458813667,241.04087010026,0.392052173614502,6.34461240470409,0,0,0,0,0,391.763198286295,0,233.775426194072,0,11.1855706721544,0,0,80.1306136474013,0,436.872107326984,0,6.94818668067455,0,203.670031070709,0,0,0,138.550861060619,0,0,0,0,0,22.4298616498709,0,149.49738702178,61.5383986085653,2.58909592032433,581.814225926995,0,1.2297922372818
0,0,0,62.1539061665535,0,0.780403226613998,0,0,0,0,0,60.3081761598587,0,0,0,0,0.667388558387756,0.950128749012947,64.7643453627825,1.74065080285072,0,0.476386025547981,0,0,0,0,0,153.858151078224,0,302.416746690869,0,0,0,0,0,3.59208612143993,0,23.4969991892576,0,28.1004060208797,0,186.003778263927,0.188334181904793,0,0,92.8985088169575,0,5.24362193048,0,239.683266058564,0,6.0536630153656,0,0,0,0,0,1131.73965655267,0,1.36359056830406,0,0,509.156892098486,0,44.8324526548386,0,0,0,1.16749227046967,0,406.21308209002,0,0,0,0,0,0,0,62.8087786212564,0,638.649096593261,0,88.3064091280103,4.15048423409462,372.821814596653,58.3198193609715,0
0,0,19.6280481517315,0,12.8563505113125,0,0,0,7.69250226020813,0,138.889533683658,0,0,0,0,0,2.56732742488384,0.461444035172462,150.819129407406,0,0.649638772010803,0,0,0,0,0,0,0,3.52275148034096,0,494.714907497168,0,0,0,0,0,5.75055727362633,0,16.6395234614611,0,12.6975809931755,1.58760565519333,545.937567532063,0,0,0,97.205994553864,0,132.84715077281,0.212055757641792,18.8264404833317,0,0,0,2.57963249087334,0,521.120164215565,0,10.1055447757244,0,0.527210757136345,0,0,538.665428310633,0,0,0,0,0,0,0,138.550861060619,0,0,0,0,0,0,1.19524520635605,108.840448111296,0,213.778029918671,176.768223956227,6.52884927392006,828.213195666671,0.698323786258698,46.8166087120771
0,0,0,0,0,0,0,0,0,0,0,0,0,0,0,0,0,0,0,0,0,0,0,0,0,0,0,0,0,0,0,252.919149756432,0,28.8323737084866,0,73.8246002793312,0,0,0,0,0,0,0,0,0,0,0,3162.85085898638,27.8483866751194,12.9811527729034,0,0,0,0,0,0,0,0,0,0,0,0,0,0,0,0,0,0,0,0,0,0,0,0,0,0,652.292018949986,0,651.991392850876,0.578284502029419,0,0,150.031036436558,0,12.3301688432693,0,0
0,0,0,0,0,0,0,0,0,0,0,0,0,0,0,0,0,0,0,0,0,0,0,0,0,0,0,0,0,0,0,144.012430310249,460.344486862421,1.73702669143677,96.6824027597904,0,226.205034703016,0,0,0,0,0,0,0,0,0,0,1058.23860409856,7.46051681041718,0,0,0,0,0,0,0,0,0,0,0,0,0,0,0,0,0,0,0,0,0,0,0,0,0,0,0,0,922.6640509516,0,820.230868637562,0,0,59.2163647413254,0,0.641674637794495,0,0
0,0,0,0,0,0,0,0,0,1.17770457267761,0,0,0,0,0,0,0,0,0,0,0,0,0,0,0,0,0,0,0,0,0,0,0,1340.59499500692,8.19198787212372,273.526874750853,0,75.7393698394299,0,0,0,0,0,0,0,0,0,146.612102031708,0,0,0,0,0,0,0,0,0,0,0,0,0,0,0,0,0,0,0,0,0,0,0,0,0,0,652.292018949986,0,0,0,911.081993728876,0,363.925078615546,0,57.7981051057577,0,0,0,0
0,0,0,0,0,0,0,0,0,0,0,0,0,0,0,0,0,0,0,0,0,0,0,0,0,0,0,0,0,0,0,0,47.7707040309906,437.893563956022,1596.53076180816,0,378.264737993479,1.89927005767822,146.217491433024,0,0,0,0,0,0,0,0,63.4978488087654,12.8690413236618,0,0,0,0,0,0,0,0,0,0,0,0,0,0,0,0,0,0,0,0,0,0,0,0,0,0,922.6640509516,0,0,0,1252.38787434995,0,387.942037448287,163.5781057477,20.1248614192009,1.26008719205856,0,0
