0,0,0.0102825454047122,0,0.000313965354677231,0,0,0,0.0786189421916471,0,0,0,0,0,0,0,0,0,0,0,0,0,0,0,0,0,0,0,0,0,0,0,0,0,0,0,0,0,9.39398138451782e-06,0,0,0,0,0,0,0,0,0,0.0163429109020832,0,0.00777702294019895,0,0,0,0.0696557071799689,0,0.00302936527097022,0,3.0216118795741e-05,0,0.00146255579029231,0,0,0,0,0,0,0.0042477650000749,0,0,0,0,0,0,0,0,0,0,0,0,0,0,0.000824714636076063,0,0.00250423355220677,0,0
0,0,0,0.13408269756426,0,0.00136940118232104,0,0,0,0.0148377679067604,0,0,0,0,0,0.000332671575494943,0,0,0,0,0,0,0,0,0,0,0,0,0,0,0,0,0,0,0,0,0,0,0,0,0,0,0,0,0,0,0,0,0,0.0075265576161114,0,0.000155907303177566,0,0,0,0.021725302910096,0,0.00131801912066395,0,2.84942634903862e-05,0,0.00408619199859646,0,0,0,0,0,0,0,0,0,0,0,0,0,0,0,0,0,0,0,0,0.000496907826216235,0,0.00217223649162209,0,0
0.0102825454047122,0,0,0,0.000770371346719579,0,0,0,0.00764840025460014,0,0,0,0,0,6.29709106238358e-05,0,0,0,3.29709818830924e-05,0,0,0,0,0,0,0,0,0,0,0,0,0,0,0,0,0,0,0,0,0,0,0,0.0015229226765465,0,0,0,0,0,0.000303427554104816,0,0.00404026514811631,0,0,0,0,0,0.00034461819159282,0,0,0,0.00164464716726795,0,0,6.12406699018579e-05,0,0,0,0,0,0,0,0,0,0,0,0,0,0,0,0,0,0,0.000916604891588364,0,0.0039578876074093,0,0.000543477579804413
0,0.13408269756426,0,0,0,0.0158972627034325,0,0,0,0.000156225592945702,0,0,0,0,0,0,0,0,0,0,0,0,0,0,0,0,0,0,0,0,0,0,0,0,0,0,0,0,0,0,0,0.000536207870612628,0,0,0,0.00258006608518294,0,0,0,0.00228642083082524,0,0.0166345688914789,0,0,0,0,0,0.00131684752191898,0,0,0,0.0277543925887273,9.21210855977877e-05,0,0,0,0,0,0,0,0,0,0.000333376348755791,0,0,0,0,0,0,0,1.18604128167827e-05,0,0.000235931040918361,0,0.00750840186458251,6.5485656530835e-05,0
0.000313965354677231,0,0.000770371346719579,0,0,0,0.00554330292818082,0,0.000999685723100642,0,0,0,7.22099866834469e-05,0,0,0,0,0,0,0,0.00514863977319517,0,0,0,0,0,0,0,0,0,0,0,0,0,0,0,9.71059966730419e-06,0,0,0,0.00121929335561028,0,0.000163939235544908,0,0,0,0.00116455255792149,0,0.000150659939403909,0,0.0343486199935027,0,0.00586839089887855,0,0.000164527809829451,0,0.00220664066754824,0,0.00149914062873657,0,0.000222841874806812,0,0,0.0132242407988143,0,0,0,0,0,0,0,0,0,0,0,0,0,0,0,0.000204484864247757,0,0,0.000870455312592073,7.94145764669001e-05,0.00802116907558769,0,0
0,0.00136940118232104,0,0.0158972627034325,0,0,0,0.00195069575991588,0,0,0,0,0,0,0,0.00276753960472477,0,0,0,0.00483181050581793,0,0,0,0,0,0,0,0,0,0,0,0,0,0,0,3.0243068401849e-06,0,0,0,1.49377940741499e-05,0,4.76388508037432e-05,0,0,0,0.000200720031380077,0,0,0,0.000373571204800947,0,0.00689633651338075,0,0.000336077966494486,0,0,0,0.000770967589064956,0,0.000213340914342552,0,0.00559136967013158,0.0110442067250604,0,0,0,0,0,0,0,0,0,0,0,0,0,0,0,1.67532204484015e-06,0,0,0,0.00106498575196869,0,0.00692246534698621,0,0
0,0,0,0,0.00554330292818082,0,0,0,0,0,0.0134392509142744,0,0,0,0,0,0,0,0,0,0.0042018326030653,0,0,0,0,0,0,0,0,0,0,0,0,0,0,0,0,0,0,0,0,0,0,0,0,0,0,0,0,0,0.0026729436510037,0,0.0145325029009875,0,0,0,0.00189567570693043,0,0,0,0,0,0,9.06109766331542e-05,0,0,0,0,0,0,0,0,0,0,0,0,0,0,0,0,0,0,0.000184197270297995,9.35583078678869e-05,1.42686718461642e-05,0,0
0,0,0,0,0,0.00195069575991588,0,0,0,0,0,0.00776746692557557,0,0,0,0,0,0,0,0.0055676007680253,0,0,0,0,0,0,0,0,0,0,0,0,0,0,0,0,0,0,0,0,0,0,0,0,0,0,0,0,0,0,0,0.000163880700711161,0,0.0218014640733286,0,0,0,0,0,0.00151221589771869,0,0,0,0,0,0,0,0,0,0,0,0,0,0,0,0,0,0,0,0,0,0,0.000869277394677708,0,0,0,0
0.0786189421916471,0,0.00764840025460014,0,0.000999685723100642,0,0,0,0,0.000622977599007778,0,0,0,0,0.0236507534988134,8.15708993821308e-05,0.0052658800191691,0.000607316534864132,9.96877744512397e-05,0,0,0,7.7090639123748e-06,0.00188573209424534,0.0126376513399508,0.000581766454377225,0.000810988127599298,0,0,0,0,0,0,0,0,0,0,0,0.00116073665017768,0,2.06355676801709e-05,0.000128070544128805,0.00204125401394569,0,0,0,0,0,0.0044514746542486,0,0.00332134454655723,0,0,0,0.135654612100766,0,0.00106497659428598,0,0.000355068092428147,0,0.00376380923182922,0,0,0,0,0,0.000306662417775897,0.0065909010224835,0,0,0,0,0,0,0,0,0,0.00175137081591884,2.01397723771472e-05,2.44231556814466e-06,0,0.00233014320428228,0.00146169543066279,0,0.0073722703521844,0,0
0,0.0148377679067604,0,0.000156225592945702,0,0,0,0,0.000622977599007778,0,0,0,0,0,3.64132596438688e-05,0.0244643081620999,0.00279620034347029,0.0117206296421524,0.000862149359220374,0,0,0.000252403835989296,4.46322353583469e-05,0.0105564778433947,0.000809188459901093,0.00301772737540942,0.0010871595135827,0,0,0,0,0,0,0,0,0,0,0.00293816979784274,0,2.99672946912147e-05,0,0.000125389135423146,0,0,0,0,0,0.00016344192537697,0,0.000506649816577432,0,0,0,0,0,0.0648992672873617,0,0,0,0,0.000153292136547184,0.000344395593383333,1.04774532874638e-05,0,0,0,0.0113695682338177,0,0.000409942223987671,0.000661574448102868,0,0,0,0,0,0,0,0,2.42184443870278e-06,1.90562518164526e-05,0.00214821464603829,0,0.00154429805078204,0,0.00521371525150508,0,0
0,0,0,0,0,0,0.0134392509142744,0,0,0,0,0,0.00323248327702674,0,0,0,0,0,0,0,0.0122671001568801,0,0,0,0,0,0,0,0,0,0.000285549899220216,0,0,0,0,0,0.00256445086795021,0,0.00750135819764692,0,0,0,0,0,0,0,0,0,0,0,0,0,0.000213670987626169,0,0,0,0.0700013157224279,0,0.000136949408486946,0,0,0,0,0.000211094198241633,0,0,0,0,0,0,0,0,0,6.87931321201678e-05,0,0,0,0,0,0.000480475754155266,0,0.00261413463304946,0.00069308937750058,0,0.000323864902017194,0,0
0,0,0,0,0,0,0,0.00776746692557557,0,0,0,0,0,0,0,0,0,0,0,0.0145444234076091,0,0,0,0,0,0,0,0,0,0.00271082489363416,0,0,0,0,0,0,0,0.00731534910320011,0,3.68517768449595e-05,0,7.18960860403967e-06,0,0,0,0.000349613712971162,0,0,0,0,0,0,0,0.00572736472783253,0,0,0,0.0464424892292701,0,0,0,0,0.00500945052405403,0,0,0,0,0,0,0,0,0,0.0173835240774272,0,0,0,0,0,2.17615824456928e-06,0,0.00170378336910315,0,0.000496652055536002,0,1.19326480448826e-05,0,0
0,0,0,0,7.22099866834469e-05,0,0,0,0,0,0.00323248327702674,0,0,0,0.000403276938481445,0,0,0,0,0,0,0,0,0,0,0,0,0,3.57034477929119e-05,0,0,0,0,0,0,0,0,0,0,0,0,0,0,0,0,0,0,0,0,0,0,0,0.000315494748065248,0,0,0,0.00243489576298398,0,0.0429475699419528,0,7.38825256121345e-05,0,0,0,0,0,0,0,0,0,0,0.00096617584105934,0,0,0,0,0,0,0,0,0,0,0.000279364226732511,0,0,0,0
0,0,0,0,0,0,0,0,0,0,0,0,0,0,0,0.00631913855032994,0,0,0,0,0,0,0,0,0,0.000412284438602483,0,0,0,0,0,0,0,0,0,0,0,0,0,0,0,0,0,0,0,0,0,0,0,0,0,0,0,0,0,0,0,0,0,0.0195933082057699,0,0.00108588958489089,0,0,0,0,0,0,0,0,0,0,0,0,0,0,0,0,0,0,0,0,2.8939845198873e-05,0,0,0,0
0,0,6.29709106238358e-05,0,0,0,0,0,0.0236507534988134,3.64132596438688e-05,0,0,0.000403276938481445,0,0,4.58961720439192e-05,0.0148345095245252,0.000684985127667779,0.000612630196301047,0,0,0,0,0.000867748764597068,0.000983175190444014,0,0.0145260938487429,0,0,0,0,0,0,0,0,0,0,0,0,0,0,1.53398452122382e-05,0.000151352463637311,0,0,0,0,0,0.000221825738116267,0,0,0,0,0,0.00493951752499924,0,0,0,0,0,0.00172209822327666,0,0,0,0,0,0,0,0,0.000880130306676567,0,0,0,0,0,0,0,0,3.18424735246455e-06,0,0,0,0.000964531693483403,9.27592280235753e-06,0,0,0
0,0.000332671575494943,0,0,0,0.00276753960472477,0,0,8.15708993821308e-05,0.0244643081620999,0,0,0,0.00631913855032994,4.58961720439192e-05,0,0.000346346805223582,0.00323407061061834,0.000186439914325657,0,0,1.17507423710069e-05,5.66580343319939e-06,0.00200948655791294,5.84311662240738e-05,0.00545305051419858,0,0,0,0,0,0,0,0,0,0,0,0,0,0,0,0,8.68160819527975e-06,0,0,0,0,0,0,0,0,0,0,0,0,0.0267090171464768,0,0,0,0.0274958554350158,0,0.0116587589011245,0,0,0,0,0.000571980111994006,0,0.000676937882358437,0,0,0,0,0,0,0,0,0,0,4.03274451376325e-06,0,0,0.000169472106176435,5.25324158258057e-06,4.32913965005355e-05,0,0
0,0,0,0,0,0,0,0,0.0052658800191691,0.00279620034347029,0,0,0,0,0.0148345095245252,0.000346346805223582,0,0.11911733054949,0.055521966703099,0,0,0.000347297596735778,0.000867589143076006,0.00396720854212468,0.00455941882420359,0.000773593874456718,0.0170504758138516,0,0.000105349406101347,0,0,0,0,0,0,7.0267512732764e-06,6.74442279258742e-05,0,0,0.000514717350578995,0.000885482543937718,0.000602760636003304,0.00128417100011849,1.09044868983562e-05,1.8901477596352e-05,9.47207532371571e-05,0.000100486986003837,0,2.64969333606645e-06,1.79735473078965e-05,0,0,0,0,0.00013890531338255,3.74239208166071e-05,4.16936958159839e-05,4.16646564753463e-05,0,0,0.00146849496164045,3.95639456342836e-05,5.47596753565325e-05,3.76462700250896e-05,8.55522215478968e-05,1.19511432785657e-05,0.00133191204955808,0.000561255612218652,0.000433773657884759,0.00540022073018874,0,0,6.81670668142126e-05,5.93965179279096e-05,0,0,0,1.35694448876252e-05,0.000245928960806624,0.000336538412374959,0.000213157041309804,0.000120317569971559,0.0334190200474703,0.00106920963750162,0.00105871137498705,0.000239018867310044,0.000189912209088643
0,0,0,0,0,0,0,0,0.000607316534864132,0.0117206296421524,0,0,0,0,0.000684985127667779,0.00323407061061834,0.11911733054949,0,0.0463459400482427,0,0,0.00103577516064988,0.000699116224999588,0.00700569186501618,0.00207769848057952,0.0110363489889453,0.0019230882549633,5.85193824334467e-05,0,0,0,0,0,0,0,5.5560445099613e-06,9.45644108352199e-06,0,0,0.000856216654141123,0.000518223805777412,0.000550222341620348,0.000719138588053221,2.8270029159811e-05,6.30590496502443e-06,0.000233902197978699,0.000102955597330291,0,0,2.33247066977e-05,0,0,0,0,5.1241162928326e-05,6.55608964306216e-05,3.05015534616019e-06,1.71188562334223e-05,0,0,0.000322897680318589,0.000285641053718835,0.000143636462010044,8.50926704815428e-06,0.00118704217022165,0,0.00253877988049658,0.000375939063604314,0.00235041822054951,0.000394203377704606,0,0,1.16105271022578e-05,0,0,0,0,0,0.00047545507261336,0.000175707177796478,0.00033293149080995,8.40672285243199e-05,0.030281319567872,0.00324440350290493,0.000909447990116097,0.000125994618284378,0.000169938701313791
0,0,3.29709818830924e-05,0,0,0,0,0,9.96877744512397e-05,0.000862149359220374,0,0,0,0,0.000612630196301047,0.000186439914325657,0.055521966703099,0.0463459400482427,0,0,0,0.000142741724284632,6.90982509142518e-05,0.00183964214021456,0.00095192687842572,0.000351147373131736,0.000540060343736446,0,0,0,0,0,0,0,0,0.000251354565893224,0.000892641475620441,0,0,0.0171782700445515,0.0190672337415373,0.0166871121976682,0.0153342844860753,0.00336615525677123,0.00675850768827247,0.00312538551653352,0.00287486104640447,0,7.73931902226145e-05,0.000516834386672663,0,0,0,0,0,0,0.000346481965958805,0.000560457147726135,0,0,0.000391864600058082,8.94786403196166e-05,0.00200628932406839,0.00025483043059867,2.25581842117864e-05,0,0.000531871057033502,0,0.0005579323921255,8.84817541135265e-05,0,0,0.000957072756192893,0.000900440285216187,0,0,0,7.60259796479239e-05,0.00780507569369565,0.00584698708139881,0.00416695080021371,0.00153050500987054,0.0156508306162576,6.90994888885517e-05,0.0269268446246417,0.00383980749858737,0.00314243890009329
0,0,0,0,0,0.00483181050581793,0,0.0055676007680253,0,0,0,0.0145444234076091,0,0,0,0,0,0,0,0,0,0,0,0,0,0,0,0,0,0,0,0,0,0,0,0.00503182237320656,0,0.000756500542208323,0,0,0,4.75823384698443e-05,0,0,0,0.000795487915511195,0,0,0,8.60838539524546e-06,0,0,0,0,0,0,0,0.0038312540557889,0,0,0,0,0.0425498931893291,0,0,0,0,0,0,0,0,0,0.000374998562656868,0,0,0,0,0,0.00790958967300311,0,0.00350631377731361,0,0.00131700281173151,0,0.00049378011484797,0,0
0,0,0,0,0.00514863977319517,0,0.0042018326030653,0,0,0,0.0122671001568801,0,0,0,0,0,0,0,0,0,0,0,0,0,0,0,0,0,0,0,0,0,0,0,0,0,0.00268564038988206,0,0.00034939678289334,0,1.84240329155483e-05,0,0,0,0,0,0.00022244127984822,0,0,0,0,0,0,0,0,0,0.0109837315150726,0,0,0,0,0,0,0.0553827527158698,0,0,0,0,0,0,0,0,0,0.00090858792435182,0,0,0,0,0,0.00906718188777392,0,0.0050383979751464,0.000522498542549156,0,0.00169015068512609,0,0
0,0,0,0,0,0,0,0,0,0.000252403835989296,0,0,0,0,0,1.17507423710069e-05,0.000347297596735778,0.00103577516064988,0.000142741724284632,0,0,0,0.000769919718412009,0.00214517640276776,5.73591129839118e-05,8.91206144117042e-05,0,1.44927535075112e-05,0,0,0,0,0,0,0,0,0,0.00386142188293458,0,5.66349863731041e-06,0,0,0,0,0,0,0,0,0,0.00266434461443162,0,0,0,0,0,0,0,0,0,0,0,3.69391056306612e-06,0,0,0.0535451188941697,0,0.00303128043771496,0,0.00146720020184106,1.45425396350773e-05,0,0,0,0,0,0,0,0,0,1.46521633946425e-06,0.00342672630187891,0,0.000810447578947349,0.00012288325918409,0,0,0
0,0,0,0,0,0,0,0,7.7090639123748e-06,4.46322353583469e-05,0,0,0,0,0,5.66580343319939e-06,0.000867589143076006,0.000699116224999588,6.90982509142518e-05,0,0,0.000769919718412009,0,0.000136478760851675,0.000563897738630096,1.850771655185e-05,0,0,0.00256503102381289,0,0,0,0,0,0,0,0,0,0.00342470505947614,0,0,0,0,0,0,0,0,0,0.00126929457028098,0,0,0,0,0,0,0,0,0,0,0,0,0,0,0,0,0.0561068394796219,8.47367786842544e-05,0.0020374713370121,0,0.000149584562740769,0,6.68331247067819e-05,0,0,0,0,0,0,0,0,0,0.001235766086853,0.000767790580776901,0.000216372064010918,0,2.48768674688613e-06,0
0,0,0,0,0,0,0,0,0.00188573209424534,0.0105564778433947,0,0,0,0,0.000867748764597068,0.00200948655791294,0.00396720854212468,0.00700569186501618,0.00183964214021456,0,0,0.00214517640276776,0.000136478760851675,0,0.00507404117127305,0.0254214697992924,0.000190790994533787,0,0,0,0,0,0,0,0,0,0,0.00471589815098951,0,4.14317837349519e-05,0,1.56239371666457e-05,0.000293144914934264,0,0,3.48944018062993e-05,0.000297348206652583,0,0,0.00571907229717899,0,0,0,0,0,0.00453622401823122,0,0,0,0,0.000120776661711691,0,0,0,0.00194566746154028,1.91874362455606e-05,0.0751023996625698,0.00125619275963353,0.0122365697043837,7.47429842610746e-05,3.86122416098701e-05,0,0,0,0,0,0,0,4.23415015188137e-06,4.86506724896958e-06,0.0025645452986677,1.72606423803358e-06,0.00142649043230147,1.6286553349708e-05,0.000289908042216986,0,0.000236389553138672
0,0,0,0,0,0,0,0,0.0126376513399508,0.000809188459901093,0,0,0,0,0.000983175190444014,5.84311662240738e-05,0.00455941882420359,0.00207769848057952,0.00095192687842572,0,0,5.73591129839118e-05,0.000563897738630096,0.00507404117127305,0,6.35127026113432e-05,0.0494969657080601,0,0,0,0,0,0,0,2.57068341409186e-05,0,3.83641607285923e-06,0,0.00373664357030151,1.58020470287021e-05,2.13222473369532e-05,0,1.65340265465708e-05,0,0,0,0,0.000184696185978187,0.000120244461661388,0,0,0,0,0,0.0181014494670338,0,0,0,0,0,0,7.1993885635991e-05,0,0,0,0.00451949176740524,0.000420953791180539,0.0940704880321269,0.000151877734832752,0.00854539502301108,0,0,0,0,0,0,0,0,0,0,0,0.00175713032668932,0.00153980751641185,1.81984835406205e-06,0.0041269952578973,0,0
0,0,0,0,0,0,0,0,0.000581766454377225,0.00301772737540942,0,0,0,0.000412284438602483,0,0.00545305051419858,0.000773593874456718,0.0110363489889453,0.000351147373131736,0,0,8.91206144117042e-05,1.850771655185e-05,0.0254214697992924,6.35127026113432e-05,0,0.000140868486566467,0.000754724283846132,0,0,0,0,0,0,0,0,0,0,0,0,0,0,0,0,0,0,0,0,0,0,0,0,0,0,0,0,0,0,0,0.00111056179430434,0,0.000669677910867798,0,0,0,0,0.00538371541088267,5.31653285717939e-05,0.00873935536785887,0,0.000458477084391699,0,0,0,0,0,0,0,0,0,6.34211645991894e-06,0,0.000515871132073794,3.23790286604714e-05,0,0,0
0,0,0,0,0,0,0,0,0.000810988127599298,0.0010871595135827,0,0,0,0,0.0145260938487429,0,0.0170504758138516,0.0019230882549633,0.000540060343736446,0,0,0,0,0.000190790994533787,0.0494969657080601,0.000140868486566467,0,0,0.000256973114134789,0,0,0,0,0,0,0,0,0,0,9.84053326607464e-05,0,0,0,0,0,0,0,0,0,0,0,0,0,0,0,0,0,0,0,0,0.00030891655110398,0,0,0,1.69636667415841e-05,0,3.39574513444649e-05,0.00106746237139847,0,0.00557794393915932,0,0,0,0,0,0,0,0,0,0,0,0,0.00132714664639029,0,0,0,0
0,0,0,0,0,0,0,0,0,0,0,0,0,0,0,0,0,5.85193824334467e-05,0,0,0,1.44927535075112e-05,0,0,0,0.000754724283846132,0,0,0,0.00322559589821449,0,0,0,0,0,0,0,0.000661665235296522,0,0,0,0,0,0,0,0,0,0,0,0,0,0,0,0,0,0,0,0,0,0.000913562751263032,0,0,0,0,0,0,0,0,0.00484034869639562,0,0.0202323338639097,0,0.00010445262084057,0,0,0,0,0,0,0,0.000130167997508864,0,4.46774268365826e-05,2.4599558051463e-06,0,0,0
0,0,0,0,0,0,0,0,0,0,0,0,3.57034477929119e-05,0,0,0,0.000105349406101347,0,0,0,0,0,0.00256503102381289,0,0,0,0.000256973114134789,0,0,0,0.00191258846198467,0,0,0,0,0,0,0,0.00013827340320376,0,0,0,0,0,0,0,0,0,0,0,0,0,0,0,0,0,0,0,0,0,0,0,0,0,0,0.00161102940117721,0,0,0,0.00319706617734124,0,0.0199119615834159,0,0.00361130889449587,0,0,0,0,0,0,0,2.69204908352676e-05,0,0,0,0,0
0,0,0,0,0,0,0,0,0,0,0,0.00271082489363416,0,0,0,0,0,0,0,0,0,0,0,0,0,0,0,0.00322559589821449,0,0,0,0,0,0,0,0,0,0.000605986867071111,0,0,0,0,0,0,0,0,0,0,0,0,0,0,0,0,0,0,0,0.000323415174258209,0,0,0,0,0,0,0,0,0,0,0,0,0.000777971036311,0,0.0260854227305198,0,0,0,0,0,0,0,0.000385029229897387,0,0.000254596071826653,0,0,0,0
0,0,0,0,0,0,0,0,0,0,0.000285549899220216,0,0,0,0,0,0,0,0,0,0,0,0,0,0,0,0,0,0.00191258846198467,0,0,0,0,0,0,0,0,0,0.00189207107638822,0,0,0,0,0,0,0,0,0,0,0,0,0,0,0,0,0,0.000278000133244843,0,0,0,0,0,0,0,0,0,0,0,0,0,0,2.99743573940713e-05,0,0.0609317327575797,0,0,0,0,0,0,0,0.00144982771913256,3.52239394561631e-05,0,0,0,0
0,0,0,0,0,0,0,0,0,0,0,0,0,0,0,0,0,0,0,0,0,0,0,0,0,0,0,0,0,0,0,0,0.121950709731488,0.0222019391592261,0.0070797067525038,0.00074649580615289,0,0,0,0,0,0,0,0,0,0,0,0.0328670144607516,0,7.9710995278987e-05,0,0,0,0,0,0,0,0,0,0,0,0,0,0,0,0,0,0,0,0,0,0,0,0,0.499902270629681,0.129388084383419,0.00276495904169091,0.000865445409450862,0.00823851835956162,0.000773665891030405,0,0,0.00126163366095775,0,0,0,0
0,0,0,0,0,0,0,0,0,0,0,0,0,0,0,0,0,0,0,0,0,0,0,0,0,0,0,0,0,0,0,0.121950709731488,0,0.00441219970536686,0.0175203206334909,1.44875623756397e-05,0.00427825738619739,0,0,0,0,0,0,0,0,0,0,0.0348131074505145,0,0,0,0,0,0,0,0,0,0,0,0,0,0,0,0,0,0,0,0,0,0,0,0,0,0,0.0789683608868659,0.606231946527145,0.000773029126180459,0.043342424227891,0.001094191921743,0.0102698201633092,0,0,0.0017384602958148,0,0,0,0
0,0,0,0,0,0,0,0,0,0,0,0,0,0,0,0,0,0,0,0,0,0,0,0,0,0,0,0,0,0,0,0.0222019391592261,0.00441219970536686,0,0.263504227590595,0.00291017204601124,0,0.00304566337966181,2.7293555587851e-05,0,0,0,0,0,0,0,0,0.182795301901262,0.000255585260348929,0.004195025736846,0,0,0,0,0,0,0,0,0,0,0,0,0,0,0,0,0,0,0,0,0,0,0,0,0.0133967941960176,0.00054892674650571,0.219074425488261,0.0425295113230191,0.00142339590513467,0,0.00742596334387033,0,0.00376157874671648,6.15089044198137e-06,0.000517922123582488,0,0
0,0,0,0,0,0,0,0,0,0,0,0,0,0,0,0,0,0,0,0,0,0,0,0,2.57068341409186e-05,0,0,0,0,0,0,0.0070797067525038,0.0175203206334909,0.263504227590595,0,0,0.00252748288545994,0.000262261512305066,0.00519982105281454,0,3.70887442498885e-05,0,0.00017841783799139,0,0,0,0,0.190539204696922,0.0140924727251364,0.000684904909991757,0,0,0,0,0,0,1.46714235759343e-05,0,0,0,0,0,0,0,0,1.1289999315683e-05,0,0.000330433274684459,0,0,0,0,0,0,0.000355125071698346,0.0060162158742257,0.0786729015711293,0.132430138513548,0,0.00592506150383498,0.000604672975478877,0.0140854386873756,0.00126238060915104,0.000722888849946259,0.00232487888663198,0,0
0,0,0,0,0,3.0243068401849e-06,0,0,0,0,0,0,0,0,0,0,7.0267512732764e-06,5.5560445099613e-06,0.000251354565893224,0.00503182237320656,0,0,0,0,0,0,0,0,0,0,0,0.00074649580615289,1.44875623756397e-05,0.00291017204601124,0,0,0.000981510148473893,0.00850883330541926,0,0.000174464934614285,3.8354438640487e-06,0.000599212111634307,2.04726941702984e-05,3.88918514731885e-05,0,0.00171914077579231,1.17114608452725e-06,0.000397668917493436,0,0.000558261475271778,0,0,0,0,0,0,0,4.49414468970006e-05,0,0,0,0,0.00325054037510535,2.21663468789605e-06,0,0,0,0,0,0,0,0,2.2221488074356e-05,0,0.00213163986634741,0,0.00246095654287275,0,0.0822407433233065,0.000192971268496834,0.0114281019149763,0,0.00376368663603986,0.000806966636036198,0.0014483391126833,8.68505478885968e-05,0
0,0,0,0,9.71059966730419e-06,0,0,0,0,0,0.00256445086795021,0,0,0,0,0,6.74442279258742e-05,9.45644108352199e-06,0.000892641475620441,0,0.00268564038988206,0,0,0,3.83641607285923e-06,0,0,0,0,0,0,0,0.00427825738619739,0,0.00252748288545994,0.000981510148473893,0,0,0.00506540164907416,2.44332980525845e-05,0.000246236143451588,1.01616507161512e-05,0.000988624414088671,3.68622956857523e-06,0.000293556227151174,1.13349860891545e-05,0.00358049406685242,0.00103465818212173,0.000678158047372222,0.000298113873376469,0,0,0,0,0,0,4.98761572511276e-05,1.95956803410733e-06,0,0,0,0,3.91795913048476e-06,0.00435704895645347,0,0,0,0,0,0,0,0,1.25615721160252e-06,2.96225324262356e-05,0,0.000537191929371216,0,0.00189481266487757,0.000297001985882053,0.0932306105029888,6.00792306923963e-06,0.00713956257294638,0.00570366818555016,0.0010847314008393,0.0013413462011508,0,7.86371125552468e-05
0,0,0,0,0,0,0,0,0,0.00293816979784274,0,0.00731534910320011,0,0,0,0,0,0,0,0.000756500542208323,0,0.00386142188293458,0,0.00471589815098951,0,0,0,0.000661665235296522,0,0.000605986867071111,0,0,0,0.00304566337966181,0.000262261512305066,0.00850883330541926,0,0,0.004884542748292,7.42347349930555e-06,0,0.000102038583039917,0,0,0,9.86144986528846e-05,0,0.00583945180508975,0,0.00393756183252858,0,0,0,0,0,0.000573973610141772,0,0,0,0,0,0,0.000156715104615107,0,0.00450030625918393,0,0.00119092586556141,0,0,0,0,0,0.000316905787344757,0,0,0,0.00294532833746566,2.6836792733296e-05,0.00124805552552832,0.000140879772517703,0.0868018886898981,0.000623964671957288,0.00243019643967067,6.81572259766125e-05,0.00161083670687148,0,0
9.39398138451782e-06,0,0,0,0,0,0,0,0.00116073665017768,0,0.00750135819764692,0,0,0,0,0,0,0,0,0,0.00034939678289334,0,0.00342470505947614,0,0.00373664357030151,0,0,0,0.00013827340320376,0,0.00189207107638822,0,0,2.7293555587851e-05,0.00519982105281454,0,0.00506540164907416,0.004884542748292,0,0,0,0,0.000301720736665272,0,0,0,0,0.00862851989550435,0.00188730052513526,0,0,0,0,0,0.000282710123397146,0,0.000359524931460896,0,0,0,0,0,0,5.4267354899619e-05,0,0.00476527388572917,0,0.00452228167734257,0,0,0,0.000738568589433802,0,0.000107656042195908,0,0,7.14596718115351e-05,0.00246539448592918,0,0.000928017839287531,0.00111473353607532,0.0927714977541649,0.0019430791591945,0.000473349545113743,0.00206205298747187,0,0
0,0,0,0,0,1.49377940741499e-05,0,0,0,2.99672946912147e-05,0,3.68517768449595e-05,0,0,0,0,0.000514717350578995,0.000856216654141123,0.0171782700445515,0,0,5.66349863731041e-06,0,4.14317837349519e-05,1.58020470287021e-05,0,9.84053326607464e-05,0,0,0,0,0,0,0,0,0.000174464934614285,2.44332980525845e-05,7.42347349930555e-06,0,0,0.00109483792939963,0.0639625061949733,0.000942542260961512,0.00167240992354351,3.58488799129037e-05,0.0194966305732787,0.000469236899062555,0.000803013977361091,0.000348244363498366,0.0332297066897944,0,0,0,0,0,0,6.11947847035948e-05,0.00140628626723941,0,0,0,0,0.0297537605102489,0,0,0,5.47592670948754e-05,0,0,0,0,0,0.00237627482456789,0.000131255373056321,0,0,0,0,0.0126776314941047,0.000112494158357104,0.00159475610606991,2.68525766376066e-05,0.0011115957289976,5.58849880200952e-06,0.0274105726875791,0.01416603107532,0.000602293091882704
0,0,0,0,0.00121929335561028,0,0,0,2.06355676801709e-05,0,0,0,0,0,0,0,0.000885482543937718,0.000518223805777412,0.0190672337415373,0,1.84240329155483e-05,0,0,0,2.13222473369532e-05,0,0,0,0,0,0,0,0,0,3.70887442498885e-05,3.8354438640487e-06,0.000246236143451588,0,0,0.00109483792939963,0,0.00105103031824343,0.0774985761351557,0.000527541265918883,0.0112396475460028,0.00049401041840317,0.0348481021925325,0.0024647316447277,0.0461957840377861,0.000387706921671028,0.000132449067758798,0,0,0,0,0,0.00172257547844435,0.000241172934682983,0,0,0,0,7.41664870985852e-05,0.0152388950725527,5.01937875132451e-06,0,0,0,0,0,0,0,0.000194617684059961,0.00232053423642048,0,0,0,0,0.000126819366470339,0.0108357459151124,6.8595102849234e-05,0.000609533411671059,0.00167239776531566,9.88492962977229e-06,0.037119949570555,0.000345182149880535,0.024997070680054
0,0,0,0.000536207870612628,0,4.76388508037432e-05,0,0,0.000128070544128805,0.000125389135423146,0,7.18960860403967e-06,0,0,1.53398452122382e-05,0,0.000602760636003304,0.000550222341620348,0.0166871121976682,4.75823384698443e-05,0,0,0,1.56239371666457e-05,0,0,0,0,0,0,0,0,0,0,0,0.000599212111634307,1.01616507161512e-05,0.000102038583039917,0,0.0639625061949733,0.00105103031824343,0,0.00367825977026607,0.000942176981547548,7.44702099640406e-05,0.00944014524215673,9.80877039797903e-05,0.00053792330154596,0,0.0107028148453667,0,0,0,0,0,0,0.000124772806498108,0.0249277762083385,0,0,0,0,0.0208612724995169,0,0,0,0,0,1.28509375593461e-05,0,0,0,0.00778396360272197,7.76192028679459e-05,0,0,0,0,0.0163862668613936,0.000219097921088689,0.00746678706459989,1.42251297187726e-05,0.00338658032755106,4.23358882273918e-06,0.0873359847955913,0.0493446342751231,0.000358952466773305
0,0,0.0015229226765465,0,0.000163939235544908,0,0,0,0.00204125401394569,0,0,0,0,0,0.000151352463637311,8.68160819527975e-06,0.00128417100011849,0.000719138588053221,0.0153342844860753,0,0,0,0,0.000293144914934264,1.65340265465708e-05,0,0,0,0,0,0,0,0,0,0.00017841783799139,2.04726941702984e-05,0.000988624414088671,0,0.000301720736665272,0.000942542260961512,0.0774985761351557,0.00367825977026607,0,6.62328947220803e-05,0.00247507505335463,0.000625625635665469,0.0108472945538095,0.00598416159422085,0.0118317104938857,0.000551010973164261,0,0,0,0,0,0,0.0147841932086246,6.61383941641072e-06,0.000112674212243067,0,0,0,0.000338230112448043,0.00799243429016679,0,0,1.5847791039434e-05,0,0,0,0,0,0.000202107238206174,0.0226752509097694,0,0,0,0.0003796785367625,0.000301154374985212,0.0144069076313254,0.000142613600114809,0.00242382786523733,0.00527861276937467,1.37453559313208e-06,0.0993563588701255,0.000718610238699827,0.0532494254453133
0,0,0,0,0,0,0,0,0,0,0,0,0,0,0,0,1.09044868983562e-05,2.8270029159811e-05,0.00336615525677123,0,0,0,0,0,0,0,0,0,0,0,0,0,0,0,0,3.88918514731885e-05,3.68622956857523e-06,0,0,0.00167240992354351,0.000527541265918883,0.000942176981547548,6.62328947220803e-05,0,0,0,0.000133824980709899,0,0,0,0,0,0,0,0,0,0,0.000684859826687482,0,0,0,0,0.000737953963177985,2.75043053152438e-05,0,0,0,0,0,0,0,0,0.00353086517839861,0,0,0,0,0,0.00120177873592896,3.59968760762334e-05,0.00196501818511919,0,2.11996750039591e-05,0,0.00151889808067832,0.000925531815301965,0
0,0,0,0,0,0,0,0,0,0,0,0,0,0,0,0,1.8901477596352e-05,6.30590496502443e-06,0.00675850768827247,0,0,0,0,0,0,0,0,0,0,0,0,0,0,0,0,0,0.000293556227151174,0,0,3.58488799129037e-05,0.0112396475460028,7.44702099640406e-05,0.00247507505335463,0,0,0,0.00012656281934841,0,0.000109067752429651,0,0,0,0,0,0,0,0.000974361953871699,0,0,0,0,0,1.09963844547682e-05,0.000457397960219358,0,0,0,0,0,0,0,0,0,0.00492569669979794,0,0,0,0,2.69038728728126e-05,0.00173115668428737,0,0.00133691952565933,3.97162902336252e-05,8.98980933873311e-07,0.00622551962002078,0,0.00381582704987949
0,0,0,0.00258006608518294,0,0.000200720031380077,0,0,0,0,0,0.000349613712971162,0,0,0,0,9.47207532371571e-05,0.000233902197978699,0.00312538551653352,0.000795487915511195,0,0,0,3.48944018062993e-05,0,0,0,0,0,0,0,0,0,0,0,0.00171914077579231,1.13349860891545e-05,9.86144986528846e-05,0,0.0194966305732787,0.00049401041840317,0.00944014524215673,0.000625625635665469,0,0,0,3.87004691598704e-05,6.87448745167627e-05,4.66121807245151e-05,0.00639049378704024,0,0,0,0,0,0,3.7442234541033e-05,0.00688102661813778,0,0,0,0,0.0404271167398089,4.43640292830598e-06,0,0,0,0,0,0,0,0,0.0095745018000226,7.63756267182386e-05,9.78174826845677e-05,0,3.33743955556612e-05,0,0.0111996675288086,9.54179281984598e-05,0.00637838567942798,8.09991656403767e-06,0.000682021111787358,0,0.0151434915437149,0.000842313537763538,6.57841672890031e-05
0,0,0,0,0.00116455255792149,0,0,0,0,0,0,0,0,0,0,0,0.000100486986003837,0.000102955597330291,0.00287486104640447,0,0.00022244127984822,0,0,0.000297348206652583,0,0,0,0,0,0,0,0,0,0,0,1.17114608452725e-06,0.00358049406685242,0,0,0.000469236899062555,0.0348481021925325,9.80877039797903e-05,0.0108472945538095,0.000133824980709899,0.00012656281934841,3.87004691598704e-05,0,0.000308947458501389,0.00374163807216102,0.00188439363505598,0.000203416867978592,0,2.51961428059826e-05,0,0,0,0.00850319677653665,6.56968451288542e-05,0,0,0,0,3.56251125421974e-05,0.0367123799453886,0,0,0,0,0,0,0,0,8.3873862997845e-05,0.00456543883583891,0,0,0,0.00018502320297156,6.40124775063387e-05,0.0147313799714883,2.09498245490969e-05,0.00625006830519003,0.000463792204244676,0,0.0320869039748948,7.77687733201863e-05,0.000599837146104502
0,0,0,0,0,0,0,0,0,0.00016344192537697,0,0,0,0,0,0,0,0,0,0,0,0,0,0,0.000184696185978187,0,0,0,0,0,0,0.0328670144607516,0.0348131074505145,0.182795301901262,0.190539204696922,0.000397668917493436,0.00103465818212173,0.00583945180508975,0.00862851989550435,0.000803013977361091,0.0024647316447277,0.00053792330154596,0.00598416159422085,0,0,6.87448745167627e-05,0.000308947458501389,0,0.0543948325670932,0.0351038821583534,0,0,0,0,0,0,6.81512981138663e-05,0,0,0,0,0,1.96757246671742e-05,3.95007697063179e-05,0,0,0.000244167524729559,0.000819011827648599,0,0,0,0,0,0,0.050628806215614,0.0776501640610724,0.0223609583067145,0.0026643049992844,0.0107894916441565,0.00521419566815153,0.000199391362096487,0.000330616839094115,0.00353422715633561,5.16644394460419e-05,0.0277956382936473,0,2.30405009154101e-05
0.0163429109020832,0,0.000303427554104816,0,0.000150659939403909,0,0,0,0.0044514746542486,0,0,0,0,0,0.000221825738116267,0,2.64969333606645e-06,0,7.73931902226145e-05,0,0,0,0.00126929457028098,0,0.000120244461661388,0,0,0,0,0,0,0,0,0.000255585260348929,0.0140924727251364,0,0.000678158047372222,0,0.00188730052513526,0.000348244363498366,0.0461957840377861,0,0.0118317104938857,0,0.000109067752429651,4.66121807245151e-05,0.00374163807216102,0.0543948325670932,0,0.00253120754686294,0,0,0,0,0.000124400059776402,0,0.00170906018473424,3.63825615896413e-05,0,0,0.00211206605937919,0,6.10544799123927e-05,0.000274093401472899,0,0.00768989905329379,0,0.00896857379045599,0,0.000620172522205142,0,0.000968068109008602,1.77748961117829e-05,0.00864012701565105,0,0,0,0.00185883778756095,1.55301474327957e-06,0.00590049614622631,0,0.00147094727097931,0.000694770329402687,0,0.0258146225255589,0,0.000321149154489791
0,0.0075265576161114,0,0.00228642083082524,0,0.000373571204800947,0,0,0,0.000506649816577432,0,0,0,0,0,0,1.79735473078965e-05,2.33247066977e-05,0.000516834386672663,8.60838539524546e-06,0,0.00266434461443162,0,0.00571907229717899,0,0,0,0,0,0,0,7.9710995278987e-05,0,0.004195025736846,0.000684904909991757,0.000558261475271778,0.000298113873376469,0.00393756183252858,0,0.0332297066897944,0.000387706921671028,0.0107028148453667,0.000551010973164261,0,0,0.00639049378704024,0.00188439363505598,0.0351038821583534,0.00253120754686294,0,0,6.40267585463928e-05,0,0,0,0.000411285781089173,0.000368286072866611,0.00596700023453994,0,0,0,0.00136684403408173,0.00469819378043416,0.00017793577274276,0.00716856959326707,0,0.0190591414640255,0,0.00260092709405993,0,0.00143417924281842,0,0.00241061197542688,5.71555447623886e-05,0.00102273412987001,0,0.00211746383739362,0,0.00648650671658983,5.46651764918354e-05,0.00546945379006209,3.2503699448187e-06,0.00145108612711779,0,0.0394588966632593,0.000268326787085737,9.71495803259552e-05
0.00777702294019895,0,0.00404026514811631,0,0.0343486199935027,0,0.0026729436510037,0,0.00332134454655723,0,0,0,0,0,0,0,0,0,0,0,0,0,0,0,0,0,0,0,0,0,0,0,0,0,0,0,0,0,0,0,0.000132449067758798,0,0,0,0,0,0.000203416867978592,0,0,0,0,0,0.00323605960709927,0,0.00307602849230422,0,0.000292136427160955,0,0.000212984576958921,0,0.0120592681331832,0,0,0.00088996278326757,0,0,0,0,0,0,0,0,0,0,0,0,0,0,0,8.55334678570742e-06,0,0,3.51395308175525e-05,0,0.0024110971049023,0,0
0,0.000155907303177566,0,0.0166345688914789,0,0.00689633651338075,0,0.000163880700711161,0,0,0,0,0,0,0,0,0,0,0,0,0,0,0,0,0,0,0,0,0,0,0,0,0,0,0,0,0,0,0,0,0,0,0,0,0,0,0,0,0,6.40267585463928e-05,0,0,0,0,0,0,0,0.00370085415752797,0,0.000359741323271684,0,0.00180889966774661,0,0,0,0,0,0,0,0,0,0,0,0,0,0,0,0,0,0,0,0,9.78313042966776e-05,0,8.19760920148307e-05,0,0
0,0,0,0,0.00586839089887855,0,0.0145325029009875,0,0,0,0.000213670987626169,0,0.000315494748065248,0,0,0,0,0,0,0,0,0,0,0,0,0,0,0,0,0,0,0,0,0,0,0,0,0,0,0,0,0,0,0,0,0,2.51961428059826e-05,0,0,0,0.00323605960709927,0,0,0,0,0,0.000582773003989696,0,0,0,0,0,0,0,0,0,0,0,0,0,0,0,0,0,0,0,0,0,0,7.73452847005971e-06,0,0,0,0,0,0,0
0,0,0,0,0,0.000336077966494486,0,0.0218014640733286,0,0,0,0.00572736472783253,0,0,0,0,0,0,0,0,0,0,0,0,0,0,0,0,0,0,0,0,0,0,0,0,0,0,0,0,0,0,0,0,0,0,0,0,0,0,0,0,0,0,0,0,0,0,0,0.0013104184243439,0,0,0,0,0,0,0,0,0,0,0,0,0,0,0,0,0,0,0,0,0,0,6.20270429863012e-06,0,0,0,0
0.0696557071799689,0,0,0,0.000164527809829451,0,0,0,0.135654612100766,0,0,0,0,0,0.00493951752499924,0,0.00013890531338255,5.1241162928326e-05,0,0,0,0,0,0,0.0181014494670338,0,0,0,0,0,0,0,0,0,0,0,0,0,0.000282710123397146,0,0,0,0,0,0,0,0,0,0.000124400059776402,0,0.00307602849230422,0,0,0,0,0,1.95653933136495e-05,0,0,0,0.00165037391985201,0,0,0,0,0,0.000622658413704551,0.000417022858440837,0,0,0,0,0,0,0,0,0,0.000446032066257119,0,0,0,0.00211174427657845,6.78441294957028e-05,0,8.16004332573802e-05,0,0
0,0.021725302910096,0,0,0,0,0,0,0,0.0648992672873617,0,0,0,0,0,0.0267090171464768,3.74239208166071e-05,6.55608964306216e-05,0,0,0,0,0,0.00453622401823122,0,0,0,0,0,0,0,0,0,0,0,0,0,0.000573973610141772,0,0,0,0,0,0,0,0,0,0,0,0.000411285781089173,0,0,0,0,0,0,0,0,0,0,0,0.0155335896891883,0,0,0,0,0.015684064353663,0,0,0,0,0,0,0,0,0,0.000192119988966389,0,0,0,0.00311173486339108,0,1.72120119233623e-05,0,0.00100211145810902,0,0
0.00302936527097022,0,0.00034461819159282,0,0.00220664066754824,0,0.00189567570693043,0,0.00106497659428598,0,0.0700013157224279,0,0.00243489576298398,0,0,0,4.16936958159839e-05,3.05015534616019e-06,0.000346481965958805,0,0.0109837315150726,0,0,0,0,0,0,0,0,0,0.000278000133244843,0,0,0,1.46714235759343e-05,0,4.98761572511276e-05,0,0.000359524931460896,6.11947847035948e-05,0.00172257547844435,0.000124772806498108,0.0147841932086246,0,0.000974361953871699,3.7442234541033e-05,0.00850319677653665,6.81512981138663e-05,0.00170906018473424,0.000368286072866611,0.000292136427160955,0,0.000582773003989696,0,1.95653933136495e-05,0,0,0,0.00346512149933331,0,0.000369605899165286,0,6.09425476179006e-06,0.0245673843565209,0,0,0,0,0,0,0,0.000115031610243474,1.84630250207079e-05,0.00670107129880281,0,0,0,0,1.27355249597751e-05,0.000251948048215718,2.76542214317642e-06,6.1848752296051e-05,0.000509267253382949,0,0.00844092300334553,0,0.00500586053148203
0,0.00131801912066395,0,0.00131684752191898,0,0.000770967589064956,0,0,0,0,0,0.0464424892292701,0,0,0,0,4.16646564753463e-05,1.71188562334223e-05,0.000560457147726135,0.0038312540557889,0,0,0,0,0,0,0,0,0,0.000323415174258209,0,0,0,0,0,4.49414468970006e-05,1.95956803410733e-06,0,0,0.00140628626723941,0.000241172934682983,0.0249277762083385,6.61383941641072e-06,0.000684859826687482,0,0.00688102661813778,6.56968451288542e-05,0,3.63825615896413e-05,0.00596700023453994,0,0.00370085415752797,0,0,0,0,0,0,0,0.000323924725487306,0,0.013019856999676,0.0666700544141629,0,0,0,0,0,0,0,0.00434238309640558,0,0.0298384824868684,0,0,0,0,0,0.000517878123152229,1.62221735355929e-05,0.000139774293437894,5.0376902128032e-06,6.71919852575389e-05,0,0.0205042157340841,0.00519539794325357,1.68543707078431e-05
3.0216118795741e-05,0,0,0,0.00149914062873657,0,0,0,0.000355068092428147,0,0.000136949408486946,0,0.0429475699419528,0,0,0,0,0,0,0,0,0,0,0,0,0,0,0,0,0,0,0,0,0,0,0,0,0,0,0,0,0,0.000112674212243067,0,0,0,0,0,0,0,0.000212984576958921,0,0,0,0,0,0.00346512149933331,0,0,0,0,0,0,1.34623237941878e-05,0,0,0,0,0,0,0,0.000244304500524269,0,0,0,0,0,0,0,0,0,0,0.000148216934806184,0,3.71693665630754e-05,0,0
0,2.84942634903862e-05,0,0,0,0.000213340914342552,0,0.00151221589771869,0,0,0,0,0,0.0195933082057699,0,0.0274958554350158,0,0,0,0,0,0,0,0,0,0.00111056179430434,0,0.000913562751263032,0,0,0,0,0,0,0,0,0,0,0,0,0,0,0,0,0,0,0,0,0,0,0,0.000359741323271684,0,0.0013104184243439,0,0,0,0.000323924725487306,0,0,0,0.000816458932962987,0,0,0,0,0,0,0,0,0.000323062094602223,0,0,0,0,0,0,0,0,0,0,0,4.34067529103748e-05,0,0,0,0
0.00146255579029231,0,0.00164464716726795,0,0.000222841874806812,0,0,0,0.00376380923182922,0.000153292136547184,0,0,7.38825256121345e-05,0,0.00172209822327666,0,0.00146849496164045,0.000322897680318589,0.000391864600058082,0,0,0,0,0.000120776661711691,0,0,0.00030891655110398,0,0,0,0,0,0,0,0,0,0,0,0,0,0,0,0,0,0,0,0,0,0.00211206605937919,0,0.0120592681331832,0,0,0,0.00165037391985201,0,0.000369605899165286,0,0,0,0,0,0,0,0,0,6.71234662084214e-05,0,0,0.00613349862518103,0,0,0,0,0,0,0,0,0,0,0,0,0.000272346308799764,0,0,0,0
0,0.00408619199859646,0,0.0277543925887273,0,0.00559136967013158,0,0,0,0.000344395593383333,0,0,0,0.00108588958489089,0,0.0116587589011245,3.95639456342836e-05,0.000285641053718835,8.94786403196166e-05,0,0,3.69391056306612e-06,0,0,7.1993885635991e-05,0.000669677910867798,0,0,0,0,0,0,0,0,0,0,0,0,0,0,0,0,0,0,0,0,0,0,0,0.00136684403408173,0,0.00180889966774661,0,0,0,0.0155335896891883,0,0.013019856999676,0,0.000816458932962987,0,0,0,0,0,0,0.00113223137232733,0,0,0,0,0,0,0,0,0,0,0,0,0,0,0,1.36413458206384e-05,0,0.000305765036292652,0,0
0,0,0,9.21210855977877e-05,0,0.0110442067250604,0,0,0,1.04774532874638e-05,0,0.00500945052405403,0,0,0,0,5.47596753565325e-05,0.000143636462010044,0.00200628932406839,0.0425498931893291,0,0,0,0,0,0,0,0,0,0,0,0,0,0,0,0.00325054037510535,3.91795913048476e-06,0.000156715104615107,0,0.0297537605102489,7.41664870985852e-05,0.0208612724995169,0.000338230112448043,0.000737953963177985,1.09963844547682e-05,0.0404271167398089,3.56251125421974e-05,1.96757246671742e-05,6.10544799123927e-05,0.00469819378043416,0,0,0,0,0,0,6.09425476179006e-06,0.0666700544141629,0,0,0,0,0,4.85232370048879e-06,0,0,0,0,0,0,3.01039641157647e-05,0,0.00898788211638858,0,0,0,4.76970894244955e-05,0,0.0271235245685322,1.80461187873131e-05,0.00870684350937032,1.15746642442682e-05,0.000905664419675475,0,0.0172480831042521,0.00174517377097576,0.00011337951511145
0,0,6.12406699018579e-05,0,0.0132242407988143,0,9.06109766331542e-05,0,0,0,0.000211094198241633,0,0,0,0,0,3.76462700250896e-05,8.50926704815428e-06,0.00025483043059867,0,0.0553827527158698,0,0,0,0,0,0,0,0,0,0,0,0,0,0,2.21663468789605e-06,0.00435704895645347,0,5.4267354899619e-05,0,0.0152388950725527,0,0.00799243429016679,2.75043053152438e-05,0.000457397960219358,4.43640292830598e-06,0.0367123799453886,3.95007697063179e-05,0.000274093401472899,0.00017793577274276,0.00088996278326757,0,0,0,0,0,0.0245673843565209,0,1.34623237941878e-05,0,0,0,4.85232370048879e-06,0,0,0,0,0,0,0,0,0,0,0.00915595199248771,0,0,0,0,1.2508772936745e-06,0.0140365899457092,0,0.00820856633020538,0.00055973754073397,0,0.021299133530098,0,0.000561696460266044
0,0,0,0,0,0,0,0,0,0,0,0,0,0,0,0,8.55522215478968e-05,0.00118704217022165,2.25581842117864e-05,0,0,0.0535451188941697,0,0.00194566746154028,0,0,1.69636667415841e-05,0,0,0,0,0,0,0,0,0,0,0.00450030625918393,0,0,5.01937875132451e-06,0,0,0,0,0,0,0,0,0.00716856959326707,0,0,0,0,0,0,0,0,0,0,0,0,0,0,0,0,0.0102888606641651,0,0.00363310820450559,0,0.00124456690295101,0,0,0,0,0,0,0,0,0,0.00522782961112913,0,0.000131014989774365,0,0,0,0
0,0,0,0,0,0,0,0,0,0,0,0,0,0,0,0,1.19511432785657e-05,0,0,0,0,0,0.0561068394796219,1.91874362455606e-05,0.00451949176740524,0,0,0,0.00161102940117721,0,0,0,0,0,1.1289999315683e-05,0,0,0,0.00476527388572917,0,0,0,0,0,0,0,0,0,0.00768989905329379,0,0,0,0,0,0,0,0,0,0,0,0,0,0,0,0,0,0,0.0167493226032731,0,2.85943042399595e-05,0,0.00263035495267218,0,0,0,0,0,0,0,0,0,0.00630405277017934,7.08611122351093e-05,1.39957047222026e-05,0,0,0
0,0,0,0,0,0,0,0,0.000306662417775897,0.0113695682338177,0,0,0,0,0,0.000571980111994006,0.00133191204955808,0.00253877988049658,0.000531871057033502,0,0,0.00303128043771496,8.47367786842544e-05,0.0751023996625698,0.000420953791180539,0.00538371541088267,3.39574513444649e-05,0,0,0,0,0,0,0,0,0,0,0.00119092586556141,0,5.47592670948754e-05,0,0,1.5847791039434e-05,0,0,0,0,0.000244167524729559,0,0.0190591414640255,0,0,0,0,0.000622658413704551,0.015684064353663,0,0,0,0,6.71234662084214e-05,0.00113223137232733,0,0,0.0102888606641651,0,0,0,0.0298671775165074,0.000278769289396722,0,0,0,0,0,0,0,0,0,0,0.00583440249065684,0,0.000534548206430538,5.62449137705664e-06,0.00231291920941091,0,0
